[38;2;14;17;18m[48;2;34;45;44m▀[0m[38;2;28;38;38m[48;2;30;40;40m▀[0m[38;2;30;39;40m[48;2;30;40;40m▀[0m[38;2;29;39;40m[48;2;30;41;40m▀[0m[38;2;28;35;40m[48;2;29;42;41m▀[0m[38;2;29;37;40m[48;2;28;35;40m▀[0m[38;2;30;25;40m[48;2;35;45;48m▀[0m[38;2;41;126;74m[48;2;32;112;60m▀[0m[38;2;0;0;0m[48;2;0;0;0m▀[0m[38;2;55;47;52m[48;2;93;96;98m▀[0m[38;2;228;228;229m[48;2;237;244;248m▀[0m[38;2;156;155;155m[48;2;171;179;177m▀[0m[38;2;75;78;77m[48;2;214;220;216m▀[0m[38;2;18;19;16m[48;2;0;0;0m▀[0m[38;2;0;0;0m[48;2;0;0;0m▀[0m[38;2;0;0;0m[48;2;0;0;0m▀[0m[38;2;0;1;1m[48;2;0;1;1m▀[0m[38;2;255;0;0m[48;2;239;0;0m▀[0m[38;2;0;1;1m[48;2;0;1;1m▀[0m[38;2;0;1;1m[48;2;0;1;1m▀[0m[38;2;0;0;0m[48;2;0;1;1m▀[0m[38;2;0;0;0m[48;2;0;0;0m▀[0m[38;2;0;0;0m[48;2;0;0;0m▀[0m[38;2;74;76;74m[48;2;32;35;34m▀[0m[38;2;163;165;166m[48;2;255;255;255m▀[0m[38;2;193;190;192m[48;2;149;156;157m▀[0m[38;2;143;146;142m[48;2;242;249;250m▀[0m[38;2;36;17;31m[48;2;0;0;0m▀[0m[38;2;0;33;0m[48;2;0;11;0m▀[0m[38;2;47;89;68m[48;2;51;136;80m▀[0m[38;2;27;21;36m[48;2;28;22;37m▀[0m[38;2;28;36;40m[48;2;30;41;40m▀[0m[38;2;28;38;39m[48;2;29;40;40m▀[0m[38;2;28;37;40m[48;2;28;39;38m▀[0m[38;2;26;33;39m[48;2;29;40;40m▀[0m[38;2;26;36;37m[48;2;27;37;37m▀[0m
[38;2;30;52;41m[48;2;17;21;20m▀[0m[38;2;30;43;42m[48;2;20;23;24m▀[0m[38;2;30;43;42m[48;2;20;24;23m▀[0m[38;2;33;50;42m[48;2;19;25;24m▀[0m[38;2;33;53;43m[48;2;18;29;28m▀[0m[38;2;31;50;45m[48;2;11;18;22m▀[0m[38;2;32;80;71m[48;2;24;0;0m▀[0m[38;2;5;62;37m[48;2;15;0;0m▀[0m[38;2;0;0;0m[48;2;0;0;0m▀[0m[38;2;35;60;63m[48;2;0;0;0m▀[0m[38;2;66;70;70m[48;2;22;0;0m▀[0m[38;2;230;243;241m[48;2;0;0;0m▀[0m[38;2;64;72;71m[48;2;0;0;0m▀[0m[38;2;0;0;0m[48;2;0;0;0m▀[0m[38;2;0;0;0m[48;2;0;0;0m▀[0m[38;2;0;2;0m[48;2;0;1;1m▀[0m[38;2;0;1;1m[48;2;0;1;1m▀[0m[38;2;223;0;0m[48;2;229;0;0m▀[0m[38;2;0;1;1m[48;2;0;1;1m▀[0m[38;2;0;1;1m[48;2;0;1;1m▀[0m[38;2;0;1;1m[48;2;0;1;1m▀[0m[38;2;0;0;0m[48;2;0;0;0m▀[0m[38;2;0;0;0m[48;2;0;0;0m▀[0m[38;2;0;0;0m[48;2;0;0;0m▀[0m[38;2;255;255;255m[48;2;0;0;0m▀[0m[38;2;120;124;125m[48;2;0;0;0m▀[0m[38;2;84;103;102m[48;2;0;0;0m▀[0m[38;2;0;0;0m[48;2;0;0;0m▀[0m[38;2;0;0;0m[48;2;0;0;0m▀[0m[38;2;44;160;94m[48;2;11;30;8m▀[0m[38;2;41;50;55m[48;2;19;24;26m▀[0m[38;2;36;54;51m[48;2;19;27;28m▀[0m[38;2;32;51;50m[48;2;18;28;26m▀[0m[38;2;29;42;41m[48;2;20;26;24m▀[0m[38;2;30;43;45m[48;2;30;38;34m▀[0m[38;2;27;40;39m[48;2;30;37;38m▀[0m
[38;2;66;85;79m[48;2;16;25;25m▀[0m[38;2;68;89;81m[48;2;20;40;31m▀[0m[38;2;66;85;81m[48;2;33;51;45m▀[0m[38;2;59;77;74m[48;2;27;40;37m▀[0m[38;2;64;85;82m[48;2;24;40;36m▀[0m[38;2;56;67;69m[48;2;26;54;42m▀[0m[38;2;218;136;131m[48;2;32;76;67m▀[0m[38;2;77;45;32m[48;2;0;89;51m▀[0m[38;2;118;0;0m[48;2;37;0;0m▀[0m[38;2;177;0;0m[48;2;61;148;117m▀[0m[38;2;255;53;40m[48;2;175;63;58m▀[0m[38;2;82;0;0m[48;2;160;0;0m▀[0m[38;2;0;0;0m[48;2;0;0;0m▀[0m[38;2;0;0;0m[48;2;0;2;0m▀[0m[38;2;0;1;1m[48;2;0;1;1m▀[0m[38;2;0;2;1m[48;2;0;1;1m▀[0m[38;2;0;1;1m[48;2;0;0;0m▀[0m[38;2;227;0;0m[48;2;203;0;0m▀[0m[38;2;0;1;1m[48;2;0;0;0m▀[0m[38;2;0;1;1m[48;2;0;0;0m▀[0m[38;2;0;1;1m[48;2;0;1;1m▀[0m[38;2;1;1;1m[48;2;1;1;1m▀[0m[38;2;0;0;0m[48;2;0;1;1m▀[0m[38;2;0;0;0m[48;2;0;0;0m▀[0m[38;2;0;0;0m[48;2;0;0;0m▀[0m[38;2;155;5;3m[48;2;240;0;0m▀[0m[38;2;207;92;85m[48;2;70;130;120m▀[0m[38;2;134;0;0m[48;2;77;59;46m▀[0m[38;2;54;0;0m[48;2;0;0;0m▀[0m[38;2;169;50;53m[48;2;31;149;89m▀[0m[38;2;55;47;51m[48;2;30;39;43m▀[0m[38;2;48;64;60m[48;2;36;60;45m▀[0m[38;2;41;59;51m[48;2;34;53;45m▀[0m[38;2;38;48;43m[48;2;29;40;39m▀[0m[38;2;43;46;43m[48;2;32;50;44m▀[0m[38;2;49;52;48m[48;2;26;43;38m▀[0m
[38;2;23;33;36m[48;2;25;34;38m▀[0m[38;2;33;57;44m[48;2;33;58;45m▀[0m[38;2;36;55;47m[48;2;36;62;47m▀[0m[38;2;35;53;47m[48;2;36;56;46m▀[0m[38;2;33;50;43m[48;2;36;58;48m▀[0m[38;2;33;50;43m[48;2;37;60;49m▀[0m[38;2;40;60;50m[48;2;42;46;47m▀[0m[38;2;14;51;30m[48;2;26;98;48m▀[0m[38;2;0;24;10m[48;2;58;160;94m▀[0m[38;2;91;163;145m[48;2;98;108;117m▀[0m[38;2;37;67;73m[48;2;37;51;50m▀[0m[38;2;0;0;0m[48;2;0;0;0m▀[0m[38;2;0;0;0m[48;2;0;0;0m▀[0m[38;2;0;0;0m[48;2;0;0;0m▀[0m[38;2;0;0;0m[48;2;0;0;0m▀[0m[38;2;0;0;0m[48;2;0;0;0m▀[0m[38;2;0;0;0m[48;2;0;0;0m▀[0m[38;2;155;0;0m[48;2;105;0;0m▀[0m[38;2;0;0;0m[48;2;0;5;4m▀[0m[38;2;0;0;0m[48;2;0;0;0m▀[0m[38;2;0;0;0m[48;2;0;0;0m▀[0m[38;2;1;0;0m[48;2;0;0;0m▀[0m[38;2;0;1;1m[48;2;0;0;0m▀[0m[38;2;0;0;2m[48;2;0;0;0m▀[0m[38;2;0;0;0m[48;2;0;0;0m▀[0m[38;2;0;0;0m[48;2;0;0;0m▀[0m[38;2;84;124;123m[48;2;73;90;90m▀[0m[38;2;64;137;116m[48;2;97;125;121m▀[0m[38;2;0;24;0m[48;2;23;94;47m▀[0m[38;2;38;91;61m[48;2;33;63;46m▀[0m[38;2;31;39;42m[48;2;39;50;50m▀[0m[38;2;37;58;52m[48;2;37;59;49m▀[0m[38;2;34;52;44m[48;2;35;54;45m▀[0m[38;2;34;45;44m[48;2;34;54;45m▀[0m[38;2;34;63;51m[48;2;33;55;46m▀[0m[38;2;33;42;45m[48;2;29;38;37m▀[0m
[38;2;32;41;44m[48;2;33;48;44m▀[0m[38;2;35;55;45m[48;2;35;55;45m▀[0m[38;2;37;57;47m[48;2;37;57;47m▀[0m[38;2;36;59;48m[48;2;38;65;49m▀[0m[38;2;37;60;49m[48;2;39;65;50m▀[0m[38;2;39;64;51m[48;2;41;61;52m▀[0m[38;2;36;34;39m[48;2;34;49;44m▀[0m[38;2;35;165;66m[48;2;36;152;65m▀[0m[38;2;84;162;115m[48;2;57;70;76m▀[0m[38;2;86;87;102m[48;2;114;129;135m▀[0m[38;2;38;49;44m[48;2;26;39;37m▀[0m[38;2;0;0;0m[48;2;0;0;0m▀[0m[38;2;0;0;0m[48;2;0;0;0m▀[0m[38;2;0;0;0m[48;2;0;0;0m▀[0m[38;2;0;0;0m[48;2;68;102;94m▀[0m[38;2;29;50;46m[48;2;186;255;255m▀[0m[38;2;110;152;139m[48;2;85;145;138m▀[0m[38;2;253;213;194m[48;2;134;25;21m▀[0m[38;2;130;220;217m[48;2;5;25;27m▀[0m[38;2;75;117;113m[48;2;35;65;61m▀[0m[38;2;9;14;13m[48;2;94;131;125m▀[0m[38;2;0;0;0m[48;2;29;42;40m▀[0m[38;2;0;0;0m[48;2;0;0;0m▀[0m[38;2;0;0;0m[48;2;0;0;0m▀[0m[38;2;0;0;0m[48;2;0;0;0m▀[0m[38;2;0;0;0m[48;2;0;0;0m▀[0m[38;2;72;89;86m[48;2;72;93;89m▀[0m[38;2;85;92;101m[48;2;102;104;120m▀[0m[38;2;56;168;91m[48;2;66;166;97m▀[0m[38;2;32;68;44m[48;2;35;75;47m▀[0m[38;2;41;52;47m[48;2;39;56;47m▀[0m[38;2;38;57;48m[48;2;39;58;47m▀[0m[38;2;38;61;50m[48;2;38;61;50m▀[0m[38;2;39;69;55m[48;2;43;74;56m▀[0m[38;2;33;54;46m[48;2;32;48;43m▀[0m[38;2;33;54;46m[48;2;24;47;37m▀[0m
[38;2;33;49;44m[48;2;31;44;42m▀[0m[38;2;36;56;46m[48;2;38;58;48m▀[0m[38;2;41;64;53m[48;2;44;69;56m▀[0m[38;2;30;48;40m[48;2;38;57;43m▀[0m[38;2;31;46;38m[48;2;36;54;45m▀[0m[38;2;42;65;54m[48;2;43;69;56m▀[0m[38;2;34;56;43m[48;2;36;58;47m▀[0m[38;2;24;111;45m[48;2;16;110;38m▀[0m[38;2;24;3;20m[48;2;248;232;244m▀[0m[38;2;165;195;201m[48;2;224;255;255m▀[0m[38;2;17;21;22m[48;2;35;45;46m▀[0m[38;2;0;0;0m[48;2;0;0;0m▀[0m[38;2;0;0;0m[48;2;162;154;158m▀[0m[38;2;0;0;0m[48;2;148;171;167m▀[0m[38;2;177;255;249m[48;2;0;0;0m▀[0m[38;2;10;31;28m[48;2;0;0;0m▀[0m[38;2;0;0;0m[48;2;0;0;5m▀[0m[38;2;58;0;0m[48;2;179;0;0m▀[0m[38;2;0;0;0m[48;2;46;43;43m▀[0m[38;2;0;0;0m[48;2;0;18;18m▀[0m[38;2;0;0;0m[48;2;0;0;0m▀[0m[38;2;50;80;71m[48;2;0;0;0m▀[0m[38;2;0;0;0m[48;2;123;151;143m▀[0m[38;2;0;0;0m[48;2;254;254;255m▀[0m[38;2;0;0;0m[48;2;0;0;0m▀[0m[38;2;0;0;0m[48;2;0;0;0m▀[0m[38;2;94;120;119m[48;2;116;150;150m▀[0m[38;2;102;101;123m[48;2;230;227;245m▀[0m[38;2;0;38;0m[48;2;29;64;33m▀[0m[38;2;43;102;61m[48;2;21;93;45m▀[0m[38;2;40;56;48m[48;2;47;65;56m▀[0m[38;2;39;64;51m[48;2;42;72;54m▀[0m[38;2;40;60;50m[48;2;41;63;53m▀[0m[38;2;39;69;52m[48;2;41;68;54m▀[0m[38;2;33;43;41m[48;2;36;55;46m▀[0m[38;2;47;71;62m[48;2;56;87;69m▀[0m
[38;2;28;39;36m[48;2;33;52;42m▀[0m[38;2;38;62;49m[48;2;41;73;52m▀[0m[38;2;40;70;52m[48;2;40;69;53m▀[0m[38;2;43;70;53m[48;2;43;74;55m▀[0m[38;2;43;72;55m[48;2;43;74;55m▀[0m[38;2;43;69;54m[48;2;44;67;56m▀[0m[38;2;46;72;59m[48;2;52;91;69m▀[0m[38;2;0;89;13m[48;2;0;93;17m▀[0m[38;2;136;145;150m[48;2;18;11;24m▀[0m[38;2;244;255;255m[48;2;216;255;255m▀[0m[38;2;75;102;102m[48;2;151;184;186m▀[0m[38;2;0;0;0m[48;2;156;153;155m▀[0m[38;2;255;255;255m[48;2;198;209;206m▀[0m[38;2;89;100;97m[48;2;0;0;0m▀[0m[38;2;0;0;0m[48;2;0;0;0m▀[0m[38;2;25;33;32m[48;2;46;75;73m▀[0m[38;2;104;130;132m[48;2;103;168;169m▀[0m[38;2;158;0;0m[48;2;164;87;80m▀[0m[38;2;15;0;0m[48;2;157;129;124m▀[0m[38;2;123;141;143m[48;2;105;152;152m▀[0m[38;2;24;41;38m[48;2;0;2;1m▀[0m[38;2;0;0;0m[48;2;0;0;0m▀[0m[38;2;66;77;75m[48;2;0;0;0m▀[0m[38;2;255;255;255m[48;2;197;196;194m▀[0m[38;2;76;66;67m[48;2;231;224;223m▀[0m[38;2;0;0;0m[48;2;75;107;105m▀[0m[38;2;205;253;255m[48;2;242;255;255m▀[0m[38;2;247;245;255m[48;2;57;64;73m▀[0m[38;2;0;8;0m[48;2;0;0;0m▀[0m[38;2;37;98;59m[48;2;54;119;74m▀[0m[38;2;45;74;57m[48;2;51;76;60m▀[0m[38;2;44;81;56m[48;2;49;82;58m▀[0m[38;2;42;64;54m[48;2;44;73;55m▀[0m[38;2;42;69;53m[48;2;42;71;54m▀[0m[38;2;42;73;54m[48;2;43;77;54m▀[0m[38;2;41;80;58m[48;2;33;50;41m▀[0m
[38;2;41;67;52m[48;2;47;79;57m▀[0m[38;2;43;70;54m[48;2;44;74;56m▀[0m[38;2;42;72;54m[48;2;44;74;56m▀[0m[38;2;45;76;57m[48;2;47;79;58m▀[0m[38;2;46;78;57m[48;2;47;81;58m▀[0m[38;2;47;66;58m[48;2;69;94;78m▀[0m[38;2;65;128;84m[48;2;81;229;116m▀[0m[38;2;0;82;16m[48;2;0;21;0m▀[0m[38;2;0;0;0m[48;2;0;0;0m▀[0m[38;2;177;214;213m[48;2;84;108;106m▀[0m[38;2;252;255;255m[48;2;230;255;255m▀[0m[38;2;128;151;150m[48;2;204;237;237m▀[0m[38;2;7;17;14m[48;2;0;0;0m▀[0m[38;2;0;0;0m[48;2;0;0;0m▀[0m[38;2;0;0;0m[48;2;0;0;0m▀[0m[38;2;89;124;120m[48;2;144;186;184m▀[0m[38;2;181;255;255m[48;2;183;255;255m▀[0m[38;2;57;38;31m[48;2;255;18;0m▀[0m[38;2;89;71;62m[48;2;255;102;81m▀[0m[38;2;189;255;255m[48;2;207;255;255m▀[0m[38;2;43;66;65m[48;2;98;126;130m▀[0m[38;2;0;0;0m[48;2;0;0;0m▀[0m[38;2;0;0;0m[48;2;0;0;0m▀[0m[38;2;20;15;14m[48;2;36;42;36m▀[0m[38;2;114;136;135m[48;2;170;208;212m▀[0m[38;2;216;255;255m[48;2;234;255;255m▀[0m[38;2;200;240;239m[48;2;123;153;153m▀[0m[38;2;0;0;0m[48;2;0;0;0m▀[0m[38;2;0;0;0m[48;2;0;0;0m▀[0m[38;2;52;121;72m[48;2;31;84;44m▀[0m[38;2;56;88;67m[48;2;91;161;106m▀[0m[38;2;50;81;59m[48;2;55;91;67m▀[0m[38;2;48;80;59m[48;2;52;83;64m▀[0m[38;2;44;75;57m[48;2;46;77;58m▀[0m[38;2;43;70;54m[48;2;42;72;55m▀[0m[38;2;30;45;42m[48;2;37;57;47m▀[0m
[38;2;33;57;41m[48;2;24;39;30m▀[0m[38;2;50;86;61m[48;2;45;77;55m▀[0m[38;2;46;77;58m[48;2;58;95;70m▀[0m[38;2;51;87;63m[48;2;53;86;62m▀[0m[38;2;58;92;69m[48;2;78;140;96m▀[0m[38;2;90;146;100m[48;2;59;127;78m▀[0m[38;2;36;126;54m[48;2;0;0;0m▀[0m[38;2;0;0;0m[48;2;0;0;0m▀[0m[38;2;0;0;0m[48;2;32;16;27m▀[0m[38;2;39;42;42m[48;2;46;31;37m▀[0m[38;2;184;224;226m[48;2;80;106;104m▀[0m[38;2;221;255;255m[48;2;212;252;255m▀[0m[38;2;91;111;112m[48;2;176;211;212m▀[0m[38;2;0;0;0m[48;2;83;102;101m▀[0m[38;2;0;0;0m[48;2;0;0;0m▀[0m[38;2;8;25;23m[48;2;0;0;0m▀[0m[38;2;129;213;215m[48;2;53;144;141m▀[0m[38;2;255;7;10m[48;2;235;39;34m▀[0m[38;2;207;103;107m[48;2;118;94;92m▀[0m[38;2;107;185;186m[48;2;0;0;0m▀[0m[38;2;58;23;17m[48;2;0;0;0m▀[0m[38;2;0;0;0m[48;2;0;0;0m▀[0m[38;2;0;0;0m[48;2;116;152;151m▀[0m[38;2;96;125;123m[48;2;190;226;227m▀[0m[38;2;216;253;255m[48;2;208;246;250m▀[0m[38;2;180;225;223m[48;2;88;110;107m▀[0m[38;2;77;82;82m[48;2;0;0;0m▀[0m[38;2;20;5;8m[48;2;172;174;177m▀[0m[38;2;0;0;0m[48;2;0;0;0m▀[0m[38;2;0;2;0m[48;2;0;0;0m▀[0m[38;2;60;125;75m[48;2;27;66;35m▀[0m[38;2;58;98;68m[48;2;88;161;108m▀[0m[38;2;54;98;66m[48;2;68;124;85m▀[0m[38;2;51;87;63m[48;2;50;88;64m▀[0m[38;2;45;72;56m[48;2;47;84;63m▀[0m[38;2;40;65;52m[48;2;51;89;65m▀[0m
[38;2;56;95;71m[48;2;58;96;70m▀[0m[38;2;44;74;55m[48;2;43;72;52m▀[0m[38;2;34;51;38m[48;2;39;66;48m▀[0m[38;2;52;78;61m[48;2;42;119;68m▀[0m[38;2;75;168;96m[48;2;10;68;27m▀[0m[38;2;7;27;12m[48;2;0;0;0m▀[0m[38;2;0;0;0m[48;2;0;0;0m▀[0m[38;2;0;0;0m[48;2;0;0;0m▀[0m[38;2;179;182;182m[48;2;14;20;15m▀[0m[38;2;98;131;105m[48;2;123;219;149m▀[0m[38;2;0;0;0m[48;2;0;0;0m▀[0m[38;2;195;231;234m[48;2;62;69;74m▀[0m[38;2;190;226;226m[48;2;191;226;231m▀[0m[38;2;212;255;255m[48;2;139;171;172m▀[0m[38;2;120;147;146m[48;2;195;238;236m▀[0m[38;2;0;0;0m[48;2;0;0;0m▀[0m[38;2;60;106;105m[48;2;76;99;97m▀[0m[38;2;255;223;224m[48;2;144;192;193m▀[0m[38;2;183;217;218m[48;2;108;150;148m▀[0m[38;2;0;0;0m[48;2;0;0;0m▀[0m[38;2;0;0;0m[48;2;54;70;70m▀[0m[38;2;194;244;244m[48;2;240;255;255m▀[0m[38;2;176;218;218m[48;2;103;123;125m▀[0m[38;2;201;234;238m[48;2;206;249;252m▀[0m[38;2;175;205;213m[48;2;0;0;0m▀[0m[38;2;0;0;0m[48;2;0;0;0m▀[0m[38;2;91;119;92m[48;2;147;255;178m▀[0m[38;2;255;255;255m[48;2;45;107;51m▀[0m[38;2;0;0;0m[48;2;0;0;0m▀[0m[38;2;0;0;0m[48;2;0;0;0m▀[0m[38;2;0;0;0m[48;2;0;0;0m▀[0m[38;2;55;117;70m[48;2;0;0;0m▀[0m[38;2;72;117;85m[48;2;7;47;13m▀[0m[38;2;56;95;69m[48;2;51;87;66m▀[0m[38;2;44;80;56m[48;2;68;111;83m▀[0m[38;2;51;91;64m[48;2;15;25;19m▀[0m
[38;2;50;81;60m[48;2;54;94;67m▀[0m[38;2;61;100;74m[48;2;35;55;45m▀[0m[38;2;16;22;16m[48;2;21;31;28m▀[0m[38;2;0;21;2m[48;2;28;36;28m▀[0m[38;2;17;35;25m[48;2;0;0;0m▀[0m[38;2;0;0;0m[48;2;27;81;38m▀[0m[38;2;0;0;0m[48;2;0;1;2m▀[0m[38;2;0;0;0m[48;2;114;157;135m▀[0m[38;2;0;0;0m[48;2;12;29;13m▀[0m[38;2;78;181;98m[48;2;23;79;34m▀[0m[38;2;30;76;35m[48;2;77;145;93m▀[0m[38;2;0;0;0m[48;2;19;46;24m▀[0m[38;2;152;195;196m[48;2;56;81;84m▀[0m[38;2;43;63;65m[48;2;0;0;0m▀[0m[38;2;0;0;0m[48;2;0;0;0m▀[0m[38;2;0;0;0m[48;2;0;0;0m▀[0m[38;2;0;0;0m[48;2;0;0;0m▀[0m[38;2;165;204;206m[48;2;111;171;167m▀[0m[38;2;83;111;113m[48;2;13;74;74m▀[0m[38;2;0;0;0m[48;2;0;0;0m▀[0m[38;2;0;0;0m[48;2;0;0;0m▀[0m[38;2;0;4;8m[48;2;0;0;0m▀[0m[38;2;85;114;112m[48;2;0;26;30m▀[0m[38;2;68;77;89m[48;2;4;10;20m▀[0m[38;2;0;0;0m[48;2;51;118;60m▀[0m[38;2;74;154;90m[48;2;79;144;90m▀[0m[38;2;124;250;142m[48;2;83;154;92m▀[0m[38;2;60;125;62m[48;2;0;0;0m▀[0m[38;2;0;3;0m[48;2;49;99;66m▀[0m[38;2;1;10;5m[48;2;27;46;31m▀[0m[38;2;0;0;0m[48;2;41;92;54m▀[0m[38;2;0;0;0m[48;2;0;1;0m▀[0m[38;2;0;0;0m[48;2;0;0;0m▀[0m[38;2;13;28;21m[48;2;44;71;54m▀[0m[38;2;61;100;74m[48;2;68;119;89m▀[0m[38;2;43;79;55m[48;2;15;24;17m▀[0m
[38;2;54;91;65m[48;2;53;91;64m▀[0m[38;2;52;92;67m[48;2;56;97;69m▀[0m[38;2;57;108;77m[48;2;72;132;93m▀[0m[38;2;4;1;4m[48;2;8;7;5m▀[0m[38;2;16;43;20m[48;2;54;103;65m▀[0m[38;2;31;82;42m[48;2;0;0;0m▀[0m[38;2;17;53;30m[48;2;31;78;40m▀[0m[38;2;205;255;235m[48;2;126;169;143m▀[0m[38;2;15;35;18m[48;2;16;30;13m▀[0m[38;2;30;63;34m[48;2;79;152;94m▀[0m[38;2;58;106;71m[48;2;58;105;72m▀[0m[38;2;55;114;73m[48;2;70;139;89m▀[0m[38;2;0;0;0m[48;2;0;1;0m▀[0m[38;2;1;0;1m[48;2;232;112;115m▀[0m[38;2;255;4;0m[48;2;255;82;66m▀[0m[38;2;243;9;7m[48;2;255;255;255m▀[0m[38;2;0;13;13m[48;2;219;137;136m▀[0m[38;2;70;130;123m[48;2;230;80;73m▀[0m[38;2;125;73;72m[48;2;255;140;139m▀[0m[38;2;137;40;31m[48;2;218;255;255m▀[0m[38;2;255;40;18m[48;2;255;255;255m▀[0m[38;2;255;0;0m[48;2;255;108;108m▀[0m[38;2;0;0;0m[48;2;0;45;58m▀[0m[38;2;0;17;8m[48;2;0;41;12m▀[0m[38;2;76;150;93m[48;2;77;144;90m▀[0m[38;2;63;110;72m[48;2;61;107;65m▀[0m[38;2;54;106;62m[48;2;44;84;54m▀[0m[38;2;20;35;24m[48;2;74;134;91m▀[0m[38;2;68;129;86m[48;2;65;125;76m▀[0m[38;2;29;56;29m[48;2;84;165;92m▀[0m[38;2;58;110;67m[48;2;24;51;30m▀[0m[38;2;41;78;49m[48;2;69;129;78m▀[0m[38;2;0;0;0m[48;2;17;27;16m▀[0m[38;2;70;119;81m[48;2;70;125;77m▀[0m[38;2;63;116;86m[48;2;49;88;67m▀[0m[38;2;44;71;51m[48;2;55;95;67m▀[0m
