[38;2;0;0;2m[48;2;32;12;2m▀[0m[38;2;11;6;5m[48;2;0;0;2m▀[0m[38;2;0;0;0m[48;2;0;0;3m▀[0m[38;2;73;21;0m[48;2;95;29;0m▀[0m[38;2;95;30;0m[48;2;51;15;1m▀[0m[38;2;0;0;1m[48;2;0;0;0m▀[0m[38;2;7;1;4m[48;2;74;18;0m▀[0m[38;2;211;49;0m[48;2;255;60;0m▀[0m[38;2;157;40;0m[48;2;2;2;4m▀[0m[38;2;0;0;0m[48;2;0;0;0m▀[0m[38;2;0;0;0m[48;2;6;6;6m▀[0m[38;2;0;0;0m[48;2;20;33;47m▀[0m[38;2;0;0;0m[48;2;0;4;17m▀[0m[38;2;14;6;0m[48;2;23;15;7m▀[0m[38;2;0;0;0m[48;2;251;169;126m▀[0m[38;2;49;19;0m[48;2;255;170;132m▀[0m[38;2;175;111;72m[48;2;226;142;144m▀[0m[38;2;255;207;183m[48;2;152;119;148m▀[0m[38;2;255;179;144m[48;2;191;68;59m▀[0m[38;2;247;165;126m[48;2;191;119;131m▀[0m[38;2;225;184;142m[48;2;255;141;130m▀[0m[38;2;28;47;34m[48;2;255;178;132m▀[0m[38;2;0;0;0m[48;2;108;103;84m▀[0m[38;2;11;8;16m[48;2;0;0;0m▀[0m[38;2;18;0;0m[48;2;89;88;88m▀[0m[38;2;0;0;0m[48;2;0;3;9m▀[0m[38;2;0;0;0m[48;2;0;0;0m▀[0m[38;2;0;0;2m[48;2;0;2;3m▀[0m[38;2;1;5;4m[48;2;0;0;2m▀[0m[38;2;56;13;0m[48;2;6;4;1m▀[0m[38;2;81;19;0m[48;2;125;29;0m▀[0m[38;2;0;0;0m[48;2;0;0;3m▀[0m[38;2;51;12;0m[48;2;0;0;0m▀[0m[38;2;255;84;0m[48;2;255;63;0m▀[0m[38;2;83;17;0m[48;2;178;36;0m▀[0m[38;2;0;0;2m[48;2;0;0;0m▀[0m
[38;2;0;4;3m[48;2;0;0;2m▀[0m[38;2;0;0;2m[48;2;0;1;3m▀[0m[38;2;55;13;0m[48;2;97;23;0m▀[0m[38;2;100;25;0m[48;2;176;44;0m▀[0m[38;2;0;4;5m[48;2;0;0;5m▀[0m[38;2;0;0;0m[48;2;121;27;0m▀[0m[38;2;184;42;0m[48;2;255;54;0m▀[0m[38;2;203;41;0m[48;2;189;40;0m▀[0m[38;2;0;0;0m[48;2;0;0;0m▀[0m[38;2;0;0;0m[48;2;0;0;0m▀[0m[38;2;0;0;1m[48;2;0;0;0m▀[0m[38;2;43;64;78m[48;2;0;0;0m▀[0m[38;2;86;49;47m[48;2;164;97;73m▀[0m[38;2;255;205;150m[48;2;255;187;150m▀[0m[38;2;255;227;201m[48;2;138;112;138m▀[0m[38;2;130;134;183m[48;2;100;141;184m▀[0m[38;2;106;130;177m[48;2;58;80;101m▀[0m[38;2;63;112;147m[48;2;83;79;99m▀[0m[38;2;64;90;113m[48;2;98;119;148m▀[0m[38;2;130;164;207m[48;2;108;143;176m▀[0m[38;2;87;92;124m[48;2;83;54;61m▀[0m[38;2;175;107;127m[48;2;72;109;137m▀[0m[38;2;255;210;184m[48;2;139;149;193m▀[0m[38;2;241;151;106m[48;2;255;199;152m▀[0m[38;2;17;30;38m[48;2;70;28;5m▀[0m[38;2;0;9;23m[48;2;0;0;0m▀[0m[38;2;0;0;0m[48;2;0;0;0m▀[0m[38;2;0;0;2m[48;2;0;0;0m▀[0m[38;2;0;1;3m[48;2;8;7;3m▀[0m[38;2;0;3;3m[48;2;11;10;4m▀[0m[38;2;120;28;0m[48;2;102;24;0m▀[0m[38;2;13;10;3m[48;2;46;15;2m▀[0m[38;2;0;0;0m[48;2;10;3;3m▀[0m[38;2;160;34;0m[48;2;87;22;0m▀[0m[38;2;180;42;0m[48;2;114;27;0m▀[0m[38;2;0;0;3m[48;2;0;0;3m▀[0m
[38;2;0;0;2m[48;2;0;0;2m▀[0m[38;2;94;20;0m[48;2;138;25;0m▀[0m[38;2;125;23;0m[48;2;193;39;0m▀[0m[38;2;180;44;0m[48;2;170;41;0m▀[0m[38;2;0;0;1m[48;2;0;0;3m▀[0m[38;2;117;24;0m[48;2;50;10;0m▀[0m[38;2;255;59;0m[48;2;201;42;0m▀[0m[38;2;184;40;0m[48;2;9;4;0m▀[0m[38;2;0;0;0m[48;2;0;0;0m▀[0m[38;2;0;7;6m[48;2;0;0;0m▀[0m[38;2;19;22;14m[48;2;39;44;40m▀[0m[38;2;149;153;145m[48;2;137;150;154m▀[0m[38;2;255;251;210m[48;2;251;106;79m▀[0m[38;2;195;152;168m[48;2;145;148;178m▀[0m[38;2;76;102;129m[48;2;95;121;150m▀[0m[38;2;51;40;49m[48;2;137;71;74m▀[0m[38;2;71;29;29m[48;2;171;86;99m▀[0m[38;2;127;95;112m[48;2;128;150;183m▀[0m[38;2;114;108;126m[48;2;147;138;166m▀[0m[38;2;160;58;61m[48;2;180;120;141m▀[0m[38;2;123;54;54m[48;2;133;132;164m▀[0m[38;2;59;70;91m[48;2;86;54;56m▀[0m[38;2;78;119;165m[48;2;57;42;48m▀[0m[38;2;179;154;180m[48;2;136;168;223m▀[0m[38;2;254;145;93m[48;2;255;110;90m▀[0m[38;2;12;20;24m[48;2;155;135;110m▀[0m[38;2;0;0;0m[48;2;14;22;17m▀[0m[38;2;37;4;0m[48;2;0;0;0m▀[0m[38;2;1;3;4m[48;2;0;0;0m▀[0m[38;2;8;3;5m[48;2;0;0;0m▀[0m[38;2;255;51;0m[48;2;176;42;0m▀[0m[38;2;57;15;1m[48;2;95;21;0m▀[0m[38;2;0;0;0m[48;2;0;0;3m▀[0m[38;2;65;15;0m[48;2;128;29;0m▀[0m[38;2;60;16;0m[48;2;0;3;4m▀[0m[38;2;0;0;3m[48;2;0;4;4m▀[0m
[38;2;0;0;2m[48;2;0;0;2m▀[0m[38;2;73;16;0m[48;2;14;5;1m▀[0m[38;2;63;15;0m[48;2;31;12;0m▀[0m[38;2;236;50;0m[48;2;81;16;0m▀[0m[38;2;0;0;3m[48;2;101;24;0m▀[0m[38;2;122;20;0m[48;2;0;0;5m▀[0m[38;2;255;56;0m[48;2;255;70;0m▀[0m[38;2;16;3;0m[48;2;96;5;0m▀[0m[38;2;0;0;0m[48;2;0;0;0m▀[0m[38;2;0;0;0m[48;2;0;0;0m▀[0m[38;2;0;0;0m[48;2;0;0;0m▀[0m[38;2;43;13;0m[48;2;126;30;0m▀[0m[38;2;199;85;71m[48;2;194;69;54m▀[0m[38;2;127;164;208m[48;2;62;104;136m▀[0m[38;2;94;109;129m[48;2;80;96;122m▀[0m[38;2;168;124;147m[48;2;130;100;122m▀[0m[38;2;164;134;161m[48;2;162;137;162m▀[0m[38;2;131;140;175m[48;2;94;112;142m▀[0m[38;2;122;116;150m[48;2;141;98;116m▀[0m[38;2;126;136;163m[48;2;166;31;15m▀[0m[38;2;141;152;189m[48;2;102;108;137m▀[0m[38;2;182;155;181m[48;2;144;153;191m▀[0m[38;2;109;88;101m[48;2;77;91;118m▀[0m[38;2;131;158;197m[48;2;119;120;150m▀[0m[38;2;202;89;80m[48;2;255;180;164m▀[0m[38;2;49;46;38m[48;2;28;50;53m▀[0m[38;2;0;0;0m[48;2;0;0;0m▀[0m[38;2;0;0;0m[48;2;0;0;0m▀[0m[38;2;0;0;0m[48;2;0;0;0m▀[0m[38;2;0;0;6m[48;2;34;15;3m▀[0m[38;2;122;31;0m[48;2;190;47;0m▀[0m[38;2;118;21;0m[48;2;46;17;0m▀[0m[38;2;60;11;0m[48;2;139;30;0m▀[0m[38;2;153;33;0m[48;2;49;8;0m▀[0m[38;2;0;0;3m[48;2;0;0;3m▀[0m[38;2;109;24;0m[48;2;36;10;0m▀[0m
[38;2;0;0;5m[48;2;20;22;22m▀[0m[38;2;0;0;6m[48;2;0;3;8m▀[0m[38;2;10;1;0m[48;2;0;0;0m▀[0m[38;2;0;1;4m[48;2;0;0;0m▀[0m[38;2;148;37;0m[48;2;86;22;0m▀[0m[38;2;0;0;1m[48;2;29;4;0m▀[0m[38;2;123;21;0m[48;2;0;0;0m▀[0m[38;2;174;33;0m[48;2;164;53;6m▀[0m[38;2;61;65;60m[48;2;227;145;122m▀[0m[38;2;140;119;119m[48;2;97;113;157m▀[0m[38;2;168;124;132m[48;2;107;135;181m▀[0m[38;2;112;79;80m[48;2;91;119;156m▀[0m[38;2;176;74;62m[48;2;127;97;110m▀[0m[38;2;124;132;166m[48;2;177;152;181m▀[0m[38;2;54;79;103m[48;2;101;136;167m▀[0m[38;2;128;110;129m[48;2;217;135;129m▀[0m[38;2;152;139;165m[48;2;200;118;119m▀[0m[38;2;146;143;177m[48;2;137;158;196m▀[0m[38;2;142;159;195m[48;2;135;150;182m▀[0m[38;2;159;109;128m[48;2;182;115;134m▀[0m[38;2;148;133;163m[48;2;169;132;157m▀[0m[38;2;153;144;182m[48;2;204;173;190m▀[0m[38;2;93;35;35m[48;2;155;99;85m▀[0m[38;2;86;105;139m[48;2;103;143;190m▀[0m[38;2;205;109;96m[48;2;177;84;82m▀[0m[38;2;65;27;12m[48;2;216;132;125m▀[0m[38;2;0;0;0m[48;2;187;139;132m▀[0m[38;2;0;0;0m[48;2;0;2;3m▀[0m[38;2;0;0;0m[48;2;0;0;0m▀[0m[38;2;112;31;0m[48;2;202;50;0m▀[0m[38;2;105;27;0m[48;2;0;0;0m▀[0m[38;2;26;13;3m[48;2;96;23;2m▀[0m[38;2;116;30;0m[48;2;0;1;6m▀[0m[38;2;0;0;0m[48;2;17;5;1m▀[0m[38;2;91;19;0m[48;2;56;12;0m▀[0m[38;2;0;0;3m[48;2;0;1;6m▀[0m
[38;2;10;9;10m[48;2;0;0;0m▀[0m[38;2;46;45;37m[48;2;0;5;2m▀[0m[38;2;0;0;0m[48;2;74;63;46m▀[0m[38;2;0;0;0m[48;2;88;81;75m▀[0m[38;2;6;0;0m[48;2;102;89;82m▀[0m[38;2;73;0;0m[48;2;161;47;9m▀[0m[38;2;0;0;0m[48;2;126;0;0m▀[0m[38;2;0;0;0m[48;2;130;15;0m▀[0m[38;2;77;0;0m[48;2;168;101;67m▀[0m[38;2;0;0;0m[48;2;255;185;102m▀[0m[38;2;223;133;94m[48;2;236;146;155m▀[0m[38;2;126;114;136m[48;2;2;61;98m▀[0m[38;2;128;127;153m[48;2;207;19;0m▀[0m[38;2;154;157;189m[48;2;166;140;164m▀[0m[38;2;5;27;41m[48;2;69;87;122m▀[0m[38;2;33;12;0m[48;2;0;0;5m▀[0m[38;2;190;86;82m[48;2;168;141;172m▀[0m[38;2;167;135;164m[48;2;178;104;121m▀[0m[38;2;160;188;230m[48;2;141;166;203m▀[0m[38;2;221;87;97m[48;2;202;116;141m▀[0m[38;2;172;107;132m[48;2;101;72;89m▀[0m[38;2;125;114;104m[48;2;0;0;0m▀[0m[38;2;36;46;51m[48;2;97;111;139m▀[0m[38;2;160;154;188m[48;2;188;124;127m▀[0m[38;2;175;104;104m[48;2;83;98;120m▀[0m[38;2;107;128;168m[48;2;206;185;200m▀[0m[38;2;128;130;166m[48;2;33;9;0m▀[0m[38;2;162;151;153m[48;2;119;0;0m▀[0m[38;2;114;34;6m[48;2;227;48;0m▀[0m[38;2;112;17;0m[48;2;0;0;0m▀[0m[38;2;0;0;0m[48;2;70;15;0m▀[0m[38;2;48;12;1m[48;2;0;0;5m▀[0m[38;2;0;0;0m[48;2;0;0;3m▀[0m[38;2;248;52;0m[48;2;99;20;0m▀[0m[38;2;94;21;0m[48;2;204;50;0m▀[0m[38;2;15;13;5m[48;2;4;1;4m▀[0m
[38;2;0;0;0m[48;2;45;44;38m▀[0m[38;2;11;14;15m[48;2;101;90;75m▀[0m[38;2;2;7;6m[48;2;46;42;41m▀[0m[38;2;0;0;0m[48;2;98;93;92m▀[0m[38;2;30;39;42m[48;2;134;125;122m▀[0m[38;2;255;218;203m[48;2;108;111;106m▀[0m[38;2;255;255;255m[48;2;221;108;69m▀[0m[38;2;255;255;248m[48;2;229;154;109m▀[0m[38;2;255;255;253m[48;2;233;207;195m▀[0m[38;2;255;198;190m[48;2;135;147;202m▀[0m[38;2;105;137;194m[48;2;55;96;141m▀[0m[38;2;25;62;90m[48;2;76;107;146m▀[0m[38;2;107;61;51m[48;2;0;11;29m▀[0m[38;2;184;134;129m[48;2;135;145;169m▀[0m[38;2;101;122;163m[48;2;72;88;113m▀[0m[38;2;13;25;37m[48;2;22;18;25m▀[0m[38;2;7;14;15m[48;2;0;0;0m▀[0m[38;2;0;0;0m[48;2;0;0;0m▀[0m[38;2;0;0;0m[48;2;0;0;0m▀[0m[38;2;0;0;0m[48;2;0;0;0m▀[0m[38;2;0;0;0m[48;2;0;0;0m▀[0m[38;2;11;26;36m[48;2;4;19;23m▀[0m[38;2;166;156;187m[48;2;111;125;155m▀[0m[38;2;112;89;100m[48;2;114;122;155m▀[0m[38;2;11;37;56m[48;2;0;1;17m▀[0m[38;2;155;146;186m[48;2;69;87;126m▀[0m[38;2;255;166;145m[48;2;250;166;167m▀[0m[38;2;203;43;0m[48;2;95;120;135m▀[0m[38;2;0;0;0m[48;2;79;0;0m▀[0m[38;2;133;13;0m[48;2;0;0;0m▀[0m[38;2;15;0;0m[48;2;12;0;0m▀[0m[38;2;0;8;7m[48;2;0;1;1m▀[0m[38;2;0;0;1m[48;2;82;23;0m▀[0m[38;2;106;26;0m[48;2;240;49;0m▀[0m[38;2;138;30;0m[48;2;0;0;0m▀[0m[38;2;0;0;2m[48;2;0;0;2m▀[0m
[38;2;164;156;145m[48;2;0;0;0m▀[0m[38;2;39;37;33m[48;2;0;0;0m▀[0m[38;2;0;0;0m[48;2;0;0;0m▀[0m[38;2;0;0;0m[48;2;0;0;0m▀[0m[38;2;0;0;0m[48;2;0;1;0m▀[0m[38;2;0;0;0m[48;2;34;28;4m▀[0m[38;2;74;67;46m[48;2;165;142;107m▀[0m[38;2;255;245;216m[48;2;151;146;169m▀[0m[38;2;127;130;174m[48;2;81;109;156m▀[0m[38;2;59;90;124m[48;2;177;122;112m▀[0m[38;2;120;95;90m[48;2;200;156;173m▀[0m[38;2;178;148;143m[48;2;192;157;177m▀[0m[38;2;77;46;27m[48;2;157;145;170m▀[0m[38;2;125;138;174m[48;2;140;150;187m▀[0m[38;2;118;130;156m[48;2;39;54;71m▀[0m[38;2;14;0;0m[48;2;0;0;0m▀[0m[38;2;40;0;0m[48;2;0;0;0m▀[0m[38;2;38;7;0m[48;2;0;0;0m▀[0m[38;2;0;0;0m[48;2;92;19;0m▀[0m[38;2;2;0;0m[48;2;0;0;0m▀[0m[38;2;30;0;0m[48;2;0;0;0m▀[0m[38;2;83;43;25m[48;2;0;0;0m▀[0m[38;2;164;162;190m[48;2;144;83;81m▀[0m[38;2;98;114;141m[48;2;134;168;215m▀[0m[38;2;70;27;13m[48;2;151;130;149m▀[0m[38;2;123;74;78m[48;2;186;147;175m▀[0m[38;2;172;131;146m[48;2;208;144;144m▀[0m[38;2;255;217;200m[48;2;174;163;184m▀[0m[38;2;201;156;140m[48;2;240;136;86m▀[0m[38;2;161;57;1m[48;2;255;89;0m▀[0m[38;2;47;0;0m[48;2;124;74;40m▀[0m[38;2;74;6;0m[48;2;182;57;9m▀[0m[38;2;221;35;0m[48;2;0;0;5m▀[0m[38;2;8;0;0m[48;2;0;0;0m▀[0m[38;2;0;0;0m[48;2;0;0;0m▀[0m[38;2;0;0;0m[48;2;0;0;0m▀[0m
[38;2;79;74;66m[48;2;0;0;0m▀[0m[38;2;83;80;70m[48;2;26;27;16m▀[0m[38;2;91;93;78m[48;2;255;255;251m▀[0m[38;2;167;167;139m[48;2;255;255;255m▀[0m[38;2;152;114;92m[48;2;230;193;218m▀[0m[38;2;219;112;81m[48;2;173;170;213m▀[0m[38;2;240;161;159m[48;2;132;162;218m▀[0m[38;2;137;137;183m[48;2;117;150;206m▀[0m[38;2;125;130;154m[48;2;100;94;105m▀[0m[38;2;184;129;126m[48;2;179;136;145m▀[0m[38;2;142;153;200m[48;2;151;154;199m▀[0m[38;2;131;139;179m[48;2;103;85;99m▀[0m[38;2;130;148;186m[48;2;78;42;32m▀[0m[38;2;70;80;102m[48;2;0;0;0m▀[0m[38;2;0;0;0m[48;2;44;0;0m▀[0m[38;2;69;7;0m[48;2;109;18;0m▀[0m[38;2;50;8;0m[48;2;148;26;0m▀[0m[38;2;131;35;0m[48;2;255;63;0m▀[0m[38;2;242;49;0m[48;2;0;0;0m▀[0m[38;2;164;36;0m[48;2;149;30;0m▀[0m[38;2;40;8;0m[48;2;239;53;0m▀[0m[38;2;13;0;0m[48;2;118;20;0m▀[0m[38;2;9;0;0m[48;2;20;0;0m▀[0m[38;2;149;170;207m[48;2;0;0;0m▀[0m[38;2;140;125;151m[48;2;95;14;0m▀[0m[38;2;132;142;184m[48;2;144;121;145m▀[0m[38;2;164;153;185m[48;2;160;170;211m▀[0m[38;2;144;108;124m[48;2;181;128;134m▀[0m[38;2;173;161;190m[48;2;111;122;165m▀[0m[38;2;116;94;93m[48;2;70;83;102m▀[0m[38;2;0;1;1m[48;2;119;119;127m▀[0m[38;2;0;0;0m[48;2;68;63;57m▀[0m[38;2;19;36;32m[48;2;0;0;0m▀[0m[38;2;43;41;38m[48;2;77;72;60m▀[0m[38;2;23;21;25m[48;2;9;13;15m▀[0m[38;2;0;0;0m[48;2;0;0;2m▀[0m
[38;2;18;5;0m[48;2;255;255;238m▀[0m[38;2;255;255;255m[48;2;77;87;113m▀[0m[38;2;132;117;149m[48;2;0;5;34m▀[0m[38;2;28;43;82m[48;2;116;135;180m▀[0m[38;2;96;124;180m[48;2;152;162;207m▀[0m[38;2;138;164;221m[48;2;124;141;186m▀[0m[38;2;139;153;203m[48;2;27;44;62m▀[0m[38;2;40;59;90m[48;2;19;33;46m▀[0m[38;2;11;0;0m[48;2;113;129;163m▀[0m[38;2;183;162;188m[48;2;159;150;170m▀[0m[38;2;156;163;206m[48;2;175;151;176m▀[0m[38;2;27;0;0m[48;2;43;47;58m▀[0m[38;2;0;0;0m[48;2;0;0;0m▀[0m[38;2;0;0;0m[48;2;0;0;0m▀[0m[38;2;0;0;0m[48;2;0;0;0m▀[0m[38;2;0;0;0m[48;2;0;0;0m▀[0m[38;2;106;14;0m[48;2;61;3;0m▀[0m[38;2;180;16;0m[48;2;33;13;8m▀[0m[38;2;166;16;0m[48;2;0;8;25m▀[0m[38;2;105;0;0m[48;2;0;9;24m▀[0m[38;2;191;18;0m[48;2;122;24;0m▀[0m[38;2;0;0;0m[48;2;0;0;0m▀[0m[38;2;0;0;0m[48;2;0;0;0m▀[0m[38;2;0;0;0m[48;2;0;0;0m▀[0m[38;2;0;0;0m[48;2;0;0;0m▀[0m[38;2;77;51;56m[48;2;84;52;50m▀[0m[38;2;156;141;179m[48;2;200;151;161m▀[0m[38;2;192;142;142m[48;2;203;151;148m▀[0m[38;2;163;158;200m[48;2;93;89;115m▀[0m[38;2;115;95;94m[48;2;196;192;219m▀[0m[38;2;0;0;0m[48;2;47;8;0m▀[0m[38;2;77;76;68m[48;2;0;0;0m▀[0m[38;2;144;134;126m[48;2;255;255;255m▀[0m[38;2;44;40;39m[48;2;202;194;194m▀[0m[38;2;18;25;27m[48;2;0;0;0m▀[0m[38;2;59;22;4m[48;2;0;0;0m▀[0m
[38;2;139;140;133m[48;2;0;0;0m▀[0m[38;2;0;0;0m[48;2;40;44;36m▀[0m[38;2;28;22;10m[48;2;0;0;0m▀[0m[38;2;0;0;0m[48;2;0;0;0m▀[0m[38;2;0;0;0m[48;2;66;65;48m▀[0m[38;2;7;5;0m[48;2;217;193;197m▀[0m[38;2;91;70;66m[48;2;204;208;255m▀[0m[38;2;167;191;248m[48;2;121;159;216m▀[0m[38;2;133;146;187m[48;2;100;67;68m▀[0m[38;2;192;122;115m[48;2;144;81;80m▀[0m[38;2;204;144;168m[48;2;138;142;181m▀[0m[38;2;39;0;0m[48;2;106;83;94m▀[0m[38;2;0;0;0m[48;2;0;0;0m▀[0m[38;2;0;0;0m[48;2;0;0;0m▀[0m[38;2;0;5;11m[48;2;174;170;205m▀[0m[38;2;75;31;39m[48;2;176;99;118m▀[0m[38;2;115;126;164m[48;2;174;176;211m▀[0m[38;2;168;178;226m[48;2;160;154;188m▀[0m[38;2;138;123;151m[48;2;152;151;186m▀[0m[38;2;147;156;194m[48;2;147;146;176m▀[0m[38;2;149;190;244m[48;2;173;173;208m▀[0m[38;2;73;62;78m[48;2;185;139;167m▀[0m[38;2;0;0;0m[48;2;166;43;45m▀[0m[38;2;0;0;0m[48;2;19;34;45m▀[0m[38;2;0;0;0m[48;2;0;0;0m▀[0m[38;2;22;12;17m[48;2;67;56;77m▀[0m[38;2;224;210;226m[48;2;233;207;217m▀[0m[38;2;202;154;153m[48;2;236;162;150m▀[0m[38;2;74;65;76m[48;2;0;0;0m▀[0m[38;2;124;142;180m[48;2;64;74;94m▀[0m[38;2;98;84;72m[48;2;103;90;88m▀[0m[38;2;0;0;0m[48;2;0;0;0m▀[0m[38;2;255;255;255m[48;2;255;255;255m▀[0m[38;2;233;226;222m[48;2;108;100;90m▀[0m[38;2;0;0;0m[48;2;0;0;0m▀[0m[38;2;0;0;0m[48;2;9;0;0m▀[0m
[38;2;230;209;196m[48;2;127;125;122m▀[0m[38;2;229;234;230m[48;2;255;255;255m▀[0m[38;2;114;101;82m[48;2;255;255;238m▀[0m[38;2;120;110;112m[48;2;142;144;198m▀[0m[38;2;226;247;255m[48;2;55;76;117m▀[0m[38;2;159;188;255m[48;2;83;74;65m▀[0m[38;2;78;98;136m[48;2;111;75;51m▀[0m[38;2;44;66;90m[48;2;161;186;233m▀[0m[38;2;154;153;178m[48;2;203;204;222m▀[0m[38;2;117;86;97m[48;2;145;131;157m▀[0m[38;2;83;102;131m[48;2;137;137;165m▀[0m[38;2;91;95;113m[48;2;112;113;142m▀[0m[38;2;0;0;0m[48;2;52;74;89m▀[0m[38;2;118;141;169m[48;2;179;162;194m▀[0m[38;2;177;105;125m[48;2;142;100;125m▀[0m[38;2;135;61;72m[48;2;147;118;139m▀[0m[38;2;153;166;197m[48;2;145;149;180m▀[0m[38;2;145;136;164m[48;2;143;135;161m▀[0m[38;2;144;135;164m[48;2;137;129;157m▀[0m[38;2;137;137;165m[48;2;128;124;151m▀[0m[38;2;147;141;173m[48;2;143;136;165m▀[0m[38;2;154;156;192m[48;2;146;148;180m▀[0m[38;2;169;131;160m[48;2;146;139;169m▀[0m[38;2;151;145;173m[48;2;158;139;167m▀[0m[38;2;72;0;0m[48;2;108;69;65m▀[0m[38;2;67;78;101m[48;2;54;66;78m▀[0m[38;2;203;91;89m[48;2;133;102;128m▀[0m[38;2;177;149;174m[48;2;154;165;203m▀[0m[38;2;0;0;0m[48;2;16;24;38m▀[0m[38;2;66;66;82m[48;2;112;110;107m▀[0m[38;2;246;221;207m[48;2;231;211;189m▀[0m[38;2;210;202;191m[48;2;0;0;0m▀[0m[38;2;56;56;53m[48;2;2;4;6m▀[0m[38;2;14;13;9m[48;2;0;0;0m▀[0m[38;2;0;0;0m[48;2;0;0;0m▀[0m[38;2;0;0;0m[48;2;0;0;0m▀[0m
