[38;2;44;48;45m[48;2;0;2;3m▀[0m[38;2;0;0;0m[48;2;0;0;0m▀[0m[38;2;0;0;0m[48;2;0;0;0m▀[0m[38;2;0;1;0m[48;2;70;75;76m▀[0m[38;2;0;0;0m[48;2;0;0;0m▀[0m[38;2;21;77;99m[48;2;5;8;11m▀[0m[38;2;0;0;0m[48;2;142;152;155m▀[0m[38;2;42;46;48m[48;2;96;101;98m▀[0m[38;2;72;112;129m[48;2;86;108;118m▀[0m[38;2;1;18;22m[48;2;53;92;111m▀[0m[38;2;8;15;19m[48;2;26;40;47m▀[0m[38;2;37;63;76m[48;2;32;50;58m▀[0m[38;2;15;24;25m[48;2;26;47;55m▀[0m[38;2;59;90;105m[48;2;14;21;25m▀[0m[38;2;46;73;85m[48;2;47;81;94m▀[0m[38;2;33;49;57m[48;2;36;62;74m▀[0m[38;2;41;75;89m[48;2;43;73;86m▀[0m[38;2;63;95;108m[48;2;68;105;122m▀[0m[38;2;64;103;121m[48;2;38;68;83m▀[0m[38;2;28;49;54m[48;2;38;60;69m▀[0m[38;2;74;109;122m[48;2;43;65;76m▀[0m[38;2;43;67;78m[48;2;32;50;63m▀[0m[38;2;54;85;102m[48;2;30;53;61m▀[0m[38;2;42;67;79m[48;2;29;51;59m▀[0m[38;2;33;54;63m[48;2;36;62;71m▀[0m[38;2;34;57;66m[48;2;43;73;88m▀[0m[38;2;8;17;21m[48;2;46;78;97m▀[0m[38;2;11;25;33m[48;2;57;92;113m▀[0m[38;2;13;36;45m[48;2;60;103;125m▀[0m[38;2;36;65;78m[48;2;90;143;158m▀[0m[38;2;61;86;98m[48;2;115;142;149m▀[0m[38;2;21;48;54m[48;2;91;101;104m▀[0m[38;2;0;0;0m[48;2;0;0;0m▀[0m[38;2;0;0;0m[48;2;0;0;0m▀[0m[38;2;0;0;0m[48;2;26;73;93m▀[0m[38;2;58;120;147m[48;2;26;71;89m▀[0m
[38;2;15;4;6m[48;2;0;0;0m▀[0m[38;2;0;0;0m[48;2;63;25;25m▀[0m[38;2;0;0;0m[48;2;96;95;93m▀[0m[38;2;88;85;85m[48;2;0;0;0m▀[0m[38;2;226;231;231m[48;2;16;16;16m▀[0m[38;2;255;255;255m[48;2;28;54;62m▀[0m[38;2;123;149;158m[48;2;0;0;3m▀[0m[38;2;18;63;79m[48;2;0;0;0m▀[0m[38;2;26;52;64m[48;2;36;63;73m▀[0m[38;2;41;72;88m[48;2;62;102;114m▀[0m[38;2;48;79;91m[48;2;74;113;131m▀[0m[38;2;0;0;0m[48;2;48;83;96m▀[0m[38;2;0;0;0m[48;2;0;0;0m▀[0m[38;2;5;16;18m[48;2;8;22;26m▀[0m[38;2;26;63;74m[48;2;6;44;53m▀[0m[38;2;11;32;40m[48;2;0;0;0m▀[0m[38;2;21;47;54m[48;2;0;0;0m▀[0m[38;2;53;85;98m[48;2;15;36;42m▀[0m[38;2;23;45;53m[48;2;0;0;0m▀[0m[38;2;29;49;59m[48;2;0;0;0m▀[0m[38;2;0;6;11m[48;2;0;0;0m▀[0m[38;2;31;61;74m[48;2;29;57;69m▀[0m[38;2;31;52;63m[48;2;0;0;0m▀[0m[38;2;0;0;0m[48;2;0;0;0m▀[0m[38;2;12;20;25m[48;2;35;66;75m▀[0m[38;2;45;71;84m[48;2;29;47;53m▀[0m[38;2;58;99;119m[48;2;7;14;15m▀[0m[38;2;32;58;68m[48;2;21;37;43m▀[0m[38;2;0;10;17m[48;2;33;72;82m▀[0m[38;2;119;121;124m[48;2;0;0;0m▀[0m[38;2;59;64;65m[48;2;146;126;122m▀[0m[38;2;39;39;39m[48;2;26;29;28m▀[0m[38;2;94;92;89m[48;2;10;30;35m▀[0m[38;2;31;78;100m[48;2;0;6;12m▀[0m[38;2;41;86;106m[48;2;80;83;84m▀[0m[38;2;10;0;0m[48;2;85;80;75m▀[0m
[38;2;0;0;0m[48;2;0;0;0m▀[0m[38;2;33;36;37m[48;2;0;0;0m▀[0m[38;2;216;214;218m[48;2;42;39;42m▀[0m[38;2;93;106;106m[48;2;135;158;166m▀[0m[38;2;6;2;0m[48;2;159;180;193m▀[0m[38;2;186;177;172m[48;2;180;205;215m▀[0m[38;2;208;211;208m[48;2;118;161;176m▀[0m[38;2;49;78;94m[48;2;42;81;104m▀[0m[38;2;45;77;96m[48;2;40;71;91m▀[0m[38;2;41;67;79m[48;2;28;53;63m▀[0m[38;2;14;31;33m[48;2;15;35;39m▀[0m[38;2;9;30;36m[48;2;0;0;0m▀[0m[38;2;8;15;17m[48;2;24;29;31m▀[0m[38;2;125;169;181m[48;2;221;255;255m▀[0m[38;2;7;0;0m[48;2;33;47;55m▀[0m[38;2;197;67;67m[48;2;176;100;109m▀[0m[38;2;29;65;71m[48;2;236;255;255m▀[0m[38;2;0;0;0m[48;2;126;147;157m▀[0m[38;2;0;0;0m[48;2;125;151;159m▀[0m[38;2;55;60;64m[48;2;234;255;255m▀[0m[38;2;170;191;200m[48;2;170;196;206m▀[0m[38;2;59;90;103m[48;2;53;83;94m▀[0m[38;2;19;35;35m[48;2;142;158;165m▀[0m[38;2;0;0;0m[48;2;0;0;0m▀[0m[38;2;13;35;45m[48;2;3;25;38m▀[0m[38;2;0;0;0m[48;2;13;26;32m▀[0m[38;2;5;13;13m[48;2;7;14;16m▀[0m[38;2;56;86;104m[48;2;0;0;0m▀[0m[38;2;63;111;131m[48;2;23;48;66m▀[0m[38;2;38;82;99m[48;2;97;126;144m▀[0m[38;2;44;83;96m[48;2;60;115;134m▀[0m[38;2;185;213;220m[48;2;55;99;120m▀[0m[38;2;66;79;81m[48;2;146;176;189m▀[0m[38;2;79;82;79m[48;2;126;131;131m▀[0m[38;2;93;92;89m[48;2;0;0;0m▀[0m[38;2;0;0;0m[48;2;0;0;0m▀[0m
[38;2;0;0;2m[48;2;136;131;131m▀[0m[38;2;0;0;0m[48;2;0;0;0m▀[0m[38;2;0;0;0m[48;2;126;125;119m▀[0m[38;2;88;85;87m[48;2;217;207;206m▀[0m[38;2;0;0;0m[48;2;179;167;163m▀[0m[38;2;0;0;0m[48;2;207;206;206m▀[0m[38;2;0;0;0m[48;2;97;89;88m▀[0m[38;2;0;0;5m[48;2;14;4;0m▀[0m[38;2;6;25;38m[48;2;0;9;10m▀[0m[38;2;9;33;44m[48;2;0;0;0m▀[0m[38;2;0;0;0m[48;2;0;0;0m▀[0m[38;2;9;4;0m[48;2;37;52;56m▀[0m[38;2;141;140;137m[48;2;163;177;180m▀[0m[38;2;230;255;255m[48;2;88;193;214m▀[0m[38;2;222;152;156m[48;2;111;29;31m▀[0m[38;2;131;59;63m[48;2;231;111;114m▀[0m[38;2;125;205;218m[48;2;97;195;209m▀[0m[38;2;168;206;218m[48;2;126;161;172m▀[0m[38;2;181;213;226m[48;2;123;161;174m▀[0m[38;2;159;194;208m[48;2;116;147;163m▀[0m[38;2;87;113;121m[48;2;162;218;231m▀[0m[38;2;161;189;197m[48;2;88;176;187m▀[0m[38;2;255;255;255m[48;2;147;180;187m▀[0m[38;2;80;79;75m[48;2;219;226;226m▀[0m[38;2;0;0;0m[48;2;0;9;12m▀[0m[38;2;0;0;2m[48;2;0;0;0m▀[0m[38;2;30;56;68m[48;2;16;30;34m▀[0m[38;2;31;54;59m[48;2;23;38;50m▀[0m[38;2;82;94;101m[48;2;76;89;95m▀[0m[38;2;90;88;91m[48;2;35;27;22m▀[0m[38;2;0;2;5m[48;2;69;59;56m▀[0m[38;2;73;75;78m[48;2;70;57;51m▀[0m[38;2;23;18;18m[48;2;108;106;103m▀[0m[38;2;13;5;4m[48;2;37;32;30m▀[0m[38;2;67;74;75m[48;2;0;0;0m▀[0m[38;2;16;19;20m[48;2;0;0;0m▀[0m
[38;2;240;255;255m[48;2;143;175;190m▀[0m[38;2;235;230;230m[48;2;114;140;153m▀[0m[38;2;255;255;255m[48;2;190;203;210m▀[0m[38;2;245;255;255m[48;2;142;160;171m▀[0m[38;2;157;182;194m[48;2;137;166;184m▀[0m[38;2;181;205;216m[48;2;136;163;179m▀[0m[38;2;255;255;255m[48;2;132;159;175m▀[0m[38;2;240;243;242m[48;2;190;217;231m▀[0m[38;2;118;122;123m[48;2;173;195;206m▀[0m[38;2;0;0;2m[48;2;11;33;47m▀[0m[38;2;0;23;30m[48;2;8;34;51m▀[0m[38;2;36;51;57m[48;2;0;0;0m▀[0m[38;2;126;167;170m[48;2;148;181;186m▀[0m[38;2;46;46;46m[48;2;130;188;194m▀[0m[38;2;232;0;0m[48;2;255;0;0m▀[0m[38;2;127;67;67m[48;2;255;0;0m▀[0m[38;2;152;254;255m[48;2;75;71;75m▀[0m[38;2;143;182;194m[48;2;100;156;171m▀[0m[38;2;120;160;170m[48;2;97;136;145m▀[0m[38;2;169;238;251m[48;2;75;103;110m▀[0m[38;2;146;185;198m[48;2;228;0;0m▀[0m[38;2;124;0;0m[48;2;219;0;0m▀[0m[38;2;47;37;38m[48;2;144;196;208m▀[0m[38;2;197;224;228m[48;2;179;209;218m▀[0m[38;2;0;3;9m[48;2;0;14;27m▀[0m[38;2;0;0;0m[48;2;0;0;0m▀[0m[38;2;0;0;1m[48;2;0;8;20m▀[0m[38;2;0;29;42m[48;2;131;156;166m▀[0m[38;2;115;109;110m[48;2;226;245;255m▀[0m[38;2;253;253;255m[48;2;106;130;145m▀[0m[38;2;229;244;255m[48;2;94;124;136m▀[0m[38;2;252;255;255m[48;2;134;161;175m▀[0m[38;2;255;255;255m[48;2;140;177;191m▀[0m[38;2;255;255;255m[48;2;132;159;175m▀[0m[38;2;171;163;163m[48;2;184;205;214m▀[0m[38;2;197;201;201m[48;2;116;144;155m▀[0m
[38;2;165;191;204m[48;2;159;181;194m▀[0m[38;2;126;155;169m[48;2;148;172;186m▀[0m[38;2;117;143;153m[48;2;103;125;134m▀[0m[38;2;168;184;195m[48;2;164;191;203m▀[0m[38;2;151;176;188m[48;2;132;156;166m▀[0m[38;2;162;188;202m[48;2;164;190;200m▀[0m[38;2;111;135;146m[48;2;136;161;171m▀[0m[38;2;149;174;186m[48;2;87;107;116m▀[0m[38;2;216;247;255m[48;2;162;189;201m▀[0m[38;2;64;77;83m[48;2;182;212;224m▀[0m[38;2;0;0;0m[48;2;12;27;33m▀[0m[38;2;0;0;0m[48;2;0;7;20m▀[0m[38;2;56;68;71m[48;2;35;57;71m▀[0m[38;2;205;255;255m[48;2;233;242;243m▀[0m[38;2;65;98;105m[48;2;136;209;229m▀[0m[38;2;159;32;33m[48;2;109;205;220m▀[0m[38;2;0;0;2m[48;2;160;215;230m▀[0m[38;2;32;78;88m[48;2;169;209;222m▀[0m[38;2;84;124;137m[48;2;185;220;234m▀[0m[38;2;0;0;0m[48;2;173;224;242m▀[0m[38;2;85;59;67m[48;2;118;176;192m▀[0m[38;2;80;160;171m[48;2;160;202;215m▀[0m[38;2;179;230;244m[48;2;211;232;241m▀[0m[38;2;48;51;51m[48;2;17;28;27m▀[0m[38;2;0;0;0m[48;2;0;0;0m▀[0m[38;2;40;70;90m[48;2;0;0;0m▀[0m[38;2;66;76;81m[48;2;163;182;194m▀[0m[38;2;208;238;253m[48;2;168;198;209m▀[0m[38;2;124;146;157m[48;2;130;152;160m▀[0m[38;2;135;158;167m[48;2;157;186;199m▀[0m[38;2;139;161;169m[48;2;144;166;175m▀[0m[38;2;164;186;201m[48;2;149;176;188m▀[0m[38;2;126;151;160m[48;2;116;139;148m▀[0m[38;2;147;174;184m[48;2;156;182;194m▀[0m[38;2;110;134;145m[48;2;143;167;177m▀[0m[38;2;153;175;186m[48;2;164;190;200m▀[0m
[38;2;159;183;193m[48;2;155;179;189m▀[0m[38;2;155;177;187m[48;2;159;184;197m▀[0m[38;2;109;129;133m[48;2;117;135;143m▀[0m[38;2;170;193;201m[48;2;162;183;194m▀[0m[38;2;129;153;163m[48;2;161;186;196m▀[0m[38;2;139;167;179m[48;2;107;129;137m▀[0m[38;2;160;182;193m[48;2;127;154;164m▀[0m[38;2;128;152;162m[48;2;148;176;187m▀[0m[38;2;127;149;159m[48;2;179;205;214m▀[0m[38;2;198;225;241m[48;2;192;217;227m▀[0m[38;2;89;105;113m[48;2;123;150;163m▀[0m[38;2;0;11;27m[48;2;0;7;20m▀[0m[38;2;0;0;0m[48;2;0;0;0m▀[0m[38;2;225;222;216m[48;2;81;77;76m▀[0m[38;2;89;115;124m[48;2;196;218;222m▀[0m[38;2;18;27;31m[48;2;17;22;26m▀[0m[38;2;148;186;198m[48;2;217;230;234m▀[0m[38;2;121;148;158m[48;2;153;179;189m▀[0m[38;2;122;152;163m[48;2;132;157;170m▀[0m[38;2;145;180;199m[48;2;223;248;255m▀[0m[38;2;43;65;73m[48;2;149;154;151m▀[0m[38;2;49;75;83m[48;2;116;142;155m▀[0m[38;2;208;221;229m[48;2;82;95;103m▀[0m[38;2;0;0;0m[48;2;0;0;0m▀[0m[38;2;0;20;32m[48;2;0;0;0m▀[0m[38;2;29;37;37m[48;2;34;60;66m▀[0m[38;2;199;229;244m[48;2;171;206;217m▀[0m[38;2;147;173;181m[48;2;169;203;214m▀[0m[38;2;165;190;200m[48;2;159;189;200m▀[0m[38;2;160;184;195m[48;2;168;193;203m▀[0m[38;2;170;197;207m[48;2;149;174;186m▀[0m[38;2;105;130;138m[48;2;98;120;130m▀[0m[38;2;148;170;181m[48;2;172;197;210m▀[0m[38;2;128;141;149m[48;2;133;151;162m▀[0m[38;2;146;171;181m[48;2;159;183;193m▀[0m[38;2;157;183;193m[48;2;158;181;189m▀[0m
[38;2;164;188;198m[48;2;146;171;181m▀[0m[38;2;169;194;204m[48;2;139;164;174m▀[0m[38;2;179;203;217m[48;2;142;167;179m▀[0m[38;2;181;205;218m[48;2;158;189;204m▀[0m[38;2;210;234;248m[48;2;181;213;226m▀[0m[38;2;96;112;122m[48;2;0;0;2m▀[0m[38;2;124;149;158m[48;2;118;133;141m▀[0m[38;2;164;194;205m[48;2;202;229;243m▀[0m[38;2;167;188;201m[48;2;172;196;206m▀[0m[38;2;197;223;235m[48;2;139;168;181m▀[0m[38;2;92;118;128m[48;2;144;168;183m▀[0m[38;2;0;0;0m[48;2;2;22;30m▀[0m[38;2;127;145;153m[48;2;115;130;141m▀[0m[38;2;35;68;77m[48;2;171;201;217m▀[0m[38;2;65;73;74m[48;2;0;0;0m▀[0m[38;2;136;154;156m[48;2;95;94;95m▀[0m[38;2;73;61;57m[48;2;210;206;202m▀[0m[38;2;117;115;113m[48;2;0;0;0m▀[0m[38;2;109;106;108m[48;2;0;0;0m▀[0m[38;2;77;64;56m[48;2;102;97;93m▀[0m[38;2;183;196;202m[48;2;99;106;106m▀[0m[38;2;58;74;82m[48;2;0;0;0m▀[0m[38;2;25;48;55m[48;2;108;151;160m▀[0m[38;2;141;184;197m[48;2;187;244;255m▀[0m[38;2;158;207;217m[48;2;141;181;191m▀[0m[38;2;9;35;41m[48;2;73;143;155m▀[0m[38;2;121;178;195m[48;2;131;95;105m▀[0m[38;2;185;198;210m[48;2;167;161;169m▀[0m[38;2;159;189;202m[48;2;162;212;225m▀[0m[38;2;185;212;228m[48;2;201;236;250m▀[0m[38;2;110;132;141m[48;2;21;30;33m▀[0m[38;2;126;151;160m[48;2;90;102;109m▀[0m[38;2;192;218;232m[48;2;221;248;255m▀[0m[38;2;172;198;208m[48;2;164;194;207m▀[0m[38;2;168;193;201m[48;2;144;171;185m▀[0m[38;2;162;183;196m[48;2;156;177;191m▀[0m
[38;2;159;186;196m[48;2;181;211;223m▀[0m[38;2;100;121;130m[48;2;190;221;236m▀[0m[38;2;36;51;58m[48;2;218;249;255m▀[0m[38;2;0;0;0m[48;2;101;125;136m▀[0m[38;2;0;0;0m[48;2;0;0;0m▀[0m[38;2;0;0;0m[48;2;0;0;0m▀[0m[38;2;45;53;58m[48;2;0;0;0m▀[0m[38;2;214;245;255m[48;2;186;216;232m▀[0m[38;2;126;152;168m[48;2;154;183;196m▀[0m[38;2;132;157;171m[48;2;171;195;205m▀[0m[38;2;204;228;242m[48;2;198;225;238m▀[0m[38;2;74;90;97m[48;2;16;23;27m▀[0m[38;2;118;134;146m[48;2;109;130;136m▀[0m[38;2;208;240;255m[48;2;182;212;228m▀[0m[38;2;131;160;177m[48;2;168;183;191m▀[0m[38;2;0;0;0m[48;2;144;168;179m▀[0m[38;2;217;221;220m[48;2;123;122;119m▀[0m[38;2;187;200;209m[48;2;112;137;149m▀[0m[38;2;155;176;182m[48;2;154;197;214m▀[0m[38;2;192;212;218m[48;2;75;79;76m▀[0m[38;2;0;3;0m[48;2;18;53;60m▀[0m[38;2;97;133;142m[48;2;194;252;255m▀[0m[38;2;175;255;255m[48;2;175;66;65m▀[0m[38;2;101;255;255m[48;2;124;133;145m▀[0m[38;2;98;102;112m[48;2;253;0;0m▀[0m[38;2;255;0;0m[48;2;255;0;0m▀[0m[38;2;255;25;19m[48;2;187;151;160m▀[0m[38;2;75;157;172m[48;2;119;224;240m▀[0m[38;2;172;206;220m[48;2;180;218;233m▀[0m[38;2;187;219;235m[48;2;111;133;144m▀[0m[38;2;0;0;0m[48;2;0;0;0m▀[0m[38;2;0;0;0m[48;2;0;0;0m▀[0m[38;2;0;0;0m[48;2;24;36;43m▀[0m[38;2;55;70;78m[48;2;228;255;255m▀[0m[38;2;97;123;132m[48;2;224;248;255m▀[0m[38;2;134;165;176m[48;2;163;189;198m▀[0m
[38;2;195;221;234m[48;2;42;40;43m▀[0m[38;2;121;144;151m[48;2;96;102;101m▀[0m[38;2;67;89;96m[48;2;0;0;0m▀[0m[38;2;11;24;31m[48;2;81;74;70m▀[0m[38;2;0;0;0m[48;2;0;0;0m▀[0m[38;2;0;0;0m[48;2;0;0;0m▀[0m[38;2;0;0;0m[48;2;0;0;0m▀[0m[38;2;122;140;145m[48;2;0;0;0m▀[0m[38;2;209;238;251m[48;2;205;236;251m▀[0m[38;2;171;195;209m[48;2;171;193;203m▀[0m[38;2;136;160;170m[48;2;156;178;191m▀[0m[38;2;59;79;85m[48;2;138;162;173m▀[0m[38;2;117;143;151m[48;2;122;147;157m▀[0m[38;2;185;205;213m[48;2;152;165;173m▀[0m[38;2;149;174;183m[48;2;117;139;150m▀[0m[38;2;187;217;234m[48;2;157;181;196m▀[0m[38;2;124;148;158m[48;2;209;241;254m▀[0m[38;2;0;0;0m[48;2;69;78;85m▀[0m[38;2;120;121;118m[48;2;0;0;0m▀[0m[38;2;3;6;6m[48;2;63;100;111m▀[0m[38;2;158;203;218m[48;2;167;208;219m▀[0m[38;2;105;224;236m[48;2;137;255;255m▀[0m[38;2;220;66;55m[48;2;228;87;87m▀[0m[38;2;255;0;0m[48;2;255;0;0m▀[0m[38;2;255;0;0m[48;2;255;0;0m▀[0m[38;2;255;0;0m[48;2;193;123;125m▀[0m[38;2;196;129;133m[48;2;139;217;227m▀[0m[38;2;142;237;252m[48;2;167;235;253m▀[0m[38;2;211;251;255m[48;2;156;191;201m▀[0m[38;2;7;14;16m[48;2;0;0;0m▀[0m[38;2;0;0;0m[48;2;0;0;0m▀[0m[38;2;0;0;0m[48;2;0;0;0m▀[0m[38;2;0;0;0m[48;2;55;50;48m▀[0m[38;2;70;91;104m[48;2;17;17;17m▀[0m[38;2;127;151;162m[48;2;57;64;64m▀[0m[38;2;202;234;249m[48;2;10;14;15m▀[0m
[38;2;0;0;0m[48;2;0;0;0m▀[0m[38;2;113;118;122m[48;2;65;70;72m▀[0m[38;2;0;0;5m[48;2;27;51;61m▀[0m[38;2;74;81;82m[48;2;12;25;32m▀[0m[38;2;69;67;65m[48;2;21;23;21m▀[0m[38;2;0;0;0m[48;2;51;77;89m▀[0m[38;2;110;141;157m[48;2;236;255;255m▀[0m[38;2;0;0;0m[48;2;71;91;99m▀[0m[38;2;119;137;142m[48;2;3;12;13m▀[0m[38;2;192;217;231m[48;2;186;213;225m▀[0m[38;2;166;191;201m[48;2;160;182;195m▀[0m[38;2;145;167;178m[48;2;160;182;193m▀[0m[38;2;150;174;185m[48;2;155;180;190m▀[0m[38;2;163;190;200m[48;2;158;180;190m▀[0m[38;2;146;170;180m[48;2;162;190;199m▀[0m[38;2;109;130;140m[48;2;150;168;179m▀[0m[38;2;152;177;184m[48;2;170;163;163m▀[0m[38;2;158;179;188m[48;2;142;168;178m▀[0m[38;2;82;91;95m[48;2;183;203;212m▀[0m[38;2;130;178;198m[48;2;142;169;183m▀[0m[38;2;134;215;221m[48;2;161;174;171m▀[0m[38;2;200;103;108m[48;2;255;17;13m▀[0m[38;2;255;0;0m[48;2;208;74;73m▀[0m[38;2;255;0;0m[48;2;199;97;94m▀[0m[38;2;255;0;0m[48;2;255;26;22m▀[0m[38;2;143;194;200m[48;2;150;181;189m▀[0m[38;2;167;180;187m[48;2;174;196;204m▀[0m[38;2;188;253;255m[48;2;146;196;209m▀[0m[38;2;34;49;52m[48;2;0;0;0m▀[0m[38;2;0;0;0m[48;2;158;187;200m▀[0m[38;2;114;153;173m[48;2;195;232;247m▀[0m[38;2;0;0;0m[48;2;16;11;11m▀[0m[38;2;65;65;65m[48;2;7;15;15m▀[0m[38;2;0;0;0m[48;2;0;9;12m▀[0m[38;2;181;189;190m[48;2;30;43;47m▀[0m[38;2;40;52;56m[48;2;48;58;62m▀[0m
[38;2;0;0;0m[48;2;33;41;44m▀[0m[38;2;81;79;77m[48;2;144;171;180m▀[0m[38;2;92;127;141m[48;2;55;93;106m▀[0m[38;2;0;0;0m[48;2;0;0;0m▀[0m[38;2;0;0;0m[48;2;0;0;0m▀[0m[38;2;137;164;173m[48;2;189;210;216m▀[0m[38;2;209;239;251m[48;2;185;216;228m▀[0m[38;2;198;225;238m[48;2;170;194;207m▀[0m[38;2;79;104;113m[48;2;158;184;196m▀[0m[38;2;129;151;162m[48;2;93;118;128m▀[0m[38;2;172;197;210m[48;2;154;181;191m▀[0m[38;2;160;182;197m[48;2;125;150;160m▀[0m[38;2;154;180;190m[48;2;205;217;225m▀[0m[38;2;154;176;187m[48;2;144;168;183m▀[0m[38;2;152;176;187m[48;2;153;177;192m▀[0m[38;2;161;179;191m[48;2;152;173;183m▀[0m[38;2;164;176;181m[48;2;156;171;179m▀[0m[38;2;151;160;163m[48;2;153;186;196m▀[0m[38;2;179;197;205m[48;2;193;197;197m▀[0m[38;2;107;115;125m[48;2;136;173;188m▀[0m[38;2;141;183;197m[48;2;118;204;218m▀[0m[38;2;179;133;137m[48;2;185;106;110m▀[0m[38;2;153;174;183m[48;2;171;168;181m▀[0m[38;2;130;204;220m[48;2;152;165;177m▀[0m[38;2;162;170;175m[48;2;195;193;200m▀[0m[38;2;141;219;229m[48;2;145;192;202m▀[0m[38;2;170;217;233m[48;2;131;165;179m▀[0m[38;2;83;110;119m[48;2;89;115;123m▀[0m[38;2;118;144;153m[48;2;180;206;216m▀[0m[38;2;212;242;254m[48;2;172;198;210m▀[0m[38;2;184;215;230m[48;2;206;237;253m▀[0m[38;2;57;61;60m[48;2;44;42;38m▀[0m[38;2;0;0;0m[48;2;0;0;0m▀[0m[38;2;122;148;156m[48;2;121;154;164m▀[0m[38;2;26;34;33m[48;2;30;31;28m▀[0m[38;2;4;9;11m[48;2;0;0;0m▀[0m
