[38;2;4;1;6m[48;2;6;1;6m▀[0m[38;2;0;31;40m[48;2;0;31;40m▀[0m[38;2;3;0;8m[48;2;0;0;6m▀[0m[38;2;5;23;43m[48;2;0;7;27m▀[0m[38;2;0;19;36m[48;2;0;4;32m▀[0m[38;2;0;17;41m[48;2;0;0;25m▀[0m[38;2;0;26;57m[48;2;0;0;0m▀[0m[38;2;0;0;36m[48;2;85;89;88m▀[0m[38;2;166;170;165m[48;2;255;255;255m▀[0m[38;2;255;255;255m[48;2;16;98;150m▀[0m[38;2;90;138;174m[48;2;0;97;154m▀[0m[38;2;3;95;153m[48;2;162;228;253m▀[0m[38;2;224;255;255m[48;2;94;141;172m▀[0m[38;2;226;224;213m[48;2;21;79;97m▀[0m[38;2;56;117;146m[48;2;3;45;59m▀[0m[38;2;18;78;117m[48;2;29;64;93m▀[0m[38;2;30;88;124m[48;2;39;81;105m▀[0m[38;2;32;106;155m[48;2;35;80;116m▀[0m[38;2;71;222;255m[48;2;52;178;215m▀[0m[38;2;26;109;157m[48;2;38;88;118m▀[0m[38;2;35;90;123m[48;2;39;83;112m▀[0m[38;2;25;77;115m[48;2;31;62;94m▀[0m[38;2;58;116;138m[48;2;0;32;36m▀[0m[38;2;186;209;210m[48;2;0;90;114m▀[0m[38;2;255;255;255m[48;2;48;84;112m▀[0m[38;2;47;233;255m[48;2;238;255;255m▀[0m[38;2;0;85;147m[48;2;117;207;247m▀[0m[38;2;148;179;206m[48;2;0;67;121m▀[0m[38;2;255;255;255m[48;2;147;193;216m▀[0m[38;2;49;81;101m[48;2;255;255;255m▀[0m[38;2;0;0;35m[48;2;0;21;31m▀[0m[38;2;0;18;44m[48;2;0;0;5m▀[0m[38;2;0;13;28m[48;2;0;0;12m▀[0m[38;2;0;13;26m[48;2;0;0;17m▀[0m[38;2;5;20;33m[48;2;0;4;19m▀[0m[38;2;3;12;21m[48;2;1;8;14m▀[0m
[38;2;10;0;8m[48;2;0;56;66m▀[0m[38;2;0;30;49m[48;2;0;28;42m▀[0m[38;2;0;0;0m[48;2;0;43;62m▀[0m[38;2;0;18;33m[48;2;0;183;235m▀[0m[38;2;0;0;0m[48;2;132;197;211m▀[0m[38;2;91;100;108m[48;2;255;255;255m▀[0m[38;2;186;191;187m[48;2;223;236;236m▀[0m[38;2;255;255;255m[48;2;0;13;40m▀[0m[38;2;54;126;175m[48;2;0;73;123m▀[0m[38;2;11;99;149m[48;2;19;80;112m▀[0m[38;2;68;142;184m[48;2;0;0;0m▀[0m[38;2;11;80;123m[48;2;0;0;0m▀[0m[38;2;0;0;0m[48;2;0;0;0m▀[0m[38;2;0;37;53m[48;2;45;40;36m▀[0m[38;2;0;23;20m[48;2;22;130;141m▀[0m[38;2;11;6;14m[48;2;0;0;0m▀[0m[38;2;41;96;124m[48;2;28;95;109m▀[0m[38;2;44;73;96m[48;2;53;112;140m▀[0m[38;2;35;77;104m[48;2;50;84;113m▀[0m[38;2;41;76;102m[48;2;50;103;137m▀[0m[38;2;42;91;120m[48;2;19;105;123m▀[0m[38;2;1;0;7m[48;2;0;0;0m▀[0m[38;2;0;62;56m[48;2;18;118;126m▀[0m[38;2;29;50;55m[48;2;115;3;0m▀[0m[38;2;0;0;0m[48;2;0;0;0m▀[0m[38;2;0;38;78m[48;2;0;0;0m▀[0m[38;2;72;114;147m[48;2;0;0;0m▀[0m[38;2;70;136;179m[48;2;6;41;62m▀[0m[38;2;0;52;105m[48;2;20;84;128m▀[0m[38;2;208;246;255m[48;2;0;55;104m▀[0m[38;2;255;255;255m[48;2;14;25;35m▀[0m[38;2;224;224;222m[48;2;255;255;255m▀[0m[38;2;46;91;106m[48;2;255;255;255m▀[0m[38;2;0;25;59m[48;2;14;140;177m▀[0m[38;2;0;24;42m[48;2;0;163;217m▀[0m[38;2;0;0;0m[48;2;0;29;40m▀[0m
[38;2;4;25;35m[48;2;8;10;26m▀[0m[38;2;0;24;37m[48;2;0;37;58m▀[0m[38;2;0;66;98m[48;2;0;34;57m▀[0m[38;2;0;120;154m[48;2;204;245;250m▀[0m[38;2;255;255;255m[48;2;83;142;174m▀[0m[38;2;255;255;255m[48;2;203;255;255m▀[0m[38;2;189;219;234m[48;2;255;255;255m▀[0m[38;2;23;69;106m[48;2;77;176;234m▀[0m[38;2;100;122;145m[48;2;42;107;147m▀[0m[38;2;0;0;0m[48;2;2;0;0m▀[0m[38;2;0;0;0m[48;2;8;0;0m▀[0m[38;2;0;0;0m[48;2;0;0;0m▀[0m[38;2;0;0;0m[48;2;2;28;37m▀[0m[38;2;25;0;0m[48;2;0;0;0m▀[0m[38;2;35;84;97m[48;2;14;55;62m▀[0m[38;2;0;0;0m[48;2;72;0;0m▀[0m[38;2;0;0;0m[48;2;0;0;0m▀[0m[38;2;15;66;79m[48;2;0;2;3m▀[0m[38;2;21;41;58m[48;2;0;0;0m▀[0m[38;2;3;40;50m[48;2;0;0;0m▀[0m[38;2;0;31;31m[48;2;0;15;21m▀[0m[38;2;0;0;0m[48;2;125;0;0m▀[0m[38;2;27;20;34m[48;2;179;0;0m▀[0m[38;2;7;0;2m[48;2;0;20;27m▀[0m[38;2;0;0;1m[48;2;0;6;7m▀[0m[38;2;0;0;0m[48;2;2;17;24m▀[0m[38;2;0;0;0m[48;2;0;0;0m▀[0m[38;2;0;0;0m[48;2;51;39;31m▀[0m[38;2;57;71;83m[48;2;28;37;46m▀[0m[38;2;111;140;163m[48;2;93;146;184m▀[0m[38;2;3;75;114m[48;2;149;197;226m▀[0m[38;2;255;255;255m[48;2;255;255;255m▀[0m[38;2;255;255;255m[48;2;76;171;211m▀[0m[38;2;250;219;228m[48;2;126;133;153m▀[0m[38;2;0;75;120m[48;2;110;216;235m▀[0m[38;2;0;67;86m[48;2;0;47;73m▀[0m
[38;2;8;23;37m[48;2;2;27;46m▀[0m[38;2;0;40;69m[48;2;0;70;97m▀[0m[38;2;56;82;96m[48;2;55;90;97m▀[0m[38;2;75;74;74m[48;2;0;0;0m▀[0m[38;2;0;0;0m[48;2;0;0;0m▀[0m[38;2;79;175;217m[48;2;27;91;132m▀[0m[38;2;104;169;200m[48;2;0;40;82m▀[0m[38;2;187;226;238m[48;2;29;87;119m▀[0m[38;2;255;255;255m[48;2;179;222;241m▀[0m[38;2;76;100;110m[48;2;60;147;192m▀[0m[38;2;150;151;146m[48;2;0;18;26m▀[0m[38;2;10;5;5m[48;2;181;185;184m▀[0m[38;2;0;0;0m[48;2;51;63;68m▀[0m[38;2;0;0;0m[48;2;0;0;0m▀[0m[38;2;0;23;30m[48;2;0;13;19m▀[0m[38;2;255;1;0m[48;2;126;76;76m▀[0m[38;2;210;30;13m[48;2;255;199;149m▀[0m[38;2;0;0;2m[48;2;227;31;27m▀[0m[38;2;0;0;0m[48;2;0;0;0m▀[0m[38;2;0;0;0m[48;2;0;0;0m▀[0m[38;2;120;53;40m[48;2;255;98;70m▀[0m[38;2;255;87;63m[48;2;255;70;62m▀[0m[38;2;25;55;76m[48;2;0;41;60m▀[0m[38;2;0;21;23m[48;2;0;0;0m▀[0m[38;2;0;0;0m[48;2;0;0;0m▀[0m[38;2;0;0;0m[48;2;98;128;137m▀[0m[38;2;79;71;63m[48;2;128;146;154m▀[0m[38;2;112;125;128m[48;2;0;6;24m▀[0m[38;2;110;144;158m[48;2;86;164;209m▀[0m[38;2;255;255;255m[48;2;107;190;225m▀[0m[38;2;138;199;224m[48;2;33;93;128m▀[0m[38;2;65;139;173m[48;2;0;44;76m▀[0m[38;2;34;104;150m[48;2;29;74;109m▀[0m[38;2;0;0;0m[48;2;0;0;0m▀[0m[38;2;100;114;122m[48;2;0;0;0m▀[0m[38;2;0;62;88m[48;2;39;90;113m▀[0m
[38;2;0;26;47m[48;2;0;28;53m▀[0m[38;2;0;91;126m[48;2;0;61;95m▀[0m[38;2;0;5;3m[48;2;0;0;0m▀[0m[38;2;0;0;0m[48;2;0;0;0m▀[0m[38;2;0;0;0m[48;2;0;0;0m▀[0m[38;2;1;3;5m[48;2;0;0;0m▀[0m[38;2;0;0;0m[48;2;0;0;0m▀[0m[38;2;5;34;50m[48;2;0;0;0m▀[0m[38;2;7;70;108m[48;2;0;0;0m▀[0m[38;2;20;82;123m[48;2;0;0;0m▀[0m[38;2;0;14;30m[48;2;0;0;0m▀[0m[38;2;0;13;30m[48;2;177;164;161m▀[0m[38;2;34;163;221m[48;2;121;187;232m▀[0m[38;2;1;28;40m[48;2;0;0;0m▀[0m[38;2;0;0;0m[48;2;0;0;0m▀[0m[38;2;0;58;62m[48;2;0;5;5m▀[0m[38;2;212;0;0m[48;2;35;9;14m▀[0m[38;2;48;0;0m[48;2;18;0;0m▀[0m[38;2;0;0;0m[48;2;0;0;0m▀[0m[38;2;0;0;0m[48;2;3;0;0m▀[0m[38;2;0;0;0m[48;2;66;0;0m▀[0m[38;2;74;0;0m[48;2;0;23;31m▀[0m[38;2;0;0;0m[48;2;69;0;0m▀[0m[38;2;0;10;18m[48;2;0;0;0m▀[0m[38;2;0;51;79m[48;2;0;3;16m▀[0m[38;2;25;93;131m[48;2;177;237;255m▀[0m[38;2;0;0;0m[48;2;142;142;144m▀[0m[38;2;7;54;76m[48;2;0;0;0m▀[0m[38;2;12;61;89m[48;2;0;0;0m▀[0m[38;2;5;54;85m[48;2;0;0;0m▀[0m[38;2;4;34;54m[48;2;0;0;0m▀[0m[38;2;0;0;0m[48;2;0;1;2m▀[0m[38;2;0;0;0m[48;2;0;0;0m▀[0m[38;2;0;0;0m[48;2;0;0;0m▀[0m[38;2;0;0;0m[48;2;0;0;0m▀[0m[38;2;0;38;50m[48;2;7;5;3m▀[0m
[38;2;0;0;0m[48;2;10;28;44m▀[0m[38;2;186;226;234m[48;2;255;255;255m▀[0m[38;2;120;100;93m[48;2;76;94;98m▀[0m[38;2;0;0;0m[48;2;0;0;0m▀[0m[38;2;0;0;0m[48;2;0;0;0m▀[0m[38;2;2;4;6m[48;2;0;0;0m▀[0m[38;2;0;0;0m[48;2;0;0;0m▀[0m[38;2;0;0;0m[48;2;0;2;7m▀[0m[38;2;0;0;0m[48;2;0;0;0m▀[0m[38;2;6;15;19m[48;2;0;2;2m▀[0m[38;2;0;6;14m[48;2;13;36;45m▀[0m[38;2;126;141;151m[48;2;49;110;130m▀[0m[38;2;135;182;206m[48;2;95;190;221m▀[0m[38;2;0;0;0m[48;2;22;54;74m▀[0m[38;2;0;0;0m[48;2;0;0;0m▀[0m[38;2;0;0;0m[48;2;0;0;0m▀[0m[38;2;0;12;20m[48;2;72;0;0m▀[0m[38;2;208;0;0m[48;2;255;0;1m▀[0m[38;2;43;0;0m[48;2;0;0;0m▀[0m[38;2;79;0;0m[48;2;0;0;0m▀[0m[38;2;15;22;27m[48;2;0;0;0m▀[0m[38;2;0;0;0m[48;2;0;0;0m▀[0m[38;2;255;0;0m[48;2;202;7;0m▀[0m[38;2;39;0;0m[48;2;255;22;4m▀[0m[38;2;0;0;1m[48;2;0;47;74m▀[0m[38;2;139;210;227m[48;2;52;195;242m▀[0m[38;2;49;77;88m[48;2;37;119;145m▀[0m[38;2;0;4;9m[48;2;20;35;45m▀[0m[38;2;4;11;12m[48;2;9;14;16m▀[0m[38;2;0;0;0m[48;2;0;0;0m▀[0m[38;2;0;0;0m[48;2;4;4;5m▀[0m[38;2;0;0;0m[48;2;0;0;0m▀[0m[38;2;0;1;3m[48;2;0;0;0m▀[0m[38;2;0;0;0m[48;2;0;0;0m▀[0m[38;2;0;0;0m[48;2;0;0;0m▀[0m[38;2;148;149;146m[48;2;111;134;141m▀[0m
[38;2;107;121;123m[48;2;0;13;16m▀[0m[38;2;63;96;115m[48;2;3;11;19m▀[0m[38;2;30;72;96m[48;2;38;74;103m▀[0m[38;2;0;0;0m[48;2;23;62;81m▀[0m[38;2;0;0;0m[48;2;29;58;81m▀[0m[38;2;85;111;118m[48;2;162;227;242m▀[0m[38;2;115;155;157m[48;2;203;255;255m▀[0m[38;2;0;0;0m[48;2;10;24;41m▀[0m[38;2;0;0;0m[48;2;0;0;0m▀[0m[38;2;1;5;7m[48;2;2;37;47m▀[0m[38;2;10;10;12m[48;2;0;0;0m▀[0m[38;2;19;38;53m[48;2;2;0;0m▀[0m[38;2;40;78;101m[48;2;0;0;0m▀[0m[38;2;43;86;111m[48;2;0;0;0m▀[0m[38;2;0;0;0m[48;2;0;0;0m▀[0m[38;2;0;0;0m[48;2;0;0;0m▀[0m[38;2;232;20;11m[48;2;228;0;0m▀[0m[38;2;255;0;0m[48;2;255;0;0m▀[0m[38;2;0;0;0m[48;2;166;238;250m▀[0m[38;2;0;53;62m[48;2;255;255;255m▀[0m[38;2;39;72;77m[48;2;255;255;255m▀[0m[38;2;0;37;40m[48;2;255;255;255m▀[0m[38;2;94;0;0m[48;2;255;178;182m▀[0m[38;2;255;0;0m[48;2;255;0;0m▀[0m[38;2;0;28;41m[48;2;0;0;0m▀[0m[38;2;0;23;35m[48;2;0;0;0m▀[0m[38;2;3;16;23m[48;2;0;0;0m▀[0m[38;2;11;8;11m[48;2;0;0;0m▀[0m[38;2;3;26;31m[48;2;0;51;67m▀[0m[38;2;0;0;0m[48;2;0;0;0m▀[0m[38;2;0;0;0m[48;2;5;29;47m▀[0m[38;2;137;167;182m[48;2;169;216;230m▀[0m[38;2;123;132;132m[48;2;223;255;255m▀[0m[38;2;0;0;0m[48;2;17;58;85m▀[0m[38;2;3;12;13m[48;2;27;59;82m▀[0m[38;2;50;92;116m[48;2;33;70;90m▀[0m
[38;2;0;29;39m[48;2;0;36;51m▀[0m[38;2;0;0;0m[48;2;0;0;0m▀[0m[38;2;31;61;82m[48;2;10;32;45m▀[0m[38;2;37;80;106m[48;2;34;72;95m▀[0m[38;2;36;62;85m[48;2;36;62;83m▀[0m[38;2;33;66;91m[48;2;44;60;75m▀[0m[38;2;72;102;123m[48;2;74;78;96m▀[0m[38;2;13;11;22m[48;2;0;0;0m▀[0m[38;2;0;0;0m[48;2;0;17;18m▀[0m[38;2;0;4;9m[48;2;0;13;25m▀[0m[38;2;0;39;48m[48;2;0;56;70m▀[0m[38;2;0;0;0m[48;2;0;0;0m▀[0m[38;2;0;0;0m[48;2;0;0;0m▀[0m[38;2;0;0;0m[48;2;0;0;0m▀[0m[38;2;0;0;0m[48;2;0;0;0m▀[0m[38;2;0;0;0m[48;2;0;0;0m▀[0m[38;2;82;0;0m[48;2;110;154;167m▀[0m[38;2;255;89;98m[48;2;220;255;255m▀[0m[38;2;255;255;255m[48;2;58;99;104m▀[0m[38;2;255;255;255m[48;2;255;255;255m▀[0m[38;2;185;220;227m[48;2;127;156;156m▀[0m[38;2;173;213;223m[48;2;0;0;0m▀[0m[38;2;255;255;255m[48;2;220;255;255m▀[0m[38;2;252;141;157m[48;2;242;255;255m▀[0m[38;2;0;0;0m[48;2;255;255;255m▀[0m[38;2;0;0;0m[48;2;0;0;0m▀[0m[38;2;0;0;0m[48;2;0;0;0m▀[0m[38;2;0;15;23m[48;2;0;23;36m▀[0m[38;2;0;0;0m[48;2;0;5;10m▀[0m[38;2;0;0;0m[48;2;0;14;11m▀[0m[38;2;18;15;27m[48;2;3;0;0m▀[0m[38;2;61;91;107m[48;2;46;56;75m▀[0m[38;2;48;88;106m[48;2;34;60;74m▀[0m[38;2;28;63;85m[48;2;41;66;88m▀[0m[38;2;35;70;98m[48;2;31;57;74m▀[0m[38;2;29;48;63m[48;2;25;51;64m▀[0m
[38;2;0;23;29m[48;2;36;45;45m▀[0m[38;2;161;159;156m[48;2;255;255;255m▀[0m[38;2;0;15;32m[48;2;125;141;147m▀[0m[38;2;15;37;58m[48;2;0;0;0m▀[0m[38;2;36;58;78m[48;2;0;15;28m▀[0m[38;2;39;71;91m[48;2;6;16;25m▀[0m[38;2;37;0;0m[48;2;0;0;0m▀[0m[38;2;0;72;80m[48;2;0;254;255m▀[0m[38;2;0;210;234m[48;2;0;255;255m▀[0m[38;2;1;8;8m[48;2;7;137;139m▀[0m[38;2;0;0;0m[48;2;0;0;0m▀[0m[38;2;1;24;31m[48;2;0;0;0m▀[0m[38;2;0;3;4m[48;2;0;10;15m▀[0m[38;2;0;9;8m[48;2;0;0;0m▀[0m[38;2;0;0;0m[48;2;0;0;0m▀[0m[38;2;17;24;24m[48;2;95;121;125m▀[0m[38;2;255;255;255m[48;2;255;255;255m▀[0m[38;2;193;203;206m[48;2;33;0;0m▀[0m[38;2;98;34;23m[48;2;72;0;0m▀[0m[38;2;0;0;0m[48;2;81;78;92m▀[0m[38;2;0;0;0m[48;2;255;255;255m▀[0m[38;2;90;5;0m[48;2;80;59;63m▀[0m[38;2;150;58;42m[48;2;0;0;0m▀[0m[38;2;142;172;173m[48;2;76;117;119m▀[0m[38;2;255;255;255m[48;2;211;247;251m▀[0m[38;2;145;168;176m[48;2;255;255;255m▀[0m[38;2;0;0;0m[48;2;64;52;47m▀[0m[38;2;0;0;0m[48;2;0;0;0m▀[0m[38;2;0;14;30m[48;2;0;91;100m▀[0m[38;2;0;225;255m[48;2;0;255;255m▀[0m[38;2;0;97;106m[48;2;0;255;255m▀[0m[38;2;27;0;0m[48;2;0;0;0m▀[0m[38;2;33;58;70m[48;2;0;0;0m▀[0m[38;2;43;61;83m[48;2;11;30;45m▀[0m[38;2;26;45;60m[48;2;0;0;0m▀[0m[38;2;35;97;118m[48;2;65;68;69m▀[0m
[38;2;219;234;230m[48;2;130;238;255m▀[0m[38;2;142;125;117m[48;2;90;135;151m▀[0m[38;2;172;183;183m[48;2;87;66;62m▀[0m[38;2;0;71;82m[48;2;156;228;234m▀[0m[38;2;0;0;0m[48;2;189;211;208m▀[0m[38;2;0;0;0m[48;2;109;70;66m▀[0m[38;2;0;0;0m[48;2;0;0;0m▀[0m[38;2;0;255;255m[48;2;0;60;69m▀[0m[38;2;0;255;255m[48;2;0;255;255m▀[0m[38;2;0;254;255m[48;2;0;255;255m▀[0m[38;2;12;14;30m[48;2;0;59;70m▀[0m[38;2;2;36;45m[48;2;0;0;0m▀[0m[38;2;0;0;0m[48;2;0;0;0m▀[0m[38;2;0;0;0m[48;2;0;0;0m▀[0m[38;2;0;0;0m[48;2;111;149;153m▀[0m[38;2;201;245;253m[48;2;255;255;255m▀[0m[38;2;255;255;255m[48;2;114;146;161m▀[0m[38;2;0;0;0m[48;2;27;31;36m▀[0m[38;2;8;12;18m[48;2;255;255;255m▀[0m[38;2;255;255;255m[48;2;158;132;136m▀[0m[38;2;89;137;139m[48;2;72;0;0m▀[0m[38;2;255;255;255m[48;2;209;147;150m▀[0m[38;2;207;215;228m[48;2;255;255;255m▀[0m[38;2;84;95;105m[48;2;123;130;145m▀[0m[38;2;137;168;179m[48;2;187;198;211m▀[0m[38;2;255;255;255m[48;2;216;250;255m▀[0m[38;2;206;203;210m[48;2;155;183;204m▀[0m[38;2;0;0;0m[48;2;102;94;98m▀[0m[38;2;0;217;233m[48;2;0;255;255m▀[0m[38;2;0;255;255m[48;2;0;255;255m▀[0m[38;2;0;255;255m[48;2;0;174;203m▀[0m[38;2;0;43;49m[48;2;0;0;0m▀[0m[38;2;0;0;0m[48;2;42;0;0m▀[0m[38;2;0;0;0m[48;2;162;154;153m▀[0m[38;2;0;0;0m[48;2;195;255;255m▀[0m[38;2;60;86;85m[48;2;36;49;52m▀[0m
[38;2;0;11;20m[48;2;0;0;0m▀[0m[38;2;7;11;12m[48;2;0;0;0m▀[0m[38;2;0;0;0m[48;2;0;0;0m▀[0m[38;2;255;255;255m[48;2;8;29;32m▀[0m[38;2;255;255;255m[48;2;204;219;237m▀[0m[38;2;255;253;251m[48;2;0;0;0m▀[0m[38;2;0;0;0m[48;2;0;0;0m▀[0m[38;2;29;0;0m[48;2;89;19;14m▀[0m[38;2;0;0;0m[48;2;130;28;21m▀[0m[38;2;0;76;78m[48;2;0;0;0m▀[0m[38;2;0;172;176m[48;2;0;0;0m▀[0m[38;2;0;0;0m[48;2;0;0;0m▀[0m[38;2;0;0;0m[48;2;0;0;0m▀[0m[38;2;39;39;40m[48;2;0;0;0m▀[0m[38;2;206;255;255m[48;2;0;0;0m▀[0m[38;2;159;218;243m[48;2;64;122;154m▀[0m[38;2;156;199;214m[48;2;71;105;115m▀[0m[38;2;18;12;23m[48;2;0;0;0m▀[0m[38;2;201;231;238m[48;2;0;0;0m▀[0m[38;2;255;255;255m[48;2;63;81;87m▀[0m[38;2;255;255;255m[48;2;169;187;191m▀[0m[38;2;255;255;255m[48;2;45;36;40m▀[0m[38;2;96;121;126m[48;2;0;0;0m▀[0m[38;2;0;0;0m[48;2;0;0;0m▀[0m[38;2;18;34;40m[48;2;176;255;255m▀[0m[38;2;189;239;250m[48;2;95;146;165m▀[0m[38;2;32;77;113m[48;2;0;0;0m▀[0m[38;2;65;160;182m[48;2;0;0;0m▀[0m[38;2;0;110;115m[48;2;0;0;0m▀[0m[38;2;0;0;0m[48;2;0;0;0m▀[0m[38;2;14;0;0m[48;2;37;0;0m▀[0m[38;2;0;3;0m[48;2;0;0;0m▀[0m[38;2;214;218;219m[48;2;54;49;54m▀[0m[38;2;255;255;255m[48;2;230;250;255m▀[0m[38;2;255;255;255m[48;2;72;95;98m▀[0m[38;2;108;119;121m[48;2;0;0;0m▀[0m
[38;2;0;61;76m[48;2;0;54;60m▀[0m[38;2;18;33;55m[48;2;0;0;0m▀[0m[38;2;139;186;212m[48;2;0;0;0m▀[0m[38;2;182;190;194m[48;2;73;103;119m▀[0m[38;2;137;137;137m[48;2;119;171;186m▀[0m[38;2;0;0;0m[48;2;0;0;0m▀[0m[38;2;0;0;0m[48;2;13;13;24m▀[0m[38;2;255;255;255m[48;2;108;122;145m▀[0m[38;2;255;255;255m[48;2;181;200;215m▀[0m[38;2;255;255;255m[48;2;255;255;255m▀[0m[38;2;252;235;233m[48;2;255;250;250m▀[0m[38;2;188;175;173m[48;2;255;255;255m▀[0m[38;2;52;55;60m[48;2;255;255;255m▀[0m[38;2;79;87;88m[48;2;255;255;255m▀[0m[38;2;153;149;147m[48;2;255;255;255m▀[0m[38;2;168;179;181m[48;2;255;255;255m▀[0m[38;2;201;241;253m[48;2;255;246;239m▀[0m[38;2;10;32;41m[48;2;107;117;125m▀[0m[38;2;0;0;0m[48;2;59;75;90m▀[0m[38;2;0;0;0m[48;2;68;90;104m▀[0m[38;2;0;0;7m[48;2;105;128;152m▀[0m[38;2;18;38;48m[48;2;102;126;152m▀[0m[38;2;0;0;0m[48;2;141;154;170m▀[0m[38;2;0;0;0m[48;2;172;155;158m▀[0m[38;2;161;189;198m[48;2;255;255;255m▀[0m[38;2;195;190;184m[48;2;255;255;255m▀[0m[38;2;194;192;186m[48;2;255;255;255m▀[0m[38;2;165;159;162m[48;2;255;255;255m▀[0m[38;2;255;245;241m[48;2;255;255;255m▀[0m[38;2;255;255;255m[48;2;255;255;255m▀[0m[38;2;255;255;255m[48;2;174;187;205m▀[0m[38;2;0;0;0m[48;2;0;0;0m▀[0m[38;2;0;0;0m[48;2;0;0;0m▀[0m[38;2;161;171;174m[48;2;105;175;196m▀[0m[38;2;151;160;161m[48;2;78;103;121m▀[0m[38;2;83;101;120m[48;2;0;0;0m▀[0m
