[38;2;188;255;205m[48;2;130;210;146m▀[0m[38;2;139;210;150m[48;2;148;226;167m▀[0m[38;2;145;213;161m[48;2;118;210;128m▀[0m[38;2;111;202;120m[48;2;0;96;0m▀[0m[38;2;15;139;27m[48;2;0;0;0m▀[0m[38;2;26;48;29m[48;2;255;255;255m▀[0m[38;2;0;0;0m[48;2;54;54;51m▀[0m[38;2;0;0;0m[48;2;75;136;89m▀[0m[38;2;0;0;0m[48;2;158;204;169m▀[0m[38;2;65;68;69m[48;2;40;36;39m▀[0m[38;2;65;68;69m[48;2;0;0;0m▀[0m[38;2;0;0;0m[48;2;0;0;0m▀[0m[38;2;0;0;0m[48;2;0;0;0m▀[0m[38;2;0;0;0m[48;2;0;0;0m▀[0m[38;2;0;0;0m[48;2;0;0;0m▀[0m[38;2;0;0;0m[48;2;0;0;0m▀[0m[38;2;0;0;0m[48;2;0;0;0m▀[0m[38;2;82;84;84m[48;2;0;0;0m▀[0m[38;2;112;120;118m[48;2;0;1;1m▀[0m[38;2;0;0;0m[48;2;49;49;46m▀[0m[38;2;67;67;69m[48;2;98;101;98m▀[0m[38;2;0;0;0m[48;2;0;0;0m▀[0m[38;2;127;127;128m[48;2;0;0;0m▀[0m[38;2;255;255;255m[48;2;139;139;140m▀[0m[38;2;0;0;0m[48;2;17;17;18m▀[0m[38;2;0;0;0m[48;2;0;0;0m▀[0m[38;2;216;210;216m[48;2;26;15;22m▀[0m[38;2;0;0;0m[48;2;190;217;192m▀[0m[38;2;0;0;0m[48;2;24;65;34m▀[0m[38;2;0;0;0m[48;2;0;0;0m▀[0m[38;2;0;0;0m[48;2;0;0;0m▀[0m[38;2;19;105;23m[48;2;0;0;0m▀[0m[38;2;64;183;76m[48;2;0;62;0m▀[0m[38;2;141;202;151m[48;2;45;171;56m▀[0m[38;2;126;179;133m[48;2;134;192;144m▀[0m[38;2;167;255;184m[48;2;121;179;132m▀[0m
[38;2;158;239;176m[48;2;130;217;143m▀[0m[38;2;116;209;127m[48;2;16;123;27m▀[0m[38;2;4;109;12m[48;2;0;0;0m▀[0m[38;2;0;0;0m[48;2;0;0;0m▀[0m[38;2;0;0;0m[48;2;0;0;0m▀[0m[38;2;242;229;241m[48;2;46;55;51m▀[0m[38;2;195;190;196m[48;2;25;17;23m▀[0m[38;2;178;188;183m[48;2;0;0;0m▀[0m[38;2;11;5;10m[48;2;0;0;0m▀[0m[38;2;0;0;0m[48;2;0;0;0m▀[0m[38;2;16;18;19m[48;2;98;104;103m▀[0m[38;2;0;0;0m[48;2;44;48;45m▀[0m[38;2;0;0;0m[48;2;0;0;0m▀[0m[38;2;0;0;0m[48;2;0;0;0m▀[0m[38;2;0;0;0m[48;2;0;0;0m▀[0m[38;2;0;0;0m[48;2;0;0;0m▀[0m[38;2;0;0;0m[48;2;0;0;0m▀[0m[38;2;0;0;0m[48;2;0;0;0m▀[0m[38;2;0;0;0m[48;2;0;0;0m▀[0m[38;2;0;0;0m[48;2;0;0;0m▀[0m[38;2;143;145;145m[48;2;68;70;71m▀[0m[38;2;0;0;0m[48;2;0;0;0m▀[0m[38;2;0;0;0m[48;2;0;0;0m▀[0m[38;2;120;118;123m[48;2;255;255;255m▀[0m[38;2;0;0;0m[48;2;0;0;0m▀[0m[38;2;0;0;0m[48;2;0;0;0m▀[0m[38;2;0;0;0m[48;2;0;0;0m▀[0m[38;2;117;123;122m[48;2;0;0;0m▀[0m[38;2;133;237;155m[48;2;116;163;125m▀[0m[38;2;121;217;138m[48;2;255;255;255m▀[0m[38;2;39;63;48m[48;2;96;158;108m▀[0m[38;2;0;0;0m[48;2;0;0;0m▀[0m[38;2;0;0;0m[48;2;0;0;0m▀[0m[38;2;0;47;0m[48;2;0;0;0m▀[0m[38;2;47;169;52m[48;2;0;70;5m▀[0m[38;2;153;215;167m[48;2;69;195;77m▀[0m
[38;2;44;166;52m[48;2;0;14;0m▀[0m[38;2;0;0;0m[48;2;0;0;0m▀[0m[38;2;0;0;0m[48;2;0;0;0m▀[0m[38;2;0;0;0m[48;2;34;75;39m▀[0m[38;2;31;99;48m[48;2;141;255;157m▀[0m[38;2;132;205;154m[48;2;190;200;191m▀[0m[38;2;148;136;147m[48;2;0;0;0m▀[0m[38;2;0;0;0m[48;2;0;0;0m▀[0m[38;2;0;0;0m[48;2;0;0;0m▀[0m[38;2;0;0;0m[48;2;0;0;0m▀[0m[38;2;254;254;254m[48;2;132;132;134m▀[0m[38;2;255;255;255m[48;2;255;255;255m▀[0m[38;2;0;0;0m[48;2;248;248;248m▀[0m[38;2;0;0;0m[48;2;79;79;79m▀[0m[38;2;0;0;0m[48;2;21;21;21m▀[0m[38;2;0;0;0m[48;2;0;0;0m▀[0m[38;2;0;0;0m[48;2;0;0;0m▀[0m[38;2;0;0;0m[48;2;0;0;0m▀[0m[38;2;0;0;0m[48;2;0;0;0m▀[0m[38;2;0;0;0m[48;2;0;0;0m▀[0m[38;2;39;42;39m[48;2;23;25;23m▀[0m[38;2;0;0;0m[48;2;31;30;30m▀[0m[38;2;25;24;24m[48;2;147;149;149m▀[0m[38;2;255;255;255m[48;2;0;0;0m▀[0m[38;2;0;0;0m[48;2;0;0;0m▀[0m[38;2;0;0;0m[48;2;0;0;0m▀[0m[38;2;0;0;0m[48;2;0;0;0m▀[0m[38;2;0;0;0m[48;2;0;0;0m▀[0m[38;2;194;255;203m[48;2;179;227;187m▀[0m[38;2;217;255;235m[48;2;203;255;223m▀[0m[38;2;114;190;125m[48;2;5;17;5m▀[0m[38;2;20;38;23m[48;2;81;135;98m▀[0m[38;2;0;0;0m[48;2;44;83;48m▀[0m[38;2;0;0;0m[48;2;0;0;0m▀[0m[38;2;0;0;0m[48;2;0;0;0m▀[0m[38;2;17;109;25m[48;2;0;0;0m▀[0m
[38;2;0;0;0m[48;2;0;0;0m▀[0m[38;2;0;0;0m[48;2;19;44;25m▀[0m[38;2;36;75;45m[48;2;103;179;118m▀[0m[38;2;35;97;57m[48;2;118;248;149m▀[0m[38;2;139;185;156m[48;2;240;255;255m▀[0m[38;2;161;137;153m[48;2;183;156;174m▀[0m[38;2;0;0;0m[48;2;0;0;0m▀[0m[38;2;0;0;0m[48;2;0;0;0m▀[0m[38;2;0;0;0m[48;2;0;0;0m▀[0m[38;2;0;0;0m[48;2;0;0;0m▀[0m[38;2;0;0;0m[48;2;0;0;0m▀[0m[38;2;177;180;179m[48;2;0;0;0m▀[0m[38;2;125;125;125m[48;2;0;0;0m▀[0m[38;2;255;255;255m[48;2;51;50;51m▀[0m[38;2;255;255;255m[48;2;255;255;255m▀[0m[38;2;114;114;111m[48;2;180;183;183m▀[0m[38;2;137;137;139m[48;2;255;255;255m▀[0m[38;2;70;74;70m[48;2;255;255;255m▀[0m[38;2;86;88;89m[48;2;167;167;164m▀[0m[38;2;0;0;0m[48;2;0;0;0m▀[0m[38;2;0;0;0m[48;2;84;101;84m▀[0m[38;2;116;118;116m[48;2;0;0;0m▀[0m[38;2;255;255;255m[48;2;0;0;0m▀[0m[38;2;0;0;0m[48;2;0;0;0m▀[0m[38;2;0;0;0m[48;2;0;0;0m▀[0m[38;2;0;0;0m[48;2;0;0;0m▀[0m[38;2;0;0;0m[48;2;0;0;0m▀[0m[38;2;0;0;0m[48;2;0;0;0m▀[0m[38;2;68;54;70m[48;2;87;87;85m▀[0m[38;2;1;32;10m[48;2;36;74;47m▀[0m[38;2;18;35;21m[48;2;105;166;110m▀[0m[38;2;125;206;142m[48;2;169;255;189m▀[0m[38;2;54;99;68m[48;2;136;231;161m▀[0m[38;2;14;26;13m[48;2;87;154;96m▀[0m[38;2;0;0;0m[48;2;8;13;5m▀[0m[38;2;0;0;0m[48;2;0;0;0m▀[0m
[38;2;0;0;0m[48;2;56;89;60m▀[0m[38;2;92;153;101m[48;2;0;0;0m▀[0m[38;2;146;228;157m[48;2;165;255;175m▀[0m[38;2;0;29;7m[48;2;105;179;121m▀[0m[38;2;130;149;134m[48;2;145;217;160m▀[0m[38;2;201;184;194m[48;2;185;180;184m▀[0m[38;2;0;0;0m[48;2;0;0;0m▀[0m[38;2;0;0;0m[48;2;0;0;0m▀[0m[38;2;0;0;0m[48;2;0;0;0m▀[0m[38;2;0;0;0m[48;2;0;0;0m▀[0m[38;2;0;0;0m[48;2;0;0;0m▀[0m[38;2;0;0;0m[48;2;0;0;0m▀[0m[38;2;0;0;0m[48;2;0;0;0m▀[0m[38;2;0;0;0m[48;2;0;0;0m▀[0m[38;2;0;0;0m[48;2;0;0;0m▀[0m[38;2;20;19;20m[48;2;0;0;0m▀[0m[38;2;27;27;27m[48;2;0;0;0m▀[0m[38;2;131;130;131m[48;2;0;0;0m▀[0m[38;2;5;2;5m[48;2;0;0;0m▀[0m[38;2;0;0;0m[48;2;83;94;85m▀[0m[38;2;255;255;255m[48;2;255;255;255m▀[0m[38;2;0;0;0m[48;2;188;204;188m▀[0m[38;2;0;0;0m[48;2;0;0;0m▀[0m[38;2;0;0;0m[48;2;0;0;0m▀[0m[38;2;0;0;0m[48;2;0;0;0m▀[0m[38;2;1;0;1m[48;2;2;3;0m▀[0m[38;2;0;0;0m[48;2;10;8;12m▀[0m[38;2;0;0;0m[48;2;0;0;0m▀[0m[38;2;206;255;215m[48;2;255;255;255m▀[0m[38;2;205;255;234m[48;2;187;255;211m▀[0m[38;2;3;17;3m[48;2;147;139;143m▀[0m[38;2;27;44;30m[48;2;57;88;62m▀[0m[38;2;25;69;37m[48;2;91;147;105m▀[0m[38;2;155;255;168m[48;2;171;255;184m▀[0m[38;2;99;164;105m[48;2;0;0;0m▀[0m[38;2;0;0;0m[48;2;59;105;76m▀[0m
[38;2;59;91;61m[48;2;139;229;155m▀[0m[38;2;50;89;62m[48;2;53;94;58m▀[0m[38;2;20;42;22m[48;2;67;115;75m▀[0m[38;2;61;102;63m[48;2;90;158;102m▀[0m[38;2;0;0;0m[48;2;67;107;73m▀[0m[38;2;52;39;54m[48;2;127;171;132m▀[0m[38;2;13;10;14m[48;2;83;88;79m▀[0m[38;2;0;0;0m[48;2;22;18;20m▀[0m[38;2;0;0;0m[48;2;0;0;0m▀[0m[38;2;0;0;0m[48;2;0;0;0m▀[0m[38;2;0;0;0m[48;2;0;0;0m▀[0m[38;2;0;0;0m[48;2;0;0;0m▀[0m[38;2;0;0;0m[48;2;0;0;0m▀[0m[38;2;2;4;2m[48;2;70;76;71m▀[0m[38;2;38;44;38m[48;2;127;137;131m▀[0m[38;2;0;0;0m[48;2;0;0;0m▀[0m[38;2;0;0;0m[48;2;0;0;0m▀[0m[38;2;0;0;0m[48;2;0;0;0m▀[0m[38;2;0;0;0m[48;2;0;0;0m▀[0m[38;2;192;213;192m[48;2;187;203;187m▀[0m[38;2;255;255;255m[48;2;255;255;255m▀[0m[38;2;255;255;255m[48;2;255;255;255m▀[0m[38;2;135;145;135m[48;2;255;255;255m▀[0m[38;2;0;0;0m[48;2;144;149;141m▀[0m[38;2;0;0;0m[48;2;0;0;0m▀[0m[38;2;0;0;0m[48;2;0;0;0m▀[0m[38;2;6;2;5m[48;2;0;0;0m▀[0m[38;2;0;0;0m[48;2;0;0;0m▀[0m[38;2;255;255;255m[48;2;38;35;37m▀[0m[38;2;248;229;247m[48;2;0;0;0m▀[0m[38;2;21;0;14m[48;2;0;0;0m▀[0m[38;2;120;210;137m[48;2;128;122;128m▀[0m[38;2;182;255;207m[48;2;128;120;126m▀[0m[38;2;15;30;23m[48;2;74;133;87m▀[0m[38;2;54;104;71m[48;2;96;168;111m▀[0m[38;2;67;118;83m[48;2;157;252;172m▀[0m
[38;2;169;255;182m[48;2;58;94;58m▀[0m[38;2;25;45;28m[48;2;91;152;100m▀[0m[38;2;162;252;176m[48;2;237;255;252m▀[0m[38;2;248;255;255m[48;2;152;234;168m▀[0m[38;2;59;103;71m[48;2;111;219;133m▀[0m[38;2;95;86;100m[48;2;73;120;81m▀[0m[38;2;218;209;215m[48;2;16;4;16m▀[0m[38;2;200;200;193m[48;2;11;8;10m▀[0m[38;2;37;39;37m[48;2;98;101;101m▀[0m[38;2;0;0;0m[48;2;96;99;99m▀[0m[38;2;0;0;0m[48;2;4;0;4m▀[0m[38;2;0;0;0m[48;2;0;0;1m▀[0m[38;2;14;17;17m[48;2;37;41;38m▀[0m[38;2;86;95;90m[48;2;0;0;0m▀[0m[38;2;176;194;180m[48;2;98;108;102m▀[0m[38;2;0;0;0m[48;2;34;42;34m▀[0m[38;2;0;0;0m[48;2;16;20;15m▀[0m[38;2;0;0;0m[48;2;0;0;0m▀[0m[38;2;74;83;77m[48;2;163;183;165m▀[0m[38;2;86;98;86m[48;2;252;255;251m▀[0m[38;2;131;137;129m[48;2;159;179;166m▀[0m[38;2;131;143;132m[48;2;0;0;0m▀[0m[38;2;141;155;139m[48;2;20;29;41m▀[0m[38;2;255;255;255m[48;2;65;73;78m▀[0m[38;2;160;175;163m[48;2;96;107;98m▀[0m[38;2;72;78;73m[48;2;90;105;93m▀[0m[38;2;193;219;194m[48;2;255;255;255m▀[0m[38;2;0;0;0m[48;2;0;0;0m▀[0m[38;2;0;0;0m[48;2;26;23;25m▀[0m[38;2;0;0;0m[48;2;120;117;120m▀[0m[38;2;0;0;0m[48;2;0;0;0m▀[0m[38;2;0;0;0m[48;2;16;0;11m▀[0m[38;2;115;140;117m[48;2;134;188;138m▀[0m[38;2;74;112;74m[48;2;168;255;183m▀[0m[38;2;76;131;83m[48;2;85;131;89m▀[0m[38;2;157;246;172m[48;2;75;122;79m▀[0m
[38;2;61;102;65m[48;2;59;100;60m▀[0m[38;2;197;255;213m[48;2;167;255;184m▀[0m[38;2;212;255;227m[48;2;152;241;168m▀[0m[38;2;113;187;127m[48;2;106;151;119m▀[0m[38;2;155;194;163m[48;2;0;0;0m▀[0m[38;2;78;74;78m[48;2;0;0;0m▀[0m[38;2;0;0;0m[48;2;0;0;0m▀[0m[38;2;0;0;0m[48;2;239;231;237m▀[0m[38;2;0;0;0m[48;2;225;222;225m▀[0m[38;2;9;13;12m[48;2;0;0;0m▀[0m[38;2;188;210;188m[48;2;255;255;255m▀[0m[38;2;25;31;29m[48;2;34;56;43m▀[0m[38;2;153;172;163m[48;2;177;182;172m▀[0m[38;2;132;167;163m[48;2;255;231;199m▀[0m[38;2;0;0;0m[48;2;168;166;149m▀[0m[38;2;0;0;0m[48;2;186;171;164m▀[0m[38;2;255;255;255m[48;2;255;255;255m▀[0m[38;2;168;187;168m[48;2;255;255;255m▀[0m[38;2;165;179;165m[48;2;255;236;255m▀[0m[38;2;255;255;255m[48;2;255;255;255m▀[0m[38;2;59;51;48m[48;2;255;255;255m▀[0m[38;2;0;0;0m[48;2;215;224;222m▀[0m[38;2;109;95;95m[48;2;255;82;50m▀[0m[38;2;255;255;255m[48;2;255;255;248m▀[0m[38;2;72;80;76m[48;2;19;32;40m▀[0m[38;2;11;22;15m[48;2;0;0;0m▀[0m[38;2;255;255;255m[48;2;34;40;36m▀[0m[38;2;0;0;0m[48;2;0;0;0m▀[0m[38;2;123;122;122m[48;2;12;15;15m▀[0m[38;2;255;255;255m[48;2;0;0;0m▀[0m[38;2;0;0;0m[48;2;0;0;0m▀[0m[38;2;0;0;0m[48;2;0;0;0m▀[0m[38;2;78;69;79m[48;2;31;48;39m▀[0m[38;2;214;255;231m[48;2;135;205;150m▀[0m[38;2;188;255;203m[48;2;189;255;206m▀[0m[38;2;35;59;39m[48;2;41;79;48m▀[0m
[38;2;129;203;142m[48;2;217;255;232m▀[0m[38;2;54;94;60m[48;2;163;247;173m▀[0m[38;2;77;124;85m[48;2;15;31;18m▀[0m[38;2;93;152;107m[48;2;204;255;228m▀[0m[38;2;54;100;63m[48;2;173;255;191m▀[0m[38;2;114;196;128m[48;2;69;109;78m▀[0m[38;2;0;0;0m[48;2;0;0;0m▀[0m[38;2;109;104;108m[48;2;0;0;0m▀[0m[38;2;170;170;170m[48;2;3;3;3m▀[0m[38;2;0;0;0m[48;2;0;0;0m▀[0m[38;2;46;51;46m[48;2;0;0;0m▀[0m[38;2;33;42;37m[48;2;0;0;0m▀[0m[38;2;35;27;35m[48;2;5;22;17m▀[0m[38;2;255;255;253m[48;2;202;241;233m▀[0m[38;2;255;255;255m[48;2;187;174;195m▀[0m[38;2;255;255;255m[48;2;11;73;17m▀[0m[38;2;97;128;104m[48;2;0;7;0m▀[0m[38;2;64;125;67m[48;2;12;106;13m▀[0m[38;2;235;246;241m[48;2;101;165;106m▀[0m[38;2;0;67;0m[48;2;0;74;0m▀[0m[38;2;213;217;222m[48;2;0;144;1m▀[0m[38;2;255;255;255m[48;2;15;57;25m▀[0m[38;2;255;255;255m[48;2;85;115;97m▀[0m[38;2;255;254;252m[48;2;104;183;128m▀[0m[38;2;0;0;0m[48;2;0;0;0m▀[0m[38;2;0;0;0m[48;2;0;0;0m▀[0m[38;2;0;0;0m[48;2;97;94;96m▀[0m[38;2;0;0;0m[48;2;63;60;60m▀[0m[38;2;0;0;0m[48;2;0;0;0m▀[0m[38;2;0;0;0m[48;2;30;27;29m▀[0m[38;2;0;0;0m[48;2;21;4;17m▀[0m[38;2;0;0;0m[48;2;1;29;7m▀[0m[38;2;107;191;122m[48;2;242;255;255m▀[0m[38;2;35;69;46m[48;2;11;27;13m▀[0m[38;2;79;130;91m[48;2;136;214;146m▀[0m[38;2;127;197;133m[48;2;228;255;246m▀[0m
[38;2;200;255;218m[48;2;218;255;232m▀[0m[38;2;122;190;134m[48;2;82;133;91m▀[0m[38;2;0;0;0m[48;2;160;255;182m▀[0m[38;2;114;195;130m[48;2;22;39;27m▀[0m[38;2;4;19;10m[48;2;0;0;0m▀[0m[38;2;24;1;24m[48;2;0;0;0m▀[0m[38;2;12;7;11m[48;2;0;0;0m▀[0m[38;2;0;0;0m[48;2;69;85;73m▀[0m[38;2;0;0;0m[48;2;189;203;189m▀[0m[38;2;0;0;0m[48;2;152;167;154m▀[0m[38;2;0;0;0m[48;2;36;38;36m▀[0m[38;2;0;0;0m[48;2;0;0;0m▀[0m[38;2;73;179;96m[48;2;147;179;149m▀[0m[38;2;95;225;119m[48;2;226;255;235m▀[0m[38;2;94;111;99m[48;2;255;255;255m▀[0m[38;2;104;123;104m[48;2;158;101;156m▀[0m[38;2;0;55;0m[48;2;0;49;0m▀[0m[38;2;0;79;0m[48;2;0;85;0m▀[0m[38;2;0;83;0m[48;2;0;86;0m▀[0m[38;2;0;94;0m[48;2;0;83;0m▀[0m[38;2;26;134;28m[48;2;43;77;43m▀[0m[38;2;175;150;179m[48;2;97;72;97m▀[0m[38;2;179;181;183m[48;2;237;255;243m▀[0m[38;2;192;251;208m[48;2;255;255;255m▀[0m[38;2;56;151;72m[48;2;102;111;101m▀[0m[38;2;0;0;0m[48;2;5;0;4m▀[0m[38;2;0;0;0m[48;2;123;129;123m▀[0m[38;2;0;0;0m[48;2;237;255;237m▀[0m[38;2;0;0;0m[48;2;255;255;255m▀[0m[38;2;14;10;14m[48;2;226;238;223m▀[0m[38;2;0;0;0m[48;2;0;0;0m▀[0m[38;2;0;0;0m[48;2;0;0;0m▀[0m[38;2;106;180;122m[48;2;25;68;38m▀[0m[38;2;0;0;0m[48;2;144;239;163m▀[0m[38;2;107;175;118m[48;2;54;93;59m▀[0m[38;2;217;255;231m[48;2;229;255;245m▀[0m
[38;2;153;236;166m[48;2;112;183;119m▀[0m[38;2;81;130;86m[48;2;95;157;104m▀[0m[38;2;192;255;211m[48;2;153;247;168m▀[0m[38;2;0;1;0m[48;2;0;0;0m▀[0m[38;2;0;0;0m[48;2;0;0;0m▀[0m[38;2;0;0;0m[48;2;69;86;72m▀[0m[38;2;114;127;114m[48;2;255;255;255m▀[0m[38;2;255;255;255m[48;2;255;255;255m▀[0m[38;2;255;255;255m[48;2;255;255;255m▀[0m[38;2;255;255;255m[48;2;255;255;255m▀[0m[38;2;255;255;255m[48;2;255;255;255m▀[0m[38;2;162;209;158m[48;2;255;255;255m▀[0m[38;2;87;144;83m[48;2;0;76;0m▀[0m[38;2;255;255;255m[48;2;41;87;48m▀[0m[38;2;206;255;225m[48;2;100;195;125m▀[0m[38;2;68;106;86m[48;2;62;116;75m▀[0m[38;2;61;84;57m[48;2;51;8;47m▀[0m[38;2;0;82;0m[48;2;63;104;65m▀[0m[38;2;0;83;0m[48;2;50;135;49m▀[0m[38;2;0;87;0m[48;2;97;119;95m▀[0m[38;2;63;88;67m[48;2;42;27;40m▀[0m[38;2;106;160;121m[48;2;26;53;32m▀[0m[38;2;138;255;157m[48;2;114;183;127m▀[0m[38;2;215;215;215m[48;2;0;60;0m▀[0m[38;2;120;173;125m[48;2;0;73;0m▀[0m[38;2;226;255;228m[48;2;174;199;172m▀[0m[38;2;255;255;255m[48;2;255;255;255m▀[0m[38;2;255;255;255m[48;2;255;255;253m▀[0m[38;2;255;255;255m[48;2;255;255;255m▀[0m[38;2;255;255;255m[48;2;255;255;255m▀[0m[38;2;255;255;255m[48;2;255;255;255m▀[0m[38;2;4;0;1m[48;2;255;255;255m▀[0m[38;2;0;0;0m[48;2;0;0;0m▀[0m[38;2;160;255;174m[48;2;144;249;162m▀[0m[38;2;21;47;22m[48;2;85;140;94m▀[0m[38;2;142;218;152m[48;2;94;157;104m▀[0m
[38;2;50;78;55m[48;2;27;59;37m▀[0m[38;2;234;255;253m[48;2;101;156;110m▀[0m[38;2;111;182;121m[48;2;50;85;54m▀[0m[38;2;0;0;0m[48;2;0;0;0m▀[0m[38;2;0;0;0m[48;2;222;255;219m▀[0m[38;2;255;255;255m[48;2;255;255;255m▀[0m[38;2;255;255;255m[48;2;255;255;255m▀[0m[38;2;251;255;247m[48;2;239;255;238m▀[0m[38;2;251;255;247m[48;2;234;255;232m▀[0m[38;2;246;255;246m[48;2;255;255;252m▀[0m[38;2;255;255;255m[48;2;231;249;232m▀[0m[38;2;0;0;0m[48;2;92;108;94m▀[0m[38;2;189;194;186m[48;2;255;255;255m▀[0m[38;2;76;116;79m[48;2;255;255;255m▀[0m[38;2;0;57;0m[48;2;243;252;238m▀[0m[38;2;0;51;0m[48;2;172;200;169m▀[0m[38;2;0;43;0m[48;2;88;150;87m▀[0m[38;2;42;37;42m[48;2;4;104;3m▀[0m[38;2;200;129;200m[48;2;0;83;0m▀[0m[38;2;43;24;43m[48;2;0;116;0m▀[0m[38;2;0;124;0m[48;2;54;120;54m▀[0m[38;2;0;23;0m[48;2;167;195;168m▀[0m[38;2;0;50;0m[48;2;251;255;251m▀[0m[38;2;50;118;52m[48;2;255;255;255m▀[0m[38;2;243;255;241m[48;2;255;255;255m▀[0m[38;2;0;0;0m[48;2;150;156;147m▀[0m[38;2;199;216;194m[48;2;162;171;157m▀[0m[38;2;255;255;255m[48;2;255;255;255m▀[0m[38;2;237;255;236m[48;2;238;255;237m▀[0m[38;2;242;255;240m[48;2;232;255;231m▀[0m[38;2;245;255;244m[48;2;243;255;241m▀[0m[38;2;255;255;255m[48;2;255;255;255m▀[0m[38;2;188;197;179m[48;2;255;255;255m▀[0m[38;2;99;190;111m[48;2;126;193;122m▀[0m[38;2;192;255;214m[48;2;46;98;55m▀[0m[38;2;28;64;39m[48;2;45;83;58m▀[0m
