[38;2;21;24;23m[48;2;6;6;6m▀[0m[38;2;15;18;18m[48;2;18;21;21m▀[0m[38;2;0;0;0m[48;2;0;0;0m▀[0m[38;2;0;0;0m[48;2;0;0;0m▀[0m[38;2;0;0;0m[48;2;0;0;0m▀[0m[38;2;102;101;98m[48;2;0;0;0m▀[0m[38;2;208;206;203m[48;2;121;121;121m▀[0m[38;2;174;167;167m[48;2;155;151;151m▀[0m[38;2;94;93;91m[48;2;116;113;113m▀[0m[38;2;0;0;0m[48;2;122;120;117m▀[0m[38;2;0;0;0m[48;2;0;0;0m▀[0m[38;2;0;0;0m[48;2;0;3;3m▀[0m[38;2;12;15;14m[48;2;67;69;67m▀[0m[38;2;52;55;55m[48;2;75;75;75m▀[0m[38;2;0;0;0m[48;2;69;69;71m▀[0m[38;2;0;0;0m[48;2;45;48;45m▀[0m[38;2;5;10;10m[48;2;40;47;47m▀[0m[38;2;0;0;0m[48;2;13;24;26m▀[0m[38;2;0;0;0m[48;2;0;0;0m▀[0m[38;2;107;56;57m[48;2;157;12;10m▀[0m[38;2;255;255;255m[48;2;255;255;255m▀[0m[38;2;255;255;255m[48;2;255;255;255m▀[0m[38;2;255;173;169m[48;2;255;108;96m▀[0m[38;2;10;0;0m[48;2;26;0;0m▀[0m[38;2;0;0;0m[48;2;0;6;7m▀[0m[38;2;0;0;0m[48;2;22;24;24m▀[0m[38;2;20;22;24m[48;2;38;40;40m▀[0m[38;2;0;2;2m[48;2;0;0;0m▀[0m[38;2;1;1;1m[48;2;0;0;0m▀[0m[38;2;24;24;26m[48;2;42;42;44m▀[0m[38;2;21;21;22m[48;2;22;22;23m▀[0m[38;2;41;41;42m[48;2;0;0;0m▀[0m[38;2;15;18;18m[48;2;30;30;31m▀[0m[38;2;8;10;10m[48;2;0;0;0m▀[0m[38;2;0;0;0m[48;2;37;36;36m▀[0m[38;2;175;171;171m[48;2;198;191;191m▀[0m
[38;2;0;0;0m[48;2;0;0;0m▀[0m[38;2;17;19;17m[48;2;7;11;11m▀[0m[38;2;0;0;0m[48;2;0;0;0m▀[0m[38;2;0;0;0m[48;2;0;0;0m▀[0m[38;2;0;0;0m[48;2;28;27;27m▀[0m[38;2;40;39;39m[48;2;184;178;179m▀[0m[38;2;103;100;100m[48;2;212;207;209m▀[0m[38;2;148;140;140m[48;2;179;174;173m▀[0m[38;2;178;170;171m[48;2;173;166;166m▀[0m[38;2;222;217;216m[48;2;184;179;181m▀[0m[38;2;152;148;151m[48;2;137;133;135m▀[0m[38;2;0;0;0m[48;2;8;7;7m▀[0m[38;2;43;42;40m[48;2;45;48;44m▀[0m[38;2;129;127;130m[48;2;83;83;80m▀[0m[38;2;48;45;47m[48;2;69;68;66m▀[0m[38;2;72;71;71m[48;2;84;83;83m▀[0m[38;2;66;70;67m[48;2;24;26;26m▀[0m[38;2;20;38;38m[48;2;0;16;16m▀[0m[38;2;0;0;0m[48;2;0;0;0m▀[0m[38;2;90;0;0m[48;2;206;13;15m▀[0m[38;2;255;255;255m[48;2;255;255;255m▀[0m[38;2;255;131;122m[48;2;255;0;0m▀[0m[38;2;255;31;22m[48;2;176;47;43m▀[0m[38;2;0;0;0m[48;2;0;0;0m▀[0m[38;2;0;0;0m[48;2;0;5;5m▀[0m[38;2;8;12;12m[48;2;9;14;14m▀[0m[38;2;18;20;21m[48;2;3;7;6m▀[0m[38;2;0;0;1m[48;2;28;28;28m▀[0m[38;2;0;0;0m[48;2;38;38;38m▀[0m[38;2;0;0;0m[48;2;39;43;42m▀[0m[38;2;0;0;0m[48;2;0;2;2m▀[0m[38;2;27;30;30m[48;2;0;0;0m▀[0m[38;2;27;31;31m[48;2;0;0;0m▀[0m[38;2;0;0;0m[48;2;0;0;0m▀[0m[38;2;126;126;126m[48;2;183;179;177m▀[0m[38;2;187;182;182m[48;2;173;166;166m▀[0m
[38;2;1;1;1m[48;2;2;2;2m▀[0m[38;2;0;4;4m[48;2;0;0;0m▀[0m[38;2;0;0;0m[48;2;0;0;0m▀[0m[38;2;10;7;10m[48;2;26;26;26m▀[0m[38;2;40;38;41m[48;2;40;42;42m▀[0m[38;2;162;160;158m[48;2;42;40;38m▀[0m[38;2;199;194;193m[48;2;171;168;162m▀[0m[38;2;162;160;158m[48;2;138;134;133m▀[0m[38;2;183;175;172m[48;2;216;208;207m▀[0m[38;2;169;162;161m[48;2;86;81;80m▀[0m[38;2;127;124;124m[48;2;156;155;152m▀[0m[38;2;40;42;42m[48;2;0;0;0m▀[0m[38;2;65;63;68m[48;2;0;0;0m▀[0m[38;2;47;46;47m[48;2;0;0;0m▀[0m[38;2;46;46;42m[48;2;0;0;0m▀[0m[38;2;59;59;56m[48;2;16;16;13m▀[0m[38;2;33;33;33m[48;2;64;69;69m▀[0m[38;2;6;49;50m[48;2;100;143;143m▀[0m[38;2;31;15;17m[48;2;9;13;18m▀[0m[38;2;255;0;0m[48;2;255;0;0m▀[0m[38;2;255;159;152m[48;2;255;5;0m▀[0m[38;2;243;0;0m[48;2;255;0;0m▀[0m[38;2;30;40;41m[48;2;88;85;87m▀[0m[38;2;0;0;0m[48;2;68;115;115m▀[0m[38;2;6;15;15m[48;2;103;111;110m▀[0m[38;2;33;36;36m[48;2;19;21;21m▀[0m[38;2;43;41;44m[48;2;13;11;14m▀[0m[38;2;42;41;41m[48;2;54;51;51m▀[0m[38;2;53;50;53m[48;2;22;18;21m▀[0m[38;2;69;68;66m[48;2;17;14;16m▀[0m[38;2;51;51;54m[48;2;0;0;0m▀[0m[38;2;3;6;6m[48;2;156;149;149m▀[0m[38;2;81;78;80m[48;2;250;242;241m▀[0m[38;2;88;88;88m[48;2;188;181;179m▀[0m[38;2;165;163;160m[48;2;169;164;163m▀[0m[38;2;173;171;168m[48;2;118;117;115m▀[0m
[38;2;3;3;3m[48;2;0;0;0m▀[0m[38;2;0;0;0m[48;2;0;0;0m▀[0m[38;2;0;0;0m[48;2;0;0;0m▀[0m[38;2;44;46;46m[48;2;78;73;76m▀[0m[38;2;84;86;86m[48;2;74;77;76m▀[0m[38;2;0;0;0m[48;2;10;8;12m▀[0m[38;2;37;34;34m[48;2;14;13;13m▀[0m[38;2;0;0;0m[48;2;0;0;0m▀[0m[38;2;130;123;123m[48;2;33;37;37m▀[0m[38;2;23;22;22m[48;2;0;0;0m▀[0m[38;2;41;40;40m[48;2;0;0;0m▀[0m[38;2;30;27;30m[48;2;25;25;23m▀[0m[38;2;41;41;42m[48;2;0;0;0m▀[0m[38;2;32;32;35m[48;2;0;0;0m▀[0m[38;2;13;13;13m[48;2;60;58;61m▀[0m[38;2;25;25;25m[48;2;192;192;192m▀[0m[38;2;55;60;59m[48;2;150;153;155m▀[0m[38;2;123;143;144m[48;2;176;188;191m▀[0m[38;2;115;174;178m[48;2;196;235;238m▀[0m[38;2;208;0;0m[48;2;0;27;29m▀[0m[38;2;255;0;0m[48;2;180;122;118m▀[0m[38;2;255;0;0m[48;2;0;0;1m▀[0m[38;2;255;255;255m[48;2;218;255;255m▀[0m[38;2;85;109;109m[48;2;140;150;151m▀[0m[38;2;0;0;0m[48;2;27;31;31m▀[0m[38;2;37;39;40m[48;2;25;28;29m▀[0m[38;2;73;70;73m[48;2;35;37;38m▀[0m[38;2;96;93;96m[48;2;56;56;58m▀[0m[38;2;75;74;74m[48;2;59;58;58m▀[0m[38;2;26;18;19m[48;2;23;15;18m▀[0m[38;2;90;85;85m[48;2;159;151;150m▀[0m[38;2;193;185;182m[48;2;118;118;118m▀[0m[38;2;109;102;102m[48;2;0;0;0m▀[0m[38;2;208;201;196m[48;2;197;192;190m▀[0m[38;2;164;159;157m[48;2;163;161;158m▀[0m[38;2;141;137;136m[48;2;159;155;151m▀[0m
[38;2;0;0;0m[48;2;0;0;0m▀[0m[38;2;0;0;0m[48;2;0;0;0m▀[0m[38;2;18;0;0m[48;2;51;3;5m▀[0m[38;2;93;86;86m[48;2;105;104;104m▀[0m[38;2;41;45;42m[48;2;31;36;35m▀[0m[38;2;14;11;13m[48;2;16;13;13m▀[0m[38;2;48;45;45m[48;2;66;68;68m▀[0m[38;2;58;58;58m[48;2;85;83;86m▀[0m[38;2;27;30;30m[48;2;0;0;0m▀[0m[38;2;21;20;20m[48;2;23;22;22m▀[0m[38;2;0;0;0m[48;2;73;73;71m▀[0m[38;2;82;80;83m[48;2;0;0;0m▀[0m[38;2;46;44;47m[48;2;0;0;0m▀[0m[38;2;17;20;19m[48;2;162;165;165m▀[0m[38;2;255;255;255m[48;2;255;255;255m▀[0m[38;2;255;255;255m[48;2;255;255;255m▀[0m[38;2;218;226;231m[48;2;67;77;78m▀[0m[38;2;0;0;0m[48;2;0;0;0m▀[0m[38;2;84;89;88m[48;2;255;226;212m▀[0m[38;2;164;175;172m[48;2;255;255;255m▀[0m[38;2;177;223;219m[48;2;255;255;255m▀[0m[38;2;0;0;0m[48;2;179;140;135m▀[0m[38;2;74;90;90m[48;2;0;0;0m▀[0m[38;2;152;158;157m[48;2;128;138;139m▀[0m[38;2;148;151;156m[48;2;255;255;255m▀[0m[38;2;104;107;110m[48;2;121;124;127m▀[0m[38;2;31;31;32m[48;2;245;248;248m▀[0m[38;2;24;24;26m[48;2;112;112;113m▀[0m[38;2;0;0;0m[48;2;123;123;125m▀[0m[38;2;0;0;0m[48;2;82;82;84m▀[0m[38;2;72;74;72m[48;2;21;20;18m▀[0m[38;2;28;24;27m[48;2;3;3;3m▀[0m[38;2;0;0;0m[48;2;0;0;0m▀[0m[38;2;144;142;139m[48;2;92;88;88m▀[0m[38;2;199;192;190m[48;2;9;9;9m▀[0m[38;2;176;172;170m[48;2;81;80;78m▀[0m
[38;2;34;34;35m[48;2;235;215;215m▀[0m[38;2;0;0;0m[48;2;46;37;34m▀[0m[38;2;66;15;14m[48;2;32;8;9m▀[0m[38;2;94;101;101m[48;2;71;79;79m▀[0m[38;2;22;21;21m[48;2;26;21;24m▀[0m[38;2;19;14;14m[48;2;40;40;40m▀[0m[38;2;82;80;83m[48;2;84;82;85m▀[0m[38;2;58;61;60m[48;2;12;15;15m▀[0m[38;2;0;0;0m[48;2;0;0;0m▀[0m[38;2;0;0;0m[48;2;0;0;0m▀[0m[38;2;31;31;31m[48;2;33;33;33m▀[0m[38;2;150;150;148m[48;2;146;146;146m▀[0m[38;2;220;219;219m[48;2;255;255;255m▀[0m[38;2;255;255;255m[48;2;175;175;178m▀[0m[38;2;247;247;248m[48;2;255;255;255m▀[0m[38;2;248;255;255m[48;2;191;200;201m▀[0m[38;2;67;19;17m[48;2;174;142;139m▀[0m[38;2;255;224;211m[48;2;255;255;255m▀[0m[38;2;255;255;255m[48;2;183;197;196m▀[0m[38;2;218;229;231m[48;2;255;255;255m▀[0m[38;2;240;250;251m[48;2;255;255;255m▀[0m[38;2;255;255;255m[48;2;194;204;204m▀[0m[38;2;199;151;144m[48;2;255;255;255m▀[0m[38;2;18;10;10m[48;2;137;98;99m▀[0m[38;2;255;255;255m[48;2;239;249;252m▀[0m[38;2;238;240;241m[48;2;255;255;255m▀[0m[38;2;255;255;255m[48;2;192;192;193m▀[0m[38;2;255;255;255m[48;2;61;63;64m▀[0m[38;2;145;144;145m[48;2;187;186;187m▀[0m[38;2;0;0;0m[48;2;60;60;61m▀[0m[38;2;0;0;0m[48;2;0;0;0m▀[0m[38;2;27;27;25m[48;2;0;0;0m▀[0m[38;2;23;26;26m[48;2;0;0;0m▀[0m[38;2;33;32;32m[48;2;0;0;0m▀[0m[38;2;0;0;2m[48;2;19;19;20m▀[0m[38;2;64;63;61m[48;2;66;69;70m▀[0m
[38;2;193;171;172m[48;2;141;127;125m▀[0m[38;2;186;167;169m[48;2;195;176;175m▀[0m[38;2;59;54;56m[48;2;203;182;179m▀[0m[38;2;3;5;7m[48;2;67;59;59m▀[0m[38;2;20;10;12m[48;2;0;0;0m▀[0m[38;2;47;44;44m[48;2;62;53;53m▀[0m[38;2;69;71;71m[48;2;48;50;50m▀[0m[38;2;0;0;0m[48;2;0;0;0m▀[0m[38;2;0;0;0m[48;2;0;0;0m▀[0m[38;2;43;43;45m[48;2;0;0;0m▀[0m[38;2;176;178;180m[48;2;56;56;56m▀[0m[38;2;161;164;163m[48;2;255;255;255m▀[0m[38;2;204;206;208m[48;2;132;136;138m▀[0m[38;2;227;230;230m[48;2;255;255;255m▀[0m[38;2;255;255;255m[48;2;255;255;255m▀[0m[38;2;26;25;23m[48;2;48;40;35m▀[0m[38;2;115;118;119m[48;2;201;199;193m▀[0m[38;2;252;255;255m[48;2;250;254;255m▀[0m[38;2;213;221;222m[48;2;251;255;255m▀[0m[38;2;255;231;228m[48;2;255;254;251m▀[0m[38;2;254;224;219m[48;2;255;255;253m▀[0m[38;2;232;248;248m[48;2;169;174;179m▀[0m[38;2;255;255;255m[48;2;255;255;255m▀[0m[38;2;165;151;152m[48;2;150;146;144m▀[0m[38;2;115;123;126m[48;2;66;62;62m▀[0m[38;2;216;218;216m[48;2;161;165;164m▀[0m[38;2;205;203;206m[48;2;170;170;168m▀[0m[38;2;0;0;0m[48;2;250;253;255m▀[0m[38;2;55;59;60m[48;2;135;138;139m▀[0m[38;2;115;119;120m[48;2;26;29;25m▀[0m[38;2;21;21;19m[48;2;0;0;0m▀[0m[38;2;0;0;0m[48;2;12;15;15m▀[0m[38;2;0;0;0m[48;2;106;108;108m▀[0m[38;2;58;60;60m[48;2;41;40;40m▀[0m[38;2;24;26;26m[48;2;0;0;0m▀[0m[38;2;6;6;7m[48;2;23;23;24m▀[0m
[38;2;154;141;137m[48;2;155;143;139m▀[0m[38;2;165;146;145m[48;2;162;145;141m▀[0m[38;2;203;181;178m[48;2;194;171;170m▀[0m[38;2;157;144;144m[48;2;54;48;49m▀[0m[38;2;0;0;0m[48;2;134;139;139m▀[0m[38;2;0;0;0m[48;2;216;216;213m▀[0m[38;2;0;0;0m[48;2;156;158;158m▀[0m[38;2;0;0;0m[48;2;96;96;96m▀[0m[38;2;0;0;0m[48;2;26;29;26m▀[0m[38;2;0;0;0m[48;2;0;0;0m▀[0m[38;2;0;0;0m[48;2;0;0;0m▀[0m[38;2;156;156;156m[48;2;0;0;0m▀[0m[38;2;0;0;0m[48;2;0;0;0m▀[0m[38;2;165;165;165m[48;2;92;92;92m▀[0m[38;2;192;192;194m[48;2;0;0;0m▀[0m[38;2;89;84;84m[48;2;159;159;160m▀[0m[38;2;153;152;152m[48;2;79;79;86m▀[0m[38;2;93;93;93m[48;2;34;31;34m▀[0m[38;2;255;255;255m[48;2;255;255;255m▀[0m[38;2;255;250;250m[48;2;255;250;248m▀[0m[38;2;255;255;255m[48;2;255;255;255m▀[0m[38;2;233;238;239m[48;2;251;255;255m▀[0m[38;2;109;111;113m[48;2;8;10;12m▀[0m[38;2;191;181;178m[48;2;95;95;97m▀[0m[38;2;21;19;23m[48;2;123;125;127m▀[0m[38;2;153;157;158m[48;2;83;85;92m▀[0m[38;2;242;241;239m[48;2;125;128;131m▀[0m[38;2;211;208;212m[48;2;115;115;116m▀[0m[38;2;160;158;161m[48;2;55;53;56m▀[0m[38;2;53;53;51m[48;2;31;31;33m▀[0m[38;2;46;49;48m[48;2;9;9;7m▀[0m[38;2;87;90;92m[48;2;0;0;0m▀[0m[38;2;18;20;21m[48;2;0;0;0m▀[0m[38;2;0;0;0m[48;2;0;0;0m▀[0m[38;2;0;0;0m[48;2;0;0;0m▀[0m[38;2;37;39;39m[48;2;51;54;53m▀[0m
[38;2;185;170;168m[48;2;105;102;102m▀[0m[38;2;171;154;150m[48;2;130;123;122m▀[0m[38;2;186;163;162m[48;2;114;100;100m▀[0m[38;2;128;120;121m[48;2;149;147;145m▀[0m[38;2;255;255;255m[48;2;255;255;255m▀[0m[38;2;255;255;255m[48;2;255;255;255m▀[0m[38;2;255;255;255m[48;2;255;255;255m▀[0m[38;2;255;255;255m[48;2;255;255;255m▀[0m[38;2;255;255;255m[48;2;255;255;255m▀[0m[38;2;255;255;255m[48;2;255;255;255m▀[0m[38;2;255;255;255m[48;2;255;255;255m▀[0m[38;2;255;255;255m[48;2;255;255;255m▀[0m[38;2;255;255;255m[48;2;255;255;255m▀[0m[38;2;255;255;255m[48;2;255;255;255m▀[0m[38;2;89;91;91m[48;2;255;255;255m▀[0m[38;2;0;0;0m[48;2;122;122;120m▀[0m[38;2;0;0;7m[48;2;23;19;19m▀[0m[38;2;77;77;82m[48;2;107;111;111m▀[0m[38;2;255;255;255m[48;2;244;255;254m▀[0m[38;2;255;255;255m[48;2;255;255;255m▀[0m[38;2;255;255;255m[48;2;255;203;201m▀[0m[38;2;219;217;214m[48;2;168;173;173m▀[0m[38;2;62;67;68m[48;2;0;0;0m▀[0m[38;2;136;139;141m[48;2;0;0;0m▀[0m[38;2;128;128;129m[48;2;0;0;0m▀[0m[38;2;0;0;0m[48;2;125;127;127m▀[0m[38;2;0;0;0m[48;2;241;241;239m▀[0m[38;2;0;0;0m[48;2;248;247;247m▀[0m[38;2;0;0;0m[48;2;142;142;139m▀[0m[38;2;0;0;0m[48;2;1;4;4m▀[0m[38;2;0;0;0m[48;2;0;0;0m▀[0m[38;2;0;0;0m[48;2;0;0;0m▀[0m[38;2;0;0;0m[48;2;0;0;0m▀[0m[38;2;0;0;0m[48;2;0;0;0m▀[0m[38;2;0;0;0m[48;2;0;0;0m▀[0m[38;2;14;14;16m[48;2;29;27;24m▀[0m
[38;2;0;0;0m[48;2;87;0;0m▀[0m[38;2;35;23;20m[48;2;66;30;32m▀[0m[38;2;6;9;11m[48;2;0;3;5m▀[0m[38;2;33;33;34m[48;2;0;0;0m▀[0m[38;2;164;168;168m[48;2;0;0;0m▀[0m[38;2;255;255;255m[48;2;0;0;0m▀[0m[38;2;255;255;255m[48;2;29;31;31m▀[0m[38;2;255;255;255m[48;2;126;126;126m▀[0m[38;2;255;255;255m[48;2;192;191;191m▀[0m[38;2;255;255;255m[48;2;212;210;213m▀[0m[38;2;255;255;255m[48;2;200;201;198m▀[0m[38;2;246;248;248m[48;2;216;215;215m▀[0m[38;2;204;204;204m[48;2;91;94;93m▀[0m[38;2;255;255;255m[48;2;235;235;235m▀[0m[38;2;234;234;234m[48;2;255;255;255m▀[0m[38;2;255;255;255m[48;2;255;254;252m▀[0m[38;2;255;255;255m[48;2;255;255;255m▀[0m[38;2;255;255;255m[48;2;255;255;255m▀[0m[38;2;198;213;216m[48;2;255;255;255m▀[0m[38;2;255;255;255m[48;2;232;200;198m▀[0m[38;2;230;208;208m[48;2;255;255;255m▀[0m[38;2;204;233;230m[48;2;255;226;219m▀[0m[38;2;202;207;208m[48;2;255;255;255m▀[0m[38;2;203;207;204m[48;2;255;255;255m▀[0m[38;2;232;232;232m[48;2;255;255;255m▀[0m[38;2;255;255;255m[48;2;255;255;255m▀[0m[38;2;255;255;255m[48;2;255;255;255m▀[0m[38;2;255;255;255m[48;2;227;226;226m▀[0m[38;2;255;255;255m[48;2;241;241;241m▀[0m[38;2;255;255;255m[48;2;255;255;255m▀[0m[38;2;249;249;247m[48;2;255;255;255m▀[0m[38;2;255;255;255m[48;2;255;255;255m▀[0m[38;2;255;255;255m[48;2;255;255;255m▀[0m[38;2;255;255;255m[48;2;255;255;255m▀[0m[38;2;251;251;251m[48;2;255;255;255m▀[0m[38;2;152;148;147m[48;2;255;255;255m▀[0m
[38;2;46;0;0m[48;2;171;170;170m▀[0m[38;2;10;6;9m[48;2;80;89;89m▀[0m[38;2;20;26;25m[48;2;0;0;0m▀[0m[38;2;42;15;15m[48;2;63;25;25m▀[0m[38;2;163;140;137m[48;2;124;114;111m▀[0m[38;2;0;0;0m[48;2;0;0;0m▀[0m[38;2;0;0;0m[48;2;0;0;0m▀[0m[38;2;0;0;0m[48;2;0;0;0m▀[0m[38;2;0;0;0m[48;2;35;37;38m▀[0m[38;2;0;0;0m[48;2;57;56;56m▀[0m[38;2;0;0;0m[48;2;20;19;19m▀[0m[38;2;52;54;54m[48;2;0;0;0m▀[0m[38;2;219;222;221m[48;2;119;122;121m▀[0m[38;2;140;139;139m[48;2;255;255;255m▀[0m[38;2;255;255;255m[48;2;255;255;255m▀[0m[38;2;241;215;215m[48;2;255;255;255m▀[0m[38;2;250;216;216m[48;2;255;255;255m▀[0m[38;2;141;121;120m[48;2;227;45;40m▀[0m[38;2;34;42;41m[48;2;0;0;0m▀[0m[38;2;0;0;0m[48;2;0;0;0m▀[0m[38;2;55;4;3m[48;2;0;0;0m▀[0m[38;2;211;99;100m[48;2;150;42;36m▀[0m[38;2;252;255;255m[48;2;251;242;239m▀[0m[38;2;240;243;244m[48;2;243;226;228m▀[0m[38;2;244;247;247m[48;2;250;254;254m▀[0m[38;2;255;255;255m[48;2;209;209;209m▀[0m[38;2;165;165;165m[48;2;122;121;122m▀[0m[38;2;92;89;92m[48;2;242;242;244m▀[0m[38;2;255;255;255m[48;2;110;110;107m▀[0m[38;2;255;255;255m[48;2;171;168;168m▀[0m[38;2;255;255;255m[48;2;254;254;254m▀[0m[38;2;255;255;255m[48;2;255;255;255m▀[0m[38;2;255;255;255m[48;2;255;255;255m▀[0m[38;2;255;255;255m[48;2;255;255;255m▀[0m[38;2;255;255;255m[48;2;253;252;252m▀[0m[38;2;255;255;255m[48;2;192;192;192m▀[0m
[38;2;255;255;255m[48;2;187;186;186m▀[0m[38;2;255;255;255m[48;2;255;255;255m▀[0m[38;2;142;150;149m[48;2;255;255;255m▀[0m[38;2;38;0;0m[48;2;177;169;170m▀[0m[38;2;54;46;43m[48;2;0;0;0m▀[0m[38;2;0;0;2m[48;2;3;11;12m▀[0m[38;2;8;12;11m[48;2;0;1;0m▀[0m[38;2;0;0;0m[48;2;8;5;7m▀[0m[38;2;0;0;0m[48;2;0;0;0m▀[0m[38;2;0;0;0m[48;2;0;0;0m▀[0m[38;2;0;0;0m[48;2;0;0;0m▀[0m[38;2;0;0;0m[48;2;3;2;2m▀[0m[38;2;227;230;230m[48;2;255;255;255m▀[0m[38;2;247;247;248m[48;2;200;197;199m▀[0m[38;2;149;152;151m[48;2;196;197;193m▀[0m[38;2;245;250;250m[48;2;255;255;255m▀[0m[38;2;255;255;255m[48;2;255;255;255m▀[0m[38;2;255;243;239m[48;2;255;255;255m▀[0m[38;2;255;107;99m[48;2;251;218;213m▀[0m[38;2;111;28;27m[48;2;255;195;194m▀[0m[38;2;255;112;102m[48;2;255;254;251m▀[0m[38;2;255;206;199m[48;2;255;255;255m▀[0m[38;2;255;255;255m[48;2;255;255;255m▀[0m[38;2;255;255;255m[48;2;247;254;254m▀[0m[38;2;255;255;255m[48;2;174;176;176m▀[0m[38;2;242;242;242m[48;2;249;252;252m▀[0m[38;2;224;226;227m[48;2;168;168;168m▀[0m[38;2;94;94;92m[48;2;0;0;0m▀[0m[38;2;0;0;0m[48;2;0;0;0m▀[0m[38;2;0;0;0m[48;2;0;0;0m▀[0m[38;2;0;0;0m[48;2;0;0;0m▀[0m[38;2;1;4;6m[48;2;0;0;0m▀[0m[38;2;3;1;4m[48;2;0;0;0m▀[0m[38;2;0;0;0m[48;2;0;0;0m▀[0m[38;2;0;0;0m[48;2;0;0;0m▀[0m[38;2;0;0;0m[48;2;26;18;21m▀[0m
