[38;2;0;0;0m[48;2;0;0;0m▀[0m[38;2;0;0;0m[48;2;0;0;0m▀[0m[38;2;52;55;54m[48;2;23;23;21m▀[0m[38;2;253;254;251m[48;2;254;254;254m▀[0m[38;2;226;226;227m[48;2;224;227;228m▀[0m[38;2;107;110;111m[48;2;137;140;143m▀[0m[38;2;122;126;126m[48;2;114;116;116m▀[0m[38;2;255;255;255m[48;2;255;255;255m▀[0m[38;2;180;189;189m[48;2;238;242;242m▀[0m[38;2;202;204;204m[48;2;204;205;202m▀[0m[38;2;255;255;255m[48;2;255;255;255m▀[0m[38;2;210;212;214m[48;2;228;230;230m▀[0m[38;2;236;236;236m[48;2;253;255;255m▀[0m[38;2;255;255;255m[48;2;255;255;255m▀[0m[38;2;255;255;255m[48;2;56;56;58m▀[0m[38;2;188;191;190m[48;2;0;0;0m▀[0m[38;2;0;0;0m[48;2;0;0;0m▀[0m[38;2;0;0;0m[48;2;24;29;30m▀[0m[38;2;23;25;26m[48;2;71;75;79m▀[0m[38;2;12;12;13m[48;2;60;60;58m▀[0m[38;2;7;7;5m[48;2;5;8;8m▀[0m[38;2;0;0;0m[48;2;0;0;0m▀[0m[38;2;80;80;82m[48;2;0;0;0m▀[0m[38;2;255;255;255m[48;2;0;0;0m▀[0m[38;2;255;255;255m[48;2;194;197;197m▀[0m[38;2;255;255;255m[48;2;255;255;255m▀[0m[38;2;225;227;225m[48;2;255;255;255m▀[0m[38;2;191;195;195m[48;2;214;217;216m▀[0m[38;2;238;240;240m[48;2;233;237;237m▀[0m[38;2;233;234;231m[48;2;234;238;235m▀[0m[38;2;93;93;94m[48;2;86;86;86m▀[0m[38;2;117;121;121m[48;2;148;151;151m▀[0m[38;2;226;229;229m[48;2;228;232;234m▀[0m[38;2;250;254;251m[48;2;242;246;246m▀[0m[38;2;1;3;3m[48;2;0;0;0m▀[0m[38;2;0;0;0m[48;2;0;0;0m▀[0m
[38;2;0;0;0m[48;2;0;0;0m▀[0m[38;2;0;0;0m[48;2;0;0;0m▀[0m[38;2;0;0;0m[48;2;0;0;0m▀[0m[38;2;241;243;241m[48;2;208;208;208m▀[0m[38;2;208;213;212m[48;2;183;187;187m▀[0m[38;2;177;179;179m[48;2;195;197;197m▀[0m[38;2;104;108;108m[48;2;101;102;99m▀[0m[38;2;255;255;255m[48;2;255;255;255m▀[0m[38;2;255;255;255m[48;2;255;255;255m▀[0m[38;2;227;226;226m[48;2;221;225;222m▀[0m[38;2;255;255;255m[48;2;255;255;255m▀[0m[38;2;250;252;252m[48;2;255;255;255m▀[0m[38;2;255;255;255m[48;2;118;122;122m▀[0m[38;2;57;56;56m[48;2;0;0;0m▀[0m[38;2;0;0;0m[48;2;0;0;0m▀[0m[38;2;0;0;0m[48;2;0;0;0m▀[0m[38;2;0;0;0m[48;2;45;50;50m▀[0m[38;2;98;100;100m[48;2;22;26;27m▀[0m[38;2;32;31;32m[48;2;14;12;15m▀[0m[38;2;63;63;64m[48;2;0;0;0m▀[0m[38;2;60;62;63m[48;2;15;13;16m▀[0m[38;2;0;0;0m[48;2;58;61;61m▀[0m[38;2;0;0;0m[48;2;0;0;0m▀[0m[38;2;0;0;0m[48;2;0;0;0m▀[0m[38;2;0;0;0m[48;2;0;0;0m▀[0m[38;2;255;255;255m[48;2;6;7;4m▀[0m[38;2;255;255;255m[48;2;255;255;255m▀[0m[38;2;235;241;239m[48;2;243;245;245m▀[0m[38;2;232;236;236m[48;2;255;255;255m▀[0m[38;2;251;252;249m[48;2;246;248;248m▀[0m[38;2;83;83;84m[48;2;78;81;81m▀[0m[38;2;179;182;179m[48;2;199;202;202m▀[0m[38;2;219;223;225m[48;2;187;189;189m▀[0m[38;2;227;230;230m[48;2;180;182;182m▀[0m[38;2;0;0;0m[48;2;0;0;0m▀[0m[38;2;0;0;0m[48;2;0;0;0m▀[0m
[38;2;0;0;0m[48;2;0;0;0m▀[0m[38;2;0;0;0m[48;2;0;0;0m▀[0m[38;2;0;0;0m[48;2;0;0;0m▀[0m[38;2;223;225;225m[48;2;170;172;174m▀[0m[38;2;206;210;210m[48;2;224;228;229m▀[0m[38;2;201;201;202m[48;2;204;204;204m▀[0m[38;2;97;99;99m[48;2;100;102;102m▀[0m[38;2;255;255;255m[48;2;255;255;255m▀[0m[38;2;255;255;255m[48;2;255;255;255m▀[0m[38;2;226;228;228m[48;2;232;234;234m▀[0m[38;2;255;255;255m[48;2;255;255;255m▀[0m[38;2;255;255;255m[48;2;202;205;205m▀[0m[38;2;0;0;0m[48;2;0;0;0m▀[0m[38;2;0;0;0m[48;2;0;0;0m▀[0m[38;2;0;0;0m[48;2;0;0;0m▀[0m[38;2;29;31;32m[48;2;112;112;113m▀[0m[38;2;0;0;0m[48;2;122;122;122m▀[0m[38;2;0;0;0m[48;2;3;3;5m▀[0m[38;2;0;0;0m[48;2;0;0;0m▀[0m[38;2;0;0;0m[48;2;0;0;0m▀[0m[38;2;0;0;0m[48;2;0;0;0m▀[0m[38;2;0;0;0m[48;2;172;172;170m▀[0m[38;2;54;54;54m[48;2;99;102;102m▀[0m[38;2;0;0;0m[48;2;0;0;0m▀[0m[38;2;0;0;0m[48;2;7;6;6m▀[0m[38;2;0;0;0m[48;2;0;0;0m▀[0m[38;2;232;231;231m[48;2;68;69;66m▀[0m[38;2;255;255;255m[48;2;255;255;255m▀[0m[38;2;255;255;255m[48;2;255;255;255m▀[0m[38;2;248;250;250m[48;2;233;235;235m▀[0m[38;2;79;84;81m[48;2;94;98;98m▀[0m[38;2;198;200;202m[48;2;190;192;194m▀[0m[38;2;211;213;213m[48;2;202;204;204m▀[0m[38;2;187;189;189m[48;2;171;175;175m▀[0m[38;2;0;0;0m[48;2;0;0;0m▀[0m[38;2;0;0;0m[48;2;0;0;0m▀[0m
[38;2;0;0;0m[48;2;0;0;0m▀[0m[38;2;0;0;0m[48;2;0;0;0m▀[0m[38;2;0;0;0m[48;2;0;0;0m▀[0m[38;2;151;154;155m[48;2;157;160;159m▀[0m[38;2;228;232;229m[48;2;234;236;236m▀[0m[38;2;210;210;210m[48;2;209;209;209m▀[0m[38;2;102;104;106m[48;2;106;109;108m▀[0m[38;2;255;255;255m[48;2;242;241;241m▀[0m[38;2;255;255;255m[48;2;255;255;255m▀[0m[38;2;242;245;242m[48;2;255;255;255m▀[0m[38;2;255;255;255m[48;2;255;255;255m▀[0m[38;2;54;57;58m[48;2;0;0;0m▀[0m[38;2;0;0;0m[48;2;0;0;0m▀[0m[38;2;0;0;0m[48;2;0;0;0m▀[0m[38;2;18;20;22m[48;2;28;30;32m▀[0m[38;2;31;33;33m[48;2;0;0;0m▀[0m[38;2;164;164;162m[48;2;0;0;0m▀[0m[38;2;168;171;173m[48;2;24;24;25m▀[0m[38;2;255;255;255m[48;2;255;255;255m▀[0m[38;2;255;255;255m[48;2;172;174;176m▀[0m[38;2;56;58;59m[48;2;0;0;0m▀[0m[38;2;226;229;228m[48;2;0;0;0m▀[0m[38;2;3;3;5m[48;2;0;0;0m▀[0m[38;2;7;7;8m[48;2;9;7;10m▀[0m[38;2;0;0;0m[48;2;0;0;0m▀[0m[38;2;0;0;0m[48;2;27;29;29m▀[0m[38;2;0;0;0m[48;2;0;0;0m▀[0m[38;2;249;255;253m[48;2;176;183;184m▀[0m[38;2;255;255;255m[48;2;255;255;255m▀[0m[38;2;217;219;220m[48;2;234;238;235m▀[0m[38;2;113;115;115m[48;2;118;120;120m▀[0m[38;2;194;197;197m[48;2;196;200;200m▀[0m[38;2;251;253;254m[48;2;243;247;247m▀[0m[38;2;137;141;138m[48;2;105;107;109m▀[0m[38;2;0;0;0m[48;2;0;0;0m▀[0m[38;2;0;0;0m[48;2;0;0;0m▀[0m
[38;2;0;0;0m[48;2;0;0;0m▀[0m[38;2;0;0;0m[48;2;0;0;0m▀[0m[38;2;0;0;0m[48;2;0;0;0m▀[0m[38;2;126;128;130m[48;2;120;119;119m▀[0m[38;2;255;255;255m[48;2;140;142;142m▀[0m[38;2;220;222;222m[48;2;158;154;154m▀[0m[38;2;106;110;110m[48;2;126;134;133m▀[0m[38;2;225;227;227m[48;2;201;204;204m▀[0m[38;2;255;255;255m[48;2;255;255;255m▀[0m[38;2;255;255;255m[48;2;255;255;255m▀[0m[38;2;209;210;207m[48;2;179;181;181m▀[0m[38;2;0;0;0m[48;2;0;0;0m▀[0m[38;2;0;0;0m[48;2;0;0;0m▀[0m[38;2;11;13;13m[48;2;14;16;16m▀[0m[38;2;16;18;21m[48;2;0;3;3m▀[0m[38;2;0;0;0m[48;2;0;0;0m▀[0m[38;2;12;15;14m[48;2;123;125;127m▀[0m[38;2;0;0;0m[48;2;1;1;2m▀[0m[38;2;0;0;0m[48;2;0;0;0m▀[0m[38;2;0;0;0m[48;2;0;0;0m▀[0m[38;2;37;39;39m[48;2;79;82;82m▀[0m[38;2;60;60;60m[48;2;255;255;255m▀[0m[38;2;0;0;0m[48;2;0;0;0m▀[0m[38;2;4;6;6m[48;2;0;0;0m▀[0m[38;2;0;0;0m[48;2;0;0;0m▀[0m[38;2;54;58;60m[48;2;33;41;41m▀[0m[38;2;0;0;0m[48;2;0;0;0m▀[0m[38;2;118;123;123m[48;2;92;96;93m▀[0m[38;2;255;255;255m[48;2;255;255;255m▀[0m[38;2;221;224;223m[48;2;208;211;211m▀[0m[38;2;126;130;130m[48;2;131;133;135m▀[0m[38;2;200;204;204m[48;2;193;197;197m▀[0m[38;2;247;249;251m[48;2;247;251;251m▀[0m[38;2;80;82;82m[48;2;56;55;55m▀[0m[38;2;0;0;0m[48;2;0;0;0m▀[0m[38;2;0;0;0m[48;2;0;0;0m▀[0m
[38;2;6;6;6m[48;2;8;8;8m▀[0m[38;2;0;0;0m[48;2;0;0;0m▀[0m[38;2;0;0;0m[48;2;0;0;0m▀[0m[38;2;83;85;85m[48;2;42;44;44m▀[0m[38;2;185;189;189m[48;2;247;249;249m▀[0m[38;2;159;161;164m[48;2;210;212;212m▀[0m[38;2;141;145;142m[48;2;147;151;148m▀[0m[38;2;186;185;185m[48;2;165;169;166m▀[0m[38;2;255;255;255m[48;2;255;255;255m▀[0m[38;2;255;255;255m[48;2;255;255;255m▀[0m[38;2;140;140;140m[48;2;76;78;78m▀[0m[38;2;0;0;0m[48;2;0;0;0m▀[0m[38;2;8;11;13m[48;2;31;34;36m▀[0m[38;2;0;0;0m[48;2;0;0;0m▀[0m[38;2;16;23;23m[48;2;37;40;40m▀[0m[38;2;66;70;70m[48;2;100;122;122m▀[0m[38;2;170;172;173m[48;2;121;151;152m▀[0m[38;2;0;0;0m[48;2;29;33;33m▀[0m[38;2;0;0;0m[48;2;0;0;0m▀[0m[38;2;0;0;0m[48;2;0;0;0m▀[0m[38;2;72;75;75m[48;2;88;96;97m▀[0m[38;2;255;255;255m[48;2;114;137;140m▀[0m[38;2;169;172;172m[48;2;118;141;146m▀[0m[38;2;9;11;11m[48;2;75;79;79m▀[0m[38;2;0;0;0m[48;2;0;0;0m▀[0m[38;2;47;49;50m[48;2;121;123;124m▀[0m[38;2;0;0;0m[48;2;32;30;33m▀[0m[38;2;55;56;53m[48;2;0;0;0m▀[0m[38;2;255;255;255m[48;2;255;255;255m▀[0m[38;2;194;194;194m[48;2;190;190;190m▀[0m[38;2;132;136;137m[48;2;162;166;166m▀[0m[38;2;191;195;194m[48;2;217;221;220m▀[0m[38;2;226;233;233m[48;2;216;218;220m▀[0m[38;2;22;24;24m[48;2;0;0;0m▀[0m[38;2;0;0;0m[48;2;0;0;0m▀[0m[38;2;0;0;0m[48;2;0;0;0m▀[0m
[38;2;12;12;15m[48;2;24;27;27m▀[0m[38;2;0;0;0m[48;2;3;5;5m▀[0m[38;2;0;0;0m[48;2;0;0;0m▀[0m[38;2;11;13;13m[48;2;0;0;0m▀[0m[38;2;250;254;254m[48;2;243;247;247m▀[0m[38;2;220;222;222m[48;2;208;210;208m▀[0m[38;2;156;158;158m[48;2;153;155;157m▀[0m[38;2;138;142;139m[48;2;136;139;140m▀[0m[38;2;255;255;255m[48;2;255;255;255m▀[0m[38;2;255;255;255m[48;2;255;255;255m▀[0m[38;2;65;69;69m[48;2;55;52;52m▀[0m[38;2;0;0;0m[48;2;0;0;0m▀[0m[38;2;42;42;43m[48;2;4;7;8m▀[0m[38;2;0;0;0m[48;2;0;0;0m▀[0m[38;2;57;79;79m[48;2;215;241;247m▀[0m[38;2;90;24;24m[48;2;238;163;166m▀[0m[38;2;47;0;0m[48;2;228;66;64m▀[0m[38;2;120;138;140m[48;2;255;255;255m▀[0m[38;2;18;18;18m[48;2;255;255;255m▀[0m[38;2;0;0;0m[48;2;220;225;225m▀[0m[38;2;196;221;224m[48;2;255;255;255m▀[0m[38;2;59;0;0m[48;2;255;231;228m▀[0m[38;2;87;0;0m[48;2;224;160;156m▀[0m[38;2;81;99;101m[48;2;210;225;227m▀[0m[38;2;0;0;0m[48;2;0;0;0m▀[0m[38;2;147;156;160m[48;2;97;101;102m▀[0m[38;2;102;102;104m[48;2;0;0;0m▀[0m[38;2;0;0;0m[48;2;0;0;0m▀[0m[38;2;255;255;255m[48;2;255;255;255m▀[0m[38;2;194;195;192m[48;2;191;195;192m▀[0m[38;2;163;165;168m[48;2;171;171;171m▀[0m[38;2;223;221;224m[48;2;230;232;232m▀[0m[38;2;186;190;190m[48;2;183;187;187m▀[0m[38;2;0;0;0m[48;2;0;0;0m▀[0m[38;2;0;0;0m[48;2;0;0;0m▀[0m[38;2;0;0;0m[48;2;0;0;0m▀[0m
[38;2;0;0;0m[48;2;50;53;55m▀[0m[38;2;0;0;0m[48;2;49;51;51m▀[0m[38;2;0;0;0m[48;2;0;0;0m▀[0m[38;2;0;0;0m[48;2;0;0;0m▀[0m[38;2;232;235;235m[48;2;223;225;225m▀[0m[38;2;214;218;219m[48;2;214;220;219m▀[0m[38;2;169;171;172m[48;2;188;188;190m▀[0m[38;2;134;134;135m[48;2;138;141;141m▀[0m[38;2;255;255;255m[48;2;255;255;255m▀[0m[38;2;207;207;207m[48;2;213;211;214m▀[0m[38;2;0;0;0m[48;2;0;0;0m▀[0m[38;2;0;0;0m[48;2;0;0;0m▀[0m[38;2;10;12;10m[48;2;8;22;26m▀[0m[38;2;0;0;0m[48;2;0;0;0m▀[0m[38;2;197;200;197m[48;2;115;112;112m▀[0m[38;2;255;255;255m[48;2;255;255;255m▀[0m[38;2;255;255;255m[48;2;255;255;255m▀[0m[38;2;255;255;255m[48;2;255;255;255m▀[0m[38;2;255;255;255m[48;2;207;210;207m▀[0m[38;2;255;255;255m[48;2;255;255;255m▀[0m[38;2;255;255;255m[48;2;255;255;255m▀[0m[38;2;255;255;255m[48;2;255;255;255m▀[0m[38;2;255;255;255m[48;2;255;255;255m▀[0m[38;2;194;196;197m[48;2;229;229;230m▀[0m[38;2;0;0;0m[48;2;0;0;0m▀[0m[38;2;0;19;27m[48;2;0;39;55m▀[0m[38;2;0;0;0m[48;2;0;0;0m▀[0m[38;2;0;0;0m[48;2;0;0;0m▀[0m[38;2;243;246;246m[48;2;186;188;186m▀[0m[38;2;209;213;212m[48;2;237;237;235m▀[0m[38;2;188;188;185m[48;2;110;112;112m▀[0m[38;2;226;230;230m[48;2;199;201;201m▀[0m[38;2;175;177;177m[48;2;168;170;170m▀[0m[38;2;0;0;0m[48;2;0;0;0m▀[0m[38;2;0;0;0m[48;2;43;45;45m▀[0m[38;2;0;0;0m[48;2;46;49;50m▀[0m
[38;2;186;191;191m[48;2;0;0;0m▀[0m[38;2;48;51;52m[48;2;0;0;0m▀[0m[38;2;0;0;0m[48;2;0;0;0m▀[0m[38;2;0;0;0m[48;2;0;0;0m▀[0m[38;2;197;199;199m[48;2;128;131;130m▀[0m[38;2;228;231;228m[48;2;200;203;203m▀[0m[38;2;155;158;158m[48;2;144;143;143m▀[0m[38;2;147;151;151m[48;2;142;146;148m▀[0m[38;2;240;242;244m[48;2;181;185;186m▀[0m[38;2;132;137;138m[48;2;0;0;0m▀[0m[38;2;0;0;0m[48;2;0;0;0m▀[0m[38;2;0;6;18m[48;2;10;52;69m▀[0m[38;2;4;45;56m[48;2;10;32;40m▀[0m[38;2;0;0;0m[48;2;0;0;0m▀[0m[38;2;0;0;0m[48;2;108;123;125m▀[0m[38;2;255;255;255m[48;2;173;173;173m▀[0m[38;2;255;255;255m[48;2;255;255;255m▀[0m[38;2;255;255;255m[48;2;255;255;255m▀[0m[38;2;255;255;255m[48;2;106;115;115m▀[0m[38;2;255;255;255m[48;2;82;91;91m▀[0m[38;2;255;255;255m[48;2;255;255;255m▀[0m[38;2;255;255;255m[48;2;255;255;255m▀[0m[38;2;255;255;255m[48;2;214;217;217m▀[0m[38;2;94;93;94m[48;2;23;23;24m▀[0m[38;2;0;0;0m[48;2;0;0;0m▀[0m[38;2;6;57;75m[48;2;0;54;71m▀[0m[38;2;0;0;0m[48;2;0;6;20m▀[0m[38;2;0;0;0m[48;2;0;0;0m▀[0m[38;2;137;140;139m[48;2;69;67;64m▀[0m[38;2;237;237;235m[48;2;237;239;237m▀[0m[38;2;150;150;150m[48;2;57;60;60m▀[0m[38;2;205;209;209m[48;2;186;188;188m▀[0m[38;2;134;136;136m[48;2;120;122;122m▀[0m[38;2;0;0;0m[48;2;0;0;0m▀[0m[38;2;54;57;57m[48;2;0;0;0m▀[0m[38;2;201;209;210m[48;2;34;36;37m▀[0m
[38;2;1;1;3m[48;2;38;38;39m▀[0m[38;2;23;26;27m[48;2;19;22;21m▀[0m[38;2;0;0;0m[48;2;0;0;0m▀[0m[38;2;0;0;0m[48;2;0;0;0m▀[0m[38;2;147;149;149m[48;2;87;91;91m▀[0m[38;2;229;232;229m[48;2;182;186;183m▀[0m[38;2;97;100;99m[48;2;0;0;0m▀[0m[38;2;122;125;127m[48;2;255;255;255m▀[0m[38;2;172;174;175m[48;2;255;255;255m▀[0m[38;2;74;74;72m[48;2;255;255;255m▀[0m[38;2;0;0;0m[48;2;240;238;236m▀[0m[38;2;79;82;84m[48;2;158;157;154m▀[0m[38;2;18;16;14m[48;2;0;0;0m▀[0m[38;2;0;0;0m[48;2;0;0;0m▀[0m[38;2;206;211;210m[48;2;186;190;191m▀[0m[38;2;182;186;188m[48;2;237;239;241m▀[0m[38;2;48;47;47m[48;2;101;101;103m▀[0m[38;2;222;221;221m[48;2;0;0;0m▀[0m[38;2;255;255;255m[48;2;82;80;83m▀[0m[38;2;255;255;255m[48;2;203;200;203m▀[0m[38;2;255;255;255m[48;2;130;133;132m▀[0m[38;2;174;176;177m[48;2;150;155;155m▀[0m[38;2;154;163;162m[48;2;205;211;210m▀[0m[38;2;59;63;62m[48;2;0;0;0m▀[0m[38;2;0;0;0m[48;2;66;68;66m▀[0m[38;2;194;197;203m[48;2;255;255;255m▀[0m[38;2;0;12;23m[48;2;0;0;0m▀[0m[38;2;0;0;0m[48;2;53;55;56m▀[0m[38;2;0;0;0m[48;2;0;0;0m▀[0m[38;2;216;216;218m[48;2;51;51;53m▀[0m[38;2;168;171;173m[48;2;35;39;39m▀[0m[38;2;199;201;201m[48;2;65;69;69m▀[0m[38;2;94;96;96m[48;2;56;58;58m▀[0m[38;2;0;0;0m[48;2;0;0;0m▀[0m[38;2;13;16;16m[48;2;19;23;23m▀[0m[38;2;0;0;0m[48;2;30;30;28m▀[0m
[38;2;0;0;0m[48;2;0;0;0m▀[0m[38;2;26;29;30m[48;2;15;17;18m▀[0m[38;2;0;0;0m[48;2;0;0;0m▀[0m[38;2;0;0;0m[48;2;0;0;0m▀[0m[38;2;107;111;116m[48;2;41;43;44m▀[0m[38;2;19;23;23m[48;2;0;0;0m▀[0m[38;2;63;62;62m[48;2;93;92;92m▀[0m[38;2;255;255;255m[48;2;255;255;255m▀[0m[38;2;255;255;255m[48;2;255;255;255m▀[0m[38;2;255;255;255m[48;2;255;255;255m▀[0m[38;2;255;255;255m[48;2;255;255;255m▀[0m[38;2;250;249;250m[48;2;142;145;146m▀[0m[38;2;0;0;0m[48;2;0;0;0m▀[0m[38;2;0;0;0m[48;2;13;15;13m▀[0m[38;2;51;53;54m[48;2;38;42;42m▀[0m[38;2;205;209;209m[48;2;235;239;239m▀[0m[38;2;239;239;239m[48;2;123;126;126m▀[0m[38;2;65;65;67m[48;2;123;123;123m▀[0m[38;2;0;0;0m[48;2;227;232;232m▀[0m[38;2;93;97;97m[48;2;224;230;228m▀[0m[38;2;196;200;200m[48;2;190;193;193m▀[0m[38;2;202;207;207m[48;2;205;208;210m▀[0m[38;2;175;177;178m[48;2;1;3;5m▀[0m[38;2;0;0;0m[48;2;0;0;0m▀[0m[38;2;238;240;240m[48;2;255;255;255m▀[0m[38;2;255;255;255m[48;2;179;181;183m▀[0m[38;2;0;0;0m[48;2;61;60;60m▀[0m[38;2;166;163;163m[48;2;234;235;232m▀[0m[38;2;204;208;208m[48;2;255;255;255m▀[0m[38;2;156;156;156m[48;2;255;255;255m▀[0m[38;2;137;137;140m[48;2;255;255;255m▀[0m[38;2;45;49;49m[48;2;255;255;255m▀[0m[38;2;0;0;0m[48;2;0;0;0m▀[0m[38;2;0;0;0m[48;2;0;0;0m▀[0m[38;2;23;23;24m[48;2;10;13;13m▀[0m[38;2;0;0;0m[48;2;0;0;0m▀[0m
[38;2;94;97;97m[48;2;126;129;129m▀[0m[38;2;0;0;0m[48;2;0;0;0m▀[0m[38;2;0;0;0m[48;2;0;0;0m▀[0m[38;2;0;0;0m[48;2;0;0;0m▀[0m[38;2;25;27;29m[48;2;0;0;1m▀[0m[38;2;0;0;0m[48;2;0;0;0m▀[0m[38;2;91;91;91m[48;2;94;99;98m▀[0m[38;2;255;255;255m[48;2;255;255;255m▀[0m[38;2;255;255;255m[48;2;255;255;255m▀[0m[38;2;255;255;255m[48;2;255;255;255m▀[0m[38;2;255;255;255m[48;2;255;255;255m▀[0m[38;2;198;201;200m[48;2;203;203;204m▀[0m[38;2;0;0;0m[48;2;0;0;0m▀[0m[38;2;158;160;160m[48;2;255;255;255m▀[0m[38;2;0;0;0m[48;2;153;155;155m▀[0m[38;2;171;176;175m[48;2;73;75;76m▀[0m[38;2;170;173;173m[48;2;219;222;221m▀[0m[38;2;131;131;132m[48;2;192;195;196m▀[0m[38;2;165;168;168m[48;2;184;187;187m▀[0m[38;2;169;172;172m[48;2;171;174;171m▀[0m[38;2;125;129;128m[48;2;197;202;199m▀[0m[38;2;136;143;143m[48;2;74;76;77m▀[0m[38;2;0;0;0m[48;2;84;86;86m▀[0m[38;2;151;150;150m[48;2;255;255;255m▀[0m[38;2;255;255;255m[48;2;255;255;255m▀[0m[38;2;121;123;125m[48;2;7;10;12m▀[0m[38;2;0;0;0m[48;2;0;0;0m▀[0m[38;2;188;192;192m[48;2;255;255;255m▀[0m[38;2;255;255;255m[48;2;250;252;252m▀[0m[38;2;255;255;255m[48;2;255;255;255m▀[0m[38;2;255;255;255m[48;2;255;255;255m▀[0m[38;2;255;255;255m[48;2;255;255;255m▀[0m[38;2;78;81;81m[48;2;112;116;112m▀[0m[38;2;0;0;0m[48;2;0;0;0m▀[0m[38;2;0;0;0m[48;2;0;0;0m▀[0m[38;2;128;131;131m[48;2;112;115;115m▀[0m
