[38;2;59;64;62m[48;2;131;129;129m▀[0m[38;2;55;57;55m[48;2;123;119;119m▀[0m[38;2;74;83;90m[48;2;182;182;180m▀[0m[38;2;0;0;0m[48;2;95;97;97m▀[0m[38;2;0;0;0m[48;2;62;62;62m▀[0m[38;2;0;0;0m[48;2;60;59;59m▀[0m[38;2;0;0;0m[48;2;0;0;0m▀[0m[38;2;9;18;21m[48;2;0;0;0m▀[0m[38;2;33;46;52m[48;2;0;0;0m▀[0m[38;2;37;50;55m[48;2;0;0;0m▀[0m[38;2;27;35;40m[48;2;0;0;0m▀[0m[38;2;19;26;32m[48;2;0;0;0m▀[0m[38;2;14;19;23m[48;2;0;0;0m▀[0m[38;2;2;3;3m[48;2;0;0;0m▀[0m[38;2;1;1;1m[48;2;1;2;2m▀[0m[38;2;1;1;1m[48;2;0;1;1m▀[0m[38;2;0;1;1m[48;2;0;1;1m▀[0m[38;2;0;1;1m[48;2;0;1;1m▀[0m[38;2;1;1;1m[48;2;1;1;1m▀[0m[38;2;1;1;1m[48;2;1;1;1m▀[0m[38;2;1;1;1m[48;2;0;1;1m▀[0m[38;2;1;1;1m[48;2;2;1;1m▀[0m[38;2;0;1;1m[48;2;4;1;1m▀[0m[38;2;1;1;1m[48;2;1;1;1m▀[0m[38;2;0;1;1m[48;2;0;1;1m▀[0m[38;2;1;1;1m[48;2;0;1;1m▀[0m[38;2;1;1;1m[48;2;0;1;1m▀[0m[38;2;0;1;1m[48;2;0;1;1m▀[0m[38;2;1;1;1m[48;2;0;1;1m▀[0m[38;2;0;1;1m[48;2;1;1;1m▀[0m[38;2;1;1;1m[48;2;0;1;1m▀[0m[38;2;1;1;1m[48;2;1;1;1m▀[0m[38;2;1;1;1m[48;2;1;1;1m▀[0m[38;2;1;1;1m[48;2;0;1;1m▀[0m[38;2;0;0;0m[48;2;0;1;1m▀[0m[38;2;11;14;17m[48;2;1;2;2m▀[0m
[38;2;88;83;79m[48;2;124;124;121m▀[0m[38;2;111;103;101m[48;2;102;100;96m▀[0m[38;2;121;117;112m[48;2;109;105;103m▀[0m[38;2;49;51;48m[48;2;8;8;4m▀[0m[38;2;77;79;80m[48;2;54;54;55m▀[0m[38;2;138;139;141m[48;2;255;255;255m▀[0m[38;2;94;93;92m[48;2;163;162;163m▀[0m[38;2;0;0;0m[48;2;39;40;40m▀[0m[38;2;0;0;0m[48;2;0;0;0m▀[0m[38;2;0;0;0m[48;2;0;0;0m▀[0m[38;2;0;0;0m[48;2;0;0;0m▀[0m[38;2;13;17;18m[48;2;0;0;0m▀[0m[38;2;6;12;13m[48;2;0;0;0m▀[0m[38;2;0;0;0m[48;2;35;44;55m▀[0m[38;2;0;0;0m[48;2;26;33;39m▀[0m[38;2;1;0;0m[48;2;10;14;18m▀[0m[38;2;0;1;1m[48;2;0;0;0m▀[0m[38;2;0;1;1m[48;2;1;1;1m▀[0m[38;2;1;1;1m[48;2;0;1;1m▀[0m[38;2;1;1;1m[48;2;0;1;1m▀[0m[38;2;0;1;1m[48;2;0;1;1m▀[0m[38;2;0;2;1m[48;2;0;1;0m▀[0m[38;2;4;2;1m[48;2;32;2;1m▀[0m[38;2;0;1;1m[48;2;71;5;3m▀[0m[38;2;0;2;1m[48;2;0;1;1m▀[0m[38;2;0;1;1m[48;2;79;10;4m▀[0m[38;2;0;1;0m[48;2;0;1;0m▀[0m[38;2;0;1;1m[48;2;0;1;1m▀[0m[38;2;0;1;1m[48;2;0;1;1m▀[0m[38;2;1;1;1m[48;2;0;1;1m▀[0m[38;2;1;1;1m[48;2;1;1;1m▀[0m[38;2;1;1;1m[48;2;1;1;1m▀[0m[38;2;0;1;1m[48;2;1;1;1m▀[0m[38;2;0;1;1m[48;2;0;1;1m▀[0m[38;2;0;0;0m[48;2;0;0;0m▀[0m[38;2;9;12;13m[48;2;12;16;19m▀[0m
[38;2;96;93;93m[48;2;0;0;0m▀[0m[38;2;0;0;0m[48;2;0;0;0m▀[0m[38;2;0;0;0m[48;2;0;0;0m▀[0m[38;2;0;0;0m[48;2;13;18;24m▀[0m[38;2;41;51;59m[48;2;0;0;3m▀[0m[38;2;255;255;255m[48;2;212;213;212m▀[0m[38;2;129;133;134m[48;2;73;75;77m▀[0m[38;2;165;166;166m[48;2;226;227;227m▀[0m[38;2;0;0;0m[48;2;0;0;0m▀[0m[38;2;0;0;0m[48;2;0;0;0m▀[0m[38;2;0;0;0m[48;2;0;0;0m▀[0m[38;2;0;0;0m[48;2;0;0;0m▀[0m[38;2;3;4;5m[48;2;3;5;5m▀[0m[38;2;20;27;33m[48;2;20;27;32m▀[0m[38;2;5;8;9m[48;2;0;0;0m▀[0m[38;2;13;20;26m[48;2;14;21;27m▀[0m[38;2;0;0;0m[48;2;1;0;0m▀[0m[38;2;1;1;1m[48;2;1;1;1m▀[0m[38;2;0;1;1m[48;2;1;1;1m▀[0m[38;2;1;1;1m[48;2;1;1;1m▀[0m[38;2;0;1;1m[48;2;0;1;1m▀[0m[38;2;0;1;0m[48;2;0;2;1m▀[0m[38;2;23;1;0m[48;2;0;0;0m▀[0m[38;2;236;16;4m[48;2;255;20;3m▀[0m[38;2;0;0;1m[48;2;57;4;2m▀[0m[38;2;69;6;3m[48;2;0;0;0m▀[0m[38;2;171;10;3m[48;2;255;16;3m▀[0m[38;2;0;0;0m[48;2;90;4;2m▀[0m[38;2;0;1;1m[48;2;0;1;0m▀[0m[38;2;0;1;1m[48;2;0;1;1m▀[0m[38;2;0;1;1m[48;2;0;1;1m▀[0m[38;2;1;1;1m[48;2;0;1;1m▀[0m[38;2;1;1;1m[48;2;1;1;1m▀[0m[38;2;1;1;1m[48;2;1;1;1m▀[0m[38;2;0;0;0m[48;2;0;0;0m▀[0m[38;2;10;16;17m[48;2;12;16;17m▀[0m
[38;2;0;0;0m[48;2;0;0;0m▀[0m[38;2;132;132;132m[48;2;210;211;211m▀[0m[38;2;1;2;3m[48;2;40;42;43m▀[0m[38;2;59;59;58m[48;2;47;44;46m▀[0m[38;2;1;4;5m[48;2;35;36;39m▀[0m[38;2;42;46;49m[48;2;6;10;13m▀[0m[38;2;0;0;0m[48;2;0;2;3m▀[0m[38;2;216;217;217m[48;2;96;97;97m▀[0m[38;2;57;56;56m[48;2;131;132;132m▀[0m[38;2;0;0;0m[48;2;0;0;0m▀[0m[38;2;0;0;0m[48;2;0;0;0m▀[0m[38;2;0;0;0m[48;2;0;0;0m▀[0m[38;2;3;5;2m[48;2;0;0;0m▀[0m[38;2;18;25;32m[48;2;34;46;54m▀[0m[38;2;0;0;0m[48;2;13;18;20m▀[0m[38;2;14;26;32m[48;2;14;21;27m▀[0m[38;2;0;0;0m[48;2;1;0;0m▀[0m[38;2;1;1;1m[48;2;1;1;1m▀[0m[38;2;1;1;1m[48;2;1;1;1m▀[0m[38;2;1;1;1m[48;2;1;1;1m▀[0m[38;2;0;1;1m[48;2;0;1;1m▀[0m[38;2;0;1;1m[48;2;0;2;1m▀[0m[38;2;0;0;0m[48;2;0;0;0m▀[0m[38;2;255;16;2m[48;2;151;6;1m▀[0m[38;2;250;12;3m[48;2;255;19;3m▀[0m[38;2;0;0;0m[48;2;0;0;0m▀[0m[38;2;88;5;1m[48;2;0;0;0m▀[0m[38;2;255;13;3m[48;2;255;14;0m▀[0m[38;2;0;0;1m[48;2;146;0;0m▀[0m[38;2;0;0;0m[48;2;0;0;0m▀[0m[38;2;0;1;1m[48;2;0;0;0m▀[0m[38;2;0;1;1m[48;2;0;0;0m▀[0m[38;2;0;1;1m[48;2;0;1;1m▀[0m[38;2;0;1;1m[48;2;0;1;1m▀[0m[38;2;0;0;0m[48;2;0;0;0m▀[0m[38;2;6;12;13m[48;2;8;13;14m▀[0m
[38;2;0;0;0m[48;2;0;0;0m▀[0m[38;2;57;57;56m[48;2;3;4;4m▀[0m[38;2;98;100;101m[48;2;172;173;172m▀[0m[38;2;1;1;4m[48;2;0;0;0m▀[0m[38;2;0;0;0m[48;2;0;0;0m▀[0m[38;2;0;0;0m[48;2;0;0;0m▀[0m[38;2;174;175;175m[48;2;49;50;50m▀[0m[38;2;40;41;39m[48;2;0;0;0m▀[0m[38;2;27;26;26m[48;2;118;124;124m▀[0m[38;2;11;10;10m[48;2;69;69;70m▀[0m[38;2;0;0;0m[48;2;0;0;0m▀[0m[38;2;0;0;0m[48;2;0;0;0m▀[0m[38;2;0;0;0m[48;2;0;0;0m▀[0m[38;2;12;19;20m[48;2;0;0;0m▀[0m[38;2;24;31;33m[48;2;0;0;0m▀[0m[38;2;14;24;29m[48;2;16;25;31m▀[0m[38;2;0;0;0m[48;2;0;0;0m▀[0m[38;2;1;1;1m[48;2;1;1;1m▀[0m[38;2;1;1;1m[48;2;1;1;1m▀[0m[38;2;1;1;1m[48;2;1;1;1m▀[0m[38;2;0;1;1m[48;2;0;1;1m▀[0m[38;2;0;1;1m[48;2;0;0;0m▀[0m[38;2;0;0;0m[48;2;0;0;0m▀[0m[38;2;17;0;0m[48;2;0;0;0m▀[0m[38;2;255;14;0m[48;2;255;0;0m▀[0m[38;2;162;0;0m[48;2;255;0;0m▀[0m[38;2;0;0;0m[48;2;39;48;47m▀[0m[38;2;202;0;0m[48;2;127;151;150m▀[0m[38;2;255;0;0m[48;2;140;0;0m▀[0m[38;2;35;0;0m[48;2;105;21;19m▀[0m[38;2;64;0;0m[48;2;58;14;13m▀[0m[38;2;25;0;0m[48;2;58;0;0m▀[0m[38;2;0;0;0m[48;2;27;0;0m▀[0m[38;2;0;0;0m[48;2;0;0;0m▀[0m[38;2;0;0;0m[48;2;0;0;0m▀[0m[38;2;31;41;47m[48;2;26;37;43m▀[0m
[38;2;0;0;0m[48;2;151;148;147m▀[0m[38;2;0;0;0m[48;2;64;59;58m▀[0m[38;2;83;82;81m[48;2;0;0;0m▀[0m[38;2;0;1;6m[48;2;0;0;0m▀[0m[38;2;14;18;21m[48;2;6;10;13m▀[0m[38;2;0;0;0m[48;2;255;255;255m▀[0m[38;2;65;69;72m[48;2;255;255;255m▀[0m[38;2;102;105;105m[48;2;255;255;255m▀[0m[38;2;255;255;255m[48;2;255;255;255m▀[0m[38;2;109;110;112m[48;2;180;182;182m▀[0m[38;2;0;0;0m[48;2;0;0;0m▀[0m[38;2;0;0;0m[48;2;0;0;0m▀[0m[38;2;0;0;0m[48;2;0;0;0m▀[0m[38;2;0;0;0m[48;2;0;0;0m▀[0m[38;2;2;3;0m[48;2;2;3;3m▀[0m[38;2;17;24;27m[48;2;17;23;28m▀[0m[38;2;0;0;0m[48;2;0;0;0m▀[0m[38;2;0;1;1m[48;2;1;1;1m▀[0m[38;2;0;1;1m[48;2;0;1;1m▀[0m[38;2;1;1;1m[48;2;1;1;1m▀[0m[38;2;0;1;1m[48;2;0;0;0m▀[0m[38;2;0;0;0m[48;2;0;0;0m▀[0m[38;2;0;0;0m[48;2;0;0;0m▀[0m[38;2;0;0;0m[48;2;234;255;255m▀[0m[38;2;140;88;85m[48;2;255;255;255m▀[0m[38;2;255;0;0m[48;2;157;0;0m▀[0m[38;2;255;112;108m[48;2;174;203;202m▀[0m[38;2;157;255;255m[48;2;255;208;207m▀[0m[38;2;231;167;163m[48;2;255;41;41m▀[0m[38;2;255;255;255m[48;2;255;255;255m▀[0m[38;2;255;157;150m[48;2;255;0;0m▀[0m[38;2;82;94;94m[48;2;255;175;169m▀[0m[38;2;29;0;0m[48;2;29;54;55m▀[0m[38;2;1;0;0m[48;2;0;0;0m▀[0m[38;2;0;0;0m[48;2;0;0;0m▀[0m[38;2;11;19;21m[48;2;32;39;40m▀[0m
[38;2;106;103;102m[48;2;157;151;147m▀[0m[38;2;173;166;163m[48;2;157;149;148m▀[0m[38;2;2;0;0m[48;2;0;0;0m▀[0m[38;2;55;58;62m[48;2;231;234;236m▀[0m[38;2;0;0;0m[48;2;0;0;0m▀[0m[38;2;255;255;255m[48;2;147;148;143m▀[0m[38;2;255;255;255m[48;2;255;255;255m▀[0m[38;2;255;255;255m[48;2;255;255;255m▀[0m[38;2;255;255;255m[48;2;255;255;255m▀[0m[38;2;255;255;255m[48;2;255;255;255m▀[0m[38;2;0;0;0m[48;2;1;3;0m▀[0m[38;2;0;0;0m[48;2;0;0;0m▀[0m[38;2;0;0;0m[48;2;0;0;0m▀[0m[38;2;0;0;0m[48;2;0;0;0m▀[0m[38;2;2;3;4m[48;2;2;3;4m▀[0m[38;2;16;20;26m[48;2;13;20;23m▀[0m[38;2;0;0;0m[48;2;0;0;0m▀[0m[38;2;0;1;1m[48;2;0;1;1m▀[0m[38;2;0;1;1m[48;2;0;1;1m▀[0m[38;2;0;1;1m[48;2;1;1;1m▀[0m[38;2;0;0;0m[48;2;0;0;0m▀[0m[38;2;0;0;0m[48;2;0;0;0m▀[0m[38;2;0;0;2m[48;2;8;12;14m▀[0m[38;2;154;174;174m[48;2;0;0;0m▀[0m[38;2;0;36;36m[48;2;0;0;0m▀[0m[38;2;157;0;0m[48;2;103;69;67m▀[0m[38;2;125;116;116m[48;2;118;192;193m▀[0m[38;2;149;0;0m[48;2;142;190;189m▀[0m[38;2;255;0;0m[48;2;255;0;0m▀[0m[38;2;255;0;0m[48;2;255;0;0m▀[0m[38;2;255;0;0m[48;2;255;0;0m▀[0m[38;2;255;0;0m[48;2;255;0;0m▀[0m[38;2;254;192;186m[48;2;177;144;142m▀[0m[38;2;0;0;0m[48;2;0;0;0m▀[0m[38;2;0;0;0m[48;2;0;0;0m▀[0m[38;2;70;89;94m[48;2;189;209;213m▀[0m
[38;2;133;127;123m[48;2;75;72;66m▀[0m[38;2;157;151;148m[48;2;27;26;24m▀[0m[38;2;0;0;0m[48;2;0;0;0m▀[0m[38;2;161;161;161m[48;2;98;101;101m▀[0m[38;2;79;80;82m[48;2;215;215;215m▀[0m[38;2;4;3;3m[48;2;0;0;0m▀[0m[38;2;255;255;255m[48;2;0;0;0m▀[0m[38;2;241;242;242m[48;2;20;21;21m▀[0m[38;2;152;154;156m[48;2;238;236;236m▀[0m[38;2;0;0;0m[48;2;138;140;141m▀[0m[38;2;97;100;98m[48;2;73;78;80m▀[0m[38;2;0;0;0m[48;2;0;0;0m▀[0m[38;2;0;0;0m[48;2;0;0;0m▀[0m[38;2;0;0;0m[48;2;0;0;0m▀[0m[38;2;2;3;3m[48;2;1;2;2m▀[0m[38;2;11;14;17m[48;2;9;12;12m▀[0m[38;2;0;0;0m[48;2;1;1;1m▀[0m[38;2;1;1;1m[48;2;1;1;1m▀[0m[38;2;1;1;1m[48;2;0;1;1m▀[0m[38;2;1;1;1m[48;2;0;1;1m▀[0m[38;2;0;0;0m[48;2;0;0;0m▀[0m[38;2;0;0;0m[48;2;0;0;0m▀[0m[38;2;8;12;12m[48;2;5;23;23m▀[0m[38;2;138;157;159m[48;2;111;81;81m▀[0m[38;2;147;172;174m[48;2;255;47;37m▀[0m[38;2;134;210;210m[48;2;75;16;11m▀[0m[38;2;64;13;13m[48;2;123;0;0m▀[0m[38;2;243;169;167m[48;2;255;52;44m▀[0m[38;2;180;188;186m[48;2;127;242;247m▀[0m[38;2;235;51;51m[48;2;63;163;164m▀[0m[38;2;249;78;74m[48;2;88;177;177m▀[0m[38;2;234;255;255m[48;2;161;239;239m▀[0m[38;2;43;70;70m[48;2;255;71;67m▀[0m[38;2;82;80;82m[48;2;212;131;134m▀[0m[38;2;186;210;216m[48;2;29;73;79m▀[0m[38;2;131;152;159m[48;2;49;55;64m▀[0m
[38;2;147;141;138m[48;2;69;69;67m▀[0m[38;2;0;0;0m[48;2;0;0;0m▀[0m[38;2;0;0;0m[48;2;0;0;0m▀[0m[38;2;81;82;83m[48;2;170;170;172m▀[0m[38;2;0;0;0m[48;2;0;0;0m▀[0m[38;2;143;142;144m[48;2;0;0;0m▀[0m[38;2;117;115;117m[48;2;83;83;83m▀[0m[38;2;0;0;0m[48;2;105;109;108m▀[0m[38;2;96;93;93m[48;2;34;36;39m▀[0m[38;2;138;139;139m[48;2;28;28;28m▀[0m[38;2;0;0;0m[48;2;0;0;0m▀[0m[38;2;0;0;0m[48;2;0;0;0m▀[0m[38;2;0;0;0m[48;2;0;0;0m▀[0m[38;2;0;1;1m[48;2;0;0;0m▀[0m[38;2;1;2;2m[48;2;1;2;2m▀[0m[38;2;4;11;13m[48;2;4;11;13m▀[0m[38;2;1;1;1m[48;2;1;1;1m▀[0m[38;2;1;1;1m[48;2;1;1;1m▀[0m[38;2;1;1;1m[48;2;0;1;1m▀[0m[38;2;1;1;1m[48;2;0;0;0m▀[0m[38;2;0;0;0m[48;2;0;0;0m▀[0m[38;2;0;0;0m[48;2;0;0;0m▀[0m[38;2;0;0;0m[48;2;0;0;0m▀[0m[38;2;0;0;0m[48;2;0;0;0m▀[0m[38;2;23;24;24m[48;2;0;0;0m▀[0m[38;2;37;65;67m[48;2;87;123;126m▀[0m[38;2;0;0;0m[48;2;205;202;197m▀[0m[38;2;41;73;71m[48;2;89;66;57m▀[0m[38;2;0;14;14m[48;2;110;80;71m▀[0m[38;2;0;0;0m[48;2;0;4;6m▀[0m[38;2;0;6;8m[48;2;0;0;0m▀[0m[38;2;77;98;98m[48;2;0;0;0m▀[0m[38;2;0;0;0m[48;2;0;0;0m▀[0m[38;2;0;0;0m[48;2;0;0;0m▀[0m[38;2;0;0;0m[48;2;0;0;0m▀[0m[38;2;60;69;72m[48;2;70;78;81m▀[0m
[38;2;44;44;43m[48;2;118;115;111m▀[0m[38;2;0;0;0m[48;2;0;0;0m▀[0m[38;2;9;11;11m[48;2;3;5;5m▀[0m[38;2;148;150;150m[48;2;77;77;77m▀[0m[38;2;0;0;0m[48;2;0;0;0m▀[0m[38;2;0;0;0m[48;2;0;0;0m▀[0m[38;2;0;0;0m[48;2;0;0;0m▀[0m[38;2;146;150;151m[48;2;92;106;105m▀[0m[38;2;255;255;255m[48;2;190;202;203m▀[0m[38;2;110;115;117m[48;2;155;172;172m▀[0m[38;2;0;0;0m[48;2;217;248;248m▀[0m[38;2;0;0;0m[48;2;0;0;0m▀[0m[38;2;0;0;0m[48;2;0;0;0m▀[0m[38;2;0;0;0m[48;2;0;0;0m▀[0m[38;2;0;2;2m[48;2;0;0;0m▀[0m[38;2;3;5;11m[48;2;0;0;0m▀[0m[38;2;0;0;0m[48;2;0;0;0m▀[0m[38;2;0;1;0m[48;2;0;0;0m▀[0m[38;2;0;0;0m[48;2;0;0;0m▀[0m[38;2;0;0;0m[48;2;0;0;0m▀[0m[38;2;0;0;0m[48;2;0;0;0m▀[0m[38;2;0;0;0m[48;2;63;90;82m▀[0m[38;2;253;255;255m[48;2;255;255;255m▀[0m[38;2;255;255;255m[48;2;255;57;46m▀[0m[38;2;255;216;216m[48;2;255;73;67m▀[0m[38;2;255;255;254m[48;2;232;136;123m▀[0m[38;2;255;255;255m[48;2;219;193;181m▀[0m[38;2;255;255;255m[48;2;255;234;235m▀[0m[38;2;255;255;255m[48;2;255;255;255m▀[0m[38;2;255;255;255m[48;2;255;255;255m▀[0m[38;2;255;255;255m[48;2;255;255;255m▀[0m[38;2;117;131;131m[48;2;244;238;236m▀[0m[38;2;0;0;0m[48;2;0;0;0m▀[0m[38;2;0;0;0m[48;2;0;0;0m▀[0m[38;2;0;0;0m[48;2;0;0;0m▀[0m[38;2;79;85;87m[48;2;93;95;94m▀[0m
[38;2;162;154;150m[48;2;167;159;157m▀[0m[38;2;33;34;33m[48;2;66;62;60m▀[0m[38;2;110;112;115m[48;2;82;85;89m▀[0m[38;2;166;166;166m[48;2;186;186;188m▀[0m[38;2;10;13;13m[48;2;116;116;116m▀[0m[38;2;0;0;0m[48;2;0;0;0m▀[0m[38;2;147;161;161m[48;2;18;66;66m▀[0m[38;2;65;119;121m[48;2;255;93;81m▀[0m[38;2;0;0;0m[48;2;101;0;0m▀[0m[38;2;255;255;255m[48;2;255;255;255m▀[0m[38;2;218;188;188m[48;2;255;102;92m▀[0m[38;2;0;37;37m[48;2;63;49;48m▀[0m[38;2;0;0;0m[48;2;0;0;0m▀[0m[38;2;0;0;0m[48;2;0;0;0m▀[0m[38;2;0;0;0m[48;2;0;0;0m▀[0m[38;2;0;0;0m[48;2;0;0;0m▀[0m[38;2;0;0;0m[48;2;0;0;0m▀[0m[38;2;0;0;0m[48;2;0;0;0m▀[0m[38;2;0;0;0m[48;2;0;0;0m▀[0m[38;2;0;0;0m[48;2;0;0;0m▀[0m[38;2;0;0;0m[48;2;133;139;134m▀[0m[38;2;255;133;131m[48;2;255;203;201m▀[0m[38;2;255;31;24m[48;2;255;115;113m▀[0m[38;2;255;0;0m[48;2;255;132;133m▀[0m[38;2;255;26;20m[48;2;255;175;178m▀[0m[38;2;253;198;189m[48;2;255;255;255m▀[0m[38;2;230;238;231m[48;2;255;255;255m▀[0m[38;2;255;255;255m[48;2;255;255;255m▀[0m[38;2;255;255;255m[48;2;255;255;255m▀[0m[38;2;255;255;255m[48;2;255;255;255m▀[0m[38;2;255;255;255m[48;2;255;255;255m▀[0m[38;2;216;197;196m[48;2;248;248;242m▀[0m[38;2;0;0;0m[48;2;0;0;0m▀[0m[38;2;0;0;0m[48;2;0;0;0m▀[0m[38;2;0;0;0m[48;2;0;0;0m▀[0m[38;2;85;87;88m[48;2;72;75;77m▀[0m
[38;2;152;147;142m[48;2;151;146;143m▀[0m[38;2;94;90;89m[48;2;92;90;85m▀[0m[38;2;0;0;0m[48;2;20;23;23m▀[0m[38;2;57;63;64m[48;2;29;32;34m▀[0m[38;2;94;97;100m[48;2;85;88;89m▀[0m[38;2;17;25;25m[48;2;111;128;128m▀[0m[38;2;0;0;0m[48;2;0;0;0m▀[0m[38;2;244;109;96m[48;2;14;93;93m▀[0m[38;2;255;0;0m[48;2;255;5;0m▀[0m[38;2;255;73;63m[48;2;255;0;0m▀[0m[38;2;255;220;213m[48;2;255;127;121m▀[0m[38;2;208;65;60m[48;2;255;11;3m▀[0m[38;2;0;12;16m[48;2;255;244;230m▀[0m[38;2;100;116;117m[48;2;255;255;255m▀[0m[38;2;255;255;255m[48;2;255;255;255m▀[0m[38;2;255;255;255m[48;2;255;255;255m▀[0m[38;2;255;255;255m[48;2;255;255;255m▀[0m[38;2;255;255;255m[48;2;255;255;255m▀[0m[38;2;136;142;144m[48;2;255;255;255m▀[0m[38;2;70;67;67m[48;2;255;255;255m▀[0m[38;2;255;255;255m[48;2;175;171;167m▀[0m[38;2;211;220;216m[48;2;164;131;119m▀[0m[38;2;255;255;255m[48;2;255;255;255m▀[0m[38;2;255;255;255m[48;2;255;255;255m▀[0m[38;2;255;255;255m[48;2;255;255;255m▀[0m[38;2;255;246;249m[48;2;255;228;227m▀[0m[38;2;255;255;255m[48;2;255;255;255m▀[0m[38;2;255;255;255m[48;2;255;255;255m▀[0m[38;2;158;120;109m[48;2;75;55;46m▀[0m[38;2;255;255;255m[48;2;255;255;255m▀[0m[38;2;255;255;255m[48;2;255;255;255m▀[0m[38;2;235;211;204m[48;2;255;248;243m▀[0m[38;2;0;0;0m[48;2;0;0;0m▀[0m[38;2;0;0;0m[48;2;0;0;0m▀[0m[38;2;0;0;0m[48;2;0;0;0m▀[0m[38;2;58;62;65m[48;2;40;48;51m▀[0m
