[38;2;17;0;0m[48;2;0;0;0m▀[0m[38;2;4;141;127m[48;2;20;138;130m▀[0m[38;2;75;255;255m[48;2;70;255;243m▀[0m[38;2;0;0;0m[48;2;0;70;55m▀[0m[38;2;29;0;0m[48;2;22;150;139m▀[0m[38;2;17;63;56m[48;2;14;149;139m▀[0m[38;2;14;37;30m[48;2;7;154;140m▀[0m[38;2;24;38;41m[48;2;8;154;143m▀[0m[38;2;4;30;17m[48;2;13;161;151m▀[0m[38;2;41;20;23m[48;2;14;156;139m▀[0m[38;2;8;31;22m[48;2;13;161;145m▀[0m[38;2;2;37;24m[48;2;18;168;155m▀[0m[38;2;36;23;24m[48;2;18;168;155m▀[0m[38;2;8;34;23m[48;2;17;187;171m▀[0m[38;2;3;48;34m[48;2;13;211;194m▀[0m[38;2;22;0;5m[48;2;1;185;169m▀[0m[38;2;26;0;0m[48;2;78;0;0m▀[0m[38;2;0;41;33m[48;2;12;0;0m▀[0m[38;2;0;227;199m[48;2;102;219;217m▀[0m[38;2;0;78;60m[48;2;0;0;0m▀[0m[38;2;15;0;0m[48;2;16;6;8m▀[0m[38;2;10;0;0m[48;2;23;165;149m▀[0m[38;2;53;81;78m[48;2;24;212;193m▀[0m[38;2;24;35;33m[48;2;19;188;172m▀[0m[38;2;1;15;1m[48;2;17;185;170m▀[0m[38;2;40;51;51m[48;2;25;184;172m▀[0m[38;2;22;31;24m[48;2;25;184;172m▀[0m[38;2;4;30;14m[48;2;22;189;180m▀[0m[38;2;35;6;8m[48;2;29;190;177m▀[0m[38;2;27;8;4m[48;2;35;185;171m▀[0m[38;2;0;39;23m[48;2;30;182;171m▀[0m[38;2;72;94;93m[48;2;33;172;163m▀[0m[38;2;12;111;98m[48;2;31;187;175m▀[0m[38;2;0;119;102m[48;2;26;180;163m▀[0m[38;2;0;90;77m[48;2;0;87;70m▀[0m[38;2;0;72;64m[48;2;0;71;66m▀[0m
[38;2;0;0;0m[48;2;0;6;0m▀[0m[38;2;54;90;89m[48;2;21;37;32m▀[0m[38;2;45;174;164m[48;2;38;153;147m▀[0m[38;2;0;60;46m[48;2;0;0;0m▀[0m[38;2;0;87;71m[48;2;31;0;0m▀[0m[38;2;0;95;78m[48;2;0;0;0m▀[0m[38;2;0;84;72m[48;2;27;0;0m▀[0m[38;2;0;82;69m[48;2;51;55;57m▀[0m[38;2;0;73;57m[48;2;0;3;0m▀[0m[38;2;0;73;59m[48;2;13;0;0m▀[0m[38;2;0;79;65m[48;2;0;42;34m▀[0m[38;2;0;73;61m[48;2;0;96;78m▀[0m[38;2;0;70;62m[48;2;0;77;65m▀[0m[38;2;0;72;60m[48;2;0;80;66m▀[0m[38;2;0;90;77m[48;2;0;90;77m▀[0m[38;2;0;60;51m[48;2;0;86;73m▀[0m[38;2;12;2;4m[48;2;15;38;34m▀[0m[38;2;4;0;0m[48;2;0;44;39m▀[0m[38;2;65;88;93m[48;2;8;4;7m▀[0m[38;2;0;0;0m[48;2;38;51;49m▀[0m[38;2;0;0;0m[48;2;37;26;28m▀[0m[38;2;0;79;65m[48;2;0;87;71m▀[0m[38;2;0;90;75m[48;2;0;103;84m▀[0m[38;2;0;76;63m[48;2;0;88;72m▀[0m[38;2;0;69;59m[48;2;100;140;139m▀[0m[38;2;0;66;56m[48;2;0;92;75m▀[0m[38;2;0;70;59m[48;2;0;81;61m▀[0m[38;2;0;83;74m[48;2;54;119;115m▀[0m[38;2;0;69;57m[48;2;47;21;28m▀[0m[38;2;0;83;70m[48;2;0;93;73m▀[0m[38;2;0;101;83m[48;2;0;109;95m▀[0m[38;2;0;107;89m[48;2;0;75;65m▀[0m[38;2;0;60;49m[48;2;0;49;40m▀[0m[38;2;0;87;70m[48;2;4;0;0m▀[0m[38;2;0;86;73m[48;2;0;46;44m▀[0m[38;2;0;72;64m[48;2;0;75;67m▀[0m
[38;2;0;12;5m[48;2;0;0;0m▀[0m[38;2;17;23;19m[48;2;0;63;56m▀[0m[38;2;34;157;148m[48;2;0;146;134m▀[0m[38;2;0;118;91m[48;2;0;119;96m▀[0m[38;2;4;183;163m[48;2;0;149;125m▀[0m[38;2;23;32;32m[48;2;0;90;79m▀[0m[38;2;0;164;138m[48;2;0;148;127m▀[0m[38;2;0;155;132m[48;2;0;151;131m▀[0m[38;2;0;162;134m[48;2;0;141;115m▀[0m[38;2;36;175;157m[48;2;22;150;142m▀[0m[38;2;0;111;96m[48;2;0;95;87m▀[0m[38;2;0;163;139m[48;2;0;131;110m▀[0m[38;2;0;156;138m[48;2;6;154;144m▀[0m[38;2;0;159;136m[48;2;7;156;142m▀[0m[38;2;0;156;135m[48;2;0;122;101m▀[0m[38;2;0;179;155m[48;2;0;167;146m▀[0m[38;2;0;29;24m[48;2;0;42;36m▀[0m[38;2;0;96;92m[48;2;16;6;12m▀[0m[38;2;0;60;57m[48;2;61;74;72m▀[0m[38;2;32;64;64m[48;2;0;0;0m▀[0m[38;2;15;0;0m[48;2;0;2;0m▀[0m[38;2;0;175;145m[48;2;0;174;146m▀[0m[38;2;0;159;138m[48;2;0;117;99m▀[0m[38;2;0;134;110m[48;2;0;112;93m▀[0m[38;2;49;221;203m[48;2;50;189;178m▀[0m[38;2;0;165;144m[48;2;0;136;119m▀[0m[38;2;0;146;120m[48;2;0;121;99m▀[0m[38;2;0;153;128m[48;2;0;139;120m▀[0m[38;2;0;130;111m[48;2;0;80;70m▀[0m[38;2;0;140;116m[48;2;0;119;99m▀[0m[38;2;0;149;127m[48;2;0;140;121m▀[0m[38;2;0;152;134m[48;2;0;116;100m▀[0m[38;2;0;167;144m[48;2;0;128;109m▀[0m[38;2;0;110;93m[48;2;0;166;142m▀[0m[38;2;0;61;56m[48;2;0;67;58m▀[0m[38;2;0;69;60m[48;2;0;71;58m▀[0m
[38;2;0;0;0m[48;2;0;0;0m▀[0m[38;2;0;125;118m[48;2;0;124;113m▀[0m[38;2;0;170;154m[48;2;10;184;170m▀[0m[38;2;0;102;79m[48;2;0;79;64m▀[0m[38;2;0;159;133m[48;2;0;116;100m▀[0m[38;2;0;85;76m[48;2;0;102;89m▀[0m[38;2;0;134;112m[48;2;0;128;104m▀[0m[38;2;0;134;113m[48;2;0;129;107m▀[0m[38;2;0;131;111m[48;2;0;131;110m▀[0m[38;2;22;137;129m[48;2;9;120;105m▀[0m[38;2;0;107;94m[48;2;0;102;89m▀[0m[38;2;0;134;108m[48;2;0;133;110m▀[0m[38;2;0;133;109m[48;2;0;124;104m▀[0m[38;2;0;128;110m[48;2;0;124;105m▀[0m[38;2;0;126;106m[48;2;0;129;105m▀[0m[38;2;0;147;123m[48;2;0;139;116m▀[0m[38;2;0;135;113m[48;2;0;171;145m▀[0m[38;2;0;0;0m[48;2;0;69;54m▀[0m[38;2;159;68;81m[48;2;79;32;41m▀[0m[38;2;0;0;0m[48;2;0;86;76m▀[0m[38;2;0;97;80m[48;2;0;168;142m▀[0m[38;2;0;158;131m[48;2;0;140;120m▀[0m[38;2;0;138;114m[48;2;0;130;109m▀[0m[38;2;0;118;97m[48;2;0;127;106m▀[0m[38;2;33;185;176m[48;2;0;125;110m▀[0m[38;2;0;136;118m[48;2;0;122;101m▀[0m[38;2;0;120;99m[48;2;0;127;106m▀[0m[38;2;0;137;116m[48;2;0;124;105m▀[0m[38;2;0;68;58m[48;2;0;132;115m▀[0m[38;2;0;114;96m[48;2;0;132;111m▀[0m[38;2;0;138;117m[48;2;0;130;110m▀[0m[38;2;0;125;103m[48;2;0;117;101m▀[0m[38;2;0;132;110m[48;2;0;129;110m▀[0m[38;2;0;145;121m[48;2;0;145;123m▀[0m[38;2;0;82;71m[48;2;0;87;70m▀[0m[38;2;0;75;63m[48;2;0;65;55m▀[0m
[38;2;0;0;0m[48;2;0;0;0m▀[0m[38;2;0;119;109m[48;2;0;115;107m▀[0m[38;2;14;178;165m[48;2;5;173;160m▀[0m[38;2;0;82;67m[48;2;0;93;72m▀[0m[38;2;0;124;105m[48;2;0;142;118m▀[0m[38;2;0;89;73m[48;2;0;129;108m▀[0m[38;2;0;122;103m[48;2;0;125;103m▀[0m[38;2;0;124;104m[48;2;0;122;104m▀[0m[38;2;0;135;114m[48;2;0;132;111m▀[0m[38;2;0;95;80m[48;2;0;109;93m▀[0m[38;2;0;100;82m[48;2;0;108;88m▀[0m[38;2;0;133;112m[48;2;0;129;108m▀[0m[38;2;0;124;105m[48;2;0;122;104m▀[0m[38;2;0;124;105m[48;2;0;131;109m▀[0m[38;2;0;133;111m[48;2;0;115;99m▀[0m[38;2;0;129;110m[48;2;8;85;77m▀[0m[38;2;0;85;73m[48;2;0;107;95m▀[0m[38;2;0;53;44m[48;2;0;83;68m▀[0m[38;2;45;131;122m[48;2;118;190;183m▀[0m[38;2;0;79;69m[48;2;0;115;96m▀[0m[38;2;0;77;69m[48;2;111;43;42m▀[0m[38;2;0;138;114m[48;2;15;71;59m▀[0m[38;2;0;132;109m[48;2;0;125;108m▀[0m[38;2;0;133;112m[48;2;0;133;112m▀[0m[38;2;0;106;88m[48;2;0;112;92m▀[0m[38;2;0;113;91m[48;2;0;114;95m▀[0m[38;2;0;127;108m[48;2;0;122;103m▀[0m[38;2;0;123;105m[48;2;0;122;103m▀[0m[38;2;0;124;103m[48;2;0;122;103m▀[0m[38;2;0;132;111m[48;2;0;122;106m▀[0m[38;2;0;117;98m[48;2;0;121;102m▀[0m[38;2;1;32;27m[48;2;0;111;93m▀[0m[38;2;0;130;111m[48;2;0;126;107m▀[0m[38;2;0;141;121m[48;2;0;136;114m▀[0m[38;2;0;102;87m[48;2;0;101;85m▀[0m[38;2;0;60;49m[48;2;0;64;54m▀[0m
[38;2;2;0;0m[48;2;3;0;1m▀[0m[38;2;0;97;81m[48;2;0;77;62m▀[0m[38;2;0;140;120m[48;2;0;100;77m▀[0m[38;2;0;99;85m[48;2;0;104;87m▀[0m[38;2;0;132;113m[48;2;0;130;109m▀[0m[38;2;0;121;103m[48;2;0;119;101m▀[0m[38;2;0;121;103m[48;2;0;119;99m▀[0m[38;2;0;122;103m[48;2;0;119;101m▀[0m[38;2;0;127;108m[48;2;0;121;101m▀[0m[38;2;0;108;95m[48;2;0;112;97m▀[0m[38;2;0;108;92m[48;2;0;109;93m▀[0m[38;2;0;125;105m[48;2;0;125;107m▀[0m[38;2;0;118;102m[48;2;0;124;105m▀[0m[38;2;0;134;114m[48;2;0;112;94m▀[0m[38;2;0;70;55m[48;2;0;76;64m▀[0m[38;2;100;158;161m[48;2;150;183;179m▀[0m[38;2;0;64;53m[48;2;0;37;34m▀[0m[38;2;0;69;61m[48;2;0;51;45m▀[0m[38;2;78;169;165m[48;2;53;102;97m▀[0m[38;2;0;67;50m[48;2;0;53;44m▀[0m[38;2;16;101;80m[48;2;0;124;110m▀[0m[38;2;164;99;96m[48;2;206;107;102m▀[0m[38;2;0;84;67m[48;2;0;65;59m▀[0m[38;2;0;144;119m[48;2;0;133;110m▀[0m[38;2;0;109;92m[48;2;0;110;93m▀[0m[38;2;0;114;96m[48;2;0;112;94m▀[0m[38;2;0;124;101m[48;2;0;119;99m▀[0m[38;2;0;120;99m[48;2;0;119;98m▀[0m[38;2;0;120;102m[48;2;0;118;98m▀[0m[38;2;0;120;102m[48;2;0;118;100m▀[0m[38;2;0;120;105m[48;2;0;118;100m▀[0m[38;2;0;123;104m[48;2;0;116;98m▀[0m[38;2;0;117;102m[48;2;0;116;98m▀[0m[38;2;0;134;110m[48;2;0;135;113m▀[0m[38;2;0;100;86m[48;2;0;99;84m▀[0m[38;2;0;62;54m[48;2;0;56;48m▀[0m
[38;2;4;1;4m[48;2;2;6;3m▀[0m[38;2;0;76;62m[48;2;0;72;56m▀[0m[38;2;0;97;73m[48;2;0;98;76m▀[0m[38;2;0;102;86m[48;2;0;100;88m▀[0m[38;2;0;128;109m[48;2;0;128;109m▀[0m[38;2;0;116;97m[48;2;0;119;97m▀[0m[38;2;0;119;99m[48;2;0;116;97m▀[0m[38;2;0;120;99m[48;2;0;115;97m▀[0m[38;2;0;120;100m[48;2;0;121;99m▀[0m[38;2;0;116;97m[48;2;0;115;99m▀[0m[38;2;0;111;95m[48;2;0;115;97m▀[0m[38;2;0;120;98m[48;2;0;120;99m▀[0m[38;2;0;134;110m[48;2;0;134;112m▀[0m[38;2;0;80;67m[48;2;0;69;54m▀[0m[38;2;0;71;59m[48;2;0;38;20m▀[0m[38;2;112;95;95m[48;2;54;128;121m▀[0m[38;2;187;0;0m[48;2;162;255;255m▀[0m[38;2;87;123;124m[48;2;136;255;255m▀[0m[38;2;142;245;237m[48;2;123;255;255m▀[0m[38;2;148;88;87m[48;2;161;255;255m▀[0m[38;2;133;0;0m[48;2;78;255;255m▀[0m[38;2;184;62;65m[48;2;212;117;126m▀[0m[38;2;70;56;40m[48;2;119;7;0m▀[0m[38;2;0;111;89m[48;2;0;98;79m▀[0m[38;2;0;123;103m[48;2;0;121;100m▀[0m[38;2;0;114;95m[48;2;0;117;93m▀[0m[38;2;0;117;99m[48;2;0;115;97m▀[0m[38;2;0;118;98m[48;2;0;114;99m▀[0m[38;2;0;117;97m[48;2;0;115;97m▀[0m[38;2;0;118;98m[48;2;0;116;97m▀[0m[38;2;0;118;97m[48;2;0;118;97m▀[0m[38;2;0;116;97m[48;2;0;115;97m▀[0m[38;2;0;116;97m[48;2;0;114;96m▀[0m[38;2;0;133;112m[48;2;0;132;113m▀[0m[38;2;0;98;83m[48;2;0;96;82m▀[0m[38;2;0;60;48m[48;2;0;61;49m▀[0m
[38;2;3;7;4m[48;2;1;9;7m▀[0m[38;2;0;66;55m[48;2;0;65;54m▀[0m[38;2;0;96;79m[48;2;0;92;75m▀[0m[38;2;0;104;93m[48;2;0;110;94m▀[0m[38;2;0;121;100m[48;2;0;103;90m▀[0m[38;2;0;112;93m[48;2;0;105;88m▀[0m[38;2;0;113;94m[48;2;0;117;101m▀[0m[38;2;0;111;93m[48;2;0;110;93m▀[0m[38;2;0;115;96m[48;2;0;114;96m▀[0m[38;2;0;114;98m[48;2;0;112;95m▀[0m[38;2;0;114;97m[48;2;0;113;95m▀[0m[38;2;0;121;101m[48;2;0;124;105m▀[0m[38;2;0;121;99m[48;2;0;109;88m▀[0m[38;2;0;66;55m[48;2;0;53;40m▀[0m[38;2;0;16;0m[48;2;0;45;29m▀[0m[38;2;32;121;113m[48;2;4;126;116m▀[0m[38;2;154;255;255m[48;2;164;255;255m▀[0m[38;2;115;255;255m[48;2;85;192;193m▀[0m[38;2;86;164;168m[48;2;255;40;53m▀[0m[38;2;54;255;255m[48;2;172;155;151m▀[0m[38;2;165;255;255m[48;2;95;255;255m▀[0m[38;2;193;34;42m[48;2;131;44;41m▀[0m[38;2;115;0;0m[48;2;135;10;0m▀[0m[38;2;0;83;70m[48;2;0;71;58m▀[0m[38;2;0;107;91m[48;2;0;99;82m▀[0m[38;2;0;110;91m[48;2;0;122;101m▀[0m[38;2;0;127;111m[48;2;0;110;99m▀[0m[38;2;0;107;94m[48;2;0;75;67m▀[0m[38;2;0;112;94m[48;2;0;114;96m▀[0m[38;2;0;113;96m[48;2;0;112;94m▀[0m[38;2;0;113;96m[48;2;0;112;94m▀[0m[38;2;0;113;95m[48;2;0;113;94m▀[0m[38;2;0;113;94m[48;2;0;112;93m▀[0m[38;2;0;131;110m[48;2;0;130;108m▀[0m[38;2;0;97;84m[48;2;0;97;82m▀[0m[38;2;0;58;48m[48;2;0;61;45m▀[0m
[38;2;1;11;10m[48;2;2;8;7m▀[0m[38;2;0;64;51m[48;2;0;62;50m▀[0m[38;2;0;94;76m[48;2;0;94;75m▀[0m[38;2;0;111;95m[48;2;0;121;104m▀[0m[38;2;0;114;94m[48;2;0;93;84m▀[0m[38;2;0;109;93m[48;2;0;17;10m▀[0m[38;2;0;125;105m[48;2;0;112;94m▀[0m[38;2;0;108;91m[48;2;0;99;86m▀[0m[38;2;0;113;94m[48;2;0;116;98m▀[0m[38;2;0;112;94m[48;2;0;112;94m▀[0m[38;2;0;112;94m[48;2;0;111;92m▀[0m[38;2;0;131;109m[48;2;0;132;106m▀[0m[38;2;0;101;83m[48;2;0;63;47m▀[0m[38;2;0;52;38m[48;2;0;50;38m▀[0m[38;2;0;57;41m[48;2;0;84;68m▀[0m[38;2;0;20;20m[48;2;0;0;0m▀[0m[38;2;86;240;239m[48;2;0;0;0m▀[0m[38;2;139;255;255m[48;2;0;181;163m▀[0m[38;2;228;255;255m[48;2;170;151;150m▀[0m[38;2;255;242;235m[48;2;78;102;93m▀[0m[38;2;0;223;216m[48;2;0;0;0m▀[0m[38;2;96;0;0m[48;2;143;0;0m▀[0m[38;2;133;47;29m[48;2;91;57;44m▀[0m[38;2;0;41;26m[48;2;0;41;31m▀[0m[38;2;0;83;66m[48;2;0;42;34m▀[0m[38;2;0;134;112m[48;2;0;126;109m▀[0m[38;2;0;113;91m[48;2;0;114;94m▀[0m[38;2;0;113;95m[48;2;0;112;94m▀[0m[38;2;0;113;95m[48;2;0;112;94m▀[0m[38;2;0;113;95m[48;2;0;112;94m▀[0m[38;2;0;113;95m[48;2;0;112;95m▀[0m[38;2;0;112;94m[48;2;0;112;94m▀[0m[38;2;0;111;93m[48;2;0;112;94m▀[0m[38;2;0;125;109m[48;2;0;128;109m▀[0m[38;2;0;97;82m[48;2;0;94;81m▀[0m[38;2;0;61;49m[48;2;0;62;49m▀[0m
[38;2;3;6;6m[48;2;3;5;6m▀[0m[38;2;0;61;49m[48;2;0;59;49m▀[0m[38;2;0;93;74m[48;2;0;98;78m▀[0m[38;2;0;126;108m[48;2;0;112;94m▀[0m[38;2;0;58;53m[48;2;0;113;95m▀[0m[38;2;2;0;0m[48;2;0;73;60m▀[0m[38;2;0;109;93m[48;2;0;124;103m▀[0m[38;2;0;101;84m[48;2;0;99;84m▀[0m[38;2;0;118;97m[48;2;0;118;97m▀[0m[38;2;0;112;94m[48;2;0;111;93m▀[0m[38;2;0;108;90m[48;2;0;115;90m▀[0m[38;2;0;127;102m[48;2;0;84;63m▀[0m[38;2;0;15;0m[48;2;65;187;186m▀[0m[38;2;0;0;0m[48;2;56;166;167m▀[0m[38;2;0;68;52m[48;2;0;7;0m▀[0m[38;2;0;0;0m[48;2;0;0;0m▀[0m[38;2;0;0;0m[48;2;7;116;111m▀[0m[38;2;0;87;60m[48;2;0;163;148m▀[0m[38;2;0;142;123m[48;2;0;124;106m▀[0m[38;2;0;116;100m[48;2;0;168;168m▀[0m[38;2;0;0;0m[48;2;0;61;57m▀[0m[38;2;125;0;0m[48;2;0;0;0m▀[0m[38;2;0;50;40m[48;2;0;64;53m▀[0m[38;2;0;0;0m[48;2;71;177;177m▀[0m[38;2;0;17;4m[48;2;80;209;209m▀[0m[38;2;0;115;99m[48;2;0;78;64m▀[0m[38;2;0;112;89m[48;2;0;105;84m▀[0m[38;2;0;112;93m[48;2;0;108;87m▀[0m[38;2;0;112;94m[48;2;0;110;93m▀[0m[38;2;0;112;94m[48;2;0;112;93m▀[0m[38;2;0;112;94m[48;2;0;112;94m▀[0m[38;2;0;113;95m[48;2;0;112;94m▀[0m[38;2;0;111;93m[48;2;0;111;93m▀[0m[38;2;0;124;105m[48;2;0;124;105m▀[0m[38;2;0;95;80m[48;2;0;95;80m▀[0m[38;2;0;62;49m[48;2;0;61;48m▀[0m
[38;2;3;7;6m[48;2;1;9;5m▀[0m[38;2;0;57;44m[48;2;0;54;45m▀[0m[38;2;0;94;75m[48;2;0;94;75m▀[0m[38;2;0;103;85m[48;2;0;97;82m▀[0m[38;2;0;133;107m[48;2;0;121;103m▀[0m[38;2;0;130;109m[48;2;0;110;93m▀[0m[38;2;0;109;89m[48;2;0;112;95m▀[0m[38;2;0;103;88m[48;2;0;108;95m▀[0m[38;2;0;117;95m[48;2;0;108;91m▀[0m[38;2;0;116;95m[48;2;0;131;109m▀[0m[38;2;0;91;62m[48;2;0;0;0m▀[0m[38;2;19;126;117m[48;2;102;200;212m▀[0m[38;2;203;255;255m[48;2;50;172;171m▀[0m[38;2;115;255;255m[48;2;0;16;11m▀[0m[38;2;43;208;204m[48;2;160;255;255m▀[0m[38;2;61;202;201m[48;2;159;255;255m▀[0m[38;2;102;255;255m[48;2;135;255;255m▀[0m[38;2;119;255;255m[48;2;190;217;220m▀[0m[38;2;75;255;255m[48;2;255;50;51m▀[0m[38;2;176;255;255m[48;2;255;34;24m▀[0m[38;2;192;113;123m[48;2;255;165;170m▀[0m[38;2;107;199;199m[48;2;239;255;255m▀[0m[38;2;70;224;224m[48;2;101;255;255m▀[0m[38;2;96;255;255m[48;2;0;0;0m▀[0m[38;2;233;255;255m[48;2;110;252;253m▀[0m[38;2;50;154;151m[48;2;138;255;255m▀[0m[38;2;0;75;49m[48;2;0;0;0m▀[0m[38;2;0;112;93m[48;2;0;123;99m▀[0m[38;2;0;109;92m[48;2;0;107;90m▀[0m[38;2;0;109;92m[48;2;0;114;96m▀[0m[38;2;0;108;92m[48;2;0;110;92m▀[0m[38;2;0;109;91m[48;2;0;109;92m▀[0m[38;2;0;110;92m[48;2;0;109;92m▀[0m[38;2;0;125;106m[48;2;0;124;103m▀[0m[38;2;0;94;80m[48;2;0;94;80m▀[0m[38;2;0;56;48m[48;2;0;57;48m▀[0m
[38;2;1;12;10m[48;2;1;12;11m▀[0m[38;2;0;50;41m[48;2;0;47;40m▀[0m[38;2;0;94;77m[48;2;0;92;77m▀[0m[38;2;0;99;84m[48;2;0;97;82m▀[0m[38;2;0;118;104m[48;2;0;118;102m▀[0m[38;2;0;112;95m[48;2;0;114;91m▀[0m[38;2;0;106;85m[48;2;0;109;92m▀[0m[38;2;0;98;81m[48;2;0;105;90m▀[0m[38;2;0;120;100m[48;2;0;128;108m▀[0m[38;2;0;110;91m[48;2;0;72;55m▀[0m[38;2;0;0;0m[48;2;1;0;0m▀[0m[38;2;109;233;236m[48;2;117;255;255m▀[0m[38;2;0;95;85m[48;2;41;237;230m▀[0m[38;2;158;255;255m[48;2;0;135;113m▀[0m[38;2;132;255;255m[48;2;0;115;99m▀[0m[38;2;142;255;255m[48;2;0;161;148m▀[0m[38;2;99;255;255m[48;2;28;240;235m▀[0m[38;2;131;255;255m[48;2;255;4;3m▀[0m[38;2;255;0;0m[48;2;255;0;0m▀[0m[38;2;136;253;244m[48;2;255;40;45m▀[0m[38;2;66;255;255m[48;2;13;199;187m▀[0m[38;2;106;255;255m[48;2;0;120;99m▀[0m[38;2;138;255;255m[48;2;0;105;86m▀[0m[38;2;73;198;190m[48;2;0;128;104m▀[0m[38;2;0;76;66m[48;2;4;183;174m▀[0m[38;2;170;255;255m[48;2;149;255;255m▀[0m[38;2;0;0;0m[48;2;10;0;0m▀[0m[38;2;0;112;94m[48;2;0;102;79m▀[0m[38;2;0;124;105m[48;2;0;45;39m▀[0m[38;2;0;114;96m[48;2;1;11;11m▀[0m[38;2;0;112;95m[48;2;0;123;106m▀[0m[38;2;0;114;95m[48;2;0;115;96m▀[0m[38;2;0;109;92m[48;2;0;112;94m▀[0m[38;2;0;122;104m[48;2;0;122;104m▀[0m[38;2;0;94;80m[48;2;0;94;80m▀[0m[38;2;0;57;51m[48;2;0;57;48m▀[0m
