[38;2;100;103;103m[48;2;124;133;129m▀[0m[38;2;103;109;105m[48;2;103;110;108m▀[0m[38;2;142;155;157m[48;2;155;173;171m▀[0m[38;2;136;150;152m[48;2;147;162;159m▀[0m[38;2;132;146;140m[48;2;148;162;159m▀[0m[38;2;89;95;95m[48;2;148;163;161m▀[0m[38;2;255;255;255m[48;2;255;255;255m▀[0m[38;2;6;8;9m[48;2;0;0;0m▀[0m[38;2;41;48;48m[48;2;39;41;39m▀[0m[38;2;0;0;0m[48;2;0;0;0m▀[0m[38;2;0;0;0m[48;2;0;0;0m▀[0m[38;2;0;0;0m[48;2;0;0;0m▀[0m[38;2;58;66;67m[48;2;146;167;165m▀[0m[38;2;188;208;204m[48;2;188;210;207m▀[0m[38;2;146;159;156m[48;2;151;164;162m▀[0m[38;2;155;166;164m[48;2;154;165;165m▀[0m[38;2;194;215;210m[48;2;240;255;255m▀[0m[38;2;0;0;0m[48;2;0;0;0m▀[0m[38;2;34;42;44m[48;2;0;10;8m▀[0m[38;2;0;0;0m[48;2;162;181;180m▀[0m[38;2;0;0;0m[48;2;255;255;255m▀[0m[38;2;0;0;0m[48;2;255;255;255m▀[0m[38;2;46;55;55m[48;2;0;0;0m▀[0m[38;2;0;0;0m[48;2;0;0;0m▀[0m[38;2;169;189;186m[48;2;202;227;224m▀[0m[38;2;164;179;175m[48;2;166;180;178m▀[0m[38;2;144;156;154m[48;2;151;164;164m▀[0m[38;2;175;192;188m[48;2;174;192;188m▀[0m[38;2;102;115;115m[48;2;185;207;209m▀[0m[38;2;0;0;0m[48;2;0;0;0m▀[0m[38;2;0;0;0m[48;2;0;0;0m▀[0m[38;2;0;0;0m[48;2;0;0;0m▀[0m[38;2;149;175;172m[48;2;255;255;255m▀[0m[38;2;127;135;138m[48;2;164;178;179m▀[0m[38;2;135;143;141m[48;2;162;179;177m▀[0m[38;2;167;177;174m[48;2;181;201;198m▀[0m
[38;2;221;247;248m[48;2;219;248;248m▀[0m[38;2;144;159;157m[48;2;172;195;195m▀[0m[38;2;154;169;166m[48;2;157;173;170m▀[0m[38;2;156;171;167m[48;2;165;181;175m▀[0m[38;2;155;170;167m[48;2;164;180;178m▀[0m[38;2;164;181;178m[48;2;184;201;197m▀[0m[38;2;211;232;234m[48;2;156;175;174m▀[0m[38;2;50;56;55m[48;2;165;173;173m▀[0m[38;2;81;95;90m[48;2;174;190;188m▀[0m[38;2;0;0;0m[48;2;0;0;0m▀[0m[38;2;0;0;0m[48;2;0;0;0m▀[0m[38;2;0;0;0m[48;2;0;0;0m▀[0m[38;2;203;228;227m[48;2;232;255;255m▀[0m[38;2;180;198;193m[48;2;194;208;204m▀[0m[38;2;187;200;200m[48;2;227;244;244m▀[0m[38;2;151;164;161m[48;2;151;171;164m▀[0m[38;2;251;255;255m[48;2;235;255;255m▀[0m[38;2;0;0;0m[48;2;12;42;46m▀[0m[38;2;0;0;0m[48;2;27;0;0m▀[0m[38;2;255;196;187m[48;2;225;171;166m▀[0m[38;2;255;255;254m[48;2;161;108;98m▀[0m[38;2;78;81;82m[48;2;6;0;0m▀[0m[38;2;0;0;0m[48;2;255;255;255m▀[0m[38;2;0;0;0m[48;2;0;0;0m▀[0m[38;2;212;238;234m[48;2;193;216;213m▀[0m[38;2;165;177;174m[48;2;163;179;174m▀[0m[38;2;177;195;190m[48;2;205;225;220m▀[0m[38;2;173;185;182m[48;2;195;210;205m▀[0m[38;2;231;251;249m[48;2;233;255;250m▀[0m[38;2;0;0;0m[48;2;51;59;60m▀[0m[38;2;0;0;0m[48;2;0;0;0m▀[0m[38;2;0;0;0m[48;2;0;0;0m▀[0m[38;2;255;255;255m[48;2;179;203;201m▀[0m[38;2;225;243;242m[48;2;221;242;239m▀[0m[38;2;164;184;181m[48;2;161;173;170m▀[0m[38;2;158;179;177m[48;2;164;189;185m▀[0m
[38;2;165;184;179m[48;2;211;234;230m▀[0m[38;2;125;140;140m[48;2;88;101;101m▀[0m[38;2;171;181;179m[48;2;163;173;171m▀[0m[38;2;165;182;179m[48;2;187;202;196m▀[0m[38;2;163;180;177m[48;2;169;186;181m▀[0m[38;2;198;219;213m[48;2;190;211;208m▀[0m[38;2;103;117;116m[48;2;120;133;134m▀[0m[38;2;211;224;226m[48;2;216;227;232m▀[0m[38;2;95;105;105m[48;2;0;0;0m▀[0m[38;2;0;0;0m[48;2;0;0;0m▀[0m[38;2;0;0;0m[48;2;0;0;0m▀[0m[38;2;75;86;86m[48;2;115;128;129m▀[0m[38;2;255;255;255m[48;2;254;255;255m▀[0m[38;2;190;210;205m[48;2;178;197;193m▀[0m[38;2;196;219;217m[48;2;161;185;181m▀[0m[38;2;151;179;175m[48;2;180;228;224m▀[0m[38;2;227;255;255m[48;2;194;255;255m▀[0m[38;2;255;255;255m[48;2;255;255;255m▀[0m[38;2;36;0;0m[48;2;143;123;112m▀[0m[38;2;208;140;139m[48;2;154;12;5m▀[0m[38;2;127;85;80m[48;2;255;255;255m▀[0m[38;2;255;255;255m[48;2;255;255;255m▀[0m[38;2;255;255;255m[48;2;255;255;255m▀[0m[38;2;21;29;31m[48;2;0;18;19m▀[0m[38;2;155;178;178m[48;2;164;193;192m▀[0m[38;2;173;194;189m[48;2;182;204;201m▀[0m[38;2;188;211;209m[48;2;174;197;193m▀[0m[38;2;201;223;218m[48;2;184;202;197m▀[0m[38;2;230;250;248m[48;2;231;250;248m▀[0m[38;2;104;118;119m[48;2;146;165;166m▀[0m[38;2;0;0;0m[48;2;0;0;0m▀[0m[38;2;0;0;0m[48;2;0;0;0m▀[0m[38;2;90;108;106m[48;2;4;10;11m▀[0m[38;2;240;255;255m[48;2;223;244;241m▀[0m[38;2;174;190;187m[48;2;202;220;217m▀[0m[38;2;164;181;179m[48;2;178;196;196m▀[0m
[38;2;220;243;243m[48;2;213;234;231m▀[0m[38;2;89;103;105m[48;2;141;161;161m▀[0m[38;2;119;133;133m[48;2;98;105;104m▀[0m[38;2;211;232;230m[48;2;230;250;247m▀[0m[38;2;174;192;189m[48;2;173;190;188m▀[0m[38;2;180;202;198m[48;2;182;202;201m▀[0m[38;2;225;248;249m[48;2;202;225;226m▀[0m[38;2;255;255;255m[48;2;255;255;255m▀[0m[38;2;0;0;0m[48;2;46;56;56m▀[0m[38;2;0;0;0m[48;2;0;0;0m▀[0m[38;2;0;0;0m[48;2;0;0;0m▀[0m[38;2;55;63;64m[48;2;21;31;29m▀[0m[38;2;226;255;251m[48;2;250;255;255m▀[0m[38;2;181;202;197m[48;2;186;216;212m▀[0m[38;2;185;220;217m[48;2;178;224;225m▀[0m[38;2;161;198;197m[48;2;193;192;195m▀[0m[38;2;106;0;0m[48;2;255;255;255m▀[0m[38;2;230;0;0m[48;2;255;0;0m▀[0m[38;2;83;71;69m[48;2;174;0;0m▀[0m[38;2;171;0;0m[48;2;172;0;0m▀[0m[38;2;180;81;80m[48;2;156;0;0m▀[0m[38;2;244;60;60m[48;2;167;0;0m▀[0m[38;2;138;0;0m[48;2;255;255;255m▀[0m[38;2;0;0;0m[48;2;101;95;95m▀[0m[38;2;128;164;164m[48;2;0;0;0m▀[0m[38;2;221;249;246m[48;2;238;255;255m▀[0m[38;2;165;186;179m[48;2;184;207;203m▀[0m[38;2;175;195;190m[48;2;173;193;189m▀[0m[38;2;228;251;247m[48;2;227;250;247m▀[0m[38;2;181;203;202m[48;2;204;231;230m▀[0m[38;2;0;0;0m[48;2;0;0;0m▀[0m[38;2;13;17;17m[48;2;62;70;72m▀[0m[38;2;0;0;0m[48;2;0;0;0m▀[0m[38;2;155;172;171m[48;2;50;56;57m▀[0m[38;2;241;255;255m[48;2;255;255;255m▀[0m[38;2;184;205;202m[48;2;186;209;208m▀[0m
[38;2;188;207;204m[48;2;186;205;205m▀[0m[38;2;234;255;255m[48;2;213;238;236m▀[0m[38;2;116;129;129m[48;2;255;255;255m▀[0m[38;2;201;224;220m[48;2;239;255;255m▀[0m[38;2;162;181;175m[48;2;198;224;223m▀[0m[38;2;225;250;249m[48;2;174;198;200m▀[0m[38;2;185;204;210m[48;2;164;185;186m▀[0m[38;2;255;255;255m[48;2;241;255;255m▀[0m[38;2;148;169;166m[48;2;202;224;221m▀[0m[38;2;0;0;0m[48;2;0;0;0m▀[0m[38;2;0;0;0m[48;2;0;0;0m▀[0m[38;2;0;0;0m[48;2;6;12;12m▀[0m[38;2;196;227;225m[48;2;255;255;255m▀[0m[38;2;232;244;247m[48;2;255;255;255m▀[0m[38;2;255;255;255m[48;2;255;255;255m▀[0m[38;2;255;255;255m[48;2;255;255;255m▀[0m[38;2;255;255;255m[48;2;0;0;0m▀[0m[38;2;117;0;0m[48;2;0;0;0m▀[0m[38;2;32;5;6m[48;2;46;4;0m▀[0m[38;2;171;0;0m[48;2;255;71;63m▀[0m[38;2;28;0;0m[48;2;255;97;98m▀[0m[38;2;35;0;0m[48;2;0;33;33m▀[0m[38;2;255;255;255m[48;2;62;69;67m▀[0m[38;2;255;255;255m[48;2;255;255;255m▀[0m[38;2;223;225;223m[48;2;255;255;255m▀[0m[38;2;103;119;123m[48;2;255;255;255m▀[0m[38;2;242;255;255m[48;2;181;196;196m▀[0m[38;2;185;202;200m[48;2;202;234;233m▀[0m[38;2;220;246;241m[48;2;234;255;255m▀[0m[38;2;218;244;246m[48;2;207;235;233m▀[0m[38;2;0;0;0m[48;2;0;0;0m▀[0m[38;2;127;135;135m[48;2;235;242;244m▀[0m[38;2;157;169;169m[48;2;164;177;178m▀[0m[38;2;0;0;0m[48;2;0;0;0m▀[0m[38;2;255;255;255m[48;2;255;255;255m▀[0m[38;2;239;255;255m[48;2;186;216;217m▀[0m
[38;2;197;218;216m[48;2;202;223;219m▀[0m[38;2;188;210;204m[48;2;173;192;188m▀[0m[38;2;242;255;255m[48;2;205;225;224m▀[0m[38;2;255;255;255m[48;2;231;240;242m▀[0m[38;2;255;255;255m[48;2;255;255;255m▀[0m[38;2;239;246;251m[48;2;236;253;255m▀[0m[38;2;202;221;221m[48;2;182;197;195m▀[0m[38;2;255;255;255m[48;2;255;255;255m▀[0m[38;2;217;244;240m[48;2;255;255;255m▀[0m[38;2;0;0;0m[48;2;0;0;0m▀[0m[38;2;55;54;54m[48;2;124;124;124m▀[0m[38;2;255;255;255m[48;2;255;255;255m▀[0m[38;2;255;255;255m[48;2;255;255;255m▀[0m[38;2;255;255;255m[48;2;255;255;255m▀[0m[38;2;255;255;255m[48;2;54;58;58m▀[0m[38;2;0;0;0m[48;2;0;0;0m▀[0m[38;2;0;0;0m[48;2;0;0;0m▀[0m[38;2;0;0;0m[48;2;0;0;0m▀[0m[38;2;164;185;184m[48;2;255;255;255m▀[0m[38;2;255;255;255m[48;2;255;255;255m▀[0m[38;2;255;23;20m[48;2;0;0;0m▀[0m[38;2;41;111;110m[48;2;126;158;155m▀[0m[38;2;0;0;0m[48;2;0;0;0m▀[0m[38;2;197;208;207m[48;2;0;0;0m▀[0m[38;2;255;255;255m[48;2;255;255;255m▀[0m[38;2;255;255;255m[48;2;255;255;255m▀[0m[38;2;255;255;255m[48;2;255;255;255m▀[0m[38;2;192;201;204m[48;2;255;255;255m▀[0m[38;2;238;255;255m[48;2;213;238;235m▀[0m[38;2;195;220;216m[48;2;218;246;246m▀[0m[38;2;0;0;0m[48;2;0;0;0m▀[0m[38;2;200;209;210m[48;2;0;0;0m▀[0m[38;2;0;0;0m[48;2;144;165;170m▀[0m[38;2;198;198;201m[48;2;255;255;255m▀[0m[38;2;255;255;255m[48;2;255;255;255m▀[0m[38;2;161;189;185m[48;2;179;209;207m▀[0m
[38;2;212;232;228m[48;2;215;239;235m▀[0m[38;2;179;197;198m[48;2;202;220;219m▀[0m[38;2;236;255;255m[48;2;239;255;255m▀[0m[38;2;77;88;86m[48;2;121;134;132m▀[0m[38;2;227;238;241m[48;2;48;57;57m▀[0m[38;2;255;255;255m[48;2;244;255;255m▀[0m[38;2;180;190;185m[48;2;186;202;198m▀[0m[38;2;178;178;175m[48;2;158;164;161m▀[0m[38;2;187;201;204m[48;2;144;109;103m▀[0m[38;2;0;0;0m[48;2;0;0;0m▀[0m[38;2;201;210;210m[48;2;216;227;227m▀[0m[38;2;255;255;255m[48;2;255;255;255m▀[0m[38;2;255;255;255m[48;2;255;255;255m▀[0m[38;2;63;71;71m[48;2;97;100;100m▀[0m[38;2;0;0;0m[48;2;0;0;0m▀[0m[38;2;0;0;0m[48;2;0;0;0m▀[0m[38;2;0;0;0m[48;2;0;0;0m▀[0m[38;2;0;0;0m[48;2;67;78;79m▀[0m[38;2;241;255;255m[48;2;102;116;116m▀[0m[38;2;255;255;255m[48;2;139;150;149m▀[0m[38;2;0;0;0m[48;2;79;82;85m▀[0m[38;2;93;108;108m[48;2;227;238;236m▀[0m[38;2;0;0;0m[48;2;83;92;92m▀[0m[38;2;0;0;0m[48;2;0;0;0m▀[0m[38;2;0;0;0m[48;2;0;0;0m▀[0m[38;2;255;255;255m[48;2;255;255;255m▀[0m[38;2;255;255;255m[48;2;255;255;255m▀[0m[38;2;255;254;255m[48;2;255;255;255m▀[0m[38;2;255;255;255m[48;2;3;10;10m▀[0m[38;2;95;110;112m[48;2;16;16;16m▀[0m[38;2;0;0;0m[48;2;212;230;224m▀[0m[38;2;195;218;218m[48;2;255;255;255m▀[0m[38;2;255;255;255m[48;2;255;255;255m▀[0m[38;2;255;255;255m[48;2;202;215;217m▀[0m[38;2;205;212;212m[48;2;18;25;25m▀[0m[38;2;196;225;220m[48;2;242;255;255m▀[0m
[38;2;217;244;241m[48;2;221;247;243m▀[0m[38;2;232;249;251m[48;2;255;255;255m▀[0m[38;2;204;226;225m[48;2;172;190;195m▀[0m[38;2;235;242;244m[48;2;166;178;178m▀[0m[38;2;35;37;40m[48;2;184;198;198m▀[0m[38;2;37;47;48m[48;2;65;71;70m▀[0m[38;2;203;215;216m[48;2;0;0;0m▀[0m[38;2;110;116;112m[48;2;188;193;188m▀[0m[38;2;255;255;255m[48;2;177;144;141m▀[0m[38;2;196;180;178m[48;2;255;255;255m▀[0m[38;2;18;0;0m[48;2;140;138;134m▀[0m[38;2;248;254;254m[48;2;0;0;0m▀[0m[38;2;255;255;255m[48;2;250;251;251m▀[0m[38;2;159;166;166m[48;2;179;182;185m▀[0m[38;2;0;0;0m[48;2;0;0;0m▀[0m[38;2;0;0;0m[48;2;101;103;104m▀[0m[38;2;162;166;164m[48;2;255;255;255m▀[0m[38;2;255;255;255m[48;2;255;255;255m▀[0m[38;2;247;244;244m[48;2;255;255;255m▀[0m[38;2;255;255;255m[48;2;255;255;255m▀[0m[38;2;254;255;255m[48;2;255;255;255m▀[0m[38;2;209;215;215m[48;2;255;255;255m▀[0m[38;2;66;71;71m[48;2;255;255;255m▀[0m[38;2;0;0;0m[48;2;0;0;0m▀[0m[38;2;8;11;10m[48;2;58;60;64m▀[0m[38;2;255;255;255m[48;2;255;255;255m▀[0m[38;2;255;255;255m[48;2;255;255;255m▀[0m[38;2;255;255;255m[48;2;116;121;118m▀[0m[38;2;0;0;0m[48;2;190;209;208m▀[0m[38;2;228;238;238m[48;2;255;255;255m▀[0m[38;2;255;255;255m[48;2;255;255;255m▀[0m[38;2;255;255;255m[48;2;255;255;255m▀[0m[38;2;255;255;255m[48;2;28;32;32m▀[0m[38;2;0;0;0m[48;2;0;0;0m▀[0m[38;2;0;0;0m[48;2;193;203;205m▀[0m[38;2;255;255;255m[48;2;255;255;255m▀[0m
[38;2;232;255;251m[48;2;242;255;255m▀[0m[38;2;255;255;255m[48;2;255;255;255m▀[0m[38;2;81;89;90m[48;2;0;0;0m▀[0m[38;2;255;255;255m[48;2;90;95;97m▀[0m[38;2;255;255;255m[48;2;205;218;220m▀[0m[38;2;211;227;228m[48;2;9;23;23m▀[0m[38;2;0;0;0m[48;2;0;0;0m▀[0m[38;2;52;63;62m[48;2;0;0;0m▀[0m[38;2;154;135;132m[48;2;0;2;2m▀[0m[38;2;88;40;34m[48;2;73;62;60m▀[0m[38;2;147;128;127m[48;2;47;28;27m▀[0m[38;2;166;187;187m[48;2;124;139;143m▀[0m[38;2;31;49;51m[48;2;158;194;196m▀[0m[38;2;19;27;26m[48;2;118;133;126m▀[0m[38;2;0;0;0m[48;2;86;92;89m▀[0m[38;2;255;255;255m[48;2;255;255;255m▀[0m[38;2;255;255;255m[48;2;164;181;181m▀[0m[38;2;180;190;188m[48;2;133;157;157m▀[0m[38;2;218;236;236m[48;2;133;157;157m▀[0m[38;2;255;255;255m[48;2;255;255;255m▀[0m[38;2;188;189;189m[48;2;143;166;165m▀[0m[38;2;250;255;255m[48;2;109;134;132m▀[0m[38;2;255;255;255m[48;2;255;255;255m▀[0m[38;2;20;21;21m[48;2;204;209;209m▀[0m[38;2;143;146;147m[48;2;182;186;186m▀[0m[38;2;255;255;255m[48;2;209;220;221m▀[0m[38;2;86;93;90m[48;2;203;216;215m▀[0m[38;2;134;150;149m[48;2;155;165;169m▀[0m[38;2;248;255;255m[48;2;187;203;202m▀[0m[38;2;207;218;213m[48;2;182;197;195m▀[0m[38;2;255;255;255m[48;2;75;87;87m▀[0m[38;2;106;125;124m[48;2;0;0;0m▀[0m[38;2;0;0;0m[48;2;0;0;0m▀[0m[38;2;0;0;0m[48;2;0;0;0m▀[0m[38;2;239;255;255m[48;2;108;117;117m▀[0m[38;2;255;255;255m[48;2;255;255;255m▀[0m
[38;2;254;255;255m[48;2;255;255;255m▀[0m[38;2;255;255;255m[48;2;244;255;255m▀[0m[38;2;0;0;0m[48;2;0;0;0m▀[0m[38;2;0;0;0m[48;2;255;255;255m▀[0m[38;2;0;0;0m[48;2;255;255;255m▀[0m[38;2;0;0;0m[48;2;41;43;41m▀[0m[38;2;0;0;0m[48;2;0;0;0m▀[0m[38;2;0;0;0m[48;2;0;0;0m▀[0m[38;2;0;0;0m[48;2;0;0;0m▀[0m[38;2;0;0;0m[48;2;0;0;0m▀[0m[38;2;23;31;33m[48;2;0;0;0m▀[0m[38;2;4;14;17m[48;2;3;0;0m▀[0m[38;2;0;0;0m[48;2;167;172;172m▀[0m[38;2;6;10;8m[48;2;173;178;178m▀[0m[38;2;0;0;0m[48;2;102;103;101m▀[0m[38;2;179;197;197m[48;2;255;255;255m▀[0m[38;2;58;74;73m[48;2;255;194;184m▀[0m[38;2;189;25;25m[48;2;255;197;187m▀[0m[38;2;221;218;218m[48;2;255;255;255m▀[0m[38;2;201;236;239m[48;2;255;255;255m▀[0m[38;2;161;139;140m[48;2;255;190;192m▀[0m[38;2;94;65;66m[48;2;230;64;58m▀[0m[38;2;178;203;203m[48;2;83;118;120m▀[0m[38;2;255;255;255m[48;2;255;255;255m▀[0m[38;2;128;132;131m[48;2;195;197;196m▀[0m[38;2;207;220;217m[48;2;164;181;173m▀[0m[38;2;215;227;226m[48;2;167;173;170m▀[0m[38;2;39;49;50m[48;2;0;0;0m▀[0m[38;2;9;19;19m[48;2;0;0;0m▀[0m[38;2;0;0;0m[48;2;0;0;0m▀[0m[38;2;0;0;0m[48;2;14;21;21m▀[0m[38;2;0;0;0m[48;2;0;2;2m▀[0m[38;2;0;0;0m[48;2;0;0;0m▀[0m[38;2;0;0;0m[48;2;0;0;0m▀[0m[38;2;102;106;109m[48;2;98;105;105m▀[0m[38;2;255;255;255m[48;2;255;255;255m▀[0m
[38;2;255;255;255m[48;2;255;255;255m▀[0m[38;2;223;246;244m[48;2;198;219;217m▀[0m[38;2;0;0;0m[48;2;0;0;0m▀[0m[38;2;255;255;255m[48;2;255;255;255m▀[0m[38;2;255;255;255m[48;2;255;255;255m▀[0m[38;2;255;255;255m[48;2;255;255;255m▀[0m[38;2;255;255;255m[48;2;255;255;255m▀[0m[38;2;0;0;0m[48;2;255;255;255m▀[0m[38;2;0;0;0m[48;2;202;205;205m▀[0m[38;2;0;0;0m[48;2;0;0;0m▀[0m[38;2;0;6;6m[48;2;0;0;0m▀[0m[38;2;255;255;255m[48;2;254;255;255m▀[0m[38;2;255;255;255m[48;2;255;255;255m▀[0m[38;2;255;255;255m[48;2;255;255;255m▀[0m[38;2;73;83;79m[48;2;18;25;24m▀[0m[38;2;127;141;140m[48;2;0;0;0m▀[0m[38;2;255;255;255m[48;2;255;255;255m▀[0m[38;2;255;255;255m[48;2;255;251;253m▀[0m[38;2;179;221;221m[48;2;0;0;0m▀[0m[38;2;255;255;255m[48;2;0;0;0m▀[0m[38;2;255;255;255m[48;2;255;255;255m▀[0m[38;2;255;201;198m[48;2;255;255;255m▀[0m[38;2;241;175;173m[48;2;87;82;75m▀[0m[38;2;143;136;132m[48;2;0;0;0m▀[0m[38;2;203;219;218m[48;2;255;255;255m▀[0m[38;2;255;255;255m[48;2;255;255;255m▀[0m[38;2;255;255;255m[48;2;255;255;255m▀[0m[38;2;0;0;0m[48;2;0;0;0m▀[0m[38;2;0;0;0m[48;2;0;0;0m▀[0m[38;2;0;0;0m[48;2;0;0;0m▀[0m[38;2;12;18;18m[48;2;0;0;0m▀[0m[38;2;0;0;0m[48;2;0;0;0m▀[0m[38;2;0;0;0m[48;2;4;5;6m▀[0m[38;2;0;0;0m[48;2;0;0;0m▀[0m[38;2;81;85;85m[48;2;33;36;37m▀[0m[38;2;255;255;255m[48;2;255;255;255m▀[0m
[38;2;255;255;255m[48;2;255;255;255m▀[0m[38;2;95;104;104m[48;2;0;0;0m▀[0m[38;2;0;0;0m[48;2;0;0;0m▀[0m[38;2;255;255;255m[48;2;255;255;255m▀[0m[38;2;255;255;255m[48;2;255;255;255m▀[0m[38;2;255;255;255m[48;2;255;255;255m▀[0m[38;2;255;255;255m[48;2;255;255;255m▀[0m[38;2;255;255;255m[48;2;255;255;255m▀[0m[38;2;255;255;255m[48;2;255;255;255m▀[0m[38;2;255;255;255m[48;2;255;255;255m▀[0m[38;2;0;0;0m[48;2;0;0;0m▀[0m[38;2;95;100;97m[48;2;0;0;0m▀[0m[38;2;255;255;255m[48;2;255;255;255m▀[0m[38;2;255;255;255m[48;2;255;255;255m▀[0m[38;2;244;253;254m[48;2;255;255;255m▀[0m[38;2;133;141;141m[48;2;251;255;255m▀[0m[38;2;128;139;139m[48;2;0;0;0m▀[0m[38;2;255;255;255m[48;2;0;0;0m▀[0m[38;2;255;58;56m[48;2;236;210;203m▀[0m[38;2;255;46;47m[48;2;241;254;255m▀[0m[38;2;255;255;255m[48;2;0;0;0m▀[0m[38;2;138;150;148m[48;2;0;0;0m▀[0m[38;2;3;24;21m[48;2;250;255;255m▀[0m[38;2;193;205;205m[48;2;255;255;255m▀[0m[38;2;255;255;255m[48;2;255;255;255m▀[0m[38;2;255;255;255m[48;2;255;255;255m▀[0m[38;2;158;162;161m[48;2;0;0;0m▀[0m[38;2;0;0;0m[48;2;0;0;0m▀[0m[38;2;0;0;0m[48;2;255;255;255m▀[0m[38;2;65;66;66m[48;2;255;255;255m▀[0m[38;2;158;162;162m[48;2;255;255;255m▀[0m[38;2;255;255;255m[48;2;255;255;255m▀[0m[38;2;255;255;255m[48;2;255;255;255m▀[0m[38;2;177;178;178m[48;2;221;220;220m▀[0m[38;2;2;8;9m[48;2;41;51;50m▀[0m[38;2;255;255;255m[48;2;255;255;255m▀[0m
