[38;2;125;124;125m[48;2;201;203;201m▀[0m[38;2;47;49;49m[48;2;118;117;117m▀[0m[38;2;0;0;0m[48;2;140;141;138m▀[0m[38;2;9;11;11m[48;2;255;255;255m▀[0m[38;2;0;0;0m[48;2;148;150;150m▀[0m[38;2;0;0;0m[48;2;0;0;0m▀[0m[38;2;2;5;5m[48;2;0;0;0m▀[0m[38;2;35;34;34m[48;2;61;60;60m▀[0m[38;2;34;34;36m[48;2;29;29;29m▀[0m[38;2;0;0;0m[48;2;0;0;0m▀[0m[38;2;0;0;0m[48;2;0;0;0m▀[0m[38;2;101;103;103m[48;2;196;198;198m▀[0m[38;2;196;200;200m[48;2;226;234;234m▀[0m[38;2;61;64;64m[48;2;191;187;185m▀[0m[38;2;64;72;75m[48;2;66;18;16m▀[0m[38;2;255;255;255m[48;2;194;202;201m▀[0m[38;2;255;255;255m[48;2;205;207;207m▀[0m[38;2;255;255;255m[48;2;255;255;255m▀[0m[38;2;255;255;255m[48;2;255;255;255m▀[0m[38;2;233;236;236m[48;2;255;255;255m▀[0m[38;2;255;255;255m[48;2;255;255;255m▀[0m[38;2;155;155;155m[48;2;255;255;255m▀[0m[38;2;139;142;142m[48;2;255;255;255m▀[0m[38;2;81;83;83m[48;2;205;209;209m▀[0m[38;2;13;12;12m[48;2;20;22;22m▀[0m[38;2;0;0;0m[48;2;0;0;0m▀[0m[38;2;0;0;0m[48;2;0;0;0m▀[0m[38;2;0;0;0m[48;2;0;0;0m▀[0m[38;2;0;0;0m[48;2;0;0;0m▀[0m[38;2;134;136;136m[48;2;177;180;180m▀[0m[38;2;95;95;95m[48;2;86;86;86m▀[0m[38;2;0;0;0m[48;2;0;0;0m▀[0m[38;2;0;0;0m[48;2;0;0;0m▀[0m[38;2;0;0;0m[48;2;0;0;0m▀[0m[38;2;18;21;21m[48;2;18;18;20m▀[0m[38;2;0;0;0m[48;2;0;0;0m▀[0m
[38;2;19;22;21m[48;2;0;0;0m▀[0m[38;2;165;167;169m[48;2;48;48;50m▀[0m[38;2;156;156;158m[48;2;0;0;0m▀[0m[38;2;155;158;160m[48;2;0;3;3m▀[0m[38;2;255;255;255m[48;2;217;217;217m▀[0m[38;2;151;153;153m[48;2;131;133;133m▀[0m[38;2;0;0;0m[48;2;15;17;17m▀[0m[38;2;55;58;60m[48;2;10;13;10m▀[0m[38;2;7;7;9m[48;2;0;0;0m▀[0m[38;2;6;9;9m[48;2;99;98;98m▀[0m[38;2;22;22;22m[48;2;184;187;183m▀[0m[38;2;68;72;72m[48;2;104;106;106m▀[0m[38;2;186;190;192m[48;2;151;153;153m▀[0m[38;2;215;219;219m[48;2;177;186;189m▀[0m[38;2;125;92;90m[48;2;221;211;211m▀[0m[38;2;0;0;0m[48;2;137;115;112m▀[0m[38;2;0;0;0m[48;2;20;30;30m▀[0m[38;2;0;0;0m[48;2;7;10;10m▀[0m[38;2;0;0;0m[48;2;0;0;0m▀[0m[38;2;255;255;255m[48;2;46;46;46m▀[0m[38;2;255;255;255m[48;2;0;0;0m▀[0m[38;2;255;255;255m[48;2;75;75;75m▀[0m[38;2;255;255;255m[48;2;255;255;255m▀[0m[38;2;255;255;255m[48;2;255;255;255m▀[0m[38;2;31;34;36m[48;2;0;0;0m▀[0m[38;2;0;0;0m[48;2;0;0;0m▀[0m[38;2;0;0;0m[48;2;0;0;0m▀[0m[38;2;0;0;0m[48;2;0;0;0m▀[0m[38;2;0;0;0m[48;2;0;0;0m▀[0m[38;2;123;126;126m[48;2;136;136;136m▀[0m[38;2;142;141;142m[48;2;254;254;254m▀[0m[38;2;0;0;0m[48;2;0;0;0m▀[0m[38;2;0;0;0m[48;2;0;0;0m▀[0m[38;2;0;0;0m[48;2;0;0;0m▀[0m[38;2;0;0;0m[48;2;1;1;1m▀[0m[38;2;0;0;0m[48;2;56;57;54m▀[0m
[38;2;74;77;73m[48;2;255;255;255m▀[0m[38;2;23;23;25m[48;2;50;50;51m▀[0m[38;2;0;0;0m[48;2;0;0;0m▀[0m[38;2;255;255;255m[48;2;120;120;120m▀[0m[38;2;255;255;255m[48;2;123;123;123m▀[0m[38;2;44;43;43m[48;2;0;0;0m▀[0m[38;2;0;0;0m[48;2;0;0;0m▀[0m[38;2;1;1;2m[48;2;0;0;0m▀[0m[38;2;0;0;0m[48;2;9;12;11m▀[0m[38;2;162;165;165m[48;2;194;197;197m▀[0m[38;2;255;255;255m[48;2;255;255;255m▀[0m[38;2;0;0;0m[48;2;0;0;0m▀[0m[38;2;143;147;147m[48;2;0;0;0m▀[0m[38;2;160;164;164m[48;2;50;50;50m▀[0m[38;2;251;255;255m[48;2;159;166;166m▀[0m[38;2;255;255;253m[48;2;231;198;198m▀[0m[38;2;206;210;207m[48;2;255;255;255m▀[0m[38;2;224;227;229m[48;2;255;255;255m▀[0m[38;2;177;179;180m[48;2;255;255;255m▀[0m[38;2;0;1;2m[48;2;176;179;180m▀[0m[38;2;6;8;8m[48;2;172;174;174m▀[0m[38;2;0;0;0m[48;2;88;92;89m▀[0m[38;2;37;37;37m[48;2;0;0;0m▀[0m[38;2;7;6;6m[48;2;0;0;0m▀[0m[38;2;0;0;0m[48;2;39;39;40m▀[0m[38;2;80;80;80m[48;2;255;255;255m▀[0m[38;2;255;255;255m[48;2;255;255;255m▀[0m[38;2;255;255;255m[48;2;145;145;142m▀[0m[38;2;0;0;0m[48;2;255;255;255m▀[0m[38;2;10;10;10m[48;2;92;92;92m▀[0m[38;2;149;149;151m[48;2;204;204;204m▀[0m[38;2;0;0;0m[48;2;8;8;10m▀[0m[38;2;0;0;0m[48;2;0;0;0m▀[0m[38;2;0;0;0m[48;2;8;8;8m▀[0m[38;2;1;1;1m[48;2;36;39;39m▀[0m[38;2;37;39;39m[48;2;1;0;2m▀[0m
[38;2;255;255;255m[48;2;236;236;234m▀[0m[38;2;54;54;56m[48;2;0;0;0m▀[0m[38;2;0;0;0m[48;2;0;0;0m▀[0m[38;2;0;0;0m[48;2;17;20;20m▀[0m[38;2;0;0;0m[48;2;61;61;61m▀[0m[38;2;8;10;12m[48;2;0;0;0m▀[0m[38;2;0;0;0m[48;2;4;6;6m▀[0m[38;2;0;0;0m[48;2;191;193;196m▀[0m[38;2;97;100;99m[48;2;142;145;148m▀[0m[38;2;251;254;253m[48;2;255;255;255m▀[0m[38;2;255;255;255m[48;2;160;158;161m▀[0m[38;2;108;110;110m[48;2;0;0;0m▀[0m[38;2;0;0;0m[48;2;0;0;0m▀[0m[38;2;0;0;0m[48;2;65;67;69m▀[0m[38;2;0;0;0m[48;2;73;73;73m▀[0m[38;2;0;0;0m[48;2;2;4;6m▀[0m[38;2;28;30;30m[48;2;203;211;209m▀[0m[38;2;255;255;255m[48;2;7;0;0m▀[0m[38;2;255;255;255m[48;2;104;109;109m▀[0m[38;2;246;175;172m[48;2;255;151;150m▀[0m[38;2;249;240;237m[48;2;255;255;255m▀[0m[38;2;255;255;255m[48;2;252;255;255m▀[0m[38;2;0;1;3m[48;2;0;0;0m▀[0m[38;2;0;0;0m[48;2;0;0;0m▀[0m[38;2;20;20;20m[48;2;0;0;0m▀[0m[38;2;255;255;255m[48;2;250;253;253m▀[0m[38;2;66;66;66m[48;2;255;255;255m▀[0m[38;2;0;0;0m[48;2;255;255;255m▀[0m[38;2;255;255;255m[48;2;0;0;0m▀[0m[38;2;194;194;196m[48;2;13;12;12m▀[0m[38;2;104;104;104m[48;2;37;37;37m▀[0m[38;2;10;10;12m[48;2;0;0;0m▀[0m[38;2;0;0;0m[48;2;0;0;0m▀[0m[38;2;14;16;16m[48;2;0;0;0m▀[0m[38;2;32;32;34m[48;2;0;0;0m▀[0m[38;2;0;0;0m[48;2;0;0;0m▀[0m
[38;2;108;110;110m[48;2;51;51;52m▀[0m[38;2;0;0;0m[48;2;0;0;0m▀[0m[38;2;0;0;0m[48;2;0;0;0m▀[0m[38;2;15;17;17m[48;2;64;62;65m▀[0m[38;2;8;7;7m[48;2;153;152;152m▀[0m[38;2;36;34;37m[48;2;240;242;244m▀[0m[38;2;146;150;150m[48;2;187;189;191m▀[0m[38;2;209;211;211m[48;2;209;211;211m▀[0m[38;2;255;255;255m[48;2;255;255;255m▀[0m[38;2;189;187;190m[48;2;0;0;0m▀[0m[38;2;0;0;0m[48;2;0;0;0m▀[0m[38;2;0;0;0m[48;2;255;255;255m▀[0m[38;2;64;66;66m[48;2;171;171;171m▀[0m[38;2;112;112;112m[48;2;255;255;255m▀[0m[38;2;198;198;198m[48;2;255;255;255m▀[0m[38;2;255;255;255m[48;2;204;208;208m▀[0m[38;2;240;248;248m[48;2;105;107;109m▀[0m[38;2;195;145;137m[48;2;146;169;174m▀[0m[38;2;0;0;0m[48;2;226;161;155m▀[0m[38;2;0;0;0m[48;2;0;0;0m▀[0m[38;2;226;234;234m[48;2;0;0;0m▀[0m[38;2;22;28;26m[48;2;0;0;0m▀[0m[38;2;0;0;0m[48;2;0;0;0m▀[0m[38;2;0;0;0m[48;2;35;35;35m▀[0m[38;2;0;0;0m[48;2;0;0;0m▀[0m[38;2;0;0;0m[48;2;0;0;0m▀[0m[38;2;183;186;186m[48;2;0;0;0m▀[0m[38;2;170;173;173m[48;2;0;0;0m▀[0m[38;2;0;0;0m[48;2;0;0;0m▀[0m[38;2;0;0;0m[48;2;50;52;52m▀[0m[38;2;95;98;98m[48;2;255;255;255m▀[0m[38;2;0;0;0m[48;2;255;255;255m▀[0m[38;2;8;6;9m[48;2;0;0;0m▀[0m[38;2;0;0;0m[48;2;0;0;0m▀[0m[38;2;10;10;10m[48;2;17;19;19m▀[0m[38;2;0;0;0m[48;2;0;0;0m▀[0m
[38;2;0;0;0m[48;2;0;0;0m▀[0m[38;2;0;0;0m[48;2;114;116;114m▀[0m[38;2;51;54;54m[48;2;211;212;209m▀[0m[38;2;102;102;102m[48;2;255;255;255m▀[0m[38;2;163;165;165m[48;2;66;69;69m▀[0m[38;2;192;192;192m[48;2;93;92;92m▀[0m[38;2;243;244;241m[48;2;197;200;200m▀[0m[38;2;255;255;255m[48;2;113;112;112m▀[0m[38;2;189;189;189m[48;2;0;0;0m▀[0m[38;2;0;0;0m[48;2;0;0;0m▀[0m[38;2;73;75;75m[48;2;102;104;104m▀[0m[38;2;255;255;255m[48;2;205;204;204m▀[0m[38;2;112;114;114m[48;2;54;54;54m▀[0m[38;2;133;135;135m[48;2;107;102;102m▀[0m[38;2;255;255;255m[48;2;255;255;255m▀[0m[38;2;255;255;255m[48;2;232;235;235m▀[0m[38;2;255;255;255m[48;2;195;199;198m▀[0m[38;2;255;255;255m[48;2;199;216;216m▀[0m[38;2;255;255;255m[48;2;255;255;255m▀[0m[38;2;125;87;85m[48;2;162;165;165m▀[0m[38;2;0;10;14m[48;2;82;85;86m▀[0m[38;2;57;60;61m[48;2;39;42;42m▀[0m[38;2;0;0;0m[48;2;2;2;2m▀[0m[38;2;1;1;1m[48;2;0;0;0m▀[0m[38;2;16;18;18m[48;2;5;5;5m▀[0m[38;2;3;3;3m[48;2;0;2;2m▀[0m[38;2;0;0;0m[48;2;5;4;4m▀[0m[38;2;0;0;0m[48;2;0;0;0m▀[0m[38;2;0;0;0m[48;2;0;0;0m▀[0m[38;2;111;114;111m[48;2;0;0;0m▀[0m[38;2;255;255;255m[48;2;255;255;255m▀[0m[38;2;255;255;255m[48;2;255;255;255m▀[0m[38;2;85;84;84m[48;2;255;255;255m▀[0m[38;2;0;0;0m[48;2;0;0;0m▀[0m[38;2;21;21;22m[48;2;0;0;0m▀[0m[38;2;0;0;0m[48;2;0;0;0m▀[0m
[38;2;251;251;252m[48;2;255;255;255m▀[0m[38;2;117;117;119m[48;2;255;255;255m▀[0m[38;2;154;153;153m[48;2;178;178;178m▀[0m[38;2;239;242;239m[48;2;39;39;39m▀[0m[38;2;171;174;171m[48;2;0;0;0m▀[0m[38;2;57;60;60m[48;2;110;114;114m▀[0m[38;2;0;0;0m[48;2;255;255;255m▀[0m[38;2;0;0;0m[48;2;204;204;204m▀[0m[38;2;1;1;1m[48;2;255;255;255m▀[0m[38;2;131;130;130m[48;2;229;232;232m▀[0m[38;2;5;5;5m[48;2;38;38;38m▀[0m[38;2;0;0;0m[48;2;200;203;203m▀[0m[38;2;129;131;131m[48;2;64;68;68m▀[0m[38;2;255;255;255m[48;2;223;223;225m▀[0m[38;2;231;236;236m[48;2;253;239;236m▀[0m[38;2;218;221;220m[48;2;255;255;255m▀[0m[38;2;255;255;255m[48;2;255;255;255m▀[0m[38;2;235;218;216m[48;2;255;236;232m▀[0m[38;2;255;255;255m[48;2;167;140;137m▀[0m[38;2;121;128;128m[48;2;0;0;0m▀[0m[38;2;28;30;31m[48;2;69;71;71m▀[0m[38;2;0;0;0m[48;2;63;65;65m▀[0m[38;2;6;6;6m[48;2;0;0;0m▀[0m[38;2;37;37;37m[48;2;25;25;25m▀[0m[38;2;0;0;0m[48;2;22;22;22m▀[0m[38;2;0;0;0m[48;2;23;22;22m▀[0m[38;2;0;0;0m[48;2;38;40;40m▀[0m[38;2;0;0;0m[48;2;64;67;67m▀[0m[38;2;0;0;0m[48;2;21;21;21m▀[0m[38;2;0;0;0m[48;2;0;0;0m▀[0m[38;2;241;241;241m[48;2;136;138;136m▀[0m[38;2;255;255;255m[48;2;255;255;255m▀[0m[38;2;255;255;255m[48;2;255;255;255m▀[0m[38;2;148;151;148m[48;2;255;255;255m▀[0m[38;2;0;0;0m[48;2;0;0;0m▀[0m[38;2;0;0;0m[48;2;0;0;0m▀[0m
[38;2;255;255;255m[48;2;151;151;149m▀[0m[38;2;255;255;255m[48;2;168;168;168m▀[0m[38;2;255;255;255m[48;2;226;226;224m▀[0m[38;2;255;255;255m[48;2;255;255;255m▀[0m[38;2;93;93;93m[48;2;255;255;255m▀[0m[38;2;119;118;118m[48;2;225;225;225m▀[0m[38;2;1;2;0m[48;2;18;17;17m▀[0m[38;2;94;93;94m[48;2;0;0;0m▀[0m[38;2;91;93;93m[48;2;0;0;0m▀[0m[38;2;56;55;55m[48;2;0;0;0m▀[0m[38;2;0;0;0m[48;2;0;0;0m▀[0m[38;2;165;165;165m[48;2;125;125;127m▀[0m[38;2;0;0;0m[48;2;29;39;39m▀[0m[38;2;182;162;161m[48;2;120;101;99m▀[0m[38;2;255;255;255m[48;2;255;255;255m▀[0m[38;2;255;255;255m[48;2;255;255;255m▀[0m[38;2;255;255;255m[48;2;255;255;255m▀[0m[38;2;255;255;255m[48;2;255;255;255m▀[0m[38;2;2;2;2m[48;2;0;0;0m▀[0m[38;2;0;0;0m[48;2;116;127;127m▀[0m[38;2;111;114;114m[48;2;8;8;8m▀[0m[38;2;202;201;201m[48;2;0;0;0m▀[0m[38;2;170;172;172m[48;2;226;225;225m▀[0m[38;2;19;21;21m[48;2;255;255;255m▀[0m[38;2;140;143;142m[48;2;163;165;165m▀[0m[38;2;135;138;135m[48;2;154;153;151m▀[0m[38;2;33;33;33m[48;2;255;255;255m▀[0m[38;2;0;0;0m[48;2;95;98;98m▀[0m[38;2;19;19;19m[48;2;0;0;0m▀[0m[38;2;0;0;0m[48;2;0;0;0m▀[0m[38;2;5;7;7m[48;2;10;10;8m▀[0m[38;2;255;255;255m[48;2;237;240;240m▀[0m[38;2;255;255;255m[48;2;255;255;255m▀[0m[38;2;255;255;255m[48;2;255;255;255m▀[0m[38;2;118;121;120m[48;2;255;255;255m▀[0m[38;2;0;0;0m[48;2;0;0;0m▀[0m
[38;2;191;191;189m[48;2;255;255;255m▀[0m[38;2;133;133;133m[48;2;255;255;255m▀[0m[38;2;112;112;110m[48;2;255;255;255m▀[0m[38;2;129;129;129m[48;2;189;189;189m▀[0m[38;2;255;255;255m[48;2;134;134;132m▀[0m[38;2;255;255;255m[48;2;248;248;250m▀[0m[38;2;255;255;255m[48;2;255;255;255m▀[0m[38;2;255;255;255m[48;2;255;255;255m▀[0m[38;2;255;255;255m[48;2;255;255;255m▀[0m[38;2;206;206;206m[48;2;255;255;255m▀[0m[38;2;68;68;68m[48;2;255;255;255m▀[0m[38;2;0;0;0m[48;2;62;61;61m▀[0m[38;2;23;23;23m[48;2;27;30;30m▀[0m[38;2;51;53;53m[48;2;17;20;20m▀[0m[38;2;255;255;255m[48;2;255;255;255m▀[0m[38;2;255;255;255m[48;2;255;255;255m▀[0m[38;2;255;255;255m[48;2;255;255;255m▀[0m[38;2;255;238;236m[48;2;216;171;165m▀[0m[38;2;0;0;0m[48;2;0;0;0m▀[0m[38;2;75;80;77m[48;2;25;28;28m▀[0m[38;2;86;89;90m[48;2;27;29;29m▀[0m[38;2;6;8;6m[48;2;137;136;137m▀[0m[38;2;235;235;235m[48;2;160;160;160m▀[0m[38;2;255;255;255m[48;2;245;244;244m▀[0m[38;2;177;179;179m[48;2;245;247;247m▀[0m[38;2;0;0;0m[48;2;215;214;214m▀[0m[38;2;111;114;114m[48;2;255;255;255m▀[0m[38;2;178;178;178m[48;2;255;255;255m▀[0m[38;2;181;181;181m[48;2;255;255;255m▀[0m[38;2;255;255;255m[48;2;255;255;255m▀[0m[38;2;255;255;255m[48;2;255;255;255m▀[0m[38;2;255;255;255m[48;2;255;255;255m▀[0m[38;2;255;255;255m[48;2;255;255;255m▀[0m[38;2;255;255;255m[48;2;255;255;255m▀[0m[38;2;255;255;255m[48;2;255;255;255m▀[0m[38;2;81;81;81m[48;2;61;61;61m▀[0m
[38;2;255;255;255m[48;2;255;255;255m▀[0m[38;2;255;255;255m[48;2;255;255;255m▀[0m[38;2;255;255;255m[48;2;199;202;202m▀[0m[38;2;255;255;255m[48;2;255;255;255m▀[0m[38;2;255;255;255m[48;2;255;255;255m▀[0m[38;2;119;119;119m[48;2;246;246;246m▀[0m[38;2;248;248;248m[48;2;55;54;55m▀[0m[38;2;255;255;255m[48;2;251;253;251m▀[0m[38;2;120;123;123m[48;2;87;89;87m▀[0m[38;2;255;255;255m[48;2;100;99;100m▀[0m[38;2;255;255;255m[48;2;255;255;255m▀[0m[38;2;255;255;255m[48;2;255;255;255m▀[0m[38;2;85;88;88m[48;2;195;197;197m▀[0m[38;2;176;180;181m[48;2;111;113;113m▀[0m[38;2;238;243;240m[48;2;255;255;255m▀[0m[38;2;151;149;147m[48;2;246;190;183m▀[0m[38;2;250;255;255m[48;2;192;192;189m▀[0m[38;2;119;135;133m[48;2;245;255;255m▀[0m[38;2;0;0;0m[48;2;255;255;255m▀[0m[38;2;0;0;0m[48;2;214;209;211m▀[0m[38;2;145;148;148m[48;2;94;101;101m▀[0m[38;2;255;255;255m[48;2;76;81;81m▀[0m[38;2;219;221;221m[48;2;255;255;255m▀[0m[38;2;255;255;255m[48;2;229;229;227m▀[0m[38;2;255;255;255m[48;2;220;223;223m▀[0m[38;2;255;255;255m[48;2;255;255;255m▀[0m[38;2;255;255;255m[48;2;255;255;255m▀[0m[38;2;255;255;255m[48;2;255;255;255m▀[0m[38;2;255;255;255m[48;2;255;255;255m▀[0m[38;2;255;255;255m[48;2;255;255;255m▀[0m[38;2;255;255;255m[48;2;250;250;252m▀[0m[38;2;255;255;255m[48;2;104;104;105m▀[0m[38;2;255;255;255m[48;2;0;0;0m▀[0m[38;2;177;180;180m[48;2;0;0;0m▀[0m[38;2;0;0;0m[48;2;0;0;0m▀[0m[38;2;0;0;0m[48;2;0;0;0m▀[0m
[38;2;255;255;255m[48;2;255;255;255m▀[0m[38;2;255;255;255m[48;2;255;255;255m▀[0m[38;2;105;108;108m[48;2;0;0;0m▀[0m[38;2;186;189;189m[48;2;101;101;99m▀[0m[38;2;255;255;255m[48;2;255;255;255m▀[0m[38;2;255;255;255m[48;2;255;255;255m▀[0m[38;2;188;188;188m[48;2;255;255;255m▀[0m[38;2;0;0;0m[48;2;59;59;59m▀[0m[38;2;195;198;195m[48;2;0;0;0m▀[0m[38;2;71;73;71m[48;2;78;81;81m▀[0m[38;2;250;252;252m[48;2;40;39;39m▀[0m[38;2;255;255;255m[48;2;255;255;255m▀[0m[38;2;200;203;203m[48;2;255;255;255m▀[0m[38;2;209;209;209m[48;2;255;255;255m▀[0m[38;2;151;154;154m[48;2;237;239;239m▀[0m[38;2;153;162;163m[48;2;66;68;70m▀[0m[38;2;255;255;255m[48;2;204;221;221m▀[0m[38;2;255;249;243m[48;2;255;243;240m▀[0m[38;2;255;255;255m[48;2;255;32;24m▀[0m[38;2;255;213;215m[48;2;255;255;255m▀[0m[38;2;178;174;173m[48;2;238;252;252m▀[0m[38;2;204;212;210m[48;2;255;255;255m▀[0m[38;2;138;138;138m[48;2;174;177;177m▀[0m[38;2;53;55;55m[48;2;0;0;0m▀[0m[38;2;255;255;255m[48;2;0;0;0m▀[0m[38;2;255;255;255m[48;2;0;0;0m▀[0m[38;2;253;255;255m[48;2;0;0;0m▀[0m[38;2;178;178;179m[48;2;0;0;0m▀[0m[38;2;65;68;68m[48;2;0;0;0m▀[0m[38;2;0;0;0m[48;2;0;0;0m▀[0m[38;2;0;0;0m[48;2;0;0;0m▀[0m[38;2;0;0;0m[48;2;0;0;0m▀[0m[38;2;43;43;43m[48;2;215;215;215m▀[0m[38;2;0;0;0m[48;2;0;0;0m▀[0m[38;2;0;0;0m[48;2;0;0;0m▀[0m[38;2;6;9;9m[48;2;0;0;0m▀[0m
[38;2;255;255;255m[48;2;255;255;255m▀[0m[38;2;255;255;255m[48;2;188;188;186m▀[0m[38;2;56;56;54m[48;2;242;242;244m▀[0m[38;2;137;137;135m[48;2;255;255;255m▀[0m[38;2;255;255;255m[48;2;255;255;255m▀[0m[38;2;255;255;255m[48;2;255;255;255m▀[0m[38;2;255;255;255m[48;2;255;255;255m▀[0m[38;2;255;255;255m[48;2;255;255;255m▀[0m[38;2;0;0;0m[48;2;255;255;255m▀[0m[38;2;0;0;0m[48;2;0;0;0m▀[0m[38;2;99;98;98m[48;2;192;195;192m▀[0m[38;2;255;255;255m[48;2;255;255;255m▀[0m[38;2;166;169;169m[48;2;195;197;195m▀[0m[38;2;127;126;126m[48;2;214;215;212m▀[0m[38;2;255;255;255m[48;2;255;255;255m▀[0m[38;2;255;255;255m[48;2;255;255;255m▀[0m[38;2;237;241;241m[48;2;255;255;255m▀[0m[38;2;255;255;255m[48;2;255;255;255m▀[0m[38;2;255;187;181m[48;2;255;255;255m▀[0m[38;2;255;255;255m[48;2;255;255;255m▀[0m[38;2;255;255;255m[48;2;255;255;255m▀[0m[38;2;255;255;255m[48;2;255;255;255m▀[0m[38;2;255;255;255m[48;2;255;255;255m▀[0m[38;2;205;208;204m[48;2;255;255;255m▀[0m[38;2;0;0;0m[48;2;255;255;255m▀[0m[38;2;0;0;0m[48;2;11;11;11m▀[0m[38;2;0;0;0m[48;2;0;0;0m▀[0m[38;2;28;31;31m[48;2;205;208;208m▀[0m[38;2;255;255;255m[48;2;255;255;255m▀[0m[38;2;196;198;196m[48;2;225;228;225m▀[0m[38;2;81;84;84m[48;2;255;255;255m▀[0m[38;2;0;0;0m[48;2;88;88;88m▀[0m[38;2;78;78;78m[48;2;0;0;0m▀[0m[38;2;22;22;22m[48;2;20;20;20m▀[0m[38;2;0;0;0m[48;2;186;189;189m▀[0m[38;2;164;164;166m[48;2;255;255;255m▀[0m
