[38;2;72;85;84m[48;2;20;24;23m▀[0m[38;2;66;80;79m[48;2;108;129;125m▀[0m[38;2;11;15;14m[48;2;22;28;27m▀[0m[38;2;0;0;0m[48;2;0;0;0m▀[0m[38;2;19;25;21m[48;2;5;2;2m▀[0m[38;2;21;25;24m[48;2;8;10;10m▀[0m[38;2;22;27;26m[48;2;8;10;10m▀[0m[38;2;28;32;32m[48;2;10;12;12m▀[0m[38;2;33;38;35m[48;2;8;13;9m▀[0m[38;2;38;43;43m[48;2;11;11;11m▀[0m[38;2;43;48;48m[48;2;14;14;14m▀[0m[38;2;49;54;51m[48;2;15;17;17m▀[0m[38;2;52;57;57m[48;2;18;20;20m▀[0m[38;2;54;58;58m[48;2;21;21;21m▀[0m[38;2;56;60;61m[48;2;16;21;20m▀[0m[38;2;58;63;63m[48;2;18;22;24m▀[0m[38;2;59;67;67m[48;2;20;25;25m▀[0m[38;2;61;66;68m[48;2;14;22;22m▀[0m[38;2;59;64;64m[48;2;13;20;20m▀[0m[38;2;59;63;65m[48;2;24;24;24m▀[0m[38;2;60;65;67m[48;2;21;23;25m▀[0m[38;2;59;63;63m[48;2;16;18;19m▀[0m[38;2;55;60;60m[48;2;17;19;21m▀[0m[38;2;50;53;53m[48;2;19;21;21m▀[0m[38;2;45;48;50m[48;2;20;23;23m▀[0m[38;2;41;46;47m[48;2;19;17;21m▀[0m[38;2;37;43;41m[48;2;15;18;14m▀[0m[38;2;29;37;35m[48;2;12;15;15m▀[0m[38;2;28;31;31m[48;2;10;13;9m▀[0m[38;2;24;29;26m[48;2;8;11;11m▀[0m[38;2;23;26;26m[48;2;8;11;10m▀[0m[38;2;18;22;21m[48;2;5;8;7m▀[0m[38;2;9;13;10m[48;2;0;0;0m▀[0m[38;2;10;14;9m[48;2;15;19;16m▀[0m[38;2;50;63;62m[48;2;89;110;106m▀[0m[38;2;83;101;97m[48;2;57;66;65m▀[0m
[38;2;0;0;0m[48;2;0;0;0m▀[0m[38;2;67;80;77m[48;2;0;0;0m▀[0m[38;2;24;33;32m[48;2;18;23;22m▀[0m[38;2;8;10;8m[48;2;12;15;14m▀[0m[38;2;0;0;0m[48;2;0;0;0m▀[0m[38;2;0;0;0m[48;2;0;0;0m▀[0m[38;2;0;1;1m[48;2;0;2;2m▀[0m[38;2;2;4;4m[48;2;2;0;0m▀[0m[38;2;3;5;5m[48;2;2;4;4m▀[0m[38;2;6;6;7m[48;2;1;3;5m▀[0m[38;2;8;12;12m[48;2;0;3;3m▀[0m[38;2;11;13;13m[48;2;0;1;1m▀[0m[38;2;11;14;14m[48;2;0;0;0m▀[0m[38;2;7;9;11m[48;2;0;0;0m▀[0m[38;2;4;11;11m[48;2;0;0;0m▀[0m[38;2;0;0;0m[48;2;21;8;8m▀[0m[38;2;0;0;0m[48;2;251;100;96m▀[0m[38;2;0;1;1m[48;2;174;91;88m▀[0m[38;2;0;2;2m[48;2;0;0;0m▀[0m[38;2;0;0;0m[48;2;151;55;54m▀[0m[38;2;0;0;0m[48;2;64;11;10m▀[0m[38;2;0;9;10m[48;2;0;0;0m▀[0m[38;2;6;11;11m[48;2;0;0;0m▀[0m[38;2;4;6;8m[48;2;0;0;0m▀[0m[38;2;11;13;13m[48;2;0;0;0m▀[0m[38;2;13;12;10m[48;2;1;0;1m▀[0m[38;2;9;12;11m[48;2;0;2;0m▀[0m[38;2;7;10;9m[48;2;1;2;0m▀[0m[38;2;6;5;3m[48;2;2;3;0m▀[0m[38;2;1;3;3m[48;2;1;0;0m▀[0m[38;2;2;2;2m[48;2;0;0;0m▀[0m[38;2;0;1;0m[48;2;0;0;0m▀[0m[38;2;0;3;0m[48;2;4;8;9m▀[0m[38;2;22;28;26m[48;2;29;37;31m▀[0m[38;2;70;84;83m[48;2;14;14;15m▀[0m[38;2;0;0;0m[48;2;0;0;0m▀[0m
[38;2;0;0;0m[48;2;13;10;10m▀[0m[38;2;21;31;32m[48;2;105;109;106m▀[0m[38;2;17;23;22m[48;2;27;34;35m▀[0m[38;2;12;15;15m[48;2;12;15;11m▀[0m[38;2;0;0;0m[48;2;0;0;0m▀[0m[38;2;1;0;0m[48;2;1;0;0m▀[0m[38;2;1;1;1m[48;2;1;1;1m▀[0m[38;2;1;1;1m[48;2;0;2;0m▀[0m[38;2;2;2;2m[48;2;0;2;0m▀[0m[38;2;3;0;3m[48;2;0;0;0m▀[0m[38;2;0;0;0m[48;2;0;0;0m▀[0m[38;2;0;0;0m[48;2;0;0;0m▀[0m[38;2;0;0;0m[48;2;0;0;0m▀[0m[38;2;0;0;0m[48;2;178;151;148m▀[0m[38;2;145;106;105m[48;2;255;255;255m▀[0m[38;2;255;255;255m[48;2;255;255;255m▀[0m[38;2;255;255;255m[48;2;128;150;154m▀[0m[38;2;171;176;176m[48;2;83;63;71m▀[0m[38;2;0;0;0m[48;2;33;55;60m▀[0m[38;2;255;255;255m[48;2;85;51;49m▀[0m[38;2;255;255;255m[48;2;200;255;255m▀[0m[38;2;249;194;187m[48;2;255;255;255m▀[0m[38;2;0;0;0m[48;2;255;255;255m▀[0m[38;2;0;0;0m[48;2;0;0;0m▀[0m[38;2;0;0;0m[48;2;0;0;0m▀[0m[38;2;0;0;0m[48;2;0;0;0m▀[0m[38;2;4;1;4m[48;2;0;1;0m▀[0m[38;2;1;4;3m[48;2;2;2;2m▀[0m[38;2;1;1;1m[48;2;1;1;1m▀[0m[38;2;1;1;1m[48;2;1;1;1m▀[0m[38;2;1;2;0m[48;2;0;2;0m▀[0m[38;2;0;0;0m[48;2;0;0;0m▀[0m[38;2;4;6;4m[48;2;2;6;5m▀[0m[38;2;37;46;42m[48;2;34;47;40m▀[0m[38;2;24;34;29m[48;2;101;104;104m▀[0m[38;2;0;0;0m[48;2;20;15;17m▀[0m
[38;2;16;16;16m[48;2;0;0;0m▀[0m[38;2;101;102;99m[48;2;70;86;83m▀[0m[38;2;29;35;31m[48;2;11;17;16m▀[0m[38;2;16;19;18m[48;2;19;25;21m▀[0m[38;2;0;0;0m[48;2;0;0;0m▀[0m[38;2;1;0;0m[48;2;1;0;0m▀[0m[38;2;0;1;1m[48;2;0;1;1m▀[0m[38;2;0;1;1m[48;2;0;1;1m▀[0m[38;2;1;1;1m[48;2;1;1;1m▀[0m[38;2;0;0;0m[48;2;0;0;0m▀[0m[38;2;0;0;0m[48;2;0;0;0m▀[0m[38;2;0;0;0m[48;2;0;0;0m▀[0m[38;2;82;71;69m[48;2;255;255;255m▀[0m[38;2;255;255;255m[48;2;255;255;255m▀[0m[38;2;198;255;255m[48;2;115;0;0m▀[0m[38;2;87;0;0m[48;2;255;0;0m▀[0m[38;2;234;80;80m[48;2;255;83;67m▀[0m[38;2;255;222;222m[48;2;255;255;255m▀[0m[38;2;255;181;170m[48;2;255;164;158m▀[0m[38;2;255;174;173m[48;2;255;255;255m▀[0m[38;2;136;0;0m[48;2;255;1;0m▀[0m[38;2;85;118;119m[48;2;240;0;0m▀[0m[38;2;255;255;255m[48;2;108;117;115m▀[0m[38;2;255;255;255m[48;2;255;255;255m▀[0m[38;2;0;0;0m[48;2;82;100;98m▀[0m[38;2;0;0;0m[48;2;0;0;0m▀[0m[38;2;0;0;0m[48;2;0;0;0m▀[0m[38;2;0;0;0m[48;2;0;0;0m▀[0m[38;2;1;1;1m[48;2;1;1;1m▀[0m[38;2;1;1;1m[48;2;1;1;1m▀[0m[38;2;1;1;1m[48;2;0;1;1m▀[0m[38;2;0;0;0m[48;2;0;0;0m▀[0m[38;2;3;7;6m[48;2;8;12;11m▀[0m[38;2;28;33;30m[48;2;2;7;3m▀[0m[38;2;140;145;142m[48;2;83;105;104m▀[0m[38;2;33;33;33m[48;2;25;34;33m▀[0m
[38;2;8;11;11m[48;2;4;8;7m▀[0m[38;2;97;114;110m[48;2;87;104;100m▀[0m[38;2;18;26;25m[48;2;19;24;23m▀[0m[38;2;18;22;21m[48;2;19;23;22m▀[0m[38;2;0;0;0m[48;2;0;0;0m▀[0m[38;2;1;0;0m[48;2;0;0;0m▀[0m[38;2;0;1;1m[48;2;0;1;1m▀[0m[38;2;0;0;1m[48;2;0;1;1m▀[0m[38;2;0;0;0m[48;2;0;0;0m▀[0m[38;2;0;0;0m[48;2;0;0;0m▀[0m[38;2;0;0;0m[48;2;0;0;0m▀[0m[38;2;79;93;96m[48;2;218;244;244m▀[0m[38;2;255;255;255m[48;2;255;255;255m▀[0m[38;2;141;34;24m[48;2;254;0;0m▀[0m[38;2;255;0;0m[48;2;99;0;0m▀[0m[38;2;255;0;0m[48;2;0;0;0m▀[0m[38;2;255;0;0m[48;2;0;0;0m▀[0m[38;2;255;62;41m[48;2;254;0;0m▀[0m[38;2;255;255;255m[48;2;255;23;1m▀[0m[38;2;255;0;0m[48;2;143;0;0m▀[0m[38;2;255;0;0m[48;2;0;0;0m▀[0m[38;2;255;0;0m[48;2;0;0;0m▀[0m[38;2;221;0;0m[48;2;255;0;0m▀[0m[38;2;195;238;238m[48;2;209;66;56m▀[0m[38;2;255;255;255m[48;2;255;255;255m▀[0m[38;2;0;0;0m[48;2;15;32;33m▀[0m[38;2;0;0;0m[48;2;0;0;0m▀[0m[38;2;0;0;0m[48;2;0;0;0m▀[0m[38;2;1;1;1m[48;2;1;1;1m▀[0m[38;2;0;1;1m[48;2;0;1;1m▀[0m[38;2;1;1;1m[48;2;0;1;1m▀[0m[38;2;0;0;0m[48;2;0;0;0m▀[0m[38;2;5;8;9m[48;2;5;11;10m▀[0m[38;2;13;23;17m[48;2;15;19;15m▀[0m[38;2;107;125;123m[48;2;96;114;112m▀[0m[38;2;31;36;35m[48;2;27;34;34m▀[0m
[38;2;5;7;8m[48;2;4;8;7m▀[0m[38;2;83;100;96m[48;2;80;95;91m▀[0m[38;2;19;24;23m[48;2;20;24;21m▀[0m[38;2;19;23;22m[48;2;15;20;19m▀[0m[38;2;0;0;0m[48;2;0;0;0m▀[0m[38;2;0;0;0m[48;2;0;0;0m▀[0m[38;2;0;0;0m[48;2;0;0;0m▀[0m[38;2;0;0;0m[48;2;0;0;0m▀[0m[38;2;0;0;0m[48;2;0;0;0m▀[0m[38;2;0;0;0m[48;2;0;0;0m▀[0m[38;2;0;0;0m[48;2;0;0;0m▀[0m[38;2;224;255;255m[48;2;238;228;223m▀[0m[38;2;222;233;228m[48;2;19;27;30m▀[0m[38;2;182;0;0m[48;2;255;0;0m▀[0m[38;2;0;0;0m[48;2;93;0;0m▀[0m[38;2;0;0;0m[48;2;0;6;7m▀[0m[38;2;0;0;0m[48;2;18;10;15m▀[0m[38;2;0;70;77m[48;2;209;38;35m▀[0m[38;2;160;136;140m[48;2;255;255;255m▀[0m[38;2;0;0;0m[48;2;147;0;0m▀[0m[38;2;0;0;0m[48;2;27;10;13m▀[0m[38;2;0;0;0m[48;2;8;0;0m▀[0m[38;2;0;0;0m[48;2;250;0;0m▀[0m[38;2;211;0;0m[48;2;86;0;0m▀[0m[38;2;255;255;255m[48;2;162;152;145m▀[0m[38;2;83;91;89m[48;2;115;115;113m▀[0m[38;2;0;0;0m[48;2;0;0;0m▀[0m[38;2;0;0;0m[48;2;0;0;0m▀[0m[38;2;0;0;0m[48;2;0;0;0m▀[0m[38;2;0;1;1m[48;2;0;0;0m▀[0m[38;2;0;0;0m[48;2;0;0;0m▀[0m[38;2;0;0;0m[48;2;0;0;0m▀[0m[38;2;5;11;10m[48;2;6;9;10m▀[0m[38;2;16;22;18m[48;2;18;23;19m▀[0m[38;2;91;107;105m[48;2;84;101;97m▀[0m[38;2;29;33;35m[48;2;28;33;32m▀[0m
[38;2;5;7;8m[48;2;6;8;6m▀[0m[38;2;74;91;87m[48;2;68;85;81m▀[0m[38;2;19;24;20m[48;2;20;24;21m▀[0m[38;2;6;12;11m[48;2;0;0;0m▀[0m[38;2;0;0;0m[48;2;60;58;61m▀[0m[38;2;22;25;25m[48;2;199;203;202m▀[0m[38;2;45;47;45m[48;2;187;187;187m▀[0m[38;2;0;0;0m[48;2;109;110;107m▀[0m[38;2;0;0;0m[48;2;107;106;103m▀[0m[38;2;0;0;0m[48;2;20;22;24m▀[0m[38;2;0;0;0m[48;2;0;0;0m▀[0m[38;2;255;229;227m[48;2;255;255;255m▀[0m[38;2;207;217;220m[48;2;255;255;255m▀[0m[38;2;64;0;0m[48;2;129;30;26m▀[0m[38;2;179;0;0m[48;2;255;0;0m▀[0m[38;2;148;69;67m[48;2;255;0;0m▀[0m[38;2;255;0;0m[48;2;239;0;0m▀[0m[38;2;255;179;168m[48;2;0;41;42m▀[0m[38;2;232;255;255m[48;2;0;18;17m▀[0m[38;2;255;0;0m[48;2;0;14;16m▀[0m[38;2;216;35;30m[48;2;255;0;0m▀[0m[38;2;206;20;10m[48;2;234;67;59m▀[0m[38;2;192;0;0m[48;2;131;0;0m▀[0m[38;2;13;18;24m[48;2;80;127;130m▀[0m[38;2;255;247;243m[48;2;255;255;255m▀[0m[38;2;100;108;108m[48;2;167;184;185m▀[0m[38;2;0;0;0m[48;2;0;0;0m▀[0m[38;2;0;0;0m[48;2;0;0;0m▀[0m[38;2;0;0;0m[48;2;109;109;106m▀[0m[38;2;0;0;0m[48;2;122;122;119m▀[0m[38;2;0;0;0m[48;2;0;0;0m▀[0m[38;2;0;0;0m[48;2;0;0;0m▀[0m[38;2;4;9;8m[48;2;0;5;6m▀[0m[38;2;17;25;21m[48;2;20;25;22m▀[0m[38;2;76;89;89m[48;2;71;84;82m▀[0m[38;2;28;33;32m[48;2;27;32;32m▀[0m
[38;2;6;8;8m[48;2;6;11;7m▀[0m[38;2;67;80;77m[48;2;68;79;78m▀[0m[38;2;10;18;16m[48;2;9;19;17m▀[0m[38;2;0;0;0m[48;2;0;4;3m▀[0m[38;2;148;151;150m[48;2;161;161;159m▀[0m[38;2;160;162;160m[48;2;179;183;182m▀[0m[38;2;138;139;136m[48;2;150;152;152m▀[0m[38;2;152;154;152m[48;2;132;131;132m▀[0m[38;2;156;161;156m[48;2;125;125;123m▀[0m[38;2;134;138;135m[48;2;94;102;100m▀[0m[38;2;75;93;91m[48;2;148;156;155m▀[0m[38;2;255;255;255m[48;2;255;255;255m▀[0m[38;2;255;255;255m[48;2;255;255;255m▀[0m[38;2;165;128;122m[48;2;85;115;115m▀[0m[38;2;168;0;0m[48;2;0;16;21m▀[0m[38;2;255;0;0m[48;2;203;0;0m▀[0m[38;2;41;0;0m[48;2;82;0;0m▀[0m[38;2;0;0;0m[48;2;0;23;27m▀[0m[38;2;0;0;0m[48;2;68;111;109m▀[0m[38;2;0;0;0m[48;2;0;20;22m▀[0m[38;2;137;0;0m[48;2;181;0;0m▀[0m[38;2;255;0;0m[48;2;81;0;0m▀[0m[38;2;179;17;16m[48;2;0;93;98m▀[0m[38;2;107;135;131m[48;2;114;87;83m▀[0m[38;2;255;255;255m[48;2;255;255;255m▀[0m[38;2;233;223;222m[48;2;255;255;255m▀[0m[38;2;0;0;0m[48;2;83;93;92m▀[0m[38;2;142;151;147m[48;2;135;139;138m▀[0m[38;2;175;178;174m[48;2;135;136;133m▀[0m[38;2;186;188;186m[48;2;150;148;146m▀[0m[38;2;103;102;103m[48;2;208;207;205m▀[0m[38;2;0;0;0m[48;2;27;24;24m▀[0m[38;2;0;0;1m[48;2;0;0;0m▀[0m[38;2;23;28;23m[48;2;23;33;28m▀[0m[38;2;66;81;78m[48;2;66;79;77m▀[0m[38;2;28;33;33m[48;2;28;33;30m▀[0m
[38;2;7;9;10m[48;2;8;10;10m▀[0m[38;2;62;76;75m[48;2;60;76;74m▀[0m[38;2;19;27;23m[48;2;19;27;23m▀[0m[38;2;0;0;0m[48;2;9;14;13m▀[0m[38;2;23;20;22m[48;2;0;0;0m▀[0m[38;2;130;132;130m[48;2;0;0;0m▀[0m[38;2;126;129;129m[48;2;0;0;0m▀[0m[38;2;168;170;168m[48;2;123;125;125m▀[0m[38;2;161;161;159m[48;2;77;77;77m▀[0m[38;2;115;123;122m[48;2;30;40;39m▀[0m[38;2;194;203;199m[48;2;213;220;221m▀[0m[38;2;255;255;255m[48;2;255;203;201m▀[0m[38;2;255;255;255m[48;2;255;255;255m▀[0m[38;2;35;2;1m[48;2;129;117;110m▀[0m[38;2;0;0;0m[48;2;0;0;0m▀[0m[38;2;255;0;0m[48;2;0;0;0m▀[0m[38;2;255;0;0m[48;2;197;0;0m▀[0m[38;2;0;13;13m[48;2;251;0;0m▀[0m[38;2;56;66;65m[48;2;193;0;0m▀[0m[38;2;64;8;6m[48;2;156;0;0m▀[0m[38;2;255;0;0m[48;2;42;0;0m▀[0m[38;2;81;0;0m[48;2;0;0;0m▀[0m[38;2;0;0;0m[48;2;0;0;0m▀[0m[38;2;101;90;91m[48;2;200;192;188m▀[0m[38;2;255;255;255m[48;2;255;255;255m▀[0m[38;2;255;255;255m[48;2;255;211;206m▀[0m[38;2;181;189;189m[48;2;150;163;165m▀[0m[38;2;134;137;134m[48;2;121;123;123m▀[0m[38;2;164;166;164m[48;2;35;39;38m▀[0m[38;2;186;186;184m[48;2;99;102;103m▀[0m[38;2;132;133;130m[48;2;67;71;72m▀[0m[38;2;0;0;0m[48;2;0;0;0m▀[0m[38;2;0;0;0m[48;2;0;4;3m▀[0m[38;2;26;32;27m[48;2;26;32;30m▀[0m[38;2;64;80;77m[48;2;66;81;77m▀[0m[38;2;27;35;33m[48;2;30;36;34m▀[0m
[38;2;8;12;9m[48;2;11;11;12m▀[0m[38;2;61;77;73m[48;2;59;75;71m▀[0m[38;2;24;30;29m[48;2;22;30;28m▀[0m[38;2;13;21;17m[48;2;16;21;20m▀[0m[38;2;0;0;0m[48;2;0;0;0m▀[0m[38;2;0;0;0m[48;2;0;0;0m▀[0m[38;2;0;0;0m[48;2;0;0;0m▀[0m[38;2;0;0;0m[48;2;0;0;0m▀[0m[38;2;0;0;0m[48;2;0;0;0m▀[0m[38;2;0;0;0m[48;2;0;0;0m▀[0m[38;2;90;122;126m[48;2;0;0;0m▀[0m[38;2;255;166;160m[48;2;138;128;125m▀[0m[38;2;255;255;255m[48;2;255;255;255m▀[0m[38;2;135;186;185m[48;2;255;255;255m▀[0m[38;2;0;0;0m[48;2;0;0;0m▀[0m[38;2;0;0;0m[48;2;0;0;0m▀[0m[38;2;175;50;49m[48;2;86;136;138m▀[0m[38;2;86;58;55m[48;2;110;157;159m▀[0m[38;2;25;16;17m[48;2;0;62;66m▀[0m[38;2;156;55;48m[48;2;57;104;105m▀[0m[38;2;0;0;0m[48;2;1;47;50m▀[0m[38;2;0;0;0m[48;2;38;0;0m▀[0m[38;2;0;0;0m[48;2;4;0;0m▀[0m[38;2;255;255;255m[48;2;255;255;255m▀[0m[38;2;255;255;255m[48;2;242;251;251m▀[0m[38;2;120;116;115m[48;2;4;15;13m▀[0m[38;2;0;0;0m[48;2;0;0;0m▀[0m[38;2;0;0;0m[48;2;0;0;0m▀[0m[38;2;0;0;0m[48;2;0;0;0m▀[0m[38;2;0;0;0m[48;2;0;0;0m▀[0m[38;2;0;0;0m[48;2;0;0;0m▀[0m[38;2;0;0;0m[48;2;0;0;0m▀[0m[38;2;3;5;6m[48;2;6;8;9m▀[0m[38;2;24;32;28m[48;2;26;32;28m▀[0m[38;2;67;80;78m[48;2;67;80;78m▀[0m[38;2;33;37;34m[48;2;30;37;37m▀[0m
[38;2;10;13;12m[48;2;10;13;12m▀[0m[38;2;59;75;71m[48;2;57;73;71m▀[0m[38;2;23;29;28m[48;2;22;32;27m▀[0m[38;2;15;20;20m[48;2;15;20;19m▀[0m[38;2;0;0;0m[48;2;0;0;0m▀[0m[38;2;0;0;0m[48;2;0;0;0m▀[0m[38;2;0;0;0m[48;2;0;0;0m▀[0m[38;2;0;0;0m[48;2;0;0;0m▀[0m[38;2;0;0;0m[48;2;29;29;29m▀[0m[38;2;0;0;0m[48;2;255;255;255m▀[0m[38;2;0;0;0m[48;2;255;255;255m▀[0m[38;2;8;19;19m[48;2;255;255;255m▀[0m[38;2;94;112;112m[48;2;78;88;89m▀[0m[38;2;255;255;255m[48;2;67;95;98m▀[0m[38;2;97;18;12m[48;2;108;151;151m▀[0m[38;2;0;0;0m[48;2;30;0;0m▀[0m[38;2;0;0;0m[48;2;96;0;0m▀[0m[38;2;12;38;37m[48;2;4;14;12m▀[0m[38;2;61;131;135m[48;2;0;83;84m▀[0m[38;2;4;0;0m[48;2;103;0;0m▀[0m[38;2;36;0;0m[48;2;61;0;0m▀[0m[38;2;31;0;0m[48;2;0;0;0m▀[0m[38;2;88;20;19m[48;2;150;207;206m▀[0m[38;2;255;255;255m[48;2;40;60;61m▀[0m[38;2;117;120;122m[48;2;79;86;86m▀[0m[38;2;0;0;0m[48;2;255;255;255m▀[0m[38;2;0;0;0m[48;2;255;255;255m▀[0m[38;2;0;0;0m[48;2;171;170;170m▀[0m[38;2;0;0;0m[48;2;0;0;0m▀[0m[38;2;0;0;0m[48;2;0;0;0m▀[0m[38;2;0;0;0m[48;2;0;0;0m▀[0m[38;2;0;0;0m[48;2;0;0;0m▀[0m[38;2;8;10;11m[48;2;8;11;11m▀[0m[38;2;25;33;29m[48;2;26;37;30m▀[0m[38;2;65;78;73m[48;2;67;77;75m▀[0m[38;2;30;37;37m[48;2;36;40;41m▀[0m
[38;2;11;14;14m[48;2;13;16;15m▀[0m[38;2;59;74;71m[48;2;59;74;71m▀[0m[38;2;24;30;28m[48;2;22;30;28m▀[0m[38;2;15;20;20m[48;2;15;21;20m▀[0m[38;2;0;0;0m[48;2;0;0;0m▀[0m[38;2;0;0;0m[48;2;0;0;0m▀[0m[38;2;0;0;0m[48;2;0;0;0m▀[0m[38;2;0;0;0m[48;2;0;0;0m▀[0m[38;2;255;255;255m[48;2;255;255;255m▀[0m[38;2;255;255;255m[48;2;255;255;255m▀[0m[38;2;255;255;255m[48;2;255;255;255m▀[0m[38;2;255;255;255m[48;2;255;255;255m▀[0m[38;2;255;255;255m[48;2;255;255;255m▀[0m[38;2;70;0;0m[48;2;150;145;145m▀[0m[38;2;129;166;168m[48;2;161;31;32m▀[0m[38;2;36;83;83m[48;2;182;161;164m▀[0m[38;2;9;36;36m[48;2;164;156;161m▀[0m[38;2;234;0;0m[48;2;254;0;0m▀[0m[38;2;255;0;0m[48;2;255;0;0m▀[0m[38;2;115;0;0m[48;2;164;73;71m▀[0m[38;2;11;68;72m[48;2;178;183;180m▀[0m[38;2;123;173;174m[48;2;159;65;65m▀[0m[38;2;117;24;23m[48;2;239;133;132m▀[0m[38;2;127;93;94m[48;2;178;189;188m▀[0m[38;2;255;255;255m[48;2;255;255;255m▀[0m[38;2;255;255;255m[48;2;255;255;255m▀[0m[38;2;255;255;255m[48;2;255;255;255m▀[0m[38;2;255;255;255m[48;2;255;255;255m▀[0m[38;2;20;20;20m[48;2;77;77;77m▀[0m[38;2;0;0;0m[48;2;0;0;0m▀[0m[38;2;0;0;0m[48;2;0;0;0m▀[0m[38;2;0;0;0m[48;2;0;0;0m▀[0m[38;2;8;15;15m[48;2;7;14;14m▀[0m[38;2;12;17;16m[48;2;3;6;5m▀[0m[38;2;62;75;72m[48;2;59;72;69m▀[0m[38;2;35;43;42m[48;2;35;44;42m▀[0m
