[38;2;0;0;0m[48;2;0;0;0m▀[0m[38;2;148;146;129m[48;2;148;146;126m▀[0m[38;2;33;34;25m[48;2;0;0;0m▀[0m[38;2;0;0;0m[48;2;0;0;0m▀[0m[38;2;3;6;0m[48;2;1;0;1m▀[0m[38;2;5;5;0m[48;2;4;4;1m▀[0m[38;2;8;4;0m[48;2;5;5;1m▀[0m[38;2;9;6;0m[48;2;6;5;1m▀[0m[38;2;10;7;0m[48;2;6;2;1m▀[0m[38;2;8;8;0m[48;2;0;0;0m▀[0m[38;2;10;10;2m[48;2;12;10;0m▀[0m[38;2;10;2;0m[48;2;27;13;0m▀[0m[38;2;13;1;0m[48;2;0;0;0m▀[0m[38;2;9;0;0m[48;2;13;0;0m▀[0m[38;2;0;0;0m[48;2;129;79;31m▀[0m[38;2;0;0;0m[48;2;227;162;113m▀[0m[38;2;34;0;0m[48;2;255;224;184m▀[0m[38;2;0;0;0m[48;2;250;186;175m▀[0m[38;2;13;15;0m[48;2;241;220;181m▀[0m[38;2;0;0;0m[48;2;84;28;0m▀[0m[38;2;14;2;0m[48;2;7;0;0m▀[0m[38;2;4;0;0m[48;2;17;0;0m▀[0m[38;2;1;0;0m[48;2;42;39;23m▀[0m[38;2;14;9;3m[48;2;32;29;17m▀[0m[38;2;14;9;0m[48;2;17;17;4m▀[0m[38;2;8;5;0m[48;2;5;2;2m▀[0m[38;2;0;0;0m[48;2;1;0;0m▀[0m[38;2;19;16;10m[48;2;0;0;0m▀[0m[38;2;101;101;80m[48;2;90;96;82m▀[0m[38;2;0;0;0m[48;2;13;13;11m▀[0m[38;2;0;0;0m[48;2;0;0;0m▀[0m[38;2;0;0;0m[48;2;0;0;0m▀[0m[38;2;0;0;0m[48;2;0;0;0m▀[0m[38;2;183;181;179m[48;2;146;145;141m▀[0m[38;2;0;0;0m[48;2;34;37;34m▀[0m[38;2;0;0;0m[48;2;0;0;0m▀[0m
[38;2;7;9;10m[48;2;16;16;14m▀[0m[38;2;129;128;107m[48;2;139;133;120m▀[0m[38;2;0;0;0m[48;2;0;0;0m▀[0m[38;2;0;0;0m[48;2;0;0;0m▀[0m[38;2;1;0;0m[48;2;0;0;0m▀[0m[38;2;3;3;3m[48;2;2;2;3m▀[0m[38;2;4;3;3m[48;2;0;2;3m▀[0m[38;2;0;2;2m[48;2;0;0;3m▀[0m[38;2;0;0;0m[48;2;6;2;0m▀[0m[38;2;7;2;0m[48;2;26;13;0m▀[0m[38;2;9;0;0m[48;2;0;0;0m▀[0m[38;2;0;0;0m[48;2;151;104;76m▀[0m[38;2;102;45;0m[48;2;255;255;255m▀[0m[38;2;255;255;255m[48;2;147;171;207m▀[0m[38;2;255;255;255m[48;2;0;0;7m▀[0m[38;2;255;210;206m[48;2;0;0;0m▀[0m[38;2;128;105;109m[48;2;0;0;0m▀[0m[38;2;0;0;0m[48;2;40;84;103m▀[0m[38;2;157;160;159m[48;2;0;40;63m▀[0m[38;2;255;255;255m[48;2;44;58;65m▀[0m[38;2;181;138;91m[48;2;246;255;255m▀[0m[38;2;20;0;0m[48;2;225;197;156m▀[0m[38;2;32;14;0m[48;2;1;0;0m▀[0m[38;2;12;5;0m[48;2;12;0;0m▀[0m[38;2;0;0;0m[48;2;11;10;0m▀[0m[38;2;0;0;3m[48;2;0;0;0m▀[0m[38;2;0;0;1m[48;2;4;3;4m▀[0m[38;2;0;0;0m[48;2;5;1;4m▀[0m[38;2;26;29;28m[48;2;0;0;0m▀[0m[38;2;9;11;13m[48;2;0;0;0m▀[0m[38;2;0;0;0m[48;2;0;0;1m▀[0m[38;2;0;0;1m[48;2;0;0;0m▀[0m[38;2;0;0;0m[48;2;0;0;0m▀[0m[38;2;87;86;87m[48;2;50;51;48m▀[0m[38;2;73;72;73m[48;2;76;74;81m▀[0m[38;2;0;0;0m[48;2;2;2;0m▀[0m
[38;2;17;19;17m[48;2;7;7;5m▀[0m[38;2;152;151;143m[48;2;170;165;152m▀[0m[38;2;0;0;0m[48;2;0;0;0m▀[0m[38;2;0;0;0m[48;2;0;0;0m▀[0m[38;2;0;0;0m[48;2;0;0;6m▀[0m[38;2;2;2;2m[48;2;2;2;3m▀[0m[38;2;0;0;3m[48;2;0;0;1m▀[0m[38;2;0;0;0m[48;2;6;1;0m▀[0m[38;2;20;6;0m[48;2;6;0;0m▀[0m[38;2;0;0;0m[48;2;66;33;0m▀[0m[38;2;146;103;77m[48;2;255;255;255m▀[0m[38;2;255;255;255m[48;2;51;52;45m▀[0m[38;2;178;166;98m[48;2;201;131;0m▀[0m[38;2;194;150;38m[48;2;133;94;0m▀[0m[38;2;33;58;71m[48;2;0;8;20m▀[0m[38;2;21;66;84m[48;2;0;0;0m▀[0m[38;2;49;52;55m[48;2;221;169;161m▀[0m[38;2;0;24;31m[48;2;89;0;0m▀[0m[38;2;7;51;64m[48;2;0;0;0m▀[0m[38;2;7;11;16m[48;2;222;0;0m▀[0m[38;2;0;0;0m[48;2;50;0;0m▀[0m[38;2;132;171;180m[48;2;0;0;0m▀[0m[38;2;195;162;125m[48;2;188;190;163m▀[0m[38;2;0;0;0m[48;2;193;155;77m▀[0m[38;2;11;4;0m[48;2;7;0;0m▀[0m[38;2;0;0;0m[48;2;0;0;0m▀[0m[38;2;0;1;2m[48;2;0;0;0m▀[0m[38;2;1;1;3m[48;2;0;0;0m▀[0m[38;2;0;1;1m[48;2;0;0;0m▀[0m[38;2;0;0;0m[48;2;0;0;1m▀[0m[38;2;2;0;1m[48;2;0;0;2m▀[0m[38;2;0;0;0m[48;2;0;0;0m▀[0m[38;2;0;0;0m[48;2;0;0;0m▀[0m[38;2;53;57;40m[48;2;65;69;51m▀[0m[38;2;65;67;65m[48;2;55;57;55m▀[0m[38;2;0;0;0m[48;2;0;0;0m▀[0m
[38;2;0;0;0m[48;2;0;0;0m▀[0m[38;2;180;176;156m[48;2;154;153;132m▀[0m[38;2;1;3;10m[48;2;64;64;65m▀[0m[38;2;0;0;0m[48;2;0;0;0m▀[0m[38;2;0;0;2m[48;2;0;0;1m▀[0m[38;2;0;0;6m[48;2;0;0;0m▀[0m[38;2;0;0;0m[48;2;0;0;0m▀[0m[38;2;12;0;0m[48;2;0;0;0m▀[0m[38;2;0;0;0m[48;2;97;71;42m▀[0m[38;2;255;255;236m[48;2;255;255;255m▀[0m[38;2;122;144;153m[48;2;0;0;0m▀[0m[38;2;0;0;0m[48;2;43;34;37m▀[0m[38;2;0;0;0m[48;2;0;0;0m▀[0m[38;2;0;0;0m[48;2;20;0;0m▀[0m[38;2;0;0;0m[48;2;36;0;0m▀[0m[38;2;124;106;113m[48;2;67;101;106m▀[0m[38;2;113;157;166m[48;2;0;32;36m▀[0m[38;2;72;0;0m[48;2;0;0;0m▀[0m[38;2;190;0;0m[48;2;106;0;0m▀[0m[38;2;255;0;0m[48;2;22;0;0m▀[0m[38;2;91;36;27m[48;2;3;26;27m▀[0m[38;2;99;1;8m[48;2;1;14;17m▀[0m[38;2;0;0;0m[48;2;135;0;0m▀[0m[38;2;159;128;40m[48;2;160;0;0m▀[0m[38;2;0;0;0m[48;2;0;0;0m▀[0m[38;2;33;38;38m[48;2;124;139;146m▀[0m[38;2;15;19;26m[48;2;92;100;103m▀[0m[38;2;0;0;1m[48;2;102;113;113m▀[0m[38;2;0;0;0m[48;2;74;76;78m▀[0m[38;2;0;0;0m[48;2;0;0;0m▀[0m[38;2;0;0;2m[48;2;0;0;3m▀[0m[38;2;0;0;0m[48;2;0;0;0m▀[0m[38;2;0;0;0m[48;2;3;5;8m▀[0m[38;2;73;77;60m[48;2;77;80;61m▀[0m[38;2;53;54;51m[48;2;48;48;44m▀[0m[38;2;0;0;0m[48;2;0;0;0m▀[0m
[38;2;0;0;0m[48;2;0;0;0m▀[0m[38;2;81;81;64m[48;2;0;0;0m▀[0m[38;2;139;139;128m[48;2;151;146;129m▀[0m[38;2;0;0;0m[48;2;0;0;3m▀[0m[38;2;1;4;3m[48;2;0;0;0m▀[0m[38;2;0;0;1m[48;2;0;0;0m▀[0m[38;2;0;0;0m[48;2;0;0;0m▀[0m[38;2;0;0;0m[48;2;18;30;35m▀[0m[38;2;191;182;183m[48;2;180;191;193m▀[0m[38;2;66;88;92m[48;2;0;0;0m▀[0m[38;2;0;0;0m[48;2;0;0;0m▀[0m[38;2;70;11;5m[48;2;44;0;0m▀[0m[38;2;0;0;0m[48;2;0;0;0m▀[0m[38;2;96;0;0m[48;2;110;0;0m▀[0m[38;2;46;0;0m[48;2;214;7;4m▀[0m[38;2;0;60;68m[48;2;78;123;129m▀[0m[38;2;62;95;97m[48;2;187;185;192m▀[0m[38;2;0;0;0m[48;2;125;95;107m▀[0m[38;2;17;54;64m[48;2;129;125;138m▀[0m[38;2;203;214;211m[48;2;124;143;155m▀[0m[38;2;32;65;71m[48;2;84;91;96m▀[0m[38;2;0;0;0m[48;2;0;0;0m▀[0m[38;2;153;0;0m[48;2;133;0;0m▀[0m[38;2;162;0;0m[48;2;80;16;10m▀[0m[38;2;0;0;0m[48;2;123;169;171m▀[0m[38;2;198;231;241m[48;2;217;253;255m▀[0m[38;2;255;255;255m[48;2;239;255;255m▀[0m[38;2;130;143;147m[48;2;212;224;233m▀[0m[38;2;0;0;0m[48;2;0;0;0m▀[0m[38;2;0;0;0m[48;2;0;0;0m▀[0m[38;2;0;0;0m[48;2;0;0;0m▀[0m[38;2;0;0;0m[48;2;0;0;0m▀[0m[38;2;16;18;16m[48;2;31;30;27m▀[0m[38;2;54;58;49m[48;2;23;25;26m▀[0m[38;2;38;41;38m[48;2;23;26;26m▀[0m[38;2;0;0;0m[48;2;0;0;0m▀[0m
[38;2;0;0;0m[48;2;0;0;2m▀[0m[38;2;0;0;0m[48;2;0;0;0m▀[0m[38;2;75;70;49m[48;2;21;20;16m▀[0m[38;2;31;31;25m[48;2;24;25;17m▀[0m[38;2;0;0;0m[48;2;0;0;0m▀[0m[38;2;0;0;0m[48;2;0;0;0m▀[0m[38;2;0;0;0m[48;2;0;0;0m▀[0m[38;2;137;150;152m[48;2;255;255;255m▀[0m[38;2;57;99;96m[48;2;0;27;27m▀[0m[38;2;0;0;0m[48;2;48;0;0m▀[0m[38;2;90;0;0m[48;2;233;0;0m▀[0m[38;2;85;20;15m[48;2;0;83;92m▀[0m[38;2;112;0;0m[48;2;255;0;0m▀[0m[38;2;255;0;0m[48;2;255;0;0m▀[0m[38;2;255;0;0m[48;2;255;0;0m▀[0m[38;2;156;22;21m[48;2;136;14;13m▀[0m[38;2;69;87;92m[48;2;61;112;120m▀[0m[38;2;93;113;123m[48;2;81;111;124m▀[0m[38;2;91;109;120m[48;2;78;87;94m▀[0m[38;2;97;65;68m[48;2;161;12;7m▀[0m[38;2;89;73;77m[48;2;67;25;25m▀[0m[38;2;68;115;126m[48;2;44;124;142m▀[0m[38;2;164;0;0m[48;2;212;102;92m▀[0m[38;2;255;195;183m[48;2;255;246;238m▀[0m[38;2;212;255;255m[48;2;255;255;255m▀[0m[38;2;87;109;103m[48;2;163;231;235m▀[0m[38;2;179;195;208m[48;2;212;242;253m▀[0m[38;2;244;255;255m[48;2;235;255;255m▀[0m[38;2;111;121;128m[48;2;186;204;216m▀[0m[38;2;0;0;0m[48;2;29;34;42m▀[0m[38;2;0;0;0m[48;2;0;0;0m▀[0m[38;2;14;16;17m[48;2;138;137;133m▀[0m[38;2;85;88;81m[48;2;53;55;55m▀[0m[38;2;0;0;0m[48;2;0;0;0m▀[0m[38;2;5;7;8m[48;2;0;0;2m▀[0m[38;2;0;0;0m[48;2;0;0;6m▀[0m
[38;2;0;2;5m[48;2;0;2;5m▀[0m[38;2;0;0;3m[48;2;0;2;5m▀[0m[38;2;0;0;0m[48;2;0;0;1m▀[0m[38;2;26;24;20m[48;2;0;0;0m▀[0m[38;2;27;31;22m[48;2;12;18;14m▀[0m[38;2;65;64;58m[48;2;49;90;82m▀[0m[38;2;233;250;248m[48;2;139;118;115m▀[0m[38;2;255;255;255m[48;2;255;179;164m▀[0m[38;2;118;0;0m[48;2;183;1;0m▀[0m[38;2;250;0;0m[48;2;123;0;0m▀[0m[38;2;255;0;0m[48;2;255;0;0m▀[0m[38;2;60;45;41m[48;2;203;0;0m▀[0m[38;2;165;4;0m[48;2;44;172;96m▀[0m[38;2;255;0;0m[48;2;255;26;12m▀[0m[38;2;255;0;0m[48;2;255;0;0m▀[0m[38;2;102;69;70m[48;2;204;0;0m▀[0m[38;2;58;140;153m[48;2;68;98;102m▀[0m[38;2;85;111;121m[48;2;93;125;131m▀[0m[38;2;85;109;122m[48;2;103;132;148m▀[0m[38;2;100;107;121m[48;2;68;125;147m▀[0m[38;2;63;93;113m[48;2;12;144;164m▀[0m[38;2;83;163;182m[48;2;128;122;73m▀[0m[38;2;255;225;218m[48;2;255;65;57m▀[0m[38;2;255;184;173m[48;2;255;103;86m▀[0m[38;2;255;237;227m[48;2;216;20;14m▀[0m[38;2;255;255;255m[48;2;193;0;0m▀[0m[38;2;101;108;110m[48;2;8;9;6m▀[0m[38;2;77;99;107m[48;2;0;0;0m▀[0m[38;2;76;91;98m[48;2;0;0;0m▀[0m[38;2;0;0;0m[48;2;0;0;0m▀[0m[38;2;20;18;22m[48;2;255;255;255m▀[0m[38;2;219;218;212m[48;2;58;57;57m▀[0m[38;2;0;0;0m[48;2;0;0;0m▀[0m[38;2;0;0;0m[48;2;0;0;0m▀[0m[38;2;0;0;2m[48;2;0;0;3m▀[0m[38;2;0;2;5m[48;2;0;2;5m▀[0m
[38;2;0;2;5m[48;2;0;2;4m▀[0m[38;2;0;2;5m[48;2;0;2;5m▀[0m[38;2;0;0;6m[48;2;0;2;4m▀[0m[38;2;0;0;0m[48;2;0;0;1m▀[0m[38;2;0;0;0m[48;2;0;0;0m▀[0m[38;2;0;21;24m[48;2;0;0;0m▀[0m[38;2;249;143;131m[48;2;85;9;2m▀[0m[38;2;255;0;0m[48;2;207;0;0m▀[0m[38;2;255;10;8m[48;2;255;0;0m▀[0m[38;2;4;0;0m[48;2;255;0;0m▀[0m[38;2;255;0;0m[48;2;187;0;0m▀[0m[38;2;227;0;0m[48;2;255;0;0m▀[0m[38;2;50;129;40m[48;2;255;0;0m▀[0m[38;2;232;27;0m[48;2;255;0;0m▀[0m[38;2;71;0;0m[48;2;43;22;21m▀[0m[38;2;209;0;0m[48;2;0;97;116m▀[0m[38;2;27;14;14m[48;2;64;80;93m▀[0m[38;2;0;18;21m[48;2;36;63;79m▀[0m[38;2;0;29;33m[48;2;0;28;33m▀[0m[38;2;39;92;96m[48;2;255;0;0m▀[0m[38;2;170;85;68m[48;2;255;0;0m▀[0m[38;2;255;0;0m[48;2;255;0;0m▀[0m[38;2;255;0;0m[48;2;238;0;0m▀[0m[38;2;255;0;0m[48;2;255;0;0m▀[0m[38;2;255;0;0m[48;2;255;0;0m▀[0m[38;2;13;0;0m[48;2;0;10;13m▀[0m[38;2;65;38;34m[48;2;0;0;0m▀[0m[38;2;0;0;0m[48;2;0;0;0m▀[0m[38;2;0;0;0m[48;2;0;0;2m▀[0m[38;2;154;153;142m[48;2;122;123;106m▀[0m[38;2;196;194;188m[48;2;0;0;0m▀[0m[38;2;0;0;0m[48;2;0;0;0m▀[0m[38;2;0;0;0m[48;2;0;0;0m▀[0m[38;2;0;0;0m[48;2;0;0;5m▀[0m[38;2;0;0;2m[48;2;3;5;6m▀[0m[38;2;0;2;5m[48;2;0;0;6m▀[0m
[38;2;0;2;5m[48;2;0;2;4m▀[0m[38;2;0;2;5m[48;2;1;3;5m▀[0m[38;2;0;2;4m[48;2;1;0;4m▀[0m[38;2;0;0;0m[48;2;40;42;15m▀[0m[38;2;0;1;3m[48;2;7;11;6m▀[0m[38;2;0;2;4m[48;2;0;0;0m▀[0m[38;2;0;0;0m[48;2;0;0;0m▀[0m[38;2;0;1;0m[48;2;0;0;0m▀[0m[38;2;255;0;0m[48;2;0;0;0m▀[0m[38;2;250;0;0m[48;2;15;0;0m▀[0m[38;2;255;0;0m[48;2;0;0;0m▀[0m[38;2;255;0;0m[48;2;32;0;0m▀[0m[38;2;255;0;0m[48;2;0;0;0m▀[0m[38;2;255;0;0m[48;2;15;0;0m▀[0m[38;2;122;8;0m[48;2;80;71;52m▀[0m[38;2;0;6;10m[48;2;0;0;0m▀[0m[38;2;55;94;99m[48;2;77;102;111m▀[0m[38;2;39;59;68m[48;2;0;0;0m▀[0m[38;2;16;94;113m[48;2;11;39;42m▀[0m[38;2;180;0;0m[48;2;1;40;24m▀[0m[38;2;255;0;0m[48;2;0;0;0m▀[0m[38;2;255;0;0m[48;2;0;0;0m▀[0m[38;2;30;0;0m[48;2;0;0;0m▀[0m[38;2;135;0;0m[48;2;0;0;0m▀[0m[38;2;1;0;1m[48;2;0;0;0m▀[0m[38;2;0;0;0m[48;2;14;30;28m▀[0m[38;2;0;0;0m[48;2;67;73;62m▀[0m[38;2;6;14;13m[48;2;16;16;13m▀[0m[38;2;44;44;33m[48;2;0;0;0m▀[0m[38;2;0;0;0m[48;2;0;0;0m▀[0m[38;2;0;0;0m[48;2;0;0;5m▀[0m[38;2;0;0;1m[48;2;0;0;3m▀[0m[38;2;0;0;0m[48;2;0;0;5m▀[0m[38;2;30;32;19m[48;2;0;0;5m▀[0m[38;2;50;49;27m[48;2;0;0;5m▀[0m[38;2;0;0;1m[48;2;0;0;6m▀[0m
[38;2;0;2;4m[48;2;0;2;4m▀[0m[38;2;0;2;5m[48;2;0;2;4m▀[0m[38;2;0;2;4m[48;2;0;2;5m▀[0m[38;2;23;24;12m[48;2;0;0;0m▀[0m[38;2;4;6;6m[48;2;0;0;0m▀[0m[38;2;0;0;0m[48;2;0;0;0m▀[0m[38;2;0;0;0m[48;2;0;0;0m▀[0m[38;2;0;0;0m[48;2;0;0;0m▀[0m[38;2;0;0;0m[48;2;255;255;255m▀[0m[38;2;0;0;0m[48;2;255;255;255m▀[0m[38;2;0;0;0m[48;2;227;213;214m▀[0m[38;2;0;0;0m[48;2;80;90;88m▀[0m[38;2;0;26;32m[48;2;105;104;86m▀[0m[38;2;31;86;90m[48;2;99;59;18m▀[0m[38;2;79;69;40m[48;2;0;0;0m▀[0m[38;2;0;0;0m[48;2;0;32;56m▀[0m[38;2;99;121;129m[48;2;62;99;116m▀[0m[38;2;0;0;0m[48;2;44;12;0m▀[0m[38;2;0;0;0m[48;2;0;0;0m▀[0m[38;2;104;113;58m[48;2;74;67;23m▀[0m[38;2;0;0;0m[48;2;106;107;84m▀[0m[38;2;0;0;0m[48;2;32;41;39m▀[0m[38;2;17;41;25m[48;2;44;51;52m▀[0m[38;2;37;48;46m[48;2;32;41;40m▀[0m[38;2;102;108;100m[48;2;0;0;0m▀[0m[38;2;87;93;84m[48;2;0;0;0m▀[0m[38;2;4;7;8m[48;2;0;0;0m▀[0m[38;2;0;0;0m[48;2;0;1;1m▀[0m[38;2;0;0;1m[48;2;0;0;0m▀[0m[38;2;0;0;3m[48;2;0;0;1m▀[0m[38;2;0;2;4m[48;2;0;2;5m▀[0m[38;2;1;3;5m[48;2;0;0;1m▀[0m[38;2;0;2;5m[48;2;0;1;4m▀[0m[38;2;0;2;4m[48;2;0;2;5m▀[0m[38;2;0;2;5m[48;2;0;2;5m▀[0m[38;2;0;2;5m[48;2;0;2;5m▀[0m
[38;2;9;10;5m[48;2;0;2;4m▀[0m[38;2;0;2;4m[48;2;0;2;4m▀[0m[38;2;0;2;4m[48;2;0;0;3m▀[0m[38;2;0;0;2m[48;2;0;0;0m▀[0m[38;2;0;0;0m[48;2;0;0;0m▀[0m[38;2;0;0;0m[48;2;0;0;0m▀[0m[38;2;0;0;0m[48;2;247;230;233m▀[0m[38;2;255;255;255m[48;2;215;226;244m▀[0m[38;2;218;230;251m[48;2;22;18;25m▀[0m[38;2;141;153;164m[48;2;113;127;139m▀[0m[38;2;148;166;178m[48;2;73;81;84m▀[0m[38;2;23;31;39m[48;2;65;67;82m▀[0m[38;2;2;4;7m[48;2;248;255;255m▀[0m[38;2;12;14;15m[48;2;208;223;237m▀[0m[38;2;0;0;0m[48;2;154;173;192m▀[0m[38;2;0;6;14m[48;2;141;161;185m▀[0m[38;2;47;66;86m[48;2;166;183;207m▀[0m[38;2;74;69;40m[48;2;218;242;255m▀[0m[38;2;66;67;49m[48;2;181;219;229m▀[0m[38;2;0;0;0m[48;2;81;48;41m▀[0m[38;2;22;35;8m[48;2;0;0;0m▀[0m[38;2;77;91;90m[48;2;0;0;1m▀[0m[38;2;117;102;78m[48;2;2;20;3m▀[0m[38;2;13;11;8m[48;2;0;0;0m▀[0m[38;2;42;35;35m[48;2;41;53;65m▀[0m[38;2;132;107;98m[48;2;255;255;255m▀[0m[38;2;26;11;7m[48;2;255;244;241m▀[0m[38;2;0;0;0m[48;2;3;0;0m▀[0m[38;2;0;3;4m[48;2;0;0;0m▀[0m[38;2;0;0;2m[48;2;0;0;1m▀[0m[38;2;0;0;5m[48;2;0;0;2m▀[0m[38;2;29;30;18m[48;2;27;28;11m▀[0m[38;2;14;15;12m[48;2;8;9;6m▀[0m[38;2;1;0;1m[48;2;0;2;4m▀[0m[38;2;0;2;5m[48;2;0;2;5m▀[0m[38;2;0;2;5m[48;2;0;2;5m▀[0m
[38;2;0;2;5m[48;2;0;2;4m▀[0m[38;2;0;0;5m[48;2;2;4;6m▀[0m[38;2;0;0;0m[48;2;0;0;0m▀[0m[38;2;0;0;0m[48;2;54;36;6m▀[0m[38;2;0;0;0m[48;2;129;74;25m▀[0m[38;2;152;132;139m[48;2;255;238;241m▀[0m[38;2;231;237;250m[48;2;40;54;63m▀[0m[38;2;30;33;40m[48;2;51;59;68m▀[0m[38;2;55;64;72m[48;2;59;68;76m▀[0m[38;2;47;53;62m[48;2;62;68;79m▀[0m[38;2;30;30;39m[48;2;7;10;9m▀[0m[38;2;116;125;138m[48;2;96;101;103m▀[0m[38;2;250;255;255m[48;2;189;196;216m▀[0m[38;2;205;218;240m[48;2;155;166;179m▀[0m[38;2;176;198;218m[48;2;176;190;208m▀[0m[38;2;185;203;229m[48;2;255;255;255m▀[0m[38;2;105;116;130m[48;2;255;246;207m▀[0m[38;2;146;170;202m[48;2;231;219;175m▀[0m[38;2;210;192;207m[48;2;172;202;211m▀[0m[38;2;255;123;124m[48;2;153;168;184m▀[0m[38;2;255;12;0m[48;2;253;255;255m▀[0m[38;2;175;127;132m[48;2;255;58;39m▀[0m[38;2;187;185;212m[48;2;255;100;99m▀[0m[38;2;173;209;234m[48;2;171;236;255m▀[0m[38;2;124;161;191m[48;2;203;226;249m▀[0m[38;2;25;39;50m[48;2;151;155;166m▀[0m[38;2;54;62;66m[48;2;115;106;101m▀[0m[38;2;107;97;99m[48;2;144;136;136m▀[0m[38;2;0;0;0m[48;2;12;6;10m▀[0m[38;2;0;0;0m[48;2;0;0;0m▀[0m[38;2;0;0;3m[48;2;0;0;2m▀[0m[38;2;0;0;3m[48;2;1;3;5m▀[0m[38;2;0;1;6m[48;2;0;2;5m▀[0m[38;2;0;2;5m[48;2;0;2;4m▀[0m[38;2;0;2;5m[48;2;0;2;4m▀[0m[38;2;0;2;5m[48;2;0;2;5m▀[0m
