[38;2;54;57;57m[48;2;76;80;81m▀[0m[38;2;0;0;0m[48;2;0;0;0m▀[0m[38;2;1;0;0m[48;2;5;6;3m▀[0m[38;2;1;3;3m[48;2;10;12;12m▀[0m[38;2;0;0;0m[48;2;21;19;22m▀[0m[38;2;0;0;0m[48;2;9;11;11m▀[0m[38;2;0;0;0m[48;2;1;0;0m▀[0m[38;2;13;15;15m[48;2;10;12;12m▀[0m[38;2;13;15;15m[48;2;15;17;17m▀[0m[38;2;10;13;12m[48;2;25;30;29m▀[0m[38;2;13;16;16m[48;2;23;25;25m▀[0m[38;2;13;23;22m[48;2;23;32;32m▀[0m[38;2;0;25;25m[48;2;0;28;28m▀[0m[38;2;39;16;13m[48;2;81;0;0m▀[0m[38;2;5;23;21m[48;2;9;26;24m▀[0m[38;2;7;31;30m[48;2;0;14;15m▀[0m[38;2;10;21;21m[48;2;0;5;5m▀[0m[38;2;0;16;15m[48;2;0;32;32m▀[0m[38;2;133;0;0m[48;2;188;0;0m▀[0m[38;2;13;22;22m[48;2;0;0;0m▀[0m[38;2;0;32;32m[48;2;0;28;29m▀[0m[38;2;5;16;18m[48;2;21;20;21m▀[0m[38;2;89;33;31m[48;2;84;0;0m▀[0m[38;2;2;35;32m[48;2;5;42;40m▀[0m[38;2;3;17;19m[48;2;16;33;29m▀[0m[38;2;23;18;17m[48;2;31;29;27m▀[0m[38;2;36;13;12m[48;2;44;24;23m▀[0m[38;2;0;21;21m[48;2;0;34;36m▀[0m[38;2;41;14;14m[48;2;158;7;6m▀[0m[38;2;48;9;8m[48;2;29;0;0m▀[0m[38;2;0;1;1m[48;2;0;0;1m▀[0m[38;2;4;6;6m[48;2;0;0;0m▀[0m[38;2;9;8;8m[48;2;3;3;3m▀[0m[38;2;13;16;16m[48;2;32;35;35m▀[0m[38;2;14;17;17m[48;2;44;48;48m▀[0m[38;2;2;2;4m[48;2;8;8;8m▀[0m
[38;2;19;23;24m[48;2;94;102;103m▀[0m[38;2;0;0;0m[48;2;2;2;0m▀[0m[38;2;0;0;0m[48;2;0;0;0m▀[0m[38;2;0;0;0m[48;2;0;0;0m▀[0m[38;2;41;45;45m[48;2;0;0;0m▀[0m[38;2;50;54;54m[48;2;21;23;24m▀[0m[38;2;39;39;39m[48;2;36;36;38m▀[0m[38;2;12;14;12m[48;2;29;31;32m▀[0m[38;2;7;7;8m[48;2;3;5;5m▀[0m[38;2;26;26;27m[48;2;28;30;30m▀[0m[38;2;20;23;23m[48;2;30;34;35m▀[0m[38;2;15;28;28m[48;2;25;32;34m▀[0m[38;2;0;22;26m[48;2;0;36;39m▀[0m[38;2;255;0;0m[48;2;255;0;0m▀[0m[38;2;255;0;0m[48;2;255;80;73m▀[0m[38;2;16;92;93m[48;2;53;119;122m▀[0m[38;2;118;130;133m[48;2;0;0;0m▀[0m[38;2;76;90;94m[48;2;114;128;130m▀[0m[38;2;194;157;158m[48;2;58;84;86m▀[0m[38;2;126;150;149m[48;2;0;5;6m▀[0m[38;2;2;39;41m[48;2;145;166;167m▀[0m[38;2;255;0;0m[48;2;255;4;0m▀[0m[38;2;255;0;0m[48;2;196;0;0m▀[0m[38;2;0;29;29m[48;2;0;45;45m▀[0m[38;2;18;32;32m[48;2;27;37;36m▀[0m[38;2;23;26;25m[48;2;15;35;35m▀[0m[38;2;52;26;23m[48;2;70;24;20m▀[0m[38;2;2;29;32m[48;2;51;29;28m▀[0m[38;2;183;0;0m[48;2;43;35;35m▀[0m[38;2;7;6;6m[48;2;27;45;45m▀[0m[38;2;0;3;4m[48;2;28;35;35m▀[0m[38;2;18;20;20m[48;2;25;32;32m▀[0m[38;2;20;22;22m[48;2;9;11;13m▀[0m[38;2;40;44;44m[48;2;0;0;0m▀[0m[38;2;16;18;18m[48;2;7;9;9m▀[0m[38;2;8;5;8m[48;2;0;0;0m▀[0m
[38;2;226;238;242m[48;2;203;214;216m▀[0m[38;2;153;158;159m[48;2;189;199;200m▀[0m[38;2;0;0;0m[48;2;80;80;81m▀[0m[38;2;0;0;0m[48;2;0;0;0m▀[0m[38;2;0;0;0m[48;2;24;28;27m▀[0m[38;2;2;1;0m[48;2;64;67;68m▀[0m[38;2;16;16;16m[48;2;50;53;53m▀[0m[38;2;19;23;24m[48;2;28;32;31m▀[0m[38;2;23;25;27m[48;2;34;39;39m▀[0m[38;2;35;38;38m[48;2;47;51;46m▀[0m[38;2;37;42;42m[48;2;48;51;51m▀[0m[38;2;22;31;31m[48;2;58;61;64m▀[0m[38;2;0;17;17m[48;2;140;147;147m▀[0m[38;2;91;79;76m[48;2;175;205;206m▀[0m[38;2;89;124;124m[48;2;16;36;38m▀[0m[38;2;0;0;0m[48;2;255;255;255m▀[0m[38;2;201;224;224m[48;2;253;255;255m▀[0m[38;2;255;255;255m[48;2;0;0;0m▀[0m[38;2;255;255;255m[48;2;0;0;0m▀[0m[38;2;78;99;98m[48;2;255;255;255m▀[0m[38;2;0;0;0m[48;2;153;173;173m▀[0m[38;2;136;144;143m[48;2;11;41;39m▀[0m[38;2;26;28;28m[48;2;168;195;198m▀[0m[38;2;0;26;27m[48;2;131;145;145m▀[0m[38;2;24;34;35m[48;2;39;50;50m▀[0m[38;2;25;43;43m[48;2;25;39;41m▀[0m[38;2;69;36;35m[48;2;29;50;51m▀[0m[38;2;67;32;30m[48;2;37;33;32m▀[0m[38;2;18;34;34m[48;2;18;34;34m▀[0m[38;2;9;17;17m[48;2;34;39;39m▀[0m[38;2;27;32;33m[48;2;50;54;54m▀[0m[38;2;26;29;28m[48;2;58;62;61m▀[0m[38;2;16;18;18m[48;2;32;35;35m▀[0m[38;2;0;0;0m[48;2;0;0;0m▀[0m[38;2;0;0;0m[48;2;70;74;78m▀[0m[38;2;112;119;119m[48;2;194;203;204m▀[0m
[38;2;133;141;144m[48;2;0;0;0m▀[0m[38;2;212;225;227m[48;2;124;133;134m▀[0m[38;2;195;205;206m[48;2;199;211;215m▀[0m[38;2;83;87;86m[48;2;163;168;172m▀[0m[38;2;32;35;34m[48;2;164;174;175m▀[0m[38;2;19;18;19m[48;2;8;7;8m▀[0m[38;2;41;44;45m[48;2;14;14;12m▀[0m[38;2;60;64;63m[48;2;50;53;53m▀[0m[38;2;60;65;62m[48;2;70;73;73m▀[0m[38;2;47;46;46m[48;2;28;30;31m▀[0m[38;2;52;55;55m[48;2;30;30;31m▀[0m[38;2;0;0;2m[48;2;88;93;94m▀[0m[38;2;91;99;98m[48;2;82;90;91m▀[0m[38;2;124;133;132m[48;2;50;56;55m▀[0m[38;2;54;63;63m[48;2;69;74;74m▀[0m[38;2;255;255;255m[48;2;255;255;255m▀[0m[38;2;90;112;109m[48;2;255;234;231m▀[0m[38;2;60;0;0m[48;2;255;255;255m▀[0m[38;2;81;0;0m[48;2;255;255;255m▀[0m[38;2;180;199;198m[48;2;255;255;255m▀[0m[38;2;255;255;255m[48;2;218;255;255m▀[0m[38;2;74;82;83m[48;2;37;42;42m▀[0m[38;2;110;118;118m[48;2;0;0;0m▀[0m[38;2;93;98;99m[48;2;117;122;122m▀[0m[38;2;27;31;31m[48;2;133;142;142m▀[0m[38;2;0;26;27m[48;2;73;48;45m▀[0m[38;2;175;6;5m[48;2;146;17;14m▀[0m[38;2;98;32;31m[48;2;61;52;52m▀[0m[38;2;34;64;64m[48;2;45;58;60m▀[0m[38;2;42;45;45m[48;2;58;63;63m▀[0m[38;2;36;39;41m[48;2;5;7;7m▀[0m[38;2;28;31;30m[48;2;91;101;100m▀[0m[38;2;30;32;32m[48;2;170;182;185m▀[0m[38;2;74;80;78m[48;2;210;219;222m▀[0m[38;2;209;219;218m[48;2;192;202;202m▀[0m[38;2;227;237;238m[48;2;106;109;112m▀[0m
[38;2;6;7;4m[48;2;45;48;48m▀[0m[38;2;0;0;0m[48;2;67;70;70m▀[0m[38;2;19;21;22m[48;2;67;70;71m▀[0m[38;2;156;164;168m[48;2;51;55;56m▀[0m[38;2;19;21;22m[48;2;58;62;62m▀[0m[38;2;8;7;8m[48;2;62;65;65m▀[0m[38;2;11;14;13m[48;2;101;106;107m▀[0m[38;2;66;69;69m[48;2;87;91;92m▀[0m[38;2;47;50;50m[48;2;67;70;67m▀[0m[38;2;65;70;70m[48;2;75;80;79m▀[0m[38;2;110;118;119m[48;2;0;0;0m▀[0m[38;2;70;78;81m[48;2;50;54;55m▀[0m[38;2;0;0;0m[48;2;8;10;11m▀[0m[38;2;0;0;0m[48;2;36;43;44m▀[0m[38;2;162;173;175m[48;2;180;197;199m▀[0m[38;2;255;255;255m[48;2;213;248;248m▀[0m[38;2;255;221;218m[48;2;239;161;165m▀[0m[38;2;230;210;213m[48;2;166;169;169m▀[0m[38;2;246;208;208m[48;2;193;160;160m▀[0m[38;2;255;255;255m[48;2;230;159;159m▀[0m[38;2;255;255;255m[48;2;217;255;255m▀[0m[38;2;127;136;135m[48;2;235;251;251m▀[0m[38;2;0;0;0m[48;2;21;29;28m▀[0m[38;2;39;44;44m[48;2;0;0;0m▀[0m[38;2;227;236;236m[48;2;68;72;72m▀[0m[38;2;129;128;129m[48;2;55;68;68m▀[0m[38;2;55;88;88m[48;2;66;70;72m▀[0m[38;2;0;4;4m[48;2;47;52;54m▀[0m[38;2;22;26;27m[48;2;13;15;17m▀[0m[38;2;84;91;91m[48;2;85;90;90m▀[0m[38;2;36;38;38m[48;2;113;117;119m▀[0m[38;2;82;89;90m[48;2;19;18;16m▀[0m[38;2;108;115;117m[48;2;61;63;63m▀[0m[38;2;29;31;29m[48;2;71;71;71m▀[0m[38;2;37;37;37m[48;2;61;65;65m▀[0m[38;2;34;37;37m[48;2;71;75;75m▀[0m
[38;2;0;0;0m[48;2;76;79;81m▀[0m[38;2;26;30;29m[48;2;0;0;0m▀[0m[38;2;67;71;71m[48;2;76;81;78m▀[0m[38;2;95;100;99m[48;2;77;80;80m▀[0m[38;2;94;98;98m[48;2;68;72;72m▀[0m[38;2;66;69;70m[48;2;52;57;57m▀[0m[38;2;68;72;72m[48;2;54;57;57m▀[0m[38;2;37;42;42m[48;2;78;83;83m▀[0m[38;2;74;81;82m[48;2;80;84;84m▀[0m[38;2;5;7;8m[48;2;77;81;80m▀[0m[38;2;41;44;43m[48;2;57;61;62m▀[0m[38;2;32;35;36m[48;2;41;40;40m▀[0m[38;2;0;0;0m[48;2;95;100;100m▀[0m[38;2;0;4;3m[48;2;0;14;14m▀[0m[38;2;33;55;55m[48;2;0;0;0m▀[0m[38;2;0;0;0m[48;2;0;0;0m▀[0m[38;2;255;92;88m[48;2;255;76;67m▀[0m[38;2;250;249;250m[48;2;255;255;255m▀[0m[38;2;255;254;255m[48;2;255;254;250m▀[0m[38;2;172;138;141m[48;2;198;193;195m▀[0m[38;2;0;0;0m[48;2;0;0;0m▀[0m[38;2;65;81;79m[48;2;0;0;0m▀[0m[38;2;0;0;0m[48;2;9;23;22m▀[0m[38;2;0;0;0m[48;2;36;38;38m▀[0m[38;2;39;46;46m[48;2;35;37;37m▀[0m[38;2;35;35;37m[48;2;31;38;38m▀[0m[38;2;26;29;31m[48;2;11;14;13m▀[0m[38;2;76;81;83m[48;2;0;0;0m▀[0m[38;2;62;65;65m[48;2;34;38;37m▀[0m[38;2;84;87;87m[48;2;63;68;68m▀[0m[38;2;130;134;134m[48;2;43;48;48m▀[0m[38;2;39;43;43m[48;2;78;83;82m▀[0m[38;2;75;79;78m[48;2;80;80;80m▀[0m[38;2;84;88;88m[48;2;116;120;120m▀[0m[38;2;76;80;80m[48;2;91;93;93m▀[0m[38;2;51;53;55m[48;2;69;71;71m▀[0m
[38;2;156;163;164m[48;2;74;78;77m▀[0m[38;2;108;116;116m[48;2;61;64;64m▀[0m[38;2;69;71;71m[48;2;83;90;90m▀[0m[38;2;60;64;64m[48;2;4;11;11m▀[0m[38;2;103;107;107m[48;2;0;0;0m▀[0m[38;2;0;4;4m[48;2;0;5;4m▀[0m[38;2;29;39;39m[48;2;64;63;61m▀[0m[38;2;68;72;72m[48;2;88;101;99m▀[0m[38;2;21;25;25m[48;2;178;186;185m▀[0m[38;2;72;77;77m[48;2;255;255;255m▀[0m[38;2;253;255;255m[48;2;255;255;255m▀[0m[38;2;255;255;255m[48;2;117;127;126m▀[0m[38;2;255;255;255m[48;2;119;130;129m▀[0m[38;2;253;255;255m[48;2;222;252;254m▀[0m[38;2;222;128;124m[48;2;255;255;255m▀[0m[38;2;71;0;0m[48;2;255;24;13m▀[0m[38;2;220;0;0m[48;2;30;0;0m▀[0m[38;2;255;100;96m[48;2;0;0;0m▀[0m[38;2;255;3;0m[48;2;65;0;0m▀[0m[38;2;228;0;0m[48;2;190;0;0m▀[0m[38;2;158;0;0m[48;2;255;76;70m▀[0m[38;2;196;145;148m[48;2;255;255;255m▀[0m[38;2;240;255;255m[48;2;203;237;241m▀[0m[38;2;255;255;255m[48;2;109;118;117m▀[0m[38;2;255;255;255m[48;2;214;224;225m▀[0m[38;2;218;222;223m[48;2;255;255;255m▀[0m[38;2;62;69;69m[48;2;255;255;255m▀[0m[38;2;29;33;30m[48;2;137;145;145m▀[0m[38;2;20;24;24m[48;2;70;75;79m▀[0m[38;2;23;27;27m[48;2;0;0;0m▀[0m[38;2;61;66;66m[48;2;0;0;0m▀[0m[38;2;74;81;81m[48;2;0;4;6m▀[0m[38;2;111;115;115m[48;2;24;29;28m▀[0m[38;2;80;83;83m[48;2;0;1;1m▀[0m[38;2;72;76;76m[48;2;0;0;0m▀[0m[38;2;181;190;193m[48;2;71;76;77m▀[0m
[38;2;52;56;57m[48;2;220;228;228m▀[0m[38;2;66;71;72m[48;2;154;164;165m▀[0m[38;2;0;2;2m[48;2;221;244;245m▀[0m[38;2;7;15;18m[48;2;255;255;255m▀[0m[38;2;156;152;151m[48;2;255;241;235m▀[0m[38;2;255;217;213m[48;2;255;255;255m▀[0m[38;2;255;255;255m[48;2;255;255;255m▀[0m[38;2;255;255;255m[48;2;255;255;255m▀[0m[38;2;255;255;255m[48;2;255;255;255m▀[0m[38;2;255;255;255m[48;2;255;255;255m▀[0m[38;2;229;242;241m[48;2;109;117;123m▀[0m[38;2;145;151;150m[48;2;255;255;255m▀[0m[38;2;255;255;255m[48;2;255;255;255m▀[0m[38;2;255;255;255m[48;2;255;255;255m▀[0m[38;2;255;255;255m[48;2;255;255;255m▀[0m[38;2;255;222;219m[48;2;255;200;199m▀[0m[38;2;255;0;0m[48;2;255;0;0m▀[0m[38;2;0;0;0m[48;2;255;0;0m▀[0m[38;2;34;0;0m[48;2;255;0;0m▀[0m[38;2;255;40;28m[48;2;255;161;152m▀[0m[38;2;255;255;255m[48;2;255;255;255m▀[0m[38;2;255;255;255m[48;2;255;255;255m▀[0m[38;2;255;255;255m[48;2;255;255;255m▀[0m[38;2;252;255;255m[48;2;255;255;255m▀[0m[38;2;137;146;145m[48;2;218;229;231m▀[0m[38;2;247;255;255m[48;2;66;73;75m▀[0m[38;2;255;255;255m[48;2;255;255;255m▀[0m[38;2;255;255;255m[48;2;255;255;255m▀[0m[38;2;255;255;255m[48;2;255;255;255m▀[0m[38;2;255;255;255m[48;2;255;255;255m▀[0m[38;2;198;209;209m[48;2;255;255;255m▀[0m[38;2;103;98;98m[48;2;255;255;255m▀[0m[38;2;3;3;3m[48;2;255;255;255m▀[0m[38;2;0;0;0m[48;2;170;192;195m▀[0m[38;2;40;44;44m[48;2;170;179;179m▀[0m[38;2;19;21;19m[48;2;213;219;218m▀[0m
[38;2;255;255;255m[48;2;255;255;255m▀[0m[38;2;255;255;255m[48;2;255;255;255m▀[0m[38;2;255;255;255m[48;2;202;225;224m▀[0m[38;2;255;255;255m[48;2;179;159;159m▀[0m[38;2;255;243;240m[48;2;158;148;148m▀[0m[38;2;255;255;255m[48;2;121;118;118m▀[0m[38;2;255;255;255m[48;2;112;123;123m▀[0m[38;2;255;255;255m[48;2;3;0;0m▀[0m[38;2;255;255;255m[48;2;0;0;0m▀[0m[38;2;78;96;102m[48;2;0;0;0m▀[0m[38;2;0;0;0m[48;2;0;0;0m▀[0m[38;2;255;255;255m[48;2;77;85;84m▀[0m[38;2;255;255;255m[48;2;149;154;153m▀[0m[38;2;255;255;255m[48;2;123;160;162m▀[0m[38;2;211;255;255m[48;2;229;250;249m▀[0m[38;2;249;221;224m[48;2;255;139;136m▀[0m[38;2;255;113;106m[48;2;255;0;0m▀[0m[38;2;255;0;0m[48;2;255;0;0m▀[0m[38;2;255;0;0m[48;2;255;0;0m▀[0m[38;2;255;0;0m[48;2;255;0;0m▀[0m[38;2;228;233;233m[48;2;255;0;0m▀[0m[38;2;224;255;255m[48;2;212;255;255m▀[0m[38;2;255;255;255m[48;2;116;155;155m▀[0m[38;2;255;255;255m[48;2;115;120;120m▀[0m[38;2;218;229;231m[48;2;0;0;0m▀[0m[38;2;0;0;0m[48;2;0;0;0m▀[0m[38;2;136;146;145m[48;2;0;0;0m▀[0m[38;2;255;255;255m[48;2;0;0;0m▀[0m[38;2;255;255;255m[48;2;82;84;85m▀[0m[38;2;255;255;255m[48;2;158;163;165m▀[0m[38;2;255;255;255m[48;2;196;210;209m▀[0m[38;2;255;255;255m[48;2;217;230;232m▀[0m[38;2;255;255;255m[48;2;247;255;255m▀[0m[38;2;255;255;255m[48;2;255;255;255m▀[0m[38;2;237;251;251m[48;2;255;255;255m▀[0m[38;2;255;255;255m[48;2;255;255;255m▀[0m
[38;2;153;155;156m[48;2;33;35;37m▀[0m[38;2;23;30;31m[48;2;0;0;0m▀[0m[38;2;0;0;0m[48;2;12;15;16m▀[0m[38;2;0;0;0m[48;2;21;25;27m▀[0m[38;2;0;0;0m[48;2;100;109;109m▀[0m[38;2;3;14;12m[48;2;73;81;76m▀[0m[38;2;0;0;0m[48;2;70;73;75m▀[0m[38;2;0;0;0m[48;2;93;98;99m▀[0m[38;2;0;0;0m[48;2;97;103;102m▀[0m[38;2;122;129;130m[48;2;94;101;102m▀[0m[38;2;0;0;0m[48;2;0;0;0m▀[0m[38;2;0;0;0m[48;2;0;0;0m▀[0m[38;2;0;18;21m[48;2;255;255;255m▀[0m[38;2;255;255;255m[48;2;255;255;255m▀[0m[38;2;255;243;239m[48;2;255;255;255m▀[0m[38;2;250;255;255m[48;2;255;197;190m▀[0m[38;2;255;0;0m[48;2;255;0;0m▀[0m[38;2;255;0;0m[48;2;255;0;0m▀[0m[38;2;255;15;9m[48;2;255;255;255m▀[0m[38;2;216;255;255m[48;2;203;255;255m▀[0m[38;2;255;88;83m[48;2;246;132;132m▀[0m[38;2;255;227;226m[48;2;255;0;0m▀[0m[38;2;255;255;255m[48;2;255;255;255m▀[0m[38;2;0;3;3m[48;2;213;245;245m▀[0m[38;2;0;0;0m[48;2;0;0;0m▀[0m[38;2;14;14;16m[48;2;0;2;1m▀[0m[38;2;0;0;0m[48;2;47;50;52m▀[0m[38;2;7;10;9m[48;2;33;33;33m▀[0m[38;2;47;51;51m[48;2;71;75;75m▀[0m[38;2;0;0;0m[48;2;151;159;159m▀[0m[38;2;0;0;0m[48;2;20;23;23m▀[0m[38;2;2;2;2m[48;2;89;93;93m▀[0m[38;2;0;0;0m[48;2;95;98;98m▀[0m[38;2;0;0;0m[48;2;0;0;0m▀[0m[38;2;109;117;118m[48;2;3;6;6m▀[0m[38;2;239;243;245m[48;2;0;0;0m▀[0m
[38;2;0;0;0m[48;2;87;91;91m▀[0m[38;2;36;39;38m[48;2;148;155;155m▀[0m[38;2;111;116;116m[48;2;124;128;130m▀[0m[38;2;97;102;103m[48;2;96;101;101m▀[0m[38;2;71;76;78m[48;2;63;70;72m▀[0m[38;2;121;126;127m[48;2;118;125;127m▀[0m[38;2;154;158;159m[48;2;82;87;86m▀[0m[38;2;48;52;51m[48;2;0;0;0m▀[0m[38;2;87;91;91m[48;2;0;0;0m▀[0m[38;2;88;97;96m[48;2;101;105;105m▀[0m[38;2;0;0;0m[48;2;34;36;36m▀[0m[38;2;0;0;0m[48;2;0;0;0m▀[0m[38;2;199;204;206m[48;2;120;138;139m▀[0m[38;2;255;255;255m[48;2;236;255;255m▀[0m[38;2;250;255;255m[48;2;255;255;255m▀[0m[38;2;255;153;146m[48;2;255;0;0m▀[0m[38;2;255;0;0m[48;2;255;0;0m▀[0m[38;2;255;0;0m[48;2;255;171;159m▀[0m[38;2;255;255;255m[48;2;255;255;255m▀[0m[38;2;143;244;250m[48;2;244;255;255m▀[0m[38;2;126;186;186m[48;2;255;255;255m▀[0m[38;2;255;128;124m[48;2;255;223;219m▀[0m[38;2;255;229;228m[48;2;255;191;188m▀[0m[38;2;177;234;233m[48;2;61;108;110m▀[0m[38;2;0;0;0m[48;2;0;0;0m▀[0m[38;2;44;48;48m[48;2;43;50;50m▀[0m[38;2;64;71;71m[48;2;91;94;94m▀[0m[38;2;155;162;162m[48;2;135;139;139m▀[0m[38;2;94;98;95m[48;2;144;148;148m▀[0m[38;2;114;121;121m[48;2;100;104;104m▀[0m[38;2;67;71;71m[48;2;21;23;23m▀[0m[38;2;82;85;86m[48;2;71;75;77m▀[0m[38;2;100;106;104m[48;2;85;92;92m▀[0m[38;2;15;19;19m[48;2;94;98;98m▀[0m[38;2;112;116;117m[48;2;84;89;86m▀[0m[38;2;146;152;150m[48;2;135;140;139m▀[0m
[38;2;146;152;150m[48;2;127;131;130m▀[0m[38;2;127;131;128m[48;2;136;142;140m▀[0m[38;2;108;112;109m[48;2;143;147;146m▀[0m[38;2;60;64;64m[48;2;106;110;110m▀[0m[38;2;42;46;46m[48;2;24;26;27m▀[0m[38;2;104;107;108m[48;2;121;124;123m▀[0m[38;2;89;93;93m[48;2;158;163;160m▀[0m[38;2;102;105;105m[48;2;154;157;158m▀[0m[38;2;69;71;71m[48;2;122;128;126m▀[0m[38;2;108;112;112m[48;2;89;96;96m▀[0m[38;2;77;80;82m[48;2;86;91;91m▀[0m[38;2;0;0;0m[48;2;0;0;0m▀[0m[38;2;0;10;10m[48;2;0;0;0m▀[0m[38;2;255;255;255m[48;2;255;255;255m▀[0m[38;2;255;217;210m[48;2;255;41;32m▀[0m[38;2;255;0;0m[48;2;255;0;0m▀[0m[38;2;255;0;0m[48;2;255;0;0m▀[0m[38;2;255;48;31m[48;2;227;0;0m▀[0m[38;2;255;136;133m[48;2;233;0;0m▀[0m[38;2;255;107;103m[48;2;255;68;62m▀[0m[38;2;253;255;255m[48;2;251;250;251m▀[0m[38;2;255;139;135m[48;2;255;255;255m▀[0m[38;2;255;238;239m[48;2;255;195;188m▀[0m[38;2;0;0;0m[48;2;0;0;0m▀[0m[38;2;4;11;11m[48;2;0;0;0m▀[0m[38;2;27;30;32m[48;2;132;136;138m▀[0m[38;2;38;41;41m[48;2;64;69;69m▀[0m[38;2;81;85;85m[48;2;131;138;138m▀[0m[38;2;101;101;106m[48;2;87;91;91m▀[0m[38;2;129;133;135m[48;2;58;62;62m▀[0m[38;2;4;6;6m[48;2;49;51;51m▀[0m[38;2;112;116;115m[48;2;163;167;166m▀[0m[38;2;146;150;152m[48;2;133;135;135m▀[0m[38;2;147;151;151m[48;2;142;146;146m▀[0m[38;2;87;91;91m[48;2;106;110;110m▀[0m[38;2;123;126;127m[48;2;49;53;53m▀[0m
