[38;2;0;0;0m[48;2;70;67;70m▀[0m[38;2;0;0;0m[48;2;18;18;18m▀[0m[38;2;26;26;26m[48;2;11;13;11m▀[0m[38;2;5;5;5m[48;2;52;52;52m▀[0m[38;2;0;0;0m[48;2;85;87;89m▀[0m[38;2;10;13;12m[48;2;95;97;98m▀[0m[38;2;93;96;97m[48;2;109;109;107m▀[0m[38;2;88;90;90m[48;2;122;125;124m▀[0m[38;2;85;84;84m[48;2;136;138;138m▀[0m[38;2;66;66;66m[48;2;141;144;144m▀[0m[38;2;73;73;74m[48;2;116;114;117m▀[0m[38;2;109;109;110m[48;2;76;78;76m▀[0m[38;2;155;157;159m[48;2;42;46;48m▀[0m[38;2;77;87;87m[48;2;14;22;22m▀[0m[38;2;0;0;0m[48;2;0;0;0m▀[0m[38;2;0;18;18m[48;2;78;0;0m▀[0m[38;2;0;26;28m[48;2;225;0;0m▀[0m[38;2;0;13;11m[48;2;232;0;0m▀[0m[38;2;0;17;16m[48;2;225;0;0m▀[0m[38;2;0;28;27m[48;2;201;0;0m▀[0m[38;2;0;3;3m[48;2;0;0;0m▀[0m[38;2;17;35;36m[48;2;0;0;0m▀[0m[38;2;130;133;138m[48;2;4;7;9m▀[0m[38;2;123;120;123m[48;2;23;25;26m▀[0m[38;2;88;85;88m[48;2;82;80;83m▀[0m[38;2;46;46;46m[48;2;132;132;134m▀[0m[38;2;60;60;60m[48;2;139;137;140m▀[0m[38;2;76;76;77m[48;2;107;107;105m▀[0m[38;2;64;64;65m[48;2;79;82;82m▀[0m[38;2;40;40;40m[48;2;64;67;67m▀[0m[38;2;0;0;0m[48;2;76;75;76m▀[0m[38;2;53;53;54m[48;2;61;61;62m▀[0m[38;2;48;48;49m[48;2;48;48;49m▀[0m[38;2;3;3;0m[48;2;21;21;23m▀[0m[38;2;0;0;0m[48;2;0;0;0m▀[0m[38;2;9;9;9m[48;2;0;0;0m▀[0m
[38;2;49;49;49m[48;2;83;83;80m▀[0m[38;2;55;52;55m[48;2;95;95;95m▀[0m[38;2;88;89;86m[48;2;139;141;141m▀[0m[38;2;103;105;105m[48;2;154;158;158m▀[0m[38;2;138;141;143m[48;2;59;61;61m▀[0m[38;2;134;137;136m[48;2;25;24;24m▀[0m[38;2;85;88;87m[48;2;0;0;0m▀[0m[38;2;43;45;45m[48;2;0;0;0m▀[0m[38;2;0;0;0m[48;2;0;0;0m▀[0m[38;2;0;0;0m[48;2;28;28;30m▀[0m[38;2;0;0;0m[48;2;116;114;117m▀[0m[38;2;0;0;0m[48;2;107;109;111m▀[0m[38;2;57;62;62m[48;2;180;185;185m▀[0m[38;2;4;26;26m[48;2;179;215;215m▀[0m[38;2;1;6;6m[48;2;43;0;0m▀[0m[38;2;255;0;0m[48;2;46;0;0m▀[0m[38;2;255;0;0m[48;2;0;14;16m▀[0m[38;2;243;0;0m[48;2;0;0;0m▀[0m[38;2;254;0;0m[48;2;205;0;0m▀[0m[38;2;255;0;0m[48;2;255;0;0m▀[0m[38;2;90;0;0m[48;2;162;0;0m▀[0m[38;2;17;69;69m[48;2;79;112;112m▀[0m[38;2;0;2;4m[48;2;149;167;167m▀[0m[38;2;38;43;42m[48;2;225;229;228m▀[0m[38;2;0;0;0m[48;2;18;15;19m▀[0m[38;2;0;0;0m[48;2;45;45;46m▀[0m[38;2;0;0;0m[48;2;69;71;71m▀[0m[38;2;30;30;31m[48;2;0;0;0m▀[0m[38;2;76;76;79m[48;2;0;0;0m▀[0m[38;2;118;118;123m[48;2;11;11;13m▀[0m[38;2;100;102;103m[48;2;59;57;60m▀[0m[38;2;57;57;57m[48;2;131;131;133m▀[0m[38;2;65;65;66m[48;2;93;93;93m▀[0m[38;2;99;99;99m[48;2;36;36;36m▀[0m[38;2;42;42;43m[48;2;73;73;73m▀[0m[38;2;1;0;0m[48;2;75;73;76m▀[0m
[38;2;114;116;117m[48;2;115;115;115m▀[0m[38;2;157;156;157m[48;2;0;0;0m▀[0m[38;2;82;84;84m[48;2;0;0;0m▀[0m[38;2;0;0;0m[48;2;0;0;0m▀[0m[38;2;0;0;0m[48;2;74;74;74m▀[0m[38;2;9;12;14m[48;2;69;71;71m▀[0m[38;2;254;252;255m[48;2;168;171;170m▀[0m[38;2;4;3;3m[48;2;142;147;147m▀[0m[38;2;142;144;144m[48;2;127;125;128m▀[0m[38;2;137;137;139m[48;2;71;74;74m▀[0m[38;2;135;135;135m[48;2;32;32;34m▀[0m[38;2;154;159;159m[48;2;14;21;22m▀[0m[38;2;114;128;132m[48;2;32;53;57m▀[0m[38;2;96;113;115m[48;2;0;18;23m▀[0m[38;2;0;0;0m[48;2;184;0;0m▀[0m[38;2;0;17;16m[48;2;255;0;0m▀[0m[38;2;165;0;0m[48;2;168;0;0m▀[0m[38;2;255;0;0m[48;2;0;0;0m▀[0m[38;2;134;0;0m[48;2;133;0;0m▀[0m[38;2;0;18;18m[48;2;254;0;0m▀[0m[38;2;0;0;0m[48;2;151;0;0m▀[0m[38;2;15;57;57m[48;2;0;0;0m▀[0m[38;2;122;139;141m[48;2;0;1;4m▀[0m[38;2;129;136;138m[48;2;0;0;0m▀[0m[38;2;105;108;108m[48;2;7;10;15m▀[0m[38;2;196;199;198m[48;2;43;45;43m▀[0m[38;2;250;252;252m[48;2;94;96;96m▀[0m[38;2;0;0;0m[48;2;123;123;123m▀[0m[38;2;255;255;255m[48;2;255;255;255m▀[0m[38;2;32;32;32m[48;2;60;63;63m▀[0m[38;2;0;0;0m[48;2;0;0;0m▀[0m[38;2;0;0;0m[48;2;0;0;0m▀[0m[38;2;65;65;67m[48;2;24;27;27m▀[0m[38;2;147;147;149m[48;2;23;23;25m▀[0m[38;2;65;65;62m[48;2;133;133;133m▀[0m[38;2;22;22;22m[48;2;126;129;126m▀[0m
[38;2;0;0;0m[48;2;0;0;0m▀[0m[38;2;0;0;0m[48;2;0;0;0m▀[0m[38;2;131;130;130m[48;2;169;168;168m▀[0m[38;2;109;108;108m[48;2;173;175;173m▀[0m[38;2;104;104;102m[48;2;70;74;74m▀[0m[38;2;139;144;141m[48;2;0;0;0m▀[0m[38;2;64;63;63m[48;2;0;0;0m▀[0m[38;2;27;27;27m[48;2;13;11;8m▀[0m[38;2;0;0;0m[48;2;109;111;111m▀[0m[38;2;0;0;0m[48;2;211;213;213m▀[0m[38;2;52;56;56m[48;2;255;255;255m▀[0m[38;2;129;136;136m[48;2;200;207;207m▀[0m[38;2;101;131;131m[48;2;107;110;110m▀[0m[38;2;136;0;0m[48;2;42;0;0m▀[0m[38;2;194;0;0m[48;2;0;17;17m▀[0m[38;2;141;0;0m[48;2;7;0;0m▀[0m[38;2;0;0;0m[48;2;110;39;39m▀[0m[38;2;75;153;154m[48;2;255;255;255m▀[0m[38;2;0;38;40m[48;2;166;214;215m▀[0m[38;2;0;0;0m[48;2;9;0;0m▀[0m[38;2;255;0;0m[48;2;157;0;0m▀[0m[38;2;255;0;0m[48;2;44;0;0m▀[0m[38;2;90;53;54m[48;2;124;0;0m▀[0m[38;2;104;134;134m[48;2;145;183;189m▀[0m[38;2;47;46;44m[48;2;213;217;218m▀[0m[38;2;0;0;0m[48;2;238;242;241m▀[0m[38;2;0;0;0m[48;2;148;151;151m▀[0m[38;2;12;10;13m[48;2;39;38;38m▀[0m[38;2;68;66;63m[48;2;0;0;0m▀[0m[38;2;109;112;107m[48;2;4;4;2m▀[0m[38;2;167;170;171m[48;2;94;91;93m▀[0m[38;2;161;161;163m[48;2;129;129;129m▀[0m[38;2;130;130;132m[48;2;39;39;39m▀[0m[38;2;0;0;0m[48;2;64;64;65m▀[0m[38;2;0;0;0m[48;2;69;69;74m▀[0m[38;2;76;76;76m[48;2;0;0;0m▀[0m
[38;2;201;199;202m[48;2;132;135;135m▀[0m[38;2;166;165;162m[48;2;40;39;39m▀[0m[38;2;71;72;69m[48;2;0;0;0m▀[0m[38;2;0;0;0m[48;2;68;67;68m▀[0m[38;2;0;0;0m[48;2;211;214;209m▀[0m[38;2;80;79;79m[48;2;255;255;255m▀[0m[38;2;176;181;178m[48;2;112;115;117m▀[0m[38;2;169;173;172m[48;2;65;65;63m▀[0m[38;2;119;121;122m[48;2;96;93;98m▀[0m[38;2;113;116;115m[48;2;173;173;174m▀[0m[38;2;0;0;0m[48;2;142;142;142m▀[0m[38;2;51;54;54m[48;2;41;43;43m▀[0m[38;2;27;37;37m[48;2;56;59;60m▀[0m[38;2;0;7;7m[48;2;25;22;22m▀[0m[38;2;0;6;4m[48;2;0;0;0m▀[0m[38;2;0;0;0m[48;2;0;0;0m▀[0m[38;2;81;83;83m[48;2;138;152;155m▀[0m[38;2;143;156;156m[48;2;34;42;43m▀[0m[38;2;118;152;152m[48;2;79;86;88m▀[0m[38;2;76;0;0m[48;2;38;49;48m▀[0m[38;2;0;5;4m[48;2;0;0;0m▀[0m[38;2;0;6;7m[48;2;0;0;0m▀[0m[38;2;0;11;13m[48;2;71;74;75m▀[0m[38;2;77;84;84m[48;2;0;0;0m▀[0m[38;2;80;85;85m[48;2;20;22;22m▀[0m[38;2;75;81;80m[48;2;14;14;16m▀[0m[38;2;195;199;201m[48;2;161;159;162m▀[0m[38;2;174;174;175m[48;2;104;104;101m▀[0m[38;2;186;186;188m[48;2;136;136;134m▀[0m[38;2;20;20;20m[48;2;143;143;145m▀[0m[38;2;0;0;0m[48;2;157;157;159m▀[0m[38;2;41;41;38m[48;2;7;7;5m▀[0m[38;2;115;115;115m[48;2;0;0;0m▀[0m[38;2;186;186;191m[48;2;56;56;56m▀[0m[38;2;21;21;18m[48;2;113;113;115m▀[0m[38;2;0;0;0m[48;2;230;230;232m▀[0m
[38;2;0;0;0m[48;2;58;58;59m▀[0m[38;2;2;2;2m[48;2;181;181;181m▀[0m[38;2;150;150;150m[48;2;171;171;171m▀[0m[38;2;228;230;228m[48;2;87;86;87m▀[0m[38;2;121;123;123m[48;2;35;37;37m▀[0m[38;2;0;0;0m[48;2;138;141;140m▀[0m[38;2;105;100;106m[48;2;86;86;83m▀[0m[38;2;130;130;131m[48;2;149;149;150m▀[0m[38;2;87;89;91m[48;2;0;0;0m▀[0m[38;2;91;91;89m[48;2;0;0;0m▀[0m[38;2;164;163;163m[48;2;52;52;52m▀[0m[38;2;0;0;0m[48;2;85;88;88m▀[0m[38;2;178;180;180m[48;2;219;217;221m▀[0m[38;2;0;0;0m[48;2;0;0;0m▀[0m[38;2;0;0;0m[48;2;0;0;0m▀[0m[38;2;0;0;0m[48;2;0;0;0m▀[0m[38;2;73;81;82m[48;2;69;72;74m▀[0m[38;2;0;0;0m[48;2;64;71;82m▀[0m[38;2;0;0;0m[48;2;71;76;96m▀[0m[38;2;19;22;25m[48;2;14;17;24m▀[0m[38;2;0;0;0m[48;2;0;0;0m▀[0m[38;2;0;0;0m[48;2;0;0;0m▀[0m[38;2;107;107;108m[48;2;63;62;63m▀[0m[38;2;73;77;77m[48;2;174;176;176m▀[0m[38;2;0;0;0m[48;2;0;0;0m▀[0m[38;2;170;170;175m[48;2;89;89;89m▀[0m[38;2;204;206;208m[48;2;100;99;99m▀[0m[38;2;101;101;102m[48;2;0;0;0m▀[0m[38;2;95;94;95m[48;2;57;57;58m▀[0m[38;2;87;90;90m[48;2;216;216;214m▀[0m[38;2;245;245;248m[48;2;0;3;2m▀[0m[38;2;224;224;225m[48;2;97;97;98m▀[0m[38;2;47;47;48m[48;2;169;169;170m▀[0m[38;2;0;0;0m[48;2;147;147;148m▀[0m[38;2;19;19;17m[48;2;0;0;0m▀[0m[38;2;114;114;114m[48;2;0;0;0m▀[0m
[38;2;156;159;159m[48;2;192;192;193m▀[0m[38;2;204;203;203m[48;2;66;65;65m▀[0m[38;2;152;151;151m[48;2;0;0;0m▀[0m[38;2;154;156;156m[48;2;86;88;90m▀[0m[38;2;76;78;78m[48;2;0;1;1m▀[0m[38;2;72;72;74m[48;2;7;7;7m▀[0m[38;2;29;29;30m[48;2;154;154;155m▀[0m[38;2;0;0;0m[48;2;74;74;76m▀[0m[38;2;0;0;0m[48;2;88;88;86m▀[0m[38;2;0;0;0m[48;2;168;171;171m▀[0m[38;2;0;0;0m[48;2;117;117;117m▀[0m[38;2;171;171;173m[48;2;105;105;107m▀[0m[38;2;123;125;126m[48;2;71;70;70m▀[0m[38;2;0;0;0m[48;2;0;0;0m▀[0m[38;2;0;0;0m[48;2;0;0;0m▀[0m[38;2;129;133;143m[48;2;255;255;255m▀[0m[38;2;255;255;255m[48;2;255;255;255m▀[0m[38;2;255;255;255m[48;2;255;255;208m▀[0m[38;2;255;255;255m[48;2;255;255;122m▀[0m[38;2;255;255;255m[48;2;255;255;255m▀[0m[38;2;16;17;29m[48;2;120;119;108m▀[0m[38;2;0;0;0m[48;2;0;0;0m▀[0m[38;2;0;0;0m[48;2;0;0;0m▀[0m[38;2;124;124;125m[48;2;57;57;57m▀[0m[38;2;88;91;91m[48;2;50;50;52m▀[0m[38;2;65;65;66m[48;2;143;146;143m▀[0m[38;2;0;0;0m[48;2;138;141;138m▀[0m[38;2;0;0;0m[48;2;61;61;61m▀[0m[38;2;0;0;0m[48;2;12;15;14m▀[0m[38;2;157;154;158m[48;2;106;106;104m▀[0m[38;2;37;36;36m[48;2;104;104;102m▀[0m[38;2;36;39;38m[48;2;116;113;115m▀[0m[38;2;210;210;210m[48;2;0;0;0m▀[0m[38;2;255;255;255m[48;2;33;33;34m▀[0m[38;2;132;132;133m[48;2;159;162;163m▀[0m[38;2;12;12;13m[48;2;249;249;250m▀[0m
[38;2;35;37;37m[48;2;66;66;64m▀[0m[38;2;0;0;0m[48;2;131;133;133m▀[0m[38;2;25;27;27m[48;2;31;33;33m▀[0m[38;2;81;80;80m[48;2;82;82;82m▀[0m[38;2;154;153;153m[48;2;20;20;20m▀[0m[38;2;151;151;148m[48;2;0;0;0m▀[0m[38;2;104;104;102m[48;2;0;0;0m▀[0m[38;2;73;72;72m[48;2;18;18;18m▀[0m[38;2;99;102;101m[48;2;71;71;69m▀[0m[38;2;157;160;160m[48;2;36;36;36m▀[0m[38;2;0;0;0m[48;2;18;18;20m▀[0m[38;2;202;202;202m[48;2;255;255;255m▀[0m[38;2;15;14;14m[48;2;46;48;51m▀[0m[38;2;0;0;0m[48;2;0;0;0m▀[0m[38;2;80;75;45m[48;2;199;180;97m▀[0m[38;2;255;255;173m[48;2;255;236;139m▀[0m[38;2;239;213;141m[48;2;167;152;113m▀[0m[38;2;254;232;170m[48;2;255;249;192m▀[0m[38;2;255;232;123m[48;2;204;174;105m▀[0m[38;2;255;255;156m[48;2;255;252;153m▀[0m[38;2;199;170;97m[48;2;255;237;121m▀[0m[38;2;0;0;0m[48;2;98;98;89m▀[0m[38;2;22;24;31m[48;2;87;91;105m▀[0m[38;2;51;53;55m[48;2;22;27;26m▀[0m[38;2;0;0;0m[48;2;53;57;58m▀[0m[38;2;42;42;42m[48;2;76;79;80m▀[0m[38;2;146;146;146m[48;2;0;0;0m▀[0m[38;2;183;186;186m[48;2;0;0;0m▀[0m[38;2;104;107;106m[48;2;26;28;28m▀[0m[38;2;50;50;48m[48;2;78;78;78m▀[0m[38;2;100;99;99m[48;2;84;82;85m▀[0m[38;2;121;119;122m[48;2;178;181;180m▀[0m[38;2;5;5;5m[48;2;89;92;92m▀[0m[38;2;0;0;0m[48;2;149;149;149m▀[0m[38;2;14;16;16m[48;2;125;124;121m▀[0m[38;2;224;227;226m[48;2;122;122;120m▀[0m
[38;2;60;63;62m[48;2;159;161;161m▀[0m[38;2;105;105;107m[48;2;168;170;170m▀[0m[38;2;75;73;76m[48;2;154;156;156m▀[0m[38;2;0;0;0m[48;2;158;160;160m▀[0m[38;2;0;0;0m[48;2;161;161;161m▀[0m[38;2;0;0;0m[48;2;178;178;178m▀[0m[38;2;68;71;68m[48;2;245;248;245m▀[0m[38;2;112;112;112m[48;2;175;183;183m▀[0m[38;2;0;0;0m[48;2;201;206;206m▀[0m[38;2;25;29;29m[48;2;126;129;129m▀[0m[38;2;190;194;196m[48;2;182;187;191m▀[0m[38;2;255;255;255m[48;2;13;28;39m▀[0m[38;2;43;55;67m[48;2;65;55;56m▀[0m[38;2;38;39;50m[48;2;232;195;161m▀[0m[38;2;242;220;112m[48;2;105;105;79m▀[0m[38;2;226;200;136m[48;2;0;0;0m▀[0m[38;2;149;126;97m[48;2;0;0;0m▀[0m[38;2;193;187;158m[48;2;0;0;0m▀[0m[38;2;97;85;68m[48;2;0;0;0m▀[0m[38;2;172;149;110m[48;2;0;0;0m▀[0m[38;2;217;202;120m[48;2;0;0;0m▀[0m[38;2;255;234;180m[48;2;133;115;94m▀[0m[38;2;189;159;156m[48;2;255;255;242m▀[0m[38;2;0;0;0m[48;2;168;144;127m▀[0m[38;2;72;80;86m[48;2;11;18;26m▀[0m[38;2;174;178;180m[48;2;180;186;195m▀[0m[38;2;0;0;0m[48;2;161;165;167m▀[0m[38;2;0;0;0m[48;2;150;152;153m▀[0m[38;2;0;0;0m[48;2;149;152;152m▀[0m[38;2;0;0;0m[48;2;142;142;143m▀[0m[38;2;0;0;0m[48;2;142;142;143m▀[0m[38;2;0;0;0m[48;2;133;133;134m▀[0m[38;2;13;13;15m[48;2;130;133;133m▀[0m[38;2;51;54;54m[48;2;114;117;117m▀[0m[38;2;97;96;96m[48;2;140;140;142m▀[0m[38;2;140;140;142m[48;2;167;169;171m▀[0m
[38;2;10;12;12m[48;2;78;75;78m▀[0m[38;2;0;0;0m[48;2;61;59;62m▀[0m[38;2;1;4;4m[48;2;0;0;0m▀[0m[38;2;10;10;10m[48;2;0;0;0m▀[0m[38;2;9;12;12m[48;2;0;0;0m▀[0m[38;2;12;12;12m[48;2;0;0;0m▀[0m[38;2;0;0;0m[48;2;0;0;0m▀[0m[38;2;0;0;0m[48;2;65;68;71m▀[0m[38;2;45;49;54m[48;2;84;89;95m▀[0m[38;2;105;119;126m[48;2;0;0;0m▀[0m[38;2;83;93;94m[48;2;149;139;134m▀[0m[38;2;148;143;137m[48;2;255;255;248m▀[0m[38;2;246;200;185m[48;2;255;233;214m▀[0m[38;2;246;208;172m[48;2;107;89;66m▀[0m[38;2;106;117;100m[48;2;149;146;121m▀[0m[38;2;0;0;0m[48;2;255;169;153m▀[0m[38;2;0;0;0m[48;2;255;225;197m▀[0m[38;2;176;146;143m[48;2;255;255;255m▀[0m[38;2;164;107;95m[48;2;255;255;255m▀[0m[38;2;9;0;0m[48;2;255;199;166m▀[0m[38;2;0;0;0m[48;2;255;175;150m▀[0m[38;2;0;0;0m[48;2;134;82;65m▀[0m[38;2;255;251;226m[48;2;228;199;178m▀[0m[38;2;255;242;218m[48;2;255;227;202m▀[0m[38;2;195;161;141m[48;2;248;215;189m▀[0m[38;2;232;240;244m[48;2;112;68;54m▀[0m[38;2;117;132;135m[48;2;235;185;170m▀[0m[38;2;0;0;0m[48;2;77;82;82m▀[0m[38;2;77;81;83m[48;2;47;50;52m▀[0m[38;2;17;14;14m[48;2;138;135;137m▀[0m[38;2;0;0;0m[48;2;62;62;63m▀[0m[38;2;0;0;0m[48;2;15;15;15m▀[0m[38;2;0;0;0m[48;2;0;0;0m▀[0m[38;2;0;0;0m[48;2;0;0;0m▀[0m[38;2;0;0;0m[48;2;38;41;38m▀[0m[38;2;32;34;34m[48;2;48;47;47m▀[0m
[38;2;0;0;0m[48;2;143;142;140m▀[0m[38;2;32;31;31m[48;2;0;0;0m▀[0m[38;2;90;87;87m[48;2;0;0;0m▀[0m[38;2;97;97;97m[48;2;0;0;0m▀[0m[38;2;39;39;37m[48;2;138;138;138m▀[0m[38;2;48;48;48m[48;2;255;255;255m▀[0m[38;2;125;128;125m[48;2;13;17;17m▀[0m[38;2;20;27;31m[48;2;0;0;0m▀[0m[38;2;32;0;0m[48;2;0;0;0m▀[0m[38;2;218;83;61m[48;2;25;25;30m▀[0m[38;2;232;195;182m[48;2;219;190;171m▀[0m[38;2;255;223;197m[48;2;255;227;203m▀[0m[38;2;255;210;200m[48;2;230;192;190m▀[0m[38;2;169;146;90m[48;2;231;206;125m▀[0m[38;2;166;168;140m[48;2;42;50;16m▀[0m[38;2;88;79;88m[48;2;0;0;12m▀[0m[38;2;0;25;33m[48;2;115;100;91m▀[0m[38;2;0;8;21m[48;2;116;90;77m▀[0m[38;2;0;28;40m[48;2;149;132;120m▀[0m[38;2;0;17;31m[48;2;175;160;154m▀[0m[38;2;82;71;73m[48;2;0;0;0m▀[0m[38;2;121;94;60m[48;2;22;27;0m▀[0m[38;2;204;180;151m[48;2;217;190;149m▀[0m[38;2;255;216;201m[48;2;246;208;199m▀[0m[38;2;255;227;206m[48;2;255;225;199m▀[0m[38;2;113;79;63m[48;2;156;137;125m▀[0m[38;2;0;0;0m[48;2;58;78;88m▀[0m[38;2;0;0;0m[48;2;123;127;126m▀[0m[38;2;46;51;51m[48;2;82;85;85m▀[0m[38;2;119;122;122m[48;2;1;1;1m▀[0m[38;2;146;145;145m[48;2;199;199;196m▀[0m[38;2;0;0;0m[48;2;247;247;244m▀[0m[38;2;74;77;77m[48;2;0;0;0m▀[0m[38;2;93;96;95m[48;2;0;0;0m▀[0m[38;2;7;7;4m[48;2;0;0;0m▀[0m[38;2;63;63;63m[48;2;236;235;235m▀[0m
[38;2;202;200;204m[48;2;0;0;0m▀[0m[38;2;97;97;95m[48;2;200;200;198m▀[0m[38;2;0;0;0m[48;2;43;46;46m▀[0m[38;2;65;68;68m[48;2;255;255;255m▀[0m[38;2;241;244;243m[48;2;0;0;0m▀[0m[38;2;52;52;54m[48;2;39;38;38m▀[0m[38;2;236;238;240m[48;2;7;9;9m▀[0m[38;2;96;100;99m[48;2;29;34;33m▀[0m[38;2;123;138;142m[48;2;130;142;147m▀[0m[38;2;149;155;153m[48;2;121;106;97m▀[0m[38;2;249;206;180m[48;2;255;228;201m▀[0m[38;2;255;222;202m[48;2;255;223;201m▀[0m[38;2;214;177;172m[48;2;157;123;126m▀[0m[38;2;179;162;91m[48;2;52;53;24m▀[0m[38;2;135;119;55m[48;2;255;255;154m▀[0m[38;2;141;116;96m[48;2;52;49;19m▀[0m[38;2;255;248;239m[48;2;0;0;0m▀[0m[38;2;255;255;255m[48;2;84;76;72m▀[0m[38;2;255;255;255m[48;2;97;94;96m▀[0m[38;2;255;221;220m[48;2;0;0;0m▀[0m[38;2;107;96;67m[48;2;131;127;52m▀[0m[38;2;202;188;92m[48;2;255;255;158m▀[0m[38;2;166;150;100m[48;2;45;44;24m▀[0m[38;2;227;194;187m[48;2;196;152;141m▀[0m[38;2;255;223;198m[48;2;255;221;203m▀[0m[38;2;230;188;162m[48;2;251;205;175m▀[0m[38;2;216;221;227m[48;2;167;163;165m▀[0m[38;2;53;60;62m[48;2;0;0;0m▀[0m[38;2;0;0;0m[48;2;0;0;0m▀[0m[38;2;74;77;74m[48;2;0;0;0m▀[0m[38;2;21;20;21m[48;2;0;0;0m▀[0m[38;2;83;83;83m[48;2;0;0;0m▀[0m[38;2;111;111;109m[48;2;192;195;195m▀[0m[38;2;0;0;0m[48;2;241;240;240m▀[0m[38;2;211;214;214m[48;2;101;98;98m▀[0m[38;2;47;46;43m[48;2;0;0;0m▀[0m
