[38;2;0;0;0m[48;2;32;42;47m▀[0m[38;2;0;0;0m[48;2;0;0;0m▀[0m[38;2;8;18;26m[48;2;0;0;5m▀[0m[38;2;2;3;4m[48;2;0;0;0m▀[0m[38;2;0;0;0m[48;2;0;0;0m▀[0m[38;2;0;0;0m[48;2;0;0;0m▀[0m[38;2;0;0;0m[48;2;0;0;0m▀[0m[38;2;18;26;31m[48;2;25;35;42m▀[0m[38;2;25;36;43m[48;2;26;37;44m▀[0m[38;2;0;0;0m[48;2;0;0;0m▀[0m[38;2;8;12;20m[48;2;6;11;19m▀[0m[38;2;35;55;65m[48;2;0;0;0m▀[0m[38;2;6;14;16m[48;2;0;0;0m▀[0m[38;2;0;0;0m[48;2;0;1;1m▀[0m[38;2;0;0;0m[48;2;0;0;0m▀[0m[38;2;0;0;0m[48;2;0;1;1m▀[0m[38;2;0;1;0m[48;2;0;1;0m▀[0m[38;2;0;1;0m[48;2;0;1;1m▀[0m[38;2;0;0;0m[48;2;0;0;0m▀[0m[38;2;0;0;0m[48;2;0;0;0m▀[0m[38;2;124;0;0m[48;2;213;0;0m▀[0m[38;2;255;124;117m[48;2;255;150;141m▀[0m[38;2;78;0;0m[48;2;126;63;62m▀[0m[38;2;0;9;11m[48;2;82;152;155m▀[0m[38;2;60;87;89m[48;2;78;101;104m▀[0m[38;2;129;133;147m[48;2;243;255;255m▀[0m[38;2;120;46;93m[48;2;94;111;141m▀[0m[38;2;255;255;33m[48;2;71;87;121m▀[0m[38;2;255;255;0m[48;2;255;255;138m▀[0m[38;2;18;0;0m[48;2;212;115;55m▀[0m[38;2;0;0;0m[48;2;35;11;35m▀[0m[38;2;0;0;0m[48;2;146;162;164m▀[0m[38;2;0;0;0m[48;2;41;37;36m▀[0m[38;2;0;0;2m[48;2;0;0;0m▀[0m[38;2;5;19;23m[48;2;0;8;17m▀[0m[38;2;11;17;20m[48;2;4;9;10m▀[0m
[38;2;164;210;249m[48;2;71;93;108m▀[0m[38;2;0;0;0m[48;2;80;110;129m▀[0m[38;2;0;0;0m[48;2;0;0;0m▀[0m[38;2;0;0;0m[48;2;12;21;34m▀[0m[38;2;0;0;0m[48;2;23;27;34m▀[0m[38;2;0;0;0m[48;2;24;35;44m▀[0m[38;2;0;0;0m[48;2;28;46;60m▀[0m[38;2;5;4;6m[48;2;0;0;0m▀[0m[38;2;6;9;11m[48;2;0;0;0m▀[0m[38;2;0;0;0m[48;2;0;0;0m▀[0m[38;2;13;23;32m[48;2;11;23;29m▀[0m[38;2;2;4;4m[48;2;2;3;3m▀[0m[38;2;0;1;0m[48;2;0;0;0m▀[0m[38;2;0;1;0m[48;2;0;0;0m▀[0m[38;2;0;1;1m[48;2;0;1;0m▀[0m[38;2;0;1;0m[48;2;0;1;0m▀[0m[38;2;0;0;0m[48;2;0;0;0m▀[0m[38;2;0;0;0m[48;2;0;0;0m▀[0m[38;2;0;0;0m[48;2;0;0;0m▀[0m[38;2;0;0;0m[48;2;3;55;54m▀[0m[38;2;249;0;0m[48;2;255;14;5m▀[0m[38;2;255;135;121m[48;2;255;105;97m▀[0m[38;2;96;0;0m[48;2;195;51;50m▀[0m[38;2;0;0;0m[48;2;0;0;0m▀[0m[38;2;0;0;0m[48;2;0;0;0m▀[0m[38;2;0;0;0m[48;2;0;0;0m▀[0m[38;2;0;0;0m[48;2;0;0;0m▀[0m[38;2;0;0;0m[48;2;2;5;9m▀[0m[38;2;0;0;32m[48;2;36;46;48m▀[0m[38;2;59;75;101m[48;2;0;0;0m▀[0m[38;2;255;255;255m[48;2;20;33;42m▀[0m[38;2;221;224;226m[48;2;255;255;255m▀[0m[38;2;184;186;185m[48;2;255;255;255m▀[0m[38;2;0;0;0m[48;2;17;19;20m▀[0m[38;2;0;0;0m[48;2;0;0;0m▀[0m[38;2;0;0;0m[48;2;0;0;0m▀[0m
[38;2;44;60;72m[48;2;100;140;170m▀[0m[38;2;151;209;248m[48;2;164;226;255m▀[0m[38;2;11;26;40m[48;2;57;101;134m▀[0m[38;2;0;0;5m[48;2;85;118;149m▀[0m[38;2;0;0;26m[48;2;239;164;17m▀[0m[38;2;0;0;19m[48;2;169;82;29m▀[0m[38;2;0;13;24m[48;2;0;0;13m▀[0m[38;2;18;33;43m[48;2;65;98;124m▀[0m[38;2;0;0;0m[48;2;14;21;32m▀[0m[38;2;0;0;0m[48;2;0;0;0m▀[0m[38;2;13;25;35m[48;2;14;25;34m▀[0m[38;2;1;3;3m[48;2;1;3;0m▀[0m[38;2;0;0;0m[48;2;0;1;0m▀[0m[38;2;0;0;0m[48;2;0;1;0m▀[0m[38;2;0;0;0m[48;2;0;1;0m▀[0m[38;2;0;1;0m[48;2;0;1;0m▀[0m[38;2;0;0;0m[48;2;0;0;0m▀[0m[38;2;0;0;0m[48;2;0;0;0m▀[0m[38;2;0;0;0m[48;2;20;97;98m▀[0m[38;2;255;255;255m[48;2;159;161;158m▀[0m[38;2;255;12;2m[48;2;255;0;0m▀[0m[38;2;255;34;28m[48;2;255;193;187m▀[0m[38;2;184;92;90m[48;2;124;19;17m▀[0m[38;2;0;34;35m[48;2;192;253;255m▀[0m[38;2;58;83;85m[48;2;233;255;255m▀[0m[38;2;116;129;136m[48;2;0;0;0m▀[0m[38;2;115;119;120m[48;2;113;116;117m▀[0m[38;2;94;97;97m[48;2;212;210;209m▀[0m[38;2;0;1;5m[48;2;0;0;0m▀[0m[38;2;5;17;27m[48;2;9;19;21m▀[0m[38;2;0;0;0m[48;2;16;59;60m▀[0m[38;2;79;92;93m[48;2;0;0;0m▀[0m[38;2;255;255;255m[48;2;143;148;149m▀[0m[38;2;0;0;0m[48;2;0;9;14m▀[0m[38;2;0;0;0m[48;2;0;0;0m▀[0m[38;2;85;96;97m[48;2;192;157;151m▀[0m
[38;2;0;0;0m[48;2;49;67;82m▀[0m[38;2;85;125;155m[48;2;19;33;48m▀[0m[38;2;0;1;34m[48;2;11;46;67m▀[0m[38;2;128;89;49m[48;2;0;0;0m▀[0m[38;2;255;255;0m[48;2;0;0;0m▀[0m[38;2;255;138;0m[48;2;0;0;0m▀[0m[38;2;0;0;8m[48;2;0;0;0m▀[0m[38;2;87;134;169m[48;2;32;70;95m▀[0m[38;2;16;28;36m[48;2;3;18;23m▀[0m[38;2;0;0;0m[48;2;0;0;0m▀[0m[38;2;18;28;40m[48;2;18;31;42m▀[0m[38;2;2;0;0m[48;2;1;0;0m▀[0m[38;2;0;1;0m[48;2;0;1;0m▀[0m[38;2;0;1;1m[48;2;0;1;1m▀[0m[38;2;0;1;0m[48;2;0;1;0m▀[0m[38;2;0;0;0m[48;2;0;0;0m▀[0m[38;2;0;0;0m[48;2;0;0;0m▀[0m[38;2;0;0;0m[48;2;0;18;24m▀[0m[38;2;28;86;87m[48;2;42;80;82m▀[0m[38;2;255;0;0m[48;2;118;3;0m▀[0m[38;2;255;0;0m[48;2;255;0;0m▀[0m[38;2;255;105;98m[48;2;255;0;0m▀[0m[38;2;255;149;141m[48;2;255;0;0m▀[0m[38;2;0;0;0m[48;2;6;1;0m▀[0m[38;2;0;0;0m[48;2;0;0;0m▀[0m[38;2;0;0;0m[48;2;0;5;16m▀[0m[38;2;141;154;155m[48;2;112;81;82m▀[0m[38;2;255;255;255m[48;2;242;31;25m▀[0m[38;2;0;4;8m[48;2;189;205;205m▀[0m[38;2;0;0;0m[48;2;120;156;157m▀[0m[38;2;83;8;5m[48;2;255;255;255m▀[0m[38;2;0;0;0m[48;2;152;0;0m▀[0m[38;2;148;44;40m[48;2;128;0;0m▀[0m[38;2;24;47;55m[48;2;126;2;0m▀[0m[38;2;0;0;0m[48;2;0;0;0m▀[0m[38;2;255;255;255m[48;2;190;224;232m▀[0m
[38;2;10;18;21m[48;2;12;18;21m▀[0m[38;2;0;0;0m[48;2;0;0;0m▀[0m[38;2;6;58;78m[48;2;11;57;73m▀[0m[38;2;8;0;3m[48;2;0;0;0m▀[0m[38;2;255;0;0m[48;2;149;0;0m▀[0m[38;2;189;0;0m[48;2;32;0;0m▀[0m[38;2;0;0;0m[48;2;0;2;3m▀[0m[38;2;27;52;66m[48;2;32;60;77m▀[0m[38;2;3;16;19m[48;2;6;16;19m▀[0m[38;2;0;0;0m[48;2;0;0;0m▀[0m[38;2;17;27;34m[48;2;19;27;36m▀[0m[38;2;1;0;0m[48;2;1;3;0m▀[0m[38;2;0;0;0m[48;2;0;0;0m▀[0m[38;2;0;1;1m[48;2;1;1;1m▀[0m[38;2;0;0;0m[48;2;0;0;0m▀[0m[38;2;0;0;0m[48;2;0;0;0m▀[0m[38;2;0;0;0m[48;2;1;6;6m▀[0m[38;2;16;31;32m[48;2;211;239;240m▀[0m[38;2;87;127;127m[48;2;194;159;159m▀[0m[38;2;0;0;0m[48;2;0;0;0m▀[0m[38;2;0;0;0m[48;2;0;23;24m▀[0m[38;2;6;0;0m[48;2;0;0;0m▀[0m[38;2;149;0;0m[48;2;0;0;0m▀[0m[38;2;4;0;0m[48;2;150;184;184m▀[0m[38;2;0;0;0m[48;2;0;0;0m▀[0m[38;2;0;0;0m[48;2;0;0;0m▀[0m[38;2;255;255;255m[48;2;193;203;202m▀[0m[38;2;255;255;255m[48;2;255;255;255m▀[0m[38;2;255;255;255m[48;2;255;255;255m▀[0m[38;2;255;255;255m[48;2;255;255;255m▀[0m[38;2;255;255;255m[48;2;0;81;87m▀[0m[38;2;255;85;69m[48;2;255;35;17m▀[0m[38;2;204;0;0m[48;2;255;0;0m▀[0m[38;2;0;0;0m[48;2;57;17;14m▀[0m[38;2;0;0;0m[48;2;0;0;0m▀[0m[38;2;0;0;0m[48;2;0;0;0m▀[0m
[38;2;0;2;1m[48;2;0;0;0m▀[0m[38;2;0;0;0m[48;2;0;0;0m▀[0m[38;2;17;51;66m[48;2;0;40;51m▀[0m[38;2;0;0;0m[48;2;0;0;0m▀[0m[38;2;0;0;0m[48;2;255;3;0m▀[0m[38;2;0;0;0m[48;2;111;0;0m▀[0m[38;2;0;5;6m[48;2;0;3;5m▀[0m[38;2;31;62;78m[48;2;33;58;73m▀[0m[38;2;10;16;19m[48;2;4;13;17m▀[0m[38;2;0;0;0m[48;2;0;0;0m▀[0m[38;2;19;27;36m[48;2;17;27;37m▀[0m[38;2;2;3;0m[48;2;2;3;0m▀[0m[38;2;0;0;0m[48;2;0;1;0m▀[0m[38;2;0;1;0m[48;2;0;1;0m▀[0m[38;2;0;0;0m[48;2;1;1;1m▀[0m[38;2;0;0;0m[48;2;0;0;0m▀[0m[38;2;37;44;46m[48;2;0;0;0m▀[0m[38;2;86;108;112m[48;2;0;0;0m▀[0m[38;2;180;49;33m[48;2;67;13;12m▀[0m[38;2;0;0;0m[48;2;124;19;6m▀[0m[38;2;0;0;9m[48;2;79;0;0m▀[0m[38;2;0;44;48m[48;2;0;0;0m▀[0m[38;2;0;0;0m[48;2;36;0;0m▀[0m[38;2;213;242;244m[48;2;2;0;0m▀[0m[38;2;18;40;39m[48;2;12;12;20m▀[0m[38;2;0;0;0m[48;2;0;0;0m▀[0m[38;2;0;2;2m[48;2;0;0;0m▀[0m[38;2;255;255;255m[48;2;113;118;117m▀[0m[38;2;255;255;255m[48;2;216;233;235m▀[0m[38;2;255;255;255m[48;2;174;205;200m▀[0m[38;2;158;223;227m[48;2;255;103;93m▀[0m[38;2;255;0;0m[48;2;225;0;0m▀[0m[38;2;255;0;0m[48;2;255;0;0m▀[0m[38;2;69;116;117m[48;2;0;0;0m▀[0m[38;2;0;1;2m[48;2;0;0;0m▀[0m[38;2;0;0;0m[48;2;0;0;0m▀[0m
[38;2;0;0;0m[48;2;0;0;0m▀[0m[38;2;0;0;0m[48;2;0;0;0m▀[0m[38;2;0;33;42m[48;2;18;47;60m▀[0m[38;2;9;0;0m[48;2;17;56;65m▀[0m[38;2;255;0;0m[48;2;32;66;78m▀[0m[38;2;152;0;0m[48;2;29;80;93m▀[0m[38;2;0;1;2m[48;2;31;67;80m▀[0m[38;2;23;42;50m[48;2;0;0;0m▀[0m[38;2;0;0;0m[48;2;0;0;0m▀[0m[38;2;0;0;0m[48;2;0;0;0m▀[0m[38;2;18;28;36m[48;2;19;29;40m▀[0m[38;2;2;3;0m[48;2;1;3;0m▀[0m[38;2;0;1;0m[48;2;0;0;0m▀[0m[38;2;1;1;1m[48;2;0;1;0m▀[0m[38;2;0;1;0m[48;2;0;1;0m▀[0m[38;2;0;0;0m[48;2;0;0;0m▀[0m[38;2;0;0;0m[48;2;0;0;0m▀[0m[38;2;5;0;0m[48;2;50;0;0m▀[0m[38;2;66;0;0m[48;2;86;0;0m▀[0m[38;2;177;0;0m[48;2;212;201;226m▀[0m[38;2;255;104;10m[48;2;255;209;181m▀[0m[38;2;106;0;0m[48;2;218;193;75m▀[0m[38;2;139;0;0m[48;2;0;0;0m▀[0m[38;2;79;0;0m[48;2;141;113;126m▀[0m[38;2;32;10;16m[48;2;255;255;255m▀[0m[38;2;0;0;0m[48;2;216;244;255m▀[0m[38;2;142;159;170m[48;2;255;255;255m▀[0m[38;2;231;250;255m[48;2;255;255;255m▀[0m[38;2;224;251;255m[48;2;255;255;255m▀[0m[38;2;97;152;172m[48;2;255;255;255m▀[0m[38;2;232;0;0m[48;2;227;255;255m▀[0m[38;2;62;0;0m[48;2;60;90;100m▀[0m[38;2;124;0;0m[48;2;0;0;0m▀[0m[38;2;33;0;0m[48;2;0;0;0m▀[0m[38;2;0;0;0m[48;2;0;0;0m▀[0m[38;2;0;0;0m[48;2;0;0;0m▀[0m
[38;2;63;66;66m[48;2;220;221;218m▀[0m[38;2;0;0;0m[48;2;0;0;0m▀[0m[38;2;0;0;0m[48;2;0;0;0m▀[0m[38;2;0;8;10m[48;2;0;0;0m▀[0m[38;2;5;35;42m[48;2;0;0;0m▀[0m[38;2;18;48;56m[48;2;0;0;0m▀[0m[38;2;21;37;48m[48;2;27;42;52m▀[0m[38;2;0;0;0m[48;2;55;81;98m▀[0m[38;2;0;0;0m[48;2;0;0;0m▀[0m[38;2;0;0;0m[48;2;0;0;0m▀[0m[38;2;19;27;37m[48;2;16;27;35m▀[0m[38;2;1;3;3m[48;2;2;3;3m▀[0m[38;2;0;1;0m[48;2;0;0;0m▀[0m[38;2;0;1;1m[48;2;0;1;1m▀[0m[38;2;0;0;0m[48;2;0;1;1m▀[0m[38;2;0;0;0m[48;2;0;0;0m▀[0m[38;2;0;0;0m[48;2;0;0;0m▀[0m[38;2;0;0;0m[48;2;0;0;0m▀[0m[38;2;178;216;248m[48;2;255;255;255m▀[0m[38;2;255;255;255m[48;2;253;255;255m▀[0m[38;2;255;255;172m[48;2;223;218;49m▀[0m[38;2;255;255;0m[48;2;156;141;0m▀[0m[38;2;35;54;18m[48;2;0;0;9m▀[0m[38;2;215;241;255m[48;2;239;255;255m▀[0m[38;2;255;255;255m[48;2;255;255;255m▀[0m[38;2;200;219;234m[48;2;211;228;250m▀[0m[38;2;223;240;255m[48;2;225;243;255m▀[0m[38;2;241;255;255m[48;2;216;240;255m▀[0m[38;2;213;238;255m[48;2;255;255;255m▀[0m[38;2;213;242;255m[48;2;255;255;255m▀[0m[38;2;243;255;255m[48;2;255;255;255m▀[0m[38;2;255;255;255m[48;2;255;255;255m▀[0m[38;2;193;247;255m[48;2;255;255;255m▀[0m[38;2;80;48;54m[48;2;255;255;255m▀[0m[38;2;0;0;0m[48;2;255;74;78m▀[0m[38;2;0;0;0m[48;2;169;163;177m▀[0m
[38;2;255;255;255m[48;2;31;31;32m▀[0m[38;2;154;154;152m[48;2;255;255;255m▀[0m[38;2;1;2;1m[48;2;85;88;88m▀[0m[38;2;77;78;78m[48;2;161;159;162m▀[0m[38;2;0;0;0m[48;2;60;62;62m▀[0m[38;2;0;0;0m[48;2;0;0;0m▀[0m[38;2;29;41;55m[48;2;0;0;0m▀[0m[38;2;72;96;116m[48;2;0;0;0m▀[0m[38;2;0;0;0m[48;2;0;0;0m▀[0m[38;2;0;0;0m[48;2;4;1;2m▀[0m[38;2;17;28;36m[48;2;24;37;49m▀[0m[38;2;2;3;0m[48;2;0;0;0m▀[0m[38;2;0;0;0m[48;2;0;1;0m▀[0m[38;2;0;1;0m[48;2;0;1;0m▀[0m[38;2;0;1;0m[48;2;0;0;0m▀[0m[38;2;0;0;0m[48;2;0;0;0m▀[0m[38;2;0;0;0m[48;2;0;0;0m▀[0m[38;2;0;0;0m[48;2;0;0;0m▀[0m[38;2;255;255;255m[48;2;255;255;255m▀[0m[38;2;219;232;224m[48;2;255;255;255m▀[0m[38;2;255;255;0m[48;2;217;190;0m▀[0m[38;2;104;82;0m[48;2;72;56;0m▀[0m[38;2;48;64;157m[48;2;211;236;255m▀[0m[38;2;239;243;255m[48;2;246;230;255m▀[0m[38;2;255;255;255m[48;2;215;204;224m▀[0m[38;2;255;255;255m[48;2;255;255;255m▀[0m[38;2;255;255;255m[48;2;255;255;255m▀[0m[38;2;232;250;255m[48;2;255;255;255m▀[0m[38;2;40;67;67m[48;2;29;35;35m▀[0m[38;2;198;215;208m[48;2;141;0;0m▀[0m[38;2;255;255;255m[48;2;115;0;0m▀[0m[38;2;255;255;255m[48;2;220;187;184m▀[0m[38;2;255;255;255m[48;2;255;255;255m▀[0m[38;2;255;255;255m[48;2;255;255;255m▀[0m[38;2;255;255;255m[48;2;255;255;255m▀[0m[38;2;255;255;255m[48;2;255;255;255m▀[0m
[38;2;0;0;0m[48;2;152;154;152m▀[0m[38;2;85;87;88m[48;2;0;0;0m▀[0m[38;2;255;255;255m[48;2;233;235;240m▀[0m[38;2;82;83;92m[48;2;255;255;255m▀[0m[38;2;120;126;136m[48;2;0;0;11m▀[0m[38;2;54;57;71m[48;2;59;63;89m▀[0m[38;2;0;0;0m[48;2;0;0;23m▀[0m[38;2;0;0;0m[48;2;0;0;0m▀[0m[38;2;0;0;0m[48;2;0;0;0m▀[0m[38;2;0;3;6m[48;2;0;0;0m▀[0m[38;2;24;40;51m[48;2;11;26;43m▀[0m[38;2;0;0;0m[48;2;0;0;0m▀[0m[38;2;0;0;0m[48;2;0;0;0m▀[0m[38;2;0;0;0m[48;2;0;0;0m▀[0m[38;2;0;0;0m[48;2;0;0;0m▀[0m[38;2;0;0;0m[48;2;0;0;0m▀[0m[38;2;0;0;0m[48;2;0;0;0m▀[0m[38;2;9;8;10m[48;2;111;111;112m▀[0m[38;2;255;255;255m[48;2;255;255;255m▀[0m[38;2;255;255;167m[48;2;197;189;83m▀[0m[38;2;255;255;0m[48;2;235;207;0m▀[0m[38;2;6;11;0m[48;2;0;0;0m▀[0m[38;2;233;236;255m[48;2;163;187;235m▀[0m[38;2;255;255;255m[48;2;236;185;209m▀[0m[38;2;217;169;185m[48;2;215;182;197m▀[0m[38;2;187;220;247m[48;2;255;255;255m▀[0m[38;2;242;255;255m[48;2;197;234;255m▀[0m[38;2;255;255;255m[48;2;255;255;255m▀[0m[38;2;255;255;255m[48;2;255;255;255m▀[0m[38;2;255;0;0m[48;2;218;24;12m▀[0m[38;2;250;0;0m[48;2;255;0;0m▀[0m[38;2;0;0;0m[48;2;0;0;0m▀[0m[38;2;18;0;0m[48;2;0;0;0m▀[0m[38;2;0;0;0m[48;2;0;0;0m▀[0m[38;2;247;73;72m[48;2;0;0;0m▀[0m[38;2;255;255;255m[48;2;0;0;0m▀[0m
[38;2;109;112;111m[48;2;0;0;0m▀[0m[38;2;0;0;0m[48;2;127;129;136m▀[0m[38;2;0;0;0m[48;2;4;8;24m▀[0m[38;2;193;202;224m[48;2;0;0;0m▀[0m[38;2;255;255;255m[48;2;163;148;72m▀[0m[38;2;190;133;0m[48;2;255;255;2m▀[0m[38;2;255;255;121m[48;2;255;255;0m▀[0m[38;2;0;0;39m[48;2;255;255;85m▀[0m[38;2;0;0;0m[48;2;0;0;16m▀[0m[38;2;0;0;0m[48;2;0;0;4m▀[0m[38;2;0;0;0m[48;2;16;25;44m▀[0m[38;2;0;0;0m[48;2;0;0;0m▀[0m[38;2;0;0;0m[48;2;0;0;0m▀[0m[38;2;0;0;0m[48;2;13;11;10m▀[0m[38;2;0;0;0m[48;2;209;217;226m▀[0m[38;2;0;0;0m[48;2;255;255;255m▀[0m[38;2;0;0;0m[48;2;248;255;255m▀[0m[38;2;92;92;94m[48;2;208;219;231m▀[0m[38;2;255;255;255m[48;2;244;246;251m▀[0m[38;2;174;187;233m[48;2;205;202;201m▀[0m[38;2;0;0;16m[48;2;255;255;255m▀[0m[38;2;78;97;148m[48;2;255;255;255m▀[0m[38;2;210;244;255m[48;2;219;235;255m▀[0m[38;2;255;255;255m[48;2;255;255;255m▀[0m[38;2;255;195;190m[48;2;255;248;244m▀[0m[38;2;255;236;228m[48;2;255;253;244m▀[0m[38;2;249;255;255m[48;2;255;255;255m▀[0m[38;2;188;219;242m[48;2;203;231;251m▀[0m[38;2;255;255;255m[48;2;208;244;255m▀[0m[38;2;186;255;255m[48;2;255;255;255m▀[0m[38;2;188;0;0m[48;2;133;126;132m▀[0m[38;2;124;0;0m[48;2;244;0;0m▀[0m[38;2;0;0;0m[48;2;0;0;0m▀[0m[38;2;167;0;0m[48;2;0;0;0m▀[0m[38;2;124;0;0m[48;2;255;11;0m▀[0m[38;2;0;0;0m[48;2;0;0;0m▀[0m
[38;2;0;0;5m[48;2;0;2;12m▀[0m[38;2;0;0;0m[48;2;0;0;0m▀[0m[38;2;25;34;77m[48;2;0;0;0m▀[0m[38;2;215;178;82m[48;2;1;12;74m▀[0m[38;2;255;255;0m[48;2;255;255;124m▀[0m[38;2;255;255;220m[48;2;255;255;0m▀[0m[38;2;255;255;197m[48;2;255;255;167m▀[0m[38;2;255;255;0m[48;2;255;255;138m▀[0m[38;2;255;244;27m[48;2;255;254;0m▀[0m[38;2;255;255;255m[48;2;255;253;40m▀[0m[38;2;255;255;255m[48;2;255;255;255m▀[0m[38;2;255;255;255m[48;2;255;255;255m▀[0m[38;2;255;255;255m[48;2;255;255;255m▀[0m[38;2;255;255;255m[48;2;240;255;255m▀[0m[38;2;255;255;255m[48;2;230;247;255m▀[0m[38;2;255;255;255m[48;2;255;255;255m▀[0m[38;2;255;255;255m[48;2;255;255;255m▀[0m[38;2;255;255;255m[48;2;223;235;255m▀[0m[38;2;238;255;255m[48;2;219;238;255m▀[0m[38;2;255;255;255m[48;2;217;234;254m▀[0m[38;2;255;255;255m[48;2;255;255;255m▀[0m[38;2;242;243;238m[48;2;255;255;255m▀[0m[38;2;255;255;255m[48;2;219;223;221m▀[0m[38;2;255;255;255m[48;2;255;255;255m▀[0m[38;2;254;255;255m[48;2;238;241;242m▀[0m[38;2;255;255;255m[48;2;255;255;255m▀[0m[38;2;255;255;255m[48;2;255;255;248m▀[0m[38;2;247;255;255m[48;2;185;187;190m▀[0m[38;2;255;255;255m[48;2;254;255;255m▀[0m[38;2;255;255;255m[48;2;255;255;255m▀[0m[38;2;193;255;255m[48;2;230;255;255m▀[0m[38;2;182;0;0m[48;2;102;0;0m▀[0m[38;2;0;0;0m[48;2;44;0;0m▀[0m[38;2;0;0;0m[48;2;0;0;0m▀[0m[38;2;255;16;4m[48;2;175;9;0m▀[0m[38;2;75;5;0m[48;2;77;23;21m▀[0m
