[38;2;3;31;27m[48;2;1;31;27m▀[0m[38;2;0;0;0m[48;2;2;0;0m▀[0m[38;2;1;0;2m[48;2;1;0;2m▀[0m[38;2;0;1;1m[48;2;0;1;1m▀[0m[38;2;0;0;0m[48;2;0;0;0m▀[0m[38;2;0;0;0m[48;2;0;0;0m▀[0m[38;2;0;0;0m[48;2;0;0;0m▀[0m[38;2;109;108;108m[48;2;255;255;255m▀[0m[38;2;255;255;255m[48;2;255;255;255m▀[0m[38;2;178;181;181m[48;2;140;145;145m▀[0m[38;2;159;168;168m[48;2;211;213;214m▀[0m[38;2;199;208;209m[48;2;239;250;249m▀[0m[38;2;255;255;255m[48;2;200;223;224m▀[0m[38;2;37;20;16m[48;2;46;0;0m▀[0m[38;2;47;0;0m[48;2;125;12;7m▀[0m[38;2;232;255;254m[48;2;188;210;210m▀[0m[38;2;222;236;235m[48;2;218;225;227m▀[0m[38;2;188;193;192m[48;2;174;179;178m▀[0m[38;2;216;224;223m[48;2;222;228;227m▀[0m[38;2;222;230;230m[48;2;219;230;229m▀[0m[38;2;128;136;136m[48;2;153;144;143m▀[0m[38;2;128;138;142m[48;2;17;0;0m▀[0m[38;2;234;238;235m[48;2;255;255;255m▀[0m[38;2;0;0;0m[48;2;91;94;94m▀[0m[38;2;0;0;0m[48;2;0;0;0m▀[0m[38;2;68;60;65m[48;2;44;36;41m▀[0m[38;2;161;164;161m[48;2;7;0;4m▀[0m[38;2;253;255;255m[48;2;36;38;41m▀[0m[38;2;255;255;255m[48;2;255;255;255m▀[0m[38;2;255;255;255m[48;2;255;255;255m▀[0m[38;2;169;168;168m[48;2;158;160;160m▀[0m[38;2;0;0;0m[48;2;0;0;0m▀[0m[38;2;0;0;0m[48;2;0;0;0m▀[0m[38;2;0;0;0m[48;2;0;0;0m▀[0m[38;2;1;1;1m[48;2;1;1;1m▀[0m[38;2;1;1;1m[48;2;1;1;1m▀[0m
[38;2;2;26;22m[48;2;2;19;15m▀[0m[38;2;1;3;1m[48;2;2;7;6m▀[0m[38;2;1;0;0m[48;2;0;0;0m▀[0m[38;2;0;0;0m[48;2;0;0;0m▀[0m[38;2;0;0;0m[48;2;0;0;0m▀[0m[38;2;0;0;0m[48;2;0;0;0m▀[0m[38;2;19;24;23m[48;2;131;136;135m▀[0m[38;2;255;255;255m[48;2;255;255;255m▀[0m[38;2;201;209;209m[48;2;197;202;202m▀[0m[38;2;163;168;165m[48;2;146;155;155m▀[0m[38;2;200;205;202m[48;2;196;204;203m▀[0m[38;2;251;255;255m[48;2;228;244;240m▀[0m[38;2;137;120;118m[48;2;84;92;92m▀[0m[38;2;150;43;36m[48;2;36;54;56m▀[0m[38;2;121;73;72m[48;2;0;0;0m▀[0m[38;2;165;186;186m[48;2;112;126;125m▀[0m[38;2;236;241;242m[48;2;255;255;255m▀[0m[38;2;178;180;178m[48;2;204;210;206m▀[0m[38;2;224;228;224m[48;2;203;206;206m▀[0m[38;2;202;211;210m[48;2;228;233;233m▀[0m[38;2;186;184;182m[48;2;137;150;153m▀[0m[38;2;75;33;29m[48;2;3;0;0m▀[0m[38;2;189;203;203m[48;2;54;50;46m▀[0m[38;2;255;255;255m[48;2;252;255;255m▀[0m[38;2;0;0;0m[48;2;62;67;67m▀[0m[38;2;0;0;0m[48;2;0;0;0m▀[0m[38;2;46;37;41m[48;2;23;22;22m▀[0m[38;2;34;28;32m[48;2;0;0;0m▀[0m[38;2;255;255;255m[48;2;135;138;139m▀[0m[38;2;255;255;255m[48;2;255;255;255m▀[0m[38;2;255;255;255m[48;2;255;255;255m▀[0m[38;2;85;87;87m[48;2;115;117;117m▀[0m[38;2;0;0;0m[48;2;0;0;0m▀[0m[38;2;0;0;0m[48;2;0;0;0m▀[0m[38;2;0;0;0m[48;2;0;0;0m▀[0m[38;2;1;1;1m[48;2;0;1;1m▀[0m
[38;2;2;12;7m[48;2;2;6;5m▀[0m[38;2;2;13;12m[48;2;2;13;12m▀[0m[38;2;0;0;0m[48;2;0;0;0m▀[0m[38;2;0;0;0m[48;2;0;0;0m▀[0m[38;2;0;0;0m[48;2;0;0;0m▀[0m[38;2;0;0;0m[48;2;0;0;0m▀[0m[38;2;224;223;223m[48;2;255;255;255m▀[0m[38;2;255;255;255m[48;2;243;247;247m▀[0m[38;2;161;166;167m[48;2;164;172;171m▀[0m[38;2;166;172;168m[48;2;191;194;193m▀[0m[38;2;217;225;224m[48;2;209;214;214m▀[0m[38;2;102;123;123m[48;2;115;65;64m▀[0m[38;2;60;32;27m[48;2;96;52;48m▀[0m[38;2;183;40;24m[48;2;74;17;9m▀[0m[38;2;79;0;0m[48;2;101;32;24m▀[0m[38;2;2;30;33m[48;2;131;60;52m▀[0m[38;2;208;225;225m[48;2;133;125;121m▀[0m[38;2;226;232;230m[48;2;160;192;190m▀[0m[38;2;201;207;205m[48;2;252;255;255m▀[0m[38;2;213;229;226m[48;2;217;243;241m▀[0m[38;2;128;123;121m[48;2;118;93;88m▀[0m[38;2;170;18;8m[48;2;107;19;13m▀[0m[38;2;155;24;12m[48;2;40;0;0m▀[0m[38;2;155;154;152m[48;2;88;48;45m▀[0m[38;2;137;147;147m[48;2;102;113;111m▀[0m[38;2;0;0;0m[48;2;0;0;0m▀[0m[38;2;64;58;64m[48;2;16;13;16m▀[0m[38;2;23;17;21m[48;2;58;47;56m▀[0m[38;2;2;4;5m[48;2;85;89;88m▀[0m[38;2;229;229;230m[48;2;209;212;214m▀[0m[38;2;255;255;255m[48;2;255;255;255m▀[0m[38;2;255;255;255m[48;2;255;255;255m▀[0m[38;2;0;0;0m[48;2;80;80;78m▀[0m[38;2;0;0;0m[48;2;0;0;0m▀[0m[38;2;0;0;0m[48;2;0;0;0m▀[0m[38;2;0;0;0m[48;2;0;0;0m▀[0m
[38;2;0;0;0m[48;2;0;11;9m▀[0m[38;2;0;0;0m[48;2;0;0;0m▀[0m[38;2;0;0;0m[48;2;0;0;0m▀[0m[38;2;0;0;0m[48;2;0;0;0m▀[0m[38;2;0;0;0m[48;2;0;0;0m▀[0m[38;2;8;10;10m[48;2;37;37;38m▀[0m[38;2;255;255;255m[48;2;247;247;248m▀[0m[38;2;234;240;235m[48;2;233;238;235m▀[0m[38;2;174;183;179m[48;2;189;194;193m▀[0m[38;2;219;224;223m[48;2;228;233;232m▀[0m[38;2;160;159;159m[48;2;87;77;78m▀[0m[38;2;0;0;0m[48;2;0;0;0m▀[0m[38;2;0;0;0m[48;2;0;0;0m▀[0m[38;2;0;0;0m[48;2;0;0;0m▀[0m[38;2;0;0;0m[48;2;0;0;0m▀[0m[38;2;227;92;72m[48;2;104;38;30m▀[0m[38;2;177;77;63m[48;2;239;107;91m▀[0m[38;2;80;61;61m[48;2;249;252;254m▀[0m[38;2;161;194;195m[48;2;108;153;153m▀[0m[38;2;255;255;255m[48;2;233;255;255m▀[0m[38;2;110;75;70m[48;2;51;36;33m▀[0m[38;2;0;0;0m[48;2;0;0;0m▀[0m[38;2;0;0;0m[48;2;0;0;0m▀[0m[38;2;0;0;0m[48;2;0;0;0m▀[0m[38;2;69;75;74m[48;2;52;60;60m▀[0m[38;2;0;0;0m[48;2;38;40;40m▀[0m[38;2;0;0;0m[48;2;0;0;0m▀[0m[38;2;36;35;36m[48;2;0;0;0m▀[0m[38;2;15;15;16m[48;2;35;37;35m▀[0m[38;2;195;198;197m[48;2;0;0;0m▀[0m[38;2;173;173;174m[48;2;0;0;0m▀[0m[38;2;255;255;255m[48;2;177;180;181m▀[0m[38;2;255;255;255m[48;2;255;255;255m▀[0m[38;2;0;0;0m[48;2;224;224;225m▀[0m[38;2;0;0;0m[48;2;0;0;0m▀[0m[38;2;0;0;0m[48;2;0;0;0m▀[0m
[38;2;0;14;11m[48;2;0;0;0m▀[0m[38;2;0;7;5m[48;2;0;0;0m▀[0m[38;2;60;64;65m[48;2;231;228;231m▀[0m[38;2;37;45;45m[48;2;181;168;172m▀[0m[38;2;0;0;0m[48;2;136;138;140m▀[0m[38;2;52;62;62m[48;2;195;186;190m▀[0m[38;2;212;221;225m[48;2;207;194;192m▀[0m[38;2;243;246;246m[48;2;245;251;250m▀[0m[38;2;204;210;209m[48;2;207;212;211m▀[0m[38;2;198;208;207m[48;2;203;219;219m▀[0m[38;2;3;0;0m[48;2;65;43;39m▀[0m[38;2;13;31;32m[48;2;182;148;146m▀[0m[38;2;0;0;0m[48;2;38;70;70m▀[0m[38;2;0;0;0m[48;2;194;75;53m▀[0m[38;2;0;0;1m[48;2;195;76;59m▀[0m[38;2;140;45;35m[48;2;255;147;112m▀[0m[38;2;255;129;107m[48;2;159;46;32m▀[0m[38;2;255;241;233m[48;2;76;0;0m▀[0m[38;2;255;122;99m[48;2;98;9;0m▀[0m[38;2;208;130;119m[48;2;255;90;68m▀[0m[38;2;129;137;135m[48;2;112;71;62m▀[0m[38;2;12;0;0m[48;2;149;57;47m▀[0m[38;2;0;0;0m[48;2;55;11;7m▀[0m[38;2;0;23;26m[48;2;82;100;102m▀[0m[38;2;73;91;93m[48;2;185;171;171m▀[0m[38;2;0;12;16m[48;2;39;11;6m▀[0m[38;2;0;0;0m[48;2;0;0;0m▀[0m[38;2;7;10;10m[48;2;0;0;0m▀[0m[38;2;22;25;25m[48;2;0;0;0m▀[0m[38;2;0;0;0m[48;2;14;17;19m▀[0m[38;2;65;60;65m[48;2;6;6;4m▀[0m[38;2;0;0;0m[48;2;53;45;49m▀[0m[38;2;160;162;160m[48;2;0;0;0m▀[0m[38;2;255;255;255m[48;2;159;159;160m▀[0m[38;2;187;189;189m[48;2;255;255;255m▀[0m[38;2;0;0;0m[48;2;255;255;255m▀[0m
[38;2;0;0;0m[48;2;0;11;10m▀[0m[38;2;0;0;0m[48;2;0;0;0m▀[0m[38;2;0;0;0m[48;2;0;0;0m▀[0m[38;2;129;82;80m[48;2;0;5;5m▀[0m[38;2;54;0;0m[48;2;161;96;86m▀[0m[38;2;68;0;0m[48;2;154;46;33m▀[0m[38;2;0;0;0m[48;2;0;0;0m▀[0m[38;2;255;255;255m[48;2;235;246;248m▀[0m[38;2;218;226;226m[48;2;237;243;242m▀[0m[38;2;200;223;223m[48;2;191;225;224m▀[0m[38;2;155;110;107m[48;2;182;152;145m▀[0m[38;2;207;68;57m[48;2;216;37;20m▀[0m[38;2;68;3;0m[48;2;160;55;40m▀[0m[38;2;255;126;93m[48;2;255;107;81m▀[0m[38;2;219;80;61m[48;2;229;79;60m▀[0m[38;2;255;129;102m[48;2;170;34;18m▀[0m[38;2;25;0;0m[48;2;0;22;26m▀[0m[38;2;160;25;10m[48;2;179;155;156m▀[0m[38;2;0;0;0m[48;2;24;64;66m▀[0m[38;2;255;81;60m[48;2;53;20;17m▀[0m[38;2;252;78;62m[48;2;255;107;80m▀[0m[38;2;241;87;72m[48;2;255;106;80m▀[0m[38;2;255;97;74m[48;2;255;95;72m▀[0m[38;2;58;8;2m[48;2;80;26;16m▀[0m[38;2;198;77;68m[48;2;204;63;49m▀[0m[38;2;213;96;80m[48;2;166;107;101m▀[0m[38;2;75;93;89m[48;2;155;188;190m▀[0m[38;2;0;0;0m[48;2;0;0;0m▀[0m[38;2;0;0;0m[48;2;15;17;19m▀[0m[38;2;0;0;0m[48;2;17;17;17m▀[0m[38;2;16;13;15m[48;2;0;0;0m▀[0m[38;2;31;28;30m[48;2;37;34;36m▀[0m[38;2;25;23;27m[48;2;0;2;1m▀[0m[38;2;0;0;0m[48;2;27;29;27m▀[0m[38;2;103;106;109m[48;2;20;20;21m▀[0m[38;2;255;255;255m[48;2;167;169;169m▀[0m
[38;2;5;33;29m[48;2;6;43;39m▀[0m[38;2;0;0;0m[48;2;0;0;0m▀[0m[38;2;0;0;0m[48;2;0;0;0m▀[0m[38;2;0;0;0m[48;2;0;0;0m▀[0m[38;2;0;0;0m[48;2;0;0;0m▀[0m[38;2;119;36;26m[48;2;53;67;69m▀[0m[38;2;62;0;0m[48;2;155;71;63m▀[0m[38;2;216;226;224m[48;2;215;201;198m▀[0m[38;2;255;255;255m[48;2;255;255;255m▀[0m[38;2;154;184;185m[48;2;202;211;211m▀[0m[38;2;155;148;143m[48;2;67;62;57m▀[0m[38;2;211;52;36m[48;2;143;77;69m▀[0m[38;2;147;49;38m[48;2;158;47;34m▀[0m[38;2;255;121;95m[48;2;255;124;92m▀[0m[38;2;255;83;63m[48;2;212;96;80m▀[0m[38;2;151;156;157m[48;2;146;225;233m▀[0m[38;2;255;255;255m[48;2;0;0;0m▀[0m[38;2;255;255;255m[48;2;0;0;0m▀[0m[38;2;255;255;255m[48;2;0;0;0m▀[0m[38;2;224;255;255m[48;2;172;220;224m▀[0m[38;2;189;93;82m[48;2;166;180;188m▀[0m[38;2;255;98;74m[48;2;255;79;59m▀[0m[38;2;246;91;73m[48;2;187;74;58m▀[0m[38;2;92;26;18m[48;2;186;62;47m▀[0m[38;2;237;75;54m[48;2;196;79;63m▀[0m[38;2;183;163;159m[48;2;103;130;129m▀[0m[38;2;213;246;246m[48;2;255;255;255m▀[0m[38;2;0;0;0m[48;2;68;73;70m▀[0m[38;2;0;0;0m[48;2;0;2;3m▀[0m[38;2;5;5;7m[48;2;72;75;75m▀[0m[38;2;0;0;0m[48;2;0;0;0m▀[0m[38;2;0;0;0m[48;2;0;0;0m▀[0m[38;2;29;23;24m[48;2;0;0;0m▀[0m[38;2;12;12;10m[48;2;0;0;0m▀[0m[38;2;69;69;67m[48;2;74;71;73m▀[0m[38;2;24;19;23m[48;2;66;63;67m▀[0m
[38;2;4;50;47m[48;2;3;49;44m▀[0m[38;2;0;0;0m[48;2;0;0;0m▀[0m[38;2;0;0;0m[48;2;0;0;0m▀[0m[38;2;0;0;0m[48;2;0;0;0m▀[0m[38;2;0;0;0m[48;2;0;0;0m▀[0m[38;2;163;172;171m[48;2;237;241;238m▀[0m[38;2;169;191;192m[48;2;142;151;152m▀[0m[38;2;154;156;154m[48;2;133;137;137m▀[0m[38;2;255;255;255m[48;2;255;255;255m▀[0m[38;2;176;203;203m[48;2;182;200;202m▀[0m[38;2;110;49;31m[48;2;36;23;11m▀[0m[38;2;128;84;81m[48;2;147;89;80m▀[0m[38;2;181;56;42m[48;2;180;54;39m▀[0m[38;2;255;141;108m[48;2;255;138;109m▀[0m[38;2;75;25;16m[48;2;0;0;0m▀[0m[38;2;0;35;42m[48;2;0;0;0m▀[0m[38;2;0;0;0m[48;2;0;0;0m▀[0m[38;2;0;0;0m[48;2;0;0;0m▀[0m[38;2;0;0;0m[48;2;0;0;0m▀[0m[38;2;0;8;13m[48;2;0;0;0m▀[0m[38;2;0;7;16m[48;2;0;0;0m▀[0m[38;2;255;91;68m[48;2;209;68;49m▀[0m[38;2;255;112;92m[48;2;255;129;102m▀[0m[38;2;153;51;40m[48;2;169;54;42m▀[0m[38;2;144;18;8m[48;2;213;40;25m▀[0m[38;2;129;119;115m[48;2;113;115;113m▀[0m[38;2;255;255;255m[48;2;255;255;255m▀[0m[38;2;210;210;206m[48;2;243;247;240m▀[0m[38;2;0;0;0m[48;2;0;0;0m▀[0m[38;2;246;248;251m[48;2;213;215;216m▀[0m[38;2;135;135;135m[48;2;149;148;148m▀[0m[38;2;0;0;0m[48;2;23;23;23m▀[0m[38;2;0;0;0m[48;2;0;0;0m▀[0m[38;2;0;0;0m[48;2;0;0;0m▀[0m[38;2;27;29;29m[48;2;25;26;22m▀[0m[38;2;36;32;37m[48;2;0;0;0m▀[0m
[38;2;0;30;26m[48;2;0;0;0m▀[0m[38;2;0;0;0m[48;2;0;0;0m▀[0m[38;2;0;0;0m[48;2;0;0;0m▀[0m[38;2;0;0;0m[48;2;0;0;0m▀[0m[38;2;0;0;0m[48;2;5;3;6m▀[0m[38;2;255;255;255m[48;2;255;255;255m▀[0m[38;2;87;94;96m[48;2;40;44;41m▀[0m[38;2;124;129;129m[48;2;88;93;94m▀[0m[38;2;255;255;255m[48;2;255;255;255m▀[0m[38;2;221;237;237m[48;2;237;255;252m▀[0m[38;2;41;0;0m[48;2;65;82;84m▀[0m[38;2;164;52;40m[48;2;250;101;82m▀[0m[38;2;148;61;52m[48;2;144;56;49m▀[0m[38;2;255;120;98m[48;2;255;103;76m▀[0m[38;2;0;0;0m[48;2;92;85;84m▀[0m[38;2;0;50;55m[48;2;251;255;255m▀[0m[38;2;199;207;208m[48;2;255;255;255m▀[0m[38;2;58;68;69m[48;2;255;255;255m▀[0m[38;2;99;108;107m[48;2;255;255;255m▀[0m[38;2;47;68;73m[48;2;255;255;255m▀[0m[38;2;0;0;0m[48;2;125;201;216m▀[0m[38;2;187;56;37m[48;2;206;59;37m▀[0m[38;2;255;119;93m[48;2;255;105;81m▀[0m[38;2;177;82;69m[48;2;139;62;53m▀[0m[38;2;130;6;0m[48;2;61;20;12m▀[0m[38;2;42;77;81m[48;2;63;99;100m▀[0m[38;2;255;255;255m[48;2;255;255;255m▀[0m[38;2;209;212;211m[48;2;198;199;195m▀[0m[38;2;0;0;3m[48;2;32;36;37m▀[0m[38;2;170;174;175m[48;2;104;115;115m▀[0m[38;2;187;186;186m[48;2;255;255;255m▀[0m[38;2;0;0;0m[48;2;0;0;0m▀[0m[38;2;63;63;65m[48;2;42;41;41m▀[0m[38;2;0;0;0m[48;2;48;53;52m▀[0m[38;2;24;24;26m[48;2;0;0;0m▀[0m[38;2;5;8;7m[48;2;0;0;0m▀[0m
[38;2;255;255;255m[48;2;255;255;255m▀[0m[38;2;135;132;134m[48;2;237;233;235m▀[0m[38;2;0;0;0m[48;2;0;0;0m▀[0m[38;2;0;0;0m[48;2;0;0;0m▀[0m[38;2;96;96;96m[48;2;175;179;179m▀[0m[38;2;255;255;255m[48;2;187;191;190m▀[0m[38;2;48;59;58m[48;2;24;0;0m▀[0m[38;2;126;131;130m[48;2;111;116;117m▀[0m[38;2;243;244;241m[48;2;203;205;203m▀[0m[38;2;255;255;255m[48;2;255;255;255m▀[0m[38;2;2;41;47m[48;2;51;62;62m▀[0m[38;2;8;0;0m[48;2;0;0;0m▀[0m[38;2;176;62;49m[48;2;0;0;0m▀[0m[38;2;255;110;83m[48;2;255;139;108m▀[0m[38;2;174;103;95m[48;2;191;72;57m▀[0m[38;2;254;200;187m[48;2;148;19;0m▀[0m[38;2;255;123;99m[48;2;255;0;0m▀[0m[38;2;255;255;255m[48;2;241;255;255m▀[0m[38;2;255;255;255m[48;2;255;114;92m▀[0m[38;2;255;255;255m[48;2;255;33;0m▀[0m[38;2;194;243;250m[48;2;25;69;77m▀[0m[38;2;255;68;40m[48;2;255;109;81m▀[0m[38;2;251;91;72m[48;2;208;78;65m▀[0m[38;2;141;40;34m[48;2;0;0;0m▀[0m[38;2;0;0;0m[48;2;0;0;0m▀[0m[38;2;82;105;105m[48;2;98;105;105m▀[0m[38;2;255;255;255m[48;2;255;255;255m▀[0m[38;2;198;201;200m[48;2;177;179;180m▀[0m[38;2;114;116;117m[48;2;131;134;135m▀[0m[38;2;10;15;16m[48;2;107;73;70m▀[0m[38;2;255;255;255m[48;2;136;121;117m▀[0m[38;2;44;44;44m[48;2;140;149;149m▀[0m[38;2;0;0;0m[48;2;0;0;0m▀[0m[38;2;84;87;86m[48;2;0;0;0m▀[0m[38;2;0;0;0m[48;2;55;57;57m▀[0m[38;2;42;44;44m[48;2;0;0;0m▀[0m
[38;2;118;117;118m[48;2;0;0;0m▀[0m[38;2;0;0;0m[48;2;0;0;0m▀[0m[38;2;0;0;0m[48;2;152;160;161m▀[0m[38;2;0;0;0m[48;2;255;255;255m▀[0m[38;2;229;237;238m[48;2;148;103;99m▀[0m[38;2;243;249;248m[48;2;125;87;88m▀[0m[38;2;178;165;161m[48;2;45;62;64m▀[0m[38;2;0;0;0m[48;2;0;0;0m▀[0m[38;2;186;188;186m[48;2;147;151;148m▀[0m[38;2;255;255;255m[48;2;255;255;255m▀[0m[38;2;118;127;126m[48;2;83;86;87m▀[0m[38;2;0;0;0m[48;2;0;0;0m▀[0m[38;2;0;0;0m[48;2;0;0;0m▀[0m[38;2;123;49;40m[48;2;0;0;0m▀[0m[38;2;244;74;62m[48;2;54;12;0m▀[0m[38;2;82;95;106m[48;2;58;43;67m▀[0m[38;2;255;127;103m[48;2;255;161;150m▀[0m[38;2;212;198;192m[48;2;255;28;0m▀[0m[38;2;255;20;0m[48;2;255;0;0m▀[0m[38;2;255;0;0m[48;2;205;43;31m▀[0m[38;2;81;33;28m[48;2;134;54;55m▀[0m[38;2;255;123;100m[48;2;0;0;0m▀[0m[38;2;44;14;14m[48;2;0;0;0m▀[0m[38;2;0;0;0m[48;2;0;0;0m▀[0m[38;2;0;0;0m[48;2;0;0;0m▀[0m[38;2;120;128;124m[48;2;221;225;221m▀[0m[38;2;255;255;255m[48;2;255;255;255m▀[0m[38;2;139;145;144m[48;2;90;92;90m▀[0m[38;2;0;0;0m[48;2;0;0;0m▀[0m[38;2;89;79;80m[48;2;0;0;0m▀[0m[38;2;199;188;186m[48;2;179;177;180m▀[0m[38;2;255;255;255m[48;2;198;176;172m▀[0m[38;2;138;146;149m[48;2;255;255;255m▀[0m[38;2;0;0;0m[48;2;255;255;255m▀[0m[38;2;0;0;0m[48;2;1;10;11m▀[0m[38;2;14;9;12m[48;2;0;7;2m▀[0m
[38;2;0;0;0m[48;2;146;160;163m▀[0m[38;2;226;255;255m[48;2;255;203;200m▀[0m[38;2;255;255;255m[48;2;141;30;24m▀[0m[38;2;255;255;253m[48;2;255;242;238m▀[0m[38;2;181;166;163m[48;2;150;115;111m▀[0m[38;2;127;104;103m[48;2;113;53;51m▀[0m[38;2;0;0;0m[48;2;159;64;59m▀[0m[38;2;12;0;0m[48;2;13;0;0m▀[0m[38;2;82;84;84m[48;2;0;0;0m▀[0m[38;2;255;255;255m[48;2;255;255;255m▀[0m[38;2;107;107;108m[48;2;237;240;240m▀[0m[38;2;0;0;0m[48;2;0;0;0m▀[0m[38;2;0;2;3m[48;2;4;8;10m▀[0m[38;2;0;0;0m[48;2;0;0;0m▀[0m[38;2;46;44;0m[48;2;0;0;0m▀[0m[38;2;55;18;0m[48;2;81;45;0m▀[0m[38;2;115;160;195m[48;2;157;129;22m▀[0m[38;2;250;151;148m[48;2;255;255;255m▀[0m[38;2;196;171;191m[48;2;236;255;227m▀[0m[38;2;53;43;43m[48;2;75;35;0m▀[0m[38;2;18;19;0m[48;2;6;8;0m▀[0m[38;2;0;0;0m[48;2;0;0;0m▀[0m[38;2;5;9;10m[48;2;0;0;0m▀[0m[38;2;0;5;7m[48;2;0;0;0m▀[0m[38;2;0;0;0m[48;2;0;0;0m▀[0m[38;2;221;225;221m[48;2;119;123;123m▀[0m[38;2;225;229;228m[48;2;255;255;255m▀[0m[38;2;32;47;49m[48;2;49;40;36m▀[0m[38;2;2;0;0m[48;2;112;17;9m▀[0m[38;2;58;8;10m[48;2;180;69;63m▀[0m[38;2;134;84;84m[48;2;162;50;38m▀[0m[38;2;178;161;159m[48;2;87;11;5m▀[0m[38;2;215;180;174m[48;2;170;145;140m▀[0m[38;2;255;209;204m[48;2;129;29;20m▀[0m[38;2;255;255;255m[48;2;97;31;27m▀[0m[38;2;0;50;47m[48;2;139;172;171m▀[0m
