[38;2;0;0;0m[48;2;0;0;0m▀[0m[38;2;60;60;60m[48;2;24;24;21m▀[0m[38;2;0;0;0m[48;2;63;63;63m▀[0m[38;2;0;0;0m[48;2;225;228;230m▀[0m[38;2;45;45;46m[48;2;255;255;255m▀[0m[38;2;0;0;0m[48;2;63;63;64m▀[0m[38;2;49;47;50m[48;2;49;52;51m▀[0m[38;2;72;74;74m[48;2;0;0;0m▀[0m[38;2;146;148;149m[48;2;27;27;25m▀[0m[38;2;255;255;255m[48;2;67;69;67m▀[0m[38;2;13;13;15m[48;2;0;0;0m▀[0m[38;2;3;3;5m[48;2;18;18;19m▀[0m[38;2;14;16;14m[48;2;20;20;20m▀[0m[38;2;31;31;32m[48;2;10;10;12m▀[0m[38;2;69;71;69m[48;2;50;53;54m▀[0m[38;2;9;9;7m[48;2;110;108;112m▀[0m[38;2;0;0;0m[48;2;68;68;66m▀[0m[38;2;38;38;38m[48;2;0;0;0m▀[0m[38;2;69;72;72m[48;2;0;0;0m▀[0m[38;2;88;88;91m[48;2;10;10;7m▀[0m[38;2;31;30;31m[48;2;5;5;3m▀[0m[38;2;10;10;8m[48;2;16;18;18m▀[0m[38;2;25;25;25m[48;2;26;26;24m▀[0m[38;2;15;17;17m[48;2;18;21;17m▀[0m[38;2;22;22;20m[48;2;24;24;24m▀[0m[38;2;24;23;23m[48;2;24;23;24m▀[0m[38;2;25;24;25m[48;2;25;24;24m▀[0m[38;2;21;21;21m[48;2;23;22;22m▀[0m[38;2;22;22;22m[48;2;24;23;23m▀[0m[38;2;27;27;25m[48;2;29;28;28m▀[0m[38;2;27;27;27m[48;2;29;28;28m▀[0m[38;2;29;28;28m[48;2;30;30;28m▀[0m[38;2;30;29;29m[48;2;31;30;28m▀[0m[38;2;31;30;30m[48;2;31;31;29m▀[0m[38;2;32;31;29m[48;2;32;32;30m▀[0m[38;2;32;31;31m[48;2;34;33;31m▀[0m
[38;2;0;0;0m[48;2;3;3;3m▀[0m[38;2;0;0;0m[48;2;0;0;0m▀[0m[38;2;248;248;248m[48;2;93;93;93m▀[0m[38;2;92;92;93m[48;2;174;174;174m▀[0m[38;2;48;51;50m[48;2;45;45;46m▀[0m[38;2;28;28;26m[48;2;31;31;33m▀[0m[38;2;93;91;94m[48;2;0;0;0m▀[0m[38;2;89;89;91m[48;2;25;25;23m▀[0m[38;2;53;56;57m[48;2;59;59;60m▀[0m[38;2;0;0;0m[48;2;247;250;251m▀[0m[38;2;72;72;70m[48;2;255;255;255m▀[0m[38;2;51;51;52m[48;2;39;39;39m▀[0m[38;2;0;0;0m[48;2;0;0;0m▀[0m[38;2;0;3;3m[48;2;2;2;2m▀[0m[38;2;0;0;0m[48;2;116;116;117m▀[0m[38;2;34;32;35m[48;2;30;28;31m▀[0m[38;2;141;139;142m[48;2;47;47;48m▀[0m[38;2;78;78;80m[48;2;57;55;58m▀[0m[38;2;93;98;98m[48;2;59;62;64m▀[0m[38;2;54;53;53m[48;2;76;78;78m▀[0m[38;2;0;0;0m[48;2;7;6;6m▀[0m[38;2;21;18;18m[48;2;19;19;19m▀[0m[38;2;29;27;31m[48;2;22;24;24m▀[0m[38;2;24;23;23m[48;2;19;18;18m▀[0m[38;2;24;23;23m[48;2;26;25;25m▀[0m[38;2;25;24;24m[48;2;27;26;26m▀[0m[38;2;27;26;26m[48;2;28;28;28m▀[0m[38;2;24;24;24m[48;2;24;24;24m▀[0m[38;2;25;25;25m[48;2;25;25;25m▀[0m[38;2;30;30;28m[48;2;34;30;30m▀[0m[38;2;30;29;29m[48;2;31;30;30m▀[0m[38;2;30;30;28m[48;2;31;31;29m▀[0m[38;2;31;31;29m[48;2;33;33;31m▀[0m[38;2;33;33;31m[48;2;34;34;32m▀[0m[38;2;35;34;32m[48;2;36;35;35m▀[0m[38;2;35;34;34m[48;2;36;35;35m▀[0m
[38;2;1;1;2m[48;2;3;3;1m▀[0m[38;2;0;0;0m[48;2;2;2;0m▀[0m[38;2;0;0;0m[48;2;2;2;3m▀[0m[38;2;0;0;0m[48;2;1;1;1m▀[0m[38;2;29;29;25m[48;2;0;0;0m▀[0m[38;2;151;151;151m[48;2;55;55;55m▀[0m[38;2;37;37;37m[48;2;129;129;129m▀[0m[38;2;20;20;20m[48;2;79;79;81m▀[0m[38;2;0;0;0m[48;2;0;0;0m▀[0m[38;2;0;0;0m[48;2;104;104;105m▀[0m[38;2;255;255;255m[48;2;204;204;205m▀[0m[38;2;12;12;12m[48;2;0;0;0m▀[0m[38;2;0;0;0m[48;2;0;0;0m▀[0m[38;2;0;0;0m[48;2;7;9;9m▀[0m[38;2;116;116;117m[48;2;109;112;111m▀[0m[38;2;21;19;22m[48;2;0;0;0m▀[0m[38;2;52;54;54m[48;2;11;14;15m▀[0m[38;2;61;59;62m[48;2;10;13;14m▀[0m[38;2;45;48;49m[48;2;13;11;14m▀[0m[38;2;39;41;41m[48;2;78;80;82m▀[0m[38;2;62;64;64m[48;2;69;71;73m▀[0m[38;2;90;90;90m[48;2;69;69;67m▀[0m[38;2;12;9;9m[48;2;101;101;101m▀[0m[38;2;14;15;12m[48;2;9;10;7m▀[0m[38;2;23;24;21m[48;2;12;13;10m▀[0m[38;2;29;29;25m[48;2;17;17;15m▀[0m[38;2;29;29;27m[48;2;28;28;26m▀[0m[38;2;23;23;25m[48;2;23;23;23m▀[0m[38;2;27;26;26m[48;2;28;28;28m▀[0m[38;2;32;32;30m[48;2;33;33;31m▀[0m[38;2;32;31;31m[48;2;34;33;33m▀[0m[38;2;33;33;31m[48;2;35;34;32m▀[0m[38;2;35;34;34m[48;2;35;35;33m▀[0m[38;2;35;35;33m[48;2;36;36;34m▀[0m[38;2;36;36;34m[48;2;39;39;37m▀[0m[38;2;33;30;32m[48;2;57;57;58m▀[0m
[38;2;9;9;9m[48;2;0;0;0m▀[0m[38;2;7;7;4m[48;2;0;0;0m▀[0m[38;2;8;11;8m[48;2;187;187;187m▀[0m[38;2;16;16;16m[48;2;135;135;135m▀[0m[38;2;0;0;0m[48;2;0;0;0m▀[0m[38;2;46;46;46m[48;2;0;0;0m▀[0m[38;2;0;0;0m[48;2;0;0;0m▀[0m[38;2;20;23;23m[48;2;131;131;131m▀[0m[38;2;99;99;99m[48;2;255;255;255m▀[0m[38;2;255;255;255m[48;2;255;255;255m▀[0m[38;2;183;180;182m[48;2;60;62;60m▀[0m[38;2;0;0;0m[48;2;0;0;0m▀[0m[38;2;0;0;0m[48;2;17;19;17m▀[0m[38;2;78;77;77m[48;2;32;29;33m▀[0m[38;2;97;100;99m[48;2;57;57;58m▀[0m[38;2;26;24;27m[48;2;75;77;77m▀[0m[38;2;0;0;0m[48;2;0;0;0m▀[0m[38;2;3;3;4m[48;2;0;0;0m▀[0m[38;2;0;0;0m[48;2;0;0;0m▀[0m[38;2;56;54;57m[48;2;27;27;28m▀[0m[38;2;56;59;58m[48;2;58;56;59m▀[0m[38;2;3;6;5m[48;2;42;42;43m▀[0m[38;2;70;72;74m[48;2;30;32;34m▀[0m[38;2;119;119;119m[48;2;147;147;148m▀[0m[38;2;90;93;90m[48;2;134;134;136m▀[0m[38;2;55;55;53m[48;2;24;27;23m▀[0m[38;2;17;17;14m[48;2;6;6;4m▀[0m[38;2;23;23;24m[48;2;21;21;21m▀[0m[38;2;27;27;29m[48;2;26;26;26m▀[0m[38;2;35;34;34m[48;2;36;35;35m▀[0m[38;2;34;34;32m[48;2;35;35;33m▀[0m[38;2;35;35;33m[48;2;37;37;37m▀[0m[38;2;36;36;36m[48;2;39;38;38m▀[0m[38;2;38;37;35m[48;2;40;39;39m▀[0m[38;2;39;38;36m[48;2;40;39;39m▀[0m[38;2;50;50;48m[48;2;40;39;35m▀[0m
[38;2;0;0;0m[48;2;255;255;255m▀[0m[38;2;173;175;175m[48;2;255;255;255m▀[0m[38;2;0;0;0m[48;2;255;255;255m▀[0m[38;2;123;123;123m[48;2;255;255;255m▀[0m[38;2;139;142;141m[48;2;255;255;255m▀[0m[38;2;73;73;73m[48;2;223;223;221m▀[0m[38;2;98;98;98m[48;2;0;0;0m▀[0m[38;2;0;0;0m[48;2;0;0;0m▀[0m[38;2;255;255;255m[48;2;255;255;255m▀[0m[38;2;255;255;255m[48;2;196;193;193m▀[0m[38;2;0;0;0m[48;2;0;0;0m▀[0m[38;2;0;0;0m[48;2;23;25;23m▀[0m[38;2;0;0;0m[48;2;126;128;128m▀[0m[38;2;25;23;26m[48;2;66;68;68m▀[0m[38;2;10;13;12m[48;2;14;17;17m▀[0m[38;2;11;11;9m[48;2;0;0;0m▀[0m[38;2;29;32;32m[48;2;0;0;0m▀[0m[38;2;19;23;23m[48;2;44;47;46m▀[0m[38;2;0;0;0m[48;2;17;20;20m▀[0m[38;2;16;14;17m[48;2;0;0;0m▀[0m[38;2;5;4;4m[48;2;18;20;20m▀[0m[38;2;22;20;23m[48;2;4;6;6m▀[0m[38;2;29;31;32m[48;2;34;34;36m▀[0m[38;2;64;67;66m[48;2;43;46;47m▀[0m[38;2;92;92;94m[48;2;0;0;0m▀[0m[38;2;113;116;117m[48;2;14;17;18m▀[0m[38;2;107;107;107m[48;2;100;103;105m▀[0m[38;2;0;0;0m[48;2;113;116;118m▀[0m[38;2;16;19;19m[48;2;0;0;0m▀[0m[38;2;36;34;32m[48;2;4;4;2m▀[0m[38;2;33;34;31m[48;2;20;20;17m▀[0m[38;2;39;39;37m[48;2;31;30;31m▀[0m[38;2;37;36;36m[48;2;35;36;33m▀[0m[38;2;47;47;45m[48;2;62;62;60m▀[0m[38;2;44;43;43m[48;2;46;49;45m▀[0m[38;2;42;42;40m[48;2;44;43;41m▀[0m
[38;2;255;255;255m[48;2;0;0;0m▀[0m[38;2;255;255;255m[48;2;255;255;255m▀[0m[38;2;255;255;255m[48;2;51;51;51m▀[0m[38;2;118;118;118m[48;2;0;0;0m▀[0m[38;2;233;231;234m[48;2;0;0;0m▀[0m[38;2;0;0;0m[48;2;0;0;0m▀[0m[38;2;0;0;0m[48;2;0;0;0m▀[0m[38;2;130;130;130m[48;2;40;40;40m▀[0m[38;2;243;243;245m[48;2;14;14;16m▀[0m[38;2;84;84;84m[48;2;168;168;168m▀[0m[38;2;103;106;106m[48;2;116;116;114m▀[0m[38;2;85;85;85m[48;2;0;0;0m▀[0m[38;2;80;79;79m[48;2;1;1;1m▀[0m[38;2;82;81;81m[48;2;110;110;108m▀[0m[38;2;13;16;16m[48;2;80;80;80m▀[0m[38;2;9;9;7m[48;2;0;0;0m▀[0m[38;2;0;0;0m[48;2;31;31;33m▀[0m[38;2;1;1;0m[48;2;18;18;19m▀[0m[38;2;40;38;41m[48;2;40;38;41m▀[0m[38;2;15;17;17m[48;2;20;22;22m▀[0m[38;2;4;6;6m[48;2;0;0;0m▀[0m[38;2;15;15;15m[48;2;10;13;13m▀[0m[38;2;16;18;16m[48;2;21;25;22m▀[0m[38;2;9;8;6m[48;2;4;7;6m▀[0m[38;2;40;42;45m[48;2;21;19;22m▀[0m[38;2;0;0;0m[48;2;6;8;6m▀[0m[38;2;0;0;0m[48;2;46;46;47m▀[0m[38;2;197;197;198m[48;2;138;140;140m▀[0m[38;2;193;193;194m[48;2;126;124;127m▀[0m[38;2;129;127;125m[48;2;74;77;77m▀[0m[38;2;77;77;74m[48;2;87;87;87m▀[0m[38;2;51;50;50m[48;2;54;54;54m▀[0m[38;2;33;32;32m[48;2;61;59;56m▀[0m[38;2;50;50;48m[48;2;44;43;40m▀[0m[38;2;46;45;45m[48;2;49;48;48m▀[0m[38;2;45;44;44m[48;2;47;46;44m▀[0m
[38;2;0;0;0m[48;2;0;0;0m▀[0m[38;2;10;10;8m[48;2;0;0;0m▀[0m[38;2;0;0;0m[48;2;4;3;4m▀[0m[38;2;0;0;0m[48;2;5;8;9m▀[0m[38;2;0;0;0m[48;2;16;15;13m▀[0m[38;2;8;8;5m[48;2;10;13;10m▀[0m[38;2;6;7;4m[48;2;12;12;10m▀[0m[38;2;0;0;0m[48;2;0;0;0m▀[0m[38;2;175;175;177m[48;2;47;47;47m▀[0m[38;2;131;131;131m[48;2;4;4;4m▀[0m[38;2;48;48;48m[48;2;23;23;23m▀[0m[38;2;0;0;0m[48;2;110;110;110m▀[0m[38;2;117;117;119m[48;2;82;81;81m▀[0m[38;2;74;74;72m[48;2;19;19;17m▀[0m[38;2;62;62;62m[48;2;26;29;29m▀[0m[38;2;34;36;36m[48;2;54;56;56m▀[0m[38;2;21;19;22m[48;2;0;0;0m▀[0m[38;2;11;11;13m[48;2;86;88;88m▀[0m[38;2;45;47;47m[48;2;27;29;29m▀[0m[38;2;7;6;6m[48;2;9;8;9m▀[0m[38;2;0;0;0m[48;2;0;0;0m▀[0m[38;2;24;24;25m[48;2;22;24;26m▀[0m[38;2;5;7;7m[48;2;32;34;32m▀[0m[38;2;0;0;0m[48;2;80;80;81m▀[0m[38;2;82;82;82m[48;2;175;175;176m▀[0m[38;2;158;158;159m[48;2;71;74;75m▀[0m[38;2;39;42;41m[48;2;0;0;0m▀[0m[38;2;6;5;5m[48;2;45;48;47m▀[0m[38;2;46;48;48m[48;2;59;57;60m▀[0m[38;2;42;45;46m[48;2;40;44;45m▀[0m[38;2;50;50;50m[48;2;0;0;0m▀[0m[38;2;105;105;106m[48;2;51;51;52m▀[0m[38;2;98;98;98m[48;2;9;9;9m▀[0m[38;2;70;69;70m[48;2;124;124;126m▀[0m[38;2;33;32;30m[48;2;44;43;43m▀[0m[38;2;49;49;49m[48;2;49;45;43m▀[0m
[38;2;14;14;14m[48;2;21;25;21m▀[0m[38;2;16;16;16m[48;2;21;21;19m▀[0m[38;2;18;18;18m[48;2;22;22;22m▀[0m[38;2;11;14;15m[48;2;32;34;34m▀[0m[38;2;23;23;23m[48;2;25;24;24m▀[0m[38;2;27;27;27m[48;2;30;29;29m▀[0m[38;2;31;30;30m[48;2;30;25;27m▀[0m[38;2;16;13;13m[48;2;0;0;0m▀[0m[38;2;56;56;56m[48;2;93;95;95m▀[0m[38;2;0;0;0m[48;2;115;118;120m▀[0m[38;2;85;85;90m[48;2;146;148;150m▀[0m[38;2;63;63;65m[48;2;94;97;96m▀[0m[38;2;0;0;0m[48;2;16;16;18m▀[0m[38;2;0;0;0m[48;2;0;0;0m▀[0m[38;2;6;6;8m[48;2;30;28;31m▀[0m[38;2;52;54;56m[48;2;1;1;2m▀[0m[38;2;0;0;0m[48;2;47;49;49m▀[0m[38;2;115;113;116m[48;2;72;70;73m▀[0m[38;2;1;0;2m[48;2;16;18;18m▀[0m[38;2;10;10;10m[48;2;69;73;70m▀[0m[38;2;28;30;30m[48;2;42;47;46m▀[0m[38;2;38;40;40m[48;2;6;8;10m▀[0m[38;2;134;134;137m[48;2;12;15;14m▀[0m[38;2;159;159;160m[48;2;108;108;106m▀[0m[38;2;35;35;36m[48;2;125;125;126m▀[0m[38;2;0;3;5m[48;2;0;0;0m▀[0m[38;2;0;0;0m[48;2;0;0;0m▀[0m[38;2;44;44;42m[48;2;26;26;26m▀[0m[38;2;16;18;18m[48;2;22;24;22m▀[0m[38;2;16;19;20m[48;2;13;13;14m▀[0m[38;2;9;9;7m[48;2;0;0;0m▀[0m[38;2;4;4;6m[48;2;32;34;34m▀[0m[38;2;0;0;0m[48;2;14;13;13m▀[0m[38;2;38;42;42m[48;2;26;26;26m▀[0m[38;2;90;90;90m[48;2;78;81;80m▀[0m[38;2;40;37;37m[48;2;55;55;53m▀[0m
[38;2;21;21;19m[48;2;22;22;20m▀[0m[38;2;21;21;21m[48;2;23;23;21m▀[0m[38;2;18;18;18m[48;2;23;23;23m▀[0m[38;2;25;25;25m[48;2;23;23;23m▀[0m[38;2;21;16;19m[48;2;27;26;26m▀[0m[38;2;46;45;45m[48;2;23;22;22m▀[0m[38;2;23;23;23m[48;2;1;0;0m▀[0m[38;2;28;25;25m[48;2;91;94;91m▀[0m[38;2;177;180;180m[48;2;52;56;56m▀[0m[38;2;109;112;114m[48;2;155;153;156m▀[0m[38;2;0;0;0m[48;2;0;3;4m▀[0m[38;2;1;3;3m[48;2;37;37;38m▀[0m[38;2;94;94;92m[48;2;29;29;27m▀[0m[38;2;103;103;103m[48;2;0;0;0m▀[0m[38;2;120;120;120m[48;2;0;0;0m▀[0m[38;2;46;46;42m[48;2;0;0;0m▀[0m[38;2;77;77;75m[48;2;0;0;0m▀[0m[38;2;104;104;102m[48;2;76;76;76m▀[0m[38;2;58;60;60m[48;2;89;87;90m▀[0m[38;2;15;17;17m[48;2;53;55;55m▀[0m[38;2;0;0;0m[48;2;0;0;0m▀[0m[38;2;0;0;0m[48;2;0;0;0m▀[0m[38;2;48;52;49m[48;2;0;0;0m▀[0m[38;2;63;66;65m[48;2;77;77;78m▀[0m[38;2;191;191;189m[48;2;210;210;211m▀[0m[38;2;64;64;66m[48;2;136;136;137m▀[0m[38;2;0;0;0m[48;2;0;0;0m▀[0m[38;2;0;0;0m[48;2;0;0;0m▀[0m[38;2;6;9;5m[48;2;0;0;0m▀[0m[38;2;4;7;3m[48;2;0;0;0m▀[0m[38;2;18;20;20m[48;2;28;26;29m▀[0m[38;2;18;18;19m[48;2;31;29;32m▀[0m[38;2;8;10;10m[48;2;31;33;33m▀[0m[38;2;9;8;8m[48;2;5;3;6m▀[0m[38;2;70;69;69m[48;2;115;117;117m▀[0m[38;2;75;75;72m[48;2;92;92;92m▀[0m
[38;2;25;24;24m[48;2;23;22;22m▀[0m[38;2;25;24;24m[48;2;25;21;24m▀[0m[38;2;25;24;24m[48;2;26;25;25m▀[0m[38;2;24;23;23m[48;2;20;24;20m▀[0m[38;2;27;27;27m[48;2;28;28;26m▀[0m[38;2;22;22;20m[48;2;21;18;20m▀[0m[38;2;20;21;17m[48;2;40;39;39m▀[0m[38;2;72;74;74m[48;2;90;93;92m▀[0m[38;2;67;69;69m[48;2;0;0;0m▀[0m[38;2;43;43;43m[48;2;57;57;58m▀[0m[38;2;55;55;56m[48;2;89;92;92m▀[0m[38;2;90;90;91m[48;2;33;33;31m▀[0m[38;2;0;0;0m[48;2;23;23;24m▀[0m[38;2;84;84;85m[48;2;65;65;66m▀[0m[38;2;217;217;219m[48;2;133;133;134m▀[0m[38;2;73;73;74m[48;2;236;236;237m▀[0m[38;2;34;34;32m[48;2;194;191;193m▀[0m[38;2;172;172;173m[48;2;57;57;55m▀[0m[38;2;68;68;69m[48;2;215;215;213m▀[0m[38;2;98;98;100m[48;2;184;184;184m▀[0m[38;2;79;79;80m[48;2;0;0;0m▀[0m[38;2;54;54;55m[48;2;0;0;0m▀[0m[38;2;0;0;0m[48;2;48;50;53m▀[0m[38;2;0;0;0m[48;2;125;125;127m▀[0m[38;2;43;43;41m[48;2;111;114;114m▀[0m[38;2;93;96;95m[48;2;95;95;96m▀[0m[38;2;149;152;151m[48;2;67;67;68m▀[0m[38;2;44;44;45m[48;2;198;195;197m▀[0m[38;2;15;14;14m[48;2;71;71;69m▀[0m[38;2;0;0;0m[48;2;42;42;44m▀[0m[38;2;12;10;13m[48;2;64;67;67m▀[0m[38;2;16;18;18m[48;2;25;27;27m▀[0m[38;2;0;0;0m[48;2;42;43;40m▀[0m[38;2;67;65;70m[48;2;92;94;94m▀[0m[38;2;69;71;72m[48;2;0;0;0m▀[0m[38;2;100;99;99m[48;2;27;29;29m▀[0m
[38;2;12;11;11m[48;2;0;0;0m▀[0m[38;2;22;20;17m[48;2;0;0;0m▀[0m[38;2;22;22;20m[48;2;16;18;18m▀[0m[38;2;23;23;23m[48;2;22;22;23m▀[0m[38;2;30;30;28m[48;2;31;31;29m▀[0m[38;2;22;22;20m[48;2;28;25;27m▀[0m[38;2;40;40;40m[48;2;23;20;20m▀[0m[38;2;119;122;123m[48;2;56;56;56m▀[0m[38;2;0;0;0m[48;2;34;34;34m▀[0m[38;2;17;20;19m[48;2;144;147;147m▀[0m[38;2;120;123;125m[48;2;79;79;81m▀[0m[38;2;49;49;47m[48;2;114;114;112m▀[0m[38;2;1;1;0m[48;2;157;157;155m▀[0m[38;2;22;22;20m[48;2;200;200;198m▀[0m[38;2;93;93;94m[48;2;241;239;237m▀[0m[38;2;199;199;197m[48;2;130;133;132m▀[0m[38;2;139;139;139m[48;2;224;227;227m▀[0m[38;2;239;239;240m[48;2;101;101;102m▀[0m[38;2;128;128;126m[48;2;102;102;102m▀[0m[38;2;0;0;0m[48;2;255;255;255m▀[0m[38;2;176;176;174m[48;2;255;255;255m▀[0m[38;2;164;167;167m[48;2;97;97;95m▀[0m[38;2;9;12;12m[48;2;0;0;0m▀[0m[38;2;0;0;0m[48;2;0;0;0m▀[0m[38;2;19;22;23m[48;2;48;48;51m▀[0m[38;2;47;47;50m[48;2;0;0;0m▀[0m[38;2;13;13;14m[48;2;46;46;44m▀[0m[38;2;160;163;162m[48;2;102;102;100m▀[0m[38;2;0;0;0m[48;2;0;0;0m▀[0m[38;2;10;13;13m[48;2;18;21;23m▀[0m[38;2;62;65;65m[48;2;43;46;46m▀[0m[38;2;12;11;11m[48;2;0;0;0m▀[0m[38;2;25;25;25m[48;2;0;0;0m▀[0m[38;2;43;46;45m[48;2;38;38;36m▀[0m[38;2;13;12;13m[48;2;14;16;16m▀[0m[38;2;23;25;28m[48;2;7;5;8m▀[0m
[38;2;232;228;231m[48;2;255;255;255m▀[0m[38;2;0;0;0m[48;2;255;255;255m▀[0m[38;2;0;0;0m[48;2;20;22;22m▀[0m[38;2;14;16;16m[48;2;8;7;7m▀[0m[38;2;26;26;23m[48;2;35;34;34m▀[0m[38;2;27;24;26m[48;2;36;36;34m▀[0m[38;2;19;19;16m[48;2;12;9;9m▀[0m[38;2;45;42;42m[48;2;93;92;90m▀[0m[38;2;138;138;140m[48;2;118;118;120m▀[0m[38;2;101;101;99m[48;2;12;12;10m▀[0m[38;2;65;65;65m[48;2;64;64;64m▀[0m[38;2;4;4;6m[48;2;10;10;12m▀[0m[38;2;0;0;0m[48;2;118;118;120m▀[0m[38;2;0;0;0m[48;2;255;255;255m▀[0m[38;2;43;43;41m[48;2;206;203;205m▀[0m[38;2;255;255;255m[48;2;223;223;224m▀[0m[38;2;188;188;188m[48;2;161;161;162m▀[0m[38;2;205;205;207m[48;2;172;172;174m▀[0m[38;2;77;77;77m[48;2;213;213;213m▀[0m[38;2;0;0;0m[48;2;161;163;164m▀[0m[38;2;0;0;0m[48;2;202;201;202m▀[0m[38;2;0;0;0m[48;2;255;255;255m▀[0m[38;2;0;0;0m[48;2;255;255;255m▀[0m[38;2;0;0;0m[48;2;152;152;152m▀[0m[38;2;29;29;30m[48;2;41;44;43m▀[0m[38;2;57;57;58m[48;2;105;105;106m▀[0m[38;2;87;87;88m[48;2;182;182;183m▀[0m[38;2;46;46;47m[48;2;30;30;31m▀[0m[38;2;29;29;27m[48;2;71;71;72m▀[0m[38;2;0;0;0m[48;2;0;0;0m▀[0m[38;2;35;37;39m[48;2;48;47;47m▀[0m[38;2;9;9;9m[48;2;7;7;7m▀[0m[38;2;0;0;0m[48;2;3;3;4m▀[0m[38;2;11;15;16m[48;2;2;2;3m▀[0m[38;2;13;15;15m[48;2;18;20;20m▀[0m[38;2;0;0;0m[48;2;59;61;61m▀[0m
