wide,38,22,244,192,186
wide,37,32,255,184,164
wide,36,35,255,164,156
wide,43,33,255,213,199
wide,41,25,253,168,166
wide,36,25,255,236,234
wide,38,43,255,255,255
wide,38,10,255,255,255
wide,37,46,255,255,255
punch,37,34,255,210,195
punch,40,40,255,202,197
punch,39,24,255,170,172
punch,35,23,255,197,193
punch,37,37,233,175,177
punch,40,16,247,174,173
punch,44,35,250,206,191
punch,43,23,246,185,180
punch,32,36,255,214,200
strip,24,13,255,176,173
strip,18,6,249,249,245
strip,33,11,255,255,255
strip,31,9,255,255,255
strip,29,11,255,255,255
strip,27,13,255,255,255
