[38;2;8;12;12m[48;2;18;23;19m▀[0m[38;2;0;0;0m[48;2;0;0;0m▀[0m[38;2;118;140;137m[48;2;125;147;146m▀[0m[38;2;172;220;218m[48;2;171;209;208m▀[0m[38;2;69;85;89m[48;2;94;113;118m▀[0m[38;2;29;43;42m[48;2;51;71;67m▀[0m[38;2;40;54;52m[48;2;122;157;153m▀[0m[38;2;164;202;201m[48;2;161;196;195m▀[0m[38;2;126;154;154m[48;2;128;156;155m▀[0m[38;2;100;124;125m[48;2;137;168;166m▀[0m[38;2;112;136;135m[48;2;162;197;196m▀[0m[38;2;161;198;193m[48;2;152;188;189m▀[0m[38;2;153;182;185m[48;2;46;56;59m▀[0m[38;2;37;41;43m[48;2;33;47;44m▀[0m[38;2;29;39;39m[48;2;149;186;186m▀[0m[38;2;170;220;216m[48;2;60;77;75m▀[0m[38;2;169;206;202m[48;2;201;251;246m▀[0m[38;2;78;101;101m[48;2;193;225;219m▀[0m[38;2;0;0;0m[48;2;85;103;101m▀[0m[38;2;128;0;0m[48;2;27;55;57m▀[0m[38;2;196;50;48m[48;2;109;169;171m▀[0m[38;2;185;23;19m[48;2;7;56;56m▀[0m[38;2;255;26;18m[48;2;102;43;47m▀[0m[38;2;52;0;0m[48;2;136;200;200m▀[0m[38;2;0;0;0m[48;2;98;187;187m▀[0m[38;2;0;0;0m[48;2;186;254;253m▀[0m[38;2;130;165;162m[48;2;206;255;255m▀[0m[38;2;175;215;210m[48;2;66;81;84m▀[0m[38;2;131;167;166m[48;2;41;51;52m▀[0m[38;2;0;0;0m[48;2;178;216;214m▀[0m[38;2;29;40;41m[48;2;26;28;29m▀[0m[38;2;146;180;178m[48;2;71;89;86m▀[0m[38;2;163;197;195m[48;2;154;189;188m▀[0m[38;2;144;172;174m[48;2;149;179;182m▀[0m[38;2;134;162;162m[48;2;148;178;180m▀[0m[38;2;154;190;185m[48;2;148;183;179m▀[0m[38;2;130;161;158m[48;2;180;218;217m▀[0m[38;2;0;2;1m[48;2;66;82;85m▀[0m[38;2;10;26;21m[48;2;24;41;39m▀[0m[38;2;95;107;101m[48;2;142;165;157m▀[0m[38;2;187;230;228m[48;2;191;241;237m▀[0m[38;2;66;85;83m[48;2;85;110;111m▀[0m[38;2;0;0;0m[48;2;0;0;0m▀[0m[38;2;24;29;29m[48;2;7;6;6m▀[0m
[38;2;18;25;25m[48;2;91;113;110m▀[0m[38;2;0;0;0m[48;2;5;8;13m▀[0m[38;2;153;182;184m[48;2;156;192;188m▀[0m[38;2;161;195;196m[48;2;147;182;178m▀[0m[38;2;113;137;137m[48;2;125;157;153m▀[0m[38;2;63;87;83m[48;2;65;90;85m▀[0m[38;2;127;166;161m[48;2;160;196;195m▀[0m[38;2;156;190;190m[48;2;152;186;184m▀[0m[38;2;148;182;180m[48;2;147;181;181m▀[0m[38;2;151;185;183m[48;2;146;177;173m▀[0m[38;2;126;154;154m[48;2;117;145;140m▀[0m[38;2;66;81;85m[48;2;173;215;213m▀[0m[38;2;124;157;154m[48;2;162;197;192m▀[0m[38;2;181;227;220m[48;2;0;0;0m▀[0m[38;2;12;16;18m[48;2;128;173;169m▀[0m[38;2;90;124;121m[48;2;211;246;241m▀[0m[38;2;164;178;177m[48;2;6;0;0m▀[0m[38;2;11;6;5m[48;2;46;72;71m▀[0m[38;2;0;0;0m[48;2;82;118;115m▀[0m[38;2;0;0;0m[48;2;98;132;129m▀[0m[38;2;0;0;0m[48;2;215;255;255m▀[0m[38;2;0;40;43m[48;2;42;84;89m▀[0m[38;2;111;22;23m[48;2;0;82;92m▀[0m[38;2;255;0;0m[48;2;231;30;24m▀[0m[38;2;39;30;30m[48;2;255;0;0m▀[0m[38;2;42;105;107m[48;2;0;0;0m▀[0m[38;2;196;255;255m[48;2;8;44;45m▀[0m[38;2;164;215;209m[48;2;182;239;237m▀[0m[38;2;0;0;0m[48;2;209;255;255m▀[0m[38;2;66;85;79m[48;2;48;58;56m▀[0m[38;2;231;255;255m[48;2;72;89;89m▀[0m[38;2;112;134;130m[48;2;188;227;227m▀[0m[38;2;84;105;105m[48;2;139;160;156m▀[0m[38;2;154;185;185m[48;2;155;186;186m▀[0m[38;2;147;183;183m[48;2;151;188;184m▀[0m[38;2;115;143;143m[48;2;150;182;179m▀[0m[38;2;174;216;214m[48;2;174;214;211m▀[0m[38;2;90;105;112m[48;2;126;149;149m▀[0m[38;2;37;51;50m[48;2;25;29;29m▀[0m[38;2;160;187;182m[48;2;147;183;175m▀[0m[38;2;193;233;232m[48;2;129;165;168m▀[0m[38;2;135;164;168m[48;2;163;195;196m▀[0m[38;2;0;0;0m[48;2;0;0;0m▀[0m[38;2;0;0;0m[48;2;96;120;119m▀[0m
[38;2;82;100;101m[48;2;0;0;0m▀[0m[38;2;61;83;82m[48;2;0;0;0m▀[0m[38;2;175;214;205m[48;2;206;248;242m▀[0m[38;2;144;172;174m[48;2;137;166;170m▀[0m[38;2;100;131;131m[48;2;92;122;120m▀[0m[38;2;67;97;94m[48;2;63;87;86m▀[0m[38;2;125;145;140m[48;2;155;184;183m▀[0m[38;2;112;143;134m[48;2;155;186;182m▀[0m[38;2;149;188;184m[48;2;147;181;178m▀[0m[38;2;146;179;173m[48;2;153;190;185m▀[0m[38;2;170;206;205m[48;2;128;155;155m▀[0m[38;2;134;169;166m[48;2;64;82;79m▀[0m[38;2;18;23;25m[48;2;160;201;193m▀[0m[38;2;148;185;181m[48;2;227;255;255m▀[0m[38;2;238;255;255m[48;2;97;108;107m▀[0m[38;2;31;16;18m[48;2;0;0;0m▀[0m[38;2;0;0;0m[48;2;0;7;10m▀[0m[38;2;129;170;168m[48;2;0;0;0m▀[0m[38;2;27;44;44m[48;2;0;0;0m▀[0m[38;2;2;8;6m[48;2;0;0;0m▀[0m[38;2;0;8;8m[48;2;0;0;0m▀[0m[38;2;0;0;0m[48;2;0;0;0m▀[0m[38;2;0;0;0m[48;2;59;78;78m▀[0m[38;2;0;0;0m[48;2;93;196;196m▀[0m[38;2;255;0;0m[48;2;100;0;0m▀[0m[38;2;221;1;0m[48;2;255;0;0m▀[0m[38;2;0;0;0m[48;2;0;0;0m▀[0m[38;2;13;37;37m[48;2;0;0;0m▀[0m[38;2;201;255;254m[48;2;152;201;196m▀[0m[38;2;174;220;216m[48;2;185;230;222m▀[0m[38;2;102;122;119m[48;2;186;221;217m▀[0m[38;2;67;90;95m[48;2;115;145;135m▀[0m[38;2;150;175;173m[48;2;85;109;112m▀[0m[38;2;152;183;177m[48;2;137;165;161m▀[0m[38;2;154;191;188m[48;2;162;196;192m▀[0m[38;2;146;178;173m[48;2;163;195;191m▀[0m[38;2;134;168;165m[48;2;137;168;165m▀[0m[38;2;145;182;177m[48;2;156;193;189m▀[0m[38;2;11;13;13m[48;2;15;21;18m▀[0m[38;2;158;195;187m[48;2;117;149;143m▀[0m[38;2;153;186;181m[48;2;177;216;206m▀[0m[38;2;137;165;165m[48;2;198;243;235m▀[0m[38;2;3;11;9m[48;2;0;2;1m▀[0m[38;2;134;169;168m[48;2;0;0;0m▀[0m
[38;2;0;0;0m[48;2;4;7;12m▀[0m[38;2;6;5;3m[48;2;46;55;50m▀[0m[38;2;215;255;255m[48;2;214;255;255m▀[0m[38;2;136;165;167m[48;2;137;166;165m▀[0m[38;2;92;122;119m[48;2;82;105;100m▀[0m[38;2;61;83;78m[48;2;89;112;108m▀[0m[38;2;173;204;202m[48;2;177;208;205m▀[0m[38;2;151;188;183m[48;2;154;191;187m▀[0m[38;2;147;182;181m[48;2;152;188;183m▀[0m[38;2;139;170;168m[48;2;149;181;178m▀[0m[38;2;107;130;129m[48;2;162;198;195m▀[0m[38;2;168;202;199m[48;2;169;201;197m▀[0m[38;2;200;241;234m[48;2;208;255;248m▀[0m[38;2;172;208;205m[48;2;32;41;40m▀[0m[38;2;0;0;0m[48;2;0;0;0m▀[0m[38;2;0;0;0m[48;2;0;2;3m▀[0m[38;2;0;0;0m[48;2;0;0;0m▀[0m[38;2;0;0;0m[48;2;58;61;61m▀[0m[38;2;0;0;0m[48;2;85;89;90m▀[0m[38;2;0;0;0m[48;2;0;0;0m▀[0m[38;2;0;0;0m[48;2;0;0;0m▀[0m[38;2;0;0;0m[48;2;0;8;13m▀[0m[38;2;31;54;54m[48;2;125;155;155m▀[0m[38;2;255;255;255m[48;2;172;183;181m▀[0m[38;2;158;137;135m[48;2;96;149;151m▀[0m[38;2;255;0;0m[48;2;179;0;0m▀[0m[38;2;0;0;0m[48;2;0;0;0m▀[0m[38;2;0;0;0m[48;2;0;0;0m▀[0m[38;2;48;74;69m[48;2;0;0;0m▀[0m[38;2;221;255;255m[48;2;180;242;233m▀[0m[38;2;166;202;195m[48;2;188;227;222m▀[0m[38;2;173;215;207m[48;2;163;198;195m▀[0m[38;2;131;161;154m[48;2;169;206;205m▀[0m[38;2;96;118;118m[48;2;150;179;181m▀[0m[38;2;142;172;169m[48;2;101;127;127m▀[0m[38;2;165;202;199m[48;2;156;193;193m▀[0m[38;2;147;182;179m[48;2;170;204;201m▀[0m[38;2;177;221;218m[48;2;165;209;203m▀[0m[38;2;5;16;14m[48;2;61;89;86m▀[0m[38;2;39;56;52m[48;2;28;37;37m▀[0m[38;2;169;211;211m[48;2;152;198;191m▀[0m[38;2;221;255;255m[48;2;224;255;255m▀[0m[38;2;0;0;0m[48;2;22;27;28m▀[0m[38;2;0;0;0m[48;2;14;20;21m▀[0m
[38;2;7;11;8m[48;2;10;14;13m▀[0m[38;2;57;67;66m[48;2;76;90;89m▀[0m[38;2;207;255;253m[48;2;210;255;254m▀[0m[38;2;127;157;154m[48;2;94;118;118m▀[0m[38;2;67;86;81m[48;2;73;92;89m▀[0m[38;2;109;131;130m[48;2;163;195;191m▀[0m[38;2;167;200;196m[48;2;96;119;116m▀[0m[38;2;163;202;200m[48;2;152;190;188m▀[0m[38;2;156;191;190m[48;2;149;184;183m▀[0m[38;2;168;205;200m[48;2;127;152;148m▀[0m[38;2;169;206;203m[48;2;143;170;170m▀[0m[38;2;188;234;231m[48;2;165;202;202m▀[0m[38;2;170;215;204m[48;2;134;168;165m▀[0m[38;2;10;15;18m[48;2;38;47;50m▀[0m[38;2;0;0;0m[48;2;0;0;0m▀[0m[38;2;2;9;9m[48;2;2;7;9m▀[0m[38;2;0;0;0m[48;2;0;0;0m▀[0m[38;2;124;125;121m[48;2;12;39;43m▀[0m[38;2;255;255;255m[48;2;94;2;2m▀[0m[38;2;50;80;83m[48;2;183;23;13m▀[0m[38;2;0;0;0m[48;2;255;255;255m▀[0m[38;2;172;191;196m[48;2;255;255;255m▀[0m[38;2;255;255;255m[48;2;255;255;255m▀[0m[38;2;179;0;0m[48;2;255;255;255m▀[0m[38;2;188;107;107m[48;2;255;255;255m▀[0m[38;2;96;101;100m[48;2;220;151;150m▀[0m[38;2;0;0;0m[48;2;0;0;0m▀[0m[38;2;2;0;0m[48;2;67;44;44m▀[0m[38;2;0;0;0m[48;2;23;0;0m▀[0m[38;2;48;94;94m[48;2;0;8;8m▀[0m[38;2;218;255;255m[48;2;184;221;220m▀[0m[38;2;172;207;203m[48;2;183;211;210m▀[0m[38;2;151;189;184m[48;2;165;188;187m▀[0m[38;2;157;197;192m[48;2;119;144;137m▀[0m[38;2;157;193;188m[48;2;75;91;87m▀[0m[38;2;148;178;173m[48;2;54;65;63m▀[0m[38;2;204;249;242m[48;2;61;72;75m▀[0m[38;2;186;230;225m[48;2;161;196;198m▀[0m[38;2;100;129;132m[48;2;148;182;182m▀[0m[38;2;22;29;29m[48;2;1;0;0m▀[0m[38;2;118;154;150m[48;2;80;105;101m▀[0m[38;2;224;255;255m[48;2;219;255;255m▀[0m[38;2;36;41;42m[48;2;42;44;47m▀[0m[38;2;5;14;10m[48;2;0;5;3m▀[0m
[38;2;0;3;4m[48;2;0;0;0m▀[0m[38;2;99;117;114m[48;2;125;149;145m▀[0m[38;2;220;255;255m[48;2;196;240;237m▀[0m[38;2;12;18;14m[48;2;60;76;73m▀[0m[38;2;67;86;83m[48;2;66;85;81m▀[0m[38;2;178;217;217m[48;2;143;174;174m▀[0m[38;2;143;174;174m[48;2;173;218;211m▀[0m[38;2;139;171;168m[48;2;102;134;131m▀[0m[38;2;49;63;65m[48;2;58;79;80m▀[0m[38;2;60;78;78m[48;2;156;195;189m▀[0m[38;2;184;208;206m[48;2;193;239;230m▀[0m[38;2;183;205;205m[48;2;183;227;220m▀[0m[38;2;127;156;158m[48;2;95;122;125m▀[0m[38;2;0;0;0m[48;2;0;0;0m▀[0m[38;2;0;0;0m[48;2;0;0;0m▀[0m[38;2;12;20;20m[48;2;7;14;16m▀[0m[38;2;0;0;0m[48;2;0;0;0m▀[0m[38;2;95;99;99m[48;2;160;122;116m▀[0m[38;2;255;255;255m[48;2;255;255;255m▀[0m[38;2;255;255;255m[48;2;255;255;255m▀[0m[38;2;255;255;255m[48;2;255;255;255m▀[0m[38;2;255;255;255m[48;2;251;253;254m▀[0m[38;2;255;255;255m[48;2;127;130;130m▀[0m[38;2;255;255;255m[48;2;255;255;255m▀[0m[38;2;255;255;255m[48;2;255;255;255m▀[0m[38;2;108;103;107m[48;2;255;255;255m▀[0m[38;2;34;68;68m[48;2;240;255;255m▀[0m[38;2;109;122;122m[48;2;0;0;0m▀[0m[38;2;33;0;0m[48;2;134;0;0m▀[0m[38;2;0;29;28m[48;2;0;19;18m▀[0m[38;2;108;147;146m[48;2;102;158;156m▀[0m[38;2;199;250;244m[48;2;151;202;198m▀[0m[38;2;171;208;207m[48;2;181;226;218m▀[0m[38;2;166;204;203m[48;2;168;206;200m▀[0m[38;2;173;209;206m[48;2;150;191;184m▀[0m[38;2;166;204;200m[48;2;156;190;188m▀[0m[38;2;100;124;118m[48;2;202;251;241m▀[0m[38;2;34;41;40m[48;2;153;192;187m▀[0m[38;2;59;73;73m[48;2;60;72;69m▀[0m[38;2;19;24;20m[48;2;45;62;58m▀[0m[38;2;55;76;76m[48;2;67;89;90m▀[0m[38;2;255;255;255m[48;2;255;255;255m▀[0m[38;2;73;78;78m[48;2;96;105;109m▀[0m[38;2;0;0;0m[48;2;0;0;0m▀[0m
[38;2;0;0;0m[48;2;0;0;0m▀[0m[38;2;153;185;178m[48;2;177;214;210m▀[0m[38;2;171;208;208m[48;2;165;201;200m▀[0m[38;2;92;113;113m[48;2;78;93;93m▀[0m[38;2;56;67;65m[48;2;46;63;60m▀[0m[38;2;187;232;225m[48;2;150;185;180m▀[0m[38;2;157;193;190m[48;2;78;96;96m▀[0m[38;2;116;142;142m[48;2;118;145;148m▀[0m[38;2;173;217;213m[48;2;160;190;184m▀[0m[38;2;178;209;206m[48;2;174;216;208m▀[0m[38;2;197;233;227m[48;2;193;237;233m▀[0m[38;2;136;173;169m[48;2;113;137;136m▀[0m[38;2;104;136;132m[48;2;136;171;170m▀[0m[38;2;0;0;0m[48;2;0;0;0m▀[0m[38;2;0;0;0m[48;2;0;0;0m▀[0m[38;2;21;29;29m[48;2;33;52;50m▀[0m[38;2;0;0;0m[48;2;0;0;0m▀[0m[38;2;0;0;0m[48;2;33;36;37m▀[0m[38;2;255;255;255m[48;2;255;255;255m▀[0m[38;2;255;255;255m[48;2;255;255;255m▀[0m[38;2;255;255;255m[48;2;255;255;255m▀[0m[38;2;0;0;0m[48;2;103;112;115m▀[0m[38;2;0;0;0m[48;2;177;211;206m▀[0m[38;2;3;12;11m[48;2;255;255;255m▀[0m[38;2;255;255;255m[48;2;255;255;255m▀[0m[38;2;255;255;255m[48;2;28;26;29m▀[0m[38;2;0;0;0m[48;2;0;0;0m▀[0m[38;2;0;0;0m[48;2;0;16;22m▀[0m[38;2;255;0;0m[48;2;255;0;0m▀[0m[38;2;30;0;0m[48;2;185;0;0m▀[0m[38;2;80;178;172m[48;2;0;118;121m▀[0m[38;2;130;184;179m[48;2;132;195;191m▀[0m[38;2;171;217;208m[48;2;152;199;193m▀[0m[38;2;175;213;207m[48;2;154;183;185m▀[0m[38;2;170;215;204m[48;2;168;205;200m▀[0m[38;2;148;182;179m[48;2;185;231;222m▀[0m[38;2;161;195;192m[48;2;86;101;103m▀[0m[38;2;205;244;242m[48;2;154;188;189m▀[0m[38;2;182;218;219m[48;2;183;224;223m▀[0m[38;2;57;77;71m[48;2;67;85;78m▀[0m[38;2;73;97;97m[48;2;75;98;97m▀[0m[38;2;238;255;255m[48;2;215;255;255m▀[0m[38;2;116;140;136m[48;2;149;184;179m▀[0m[38;2;0;0;0m[48;2;0;0;0m▀[0m
[38;2;0;0;0m[48;2;0;0;0m▀[0m[38;2;198;236;235m[48;2;206;244;243m▀[0m[38;2;170;206;206m[48;2;157;193;192m▀[0m[38;2;92;100;100m[48;2;91;101;99m▀[0m[38;2;42;51;49m[48;2;69;85;82m▀[0m[38;2;90;114;112m[48;2;174;216;216m▀[0m[38;2;169;197;192m[48;2;187;232;224m▀[0m[38;2;162;200;193m[48;2;177;218;207m▀[0m[38;2;174;206;202m[48;2;189;228;223m▀[0m[38;2;187;232;225m[48;2;151;183;177m▀[0m[38;2;145;181;177m[48;2;139;181;179m▀[0m[38;2;151;190;185m[48;2;114;150;149m▀[0m[38;2;85;103;103m[48;2;14;14;16m▀[0m[38;2;0;0;0m[48;2;0;0;0m▀[0m[38;2;11;16;16m[48;2;38;55;61m▀[0m[38;2;72;99;101m[48;2;94;126;124m▀[0m[38;2;0;0;0m[48;2;0;0;0m▀[0m[38;2;0;0;0m[48;2;0;1;3m▀[0m[38;2;0;0;0m[48;2;0;0;0m▀[0m[38;2;179;179;177m[48;2;0;0;0m▀[0m[38;2;255;255;255m[48;2;18;24;23m▀[0m[38;2;255;255;255m[48;2;107;109;107m▀[0m[38;2;255;255;255m[48;2;191;193;195m▀[0m[38;2;255;255;255m[48;2;142;147;148m▀[0m[38;2;162;165;166m[48;2;186;195;196m▀[0m[38;2;0;0;0m[48;2;0;0;0m▀[0m[38;2;0;29;25m[48;2;0;4;4m▀[0m[38;2;0;47;50m[48;2;0;58;61m▀[0m[38;2;222;0;0m[48;2;129;9;5m▀[0m[38;2;255;0;0m[48;2;255;0;0m▀[0m[38;2;0;2;4m[48;2;78;0;0m▀[0m[38;2;56;124;126m[48;2;0;0;0m▀[0m[38;2;169;235;226m[48;2;52;89;85m▀[0m[38;2;190;236;230m[48;2;235;255;255m▀[0m[38;2;142;173;170m[48;2;186;230;222m▀[0m[38;2;178;217;211m[48;2;144;174;171m▀[0m[38;2;153;188;183m[48;2;187;228;220m▀[0m[38;2;87;118;112m[48;2;173;217;208m▀[0m[38;2;155;197;196m[48;2;164;214;203m▀[0m[38;2;75;100;94m[48;2;81;107;101m▀[0m[38;2;66;84;82m[48;2;74;97;93m▀[0m[38;2;193;240;235m[48;2;181;225;218m▀[0m[38;2;187;228;223m[48;2;205;251;243m▀[0m[38;2;0;0;0m[48;2;0;0;0m▀[0m
[38;2;0;0;0m[48;2;0;0;0m▀[0m[38;2;192;232;234m[48;2;205;254;253m▀[0m[38;2;143;180;177m[48;2;156;196;193m▀[0m[38;2;95;115;109m[48;2;86;114;107m▀[0m[38;2;84;101;101m[48;2;101;120;117m▀[0m[38;2;187;232;228m[48;2;190;232;231m▀[0m[38;2;187;231;226m[48;2;148;181;175m▀[0m[38;2;184;231;222m[48;2;171;215;207m▀[0m[38;2;182;221;215m[48;2;97;119;118m▀[0m[38;2;92;109;105m[48;2;139;173;170m▀[0m[38;2;189;239;235m[48;2;175;224;220m▀[0m[38;2;65;86;91m[48;2;0;0;0m▀[0m[38;2;0;0;0m[48;2;0;0;0m▀[0m[38;2;0;0;0m[48;2;0;0;0m▀[0m[38;2;46;71;72m[48;2;68;85;85m▀[0m[38;2;18;36;32m[48;2;0;0;0m▀[0m[38;2;0;0;0m[48;2;0;0;0m▀[0m[38;2;14;33;36m[48;2;0;0;0m▀[0m[38;2;11;26;28m[48;2;0;0;0m▀[0m[38;2;0;0;0m[48;2;0;0;0m▀[0m[38;2;79;102;107m[48;2;15;29;28m▀[0m[38;2;82;124;133m[48;2;49;66;63m▀[0m[38;2;0;21;34m[48;2;41;73;80m▀[0m[38;2;139;177;181m[48;2;79;102;101m▀[0m[38;2;227;240;248m[48;2;73;92;86m▀[0m[38;2;0;0;0m[48;2;0;0;0m▀[0m[38;2;40;64;65m[48;2;0;0;0m▀[0m[38;2;0;11;15m[48;2;0;0;0m▀[0m[38;2;30;34;36m[48;2;0;0;0m▀[0m[38;2;255;0;0m[48;2;98;14;10m▀[0m[38;2;255;0;0m[48;2;255;0;0m▀[0m[38;2;0;0;0m[48;2;160;0;0m▀[0m[38;2;0;0;0m[48;2;0;0;0m▀[0m[38;2;54;76;77m[48;2;49;81;79m▀[0m[38;2;196;240;234m[48;2;74;96;97m▀[0m[38;2;193;237;231m[48;2;147;170;169m▀[0m[38;2;153;185;179m[48;2;174;216;208m▀[0m[38;2;192;232;226m[48;2;186;230;219m▀[0m[38;2;184;227;219m[48;2;182;228;217m▀[0m[38;2;85;109;108m[48;2;96;115;117m▀[0m[38;2;97;122;116m[48;2;96;124;116m▀[0m[38;2;173;213;207m[48;2;169;207;202m▀[0m[38;2;216;255;255m[48;2;223;255;255m▀[0m[38;2;0;0;0m[48;2;0;0;0m▀[0m
[38;2;1;5;4m[48;2;20;24;23m▀[0m[38;2;206;253;249m[48;2;201;250;246m▀[0m[38;2;156;195;192m[48;2;151;183;180m▀[0m[38;2;86;112;110m[48;2;90;115;111m▀[0m[38;2;90;114;112m[48;2;13;23;23m▀[0m[38;2;147;175;178m[48;2;184;228;218m▀[0m[38;2;158;191;184m[48;2;253;255;255m▀[0m[38;2;249;255;255m[48;2;228;255;255m▀[0m[38;2;69;87;84m[48;2;63;75;75m▀[0m[38;2;124;158;155m[48;2;0;0;0m▀[0m[38;2;25;39;39m[48;2;0;0;0m▀[0m[38;2;0;0;0m[48;2;0;0;0m▀[0m[38;2;0;0;0m[48;2;50;55;55m▀[0m[38;2;181;186;187m[48;2;255;255;255m▀[0m[38;2;255;255;255m[48;2;255;255;255m▀[0m[38;2;71;66;65m[48;2;0;0;0m▀[0m[38;2;0;0;0m[48;2;94;112;113m▀[0m[38;2;111;153;164m[48;2;255;255;255m▀[0m[38;2;234;255;255m[48;2;255;237;235m▀[0m[38;2;255;255;255m[48;2;255;226;225m▀[0m[38;2;255;255;255m[48;2;255;255;255m▀[0m[38;2;255;255;255m[48;2;255;205;199m▀[0m[38;2;0;9;16m[48;2;0;0;0m▀[0m[38;2;166;180;174m[48;2;133;36;22m▀[0m[38;2;255;255;255m[48;2;255;255;255m▀[0m[38;2;255;255;255m[48;2;255;255;255m▀[0m[38;2;255;255;255m[48;2;255;255;255m▀[0m[38;2;46;64;65m[48;2;255;255;255m▀[0m[38;2;0;0;0m[48;2;85;91;93m▀[0m[38;2;45;89;91m[48;2;0;0;0m▀[0m[38;2;255;255;255m[48;2;143;156;156m▀[0m[38;2;255;255;255m[48;2;255;255;255m▀[0m[38;2;64;64;65m[48;2;255;255;255m▀[0m[38;2;0;0;0m[48;2;0;0;0m▀[0m[38;2;157;203;196m[48;2;0;0;0m▀[0m[38;2;117;145;143m[48;2;122;158;153m▀[0m[38;2;90;111;111m[48;2;63;77;76m▀[0m[38;2;219;255;255m[48;2;25;34;32m▀[0m[38;2;225;255;255m[48;2;168;207;201m▀[0m[38;2;131;162;157m[48;2;71;90;84m▀[0m[38;2;81;101;97m[48;2;66;84;77m▀[0m[38;2;160;201;190m[48;2;173;218;214m▀[0m[38;2;230;255;255m[48;2;206;252;248m▀[0m[38;2;0;0;0m[48;2;4;7;8m▀[0m
[38;2;40;44;44m[48;2;61;75;73m▀[0m[38;2;196;244;241m[48;2;182;231;225m▀[0m[38;2;156;193;184m[48;2;160;201;197m▀[0m[38;2;97;119;118m[48;2;112;142;137m▀[0m[38;2;130;162;151m[48;2;148;183;178m▀[0m[38;2;80;100;95m[48;2;90;107;102m▀[0m[38;2;0;0;0m[48;2;56;71;73m▀[0m[38;2;0;0;0m[48;2;0;0;0m▀[0m[38;2;0;0;0m[48;2;0;0;0m▀[0m[38;2;0;0;0m[48;2;0;3;4m▀[0m[38;2;0;0;0m[48;2;0;0;0m▀[0m[38;2;0;0;0m[48;2;95;95;95m▀[0m[38;2;255;255;255m[48;2;255;255;255m▀[0m[38;2;255;255;255m[48;2;129;134;131m▀[0m[38;2;109;116;116m[48;2;195;218;213m▀[0m[38;2;186;191;192m[48;2;255;255;255m▀[0m[38;2;255;255;255m[48;2;255;255;255m▀[0m[38;2;255;255;255m[48;2;255;255;255m▀[0m[38;2;255;116;116m[48;2;255;255;255m▀[0m[38;2;120;56;55m[48;2;255;255;255m▀[0m[38;2;132;0;0m[48;2;255;255;255m▀[0m[38;2;18;0;0m[48;2;255;255;255m▀[0m[38;2;0;0;0m[48;2;22;0;0m▀[0m[38;2;0;0;0m[48;2;197;24;14m▀[0m[38;2;99;0;0m[48;2;255;255;255m▀[0m[38;2;125;82;73m[48;2;255;255;255m▀[0m[38;2;164;178;180m[48;2;255;255;255m▀[0m[38;2;255;255;255m[48;2;255;255;255m▀[0m[38;2;255;255;255m[48;2;255;255;255m▀[0m[38;2;255;255;255m[48;2;255;255;255m▀[0m[38;2;38;42;44m[48;2;255;255;255m▀[0m[38;2;186;188;193m[48;2;110;120;124m▀[0m[38;2;255;255;255m[48;2;255;255;255m▀[0m[38;2;231;231;234m[48;2;255;255;255m▀[0m[38;2;0;0;0m[48;2;0;0;0m▀[0m[38;2;0;0;0m[48;2;0;0;0m▀[0m[38;2;32;43;41m[48;2;0;0;0m▀[0m[38;2;0;0;0m[48;2;0;0;0m▀[0m[38;2;1;5;7m[48;2;14;20;19m▀[0m[38;2;158;198;196m[48;2;234;255;255m▀[0m[38;2;99;131;120m[48;2;109;132;129m▀[0m[38;2;184;236;227m[48;2;187;233;224m▀[0m[38;2;177;221;218m[48;2;202;253;243m▀[0m[38;2;29;38;37m[48;2;28;38;39m▀[0m
[38;2;81;97;94m[48;2;107;127;124m▀[0m[38;2;193;235;231m[48;2;187;230;227m▀[0m[38;2;104;136;133m[48;2;74;101;99m▀[0m[38;2;49;66;63m[48;2;93;113;110m▀[0m[38;2;114;145;142m[48;2;255;255;255m▀[0m[38;2;206;255;255m[48;2;91;120;114m▀[0m[38;2;63;80;80m[48;2;0;0;0m▀[0m[38;2;0;0;0m[48;2;152;188;183m▀[0m[38;2;85;108;109m[48;2;20;25;25m▀[0m[38;2;0;0;0m[48;2;0;0;0m▀[0m[38;2;0;0;0m[48;2;0;0;0m▀[0m[38;2;204;209;209m[48;2;238;248;245m▀[0m[38;2;255;255;255m[48;2;4;7;7m▀[0m[38;2;128;133;128m[48;2;255;255;255m▀[0m[38;2;255;255;255m[48;2;255;255;255m▀[0m[38;2;255;255;255m[48;2;255;255;255m▀[0m[38;2;255;255;255m[48;2;255;255;255m▀[0m[38;2;255;255;255m[48;2;255;255;255m▀[0m[38;2;255;255;255m[48;2;255;255;255m▀[0m[38;2;255;255;255m[48;2;255;255;255m▀[0m[38;2;255;255;255m[48;2;255;255;255m▀[0m[38;2;255;255;255m[48;2;255;255;255m▀[0m[38;2;107;0;0m[48;2;208;0;0m▀[0m[38;2;195;254;255m[48;2;255;223;218m▀[0m[38;2;255;255;255m[48;2;255;242;242m▀[0m[38;2;255;255;255m[48;2;255;225;225m▀[0m[38;2;255;255;255m[48;2;255;255;255m▀[0m[38;2;255;255;255m[48;2;255;255;255m▀[0m[38;2;255;255;255m[48;2;255;255;255m▀[0m[38;2;255;255;255m[48;2;255;255;255m▀[0m[38;2;255;255;255m[48;2;255;255;255m▀[0m[38;2;242;252;250m[48;2;255;255;255m▀[0m[38;2;122;125;125m[48;2;205;205;205m▀[0m[38;2;255;255;255m[48;2;10;14;11m▀[0m[38;2;78;83;82m[48;2;235;249;245m▀[0m[38;2;0;0;0m[48;2;46;63;60m▀[0m[38;2;0;0;0m[48;2;0;0;0m▀[0m[38;2;0;0;0m[48;2;173;208;201m▀[0m[38;2;0;0;0m[48;2;79;91;90m▀[0m[38;2;0;0;0m[48;2;2;3;0m▀[0m[38;2;81;100;97m[48;2;0;0;0m▀[0m[38;2;154;196;188m[48;2;0;0;0m▀[0m[38;2;111;143;133m[48;2;107;132;126m▀[0m[38;2;73;90;87m[48;2;149;184;177m▀[0m
[38;2;129;158;154m[48;2;146;181;175m▀[0m[38;2;156;193;192m[48;2;180;224;216m▀[0m[38;2;46;62;59m[48;2;105;139;136m▀[0m[38;2;97;122;121m[48;2;31;28;31m▀[0m[38;2;205;255;255m[48;2;0;0;0m▀[0m[38;2;0;0;0m[48;2;8;12;12m▀[0m[38;2;23;30;31m[48;2;169;214;207m▀[0m[38;2;15;25;25m[48;2;0;0;0m▀[0m[38;2;0;0;0m[48;2;0;0;0m▀[0m[38;2;0;0;0m[48;2;115;120;121m▀[0m[38;2;220;228;226m[48;2;255;255;255m▀[0m[38;2;110;119;119m[48;2;49;52;55m▀[0m[38;2;0;0;0m[48;2;0;0;0m▀[0m[38;2;255;255;255m[48;2;179;182;182m▀[0m[38;2;255;255;255m[48;2;222;227;227m▀[0m[38;2;222;225;227m[48;2;202;209;209m▀[0m[38;2;187;190;190m[48;2;169;177;177m▀[0m[38;2;182;187;187m[48;2;45;50;50m▀[0m[38;2;124;131;131m[48;2;108;112;109m▀[0m[38;2;103;121;121m[48;2;255;255;255m▀[0m[38;2;224;255;255m[48;2;255;255;255m▀[0m[38;2;255;200;192m[48;2;255;153;142m▀[0m[38;2;255;0;0m[48;2;255;173;169m▀[0m[38;2;255;0;0m[48;2;255;108;109m▀[0m[38;2;255;255;255m[48;2;255;31;25m▀[0m[38;2;160;223;223m[48;2;255;255;255m▀[0m[38;2;69;92;92m[48;2;255;255;255m▀[0m[38;2;132;144;144m[48;2;58;63;65m▀[0m[38;2;190;196;196m[48;2;98;105;108m▀[0m[38;2;225;230;230m[48;2;192;200;201m▀[0m[38;2;255;255;255m[48;2;187;190;190m▀[0m[38;2;255;255;255m[48;2;220;223;223m▀[0m[38;2;179;179;181m[48;2;121;121;121m▀[0m[38;2;0;0;0m[48;2;0;0;0m▀[0m[38;2;169;174;171m[48;2;119;125;125m▀[0m[38;2;128;144;140m[48;2;217;221;217m▀[0m[38;2;0;0;0m[48;2;0;0;0m▀[0m[38;2;59;73;72m[48;2;0;0;0m▀[0m[38;2;236;255;255m[48;2;57;79;76m▀[0m[38;2;195;239;227m[48;2;157;192;191m▀[0m[38;2;46;58;56m[48;2;91;100;103m▀[0m[38;2;2;5;4m[48;2;145;181;177m▀[0m[38;2;113;138;133m[48;2;29;40;34m▀[0m[38;2;63;82;78m[48;2;112;143;135m▀[0m
[38;2;171;225;219m[48;2;63;71;71m▀[0m[38;2;185;230;223m[48;2;139;181;177m▀[0m[38;2;172;215;215m[48;2;163;209;204m▀[0m[38;2;5;1;6m[48;2;0;0;0m▀[0m[38;2;0;0;0m[48;2;150;188;180m▀[0m[38;2;255;255;255m[48;2;217;255;255m▀[0m[38;2;101;125;124m[48;2;45;60;59m▀[0m[38;2;0;0;0m[48;2;0;4;0m▀[0m[38;2;0;0;0m[48;2;144;144;145m▀[0m[38;2;255;255;255m[48;2;243;251;252m▀[0m[38;2;211;217;213m[48;2;217;222;217m▀[0m[38;2;93;97;94m[48;2;157;167;165m▀[0m[38;2;51;59;59m[48;2;98;101;101m▀[0m[38;2;173;182;181m[48;2;28;28;30m▀[0m[38;2;124;128;128m[48;2;0;0;0m▀[0m[38;2;105;111;108m[48;2;0;0;0m▀[0m[38;2;0;0;0m[48;2;145;148;148m▀[0m[38;2;119;125;125m[48;2;255;255;255m▀[0m[38;2;255;255;255m[48;2;198;202;201m▀[0m[38;2;255;255;255m[48;2;255;255;255m▀[0m[38;2;255;255;255m[48;2;255;255;255m▀[0m[38;2;255;255;255m[48;2;255;255;255m▀[0m[38;2;255;255;255m[48;2;255;255;254m▀[0m[38;2;255;255;255m[48;2;255;255;255m▀[0m[38;2;255;198;193m[48;2;255;255;255m▀[0m[38;2;255;255;255m[48;2;255;255;255m▀[0m[38;2;255;255;255m[48;2;204;235;232m▀[0m[38;2;255;255;255m[48;2;255;255;255m▀[0m[38;2;0;0;0m[48;2;222;222;222m▀[0m[38;2;41;44;43m[48;2;0;0;0m▀[0m[38;2;191;193;193m[48;2;0;0;0m▀[0m[38;2;147;147;147m[48;2;0;0;0m▀[0m[38;2;154;160;164m[48;2;124;128;130m▀[0m[38;2;0;0;0m[48;2;99;107;112m▀[0m[38;2;124;133;131m[48;2;193;205;203m▀[0m[38;2;255;255;255m[48;2;244;253;251m▀[0m[38;2;62;65;62m[48;2;158;163;158m▀[0m[38;2;0;0;0m[48;2;0;0;0m▀[0m[38;2;0;0;0m[48;2;0;0;0m▀[0m[38;2;67;92;91m[48;2;63;87;83m▀[0m[38;2;171;215;208m[48;2;150;191;184m▀[0m[38;2;74;97;96m[48;2;32;43;41m▀[0m[38;2;16;26;22m[48;2;175;225;218m▀[0m[38;2;187;239;233m[48;2;102;120;117m▀[0m
[38;2;111;89;96m[48;2;255;255;255m▀[0m[38;2;111;122;120m[48;2;30;36;36m▀[0m[38;2;112;151;149m[48;2;103;139;136m▀[0m[38;2;0;0;0m[48;2;42;54;51m▀[0m[38;2;218;255;255m[48;2;156;203;193m▀[0m[38;2;120;148;144m[48;2;45;77;73m▀[0m[38;2;0;2;0m[48;2;0;0;0m▀[0m[38;2;161;181;174m[48;2;216;226;227m▀[0m[38;2;205;207;209m[48;2;213;219;218m▀[0m[38;2;183;187;188m[48;2;201;201;202m▀[0m[38;2;182;190;189m[48;2;220;224;224m▀[0m[38;2;255;255;255m[48;2;165;170;170m▀[0m[38;2;116;118;120m[48;2;0;0;0m▀[0m[38;2;0;0;0m[48;2;0;0;0m▀[0m[38;2;0;0;0m[48;2;0;0;0m▀[0m[38;2;142;152;151m[48;2;164;170;169m▀[0m[38;2;248;255;255m[48;2;252;255;255m▀[0m[38;2;255;255;255m[48;2;255;255;255m▀[0m[38;2;151;158;161m[48;2;166;177;177m▀[0m[38;2;255;255;255m[48;2;255;255;255m▀[0m[38;2;255;255;255m[48;2;255;255;255m▀[0m[38;2;255;255;255m[48;2;255;255;255m▀[0m[38;2;255;188;184m[48;2;255;142;134m▀[0m[38;2;255;252;250m[48;2;255;142;134m▀[0m[38;2;255;232;222m[48;2;255;0;0m▀[0m[38;2;255;255;255m[48;2;255;255;255m▀[0m[38;2;255;255;255m[48;2;255;255;255m▀[0m[38;2;223;241;242m[48;2;198;217;218m▀[0m[38;2;255;255;255m[48;2;255;255;255m▀[0m[38;2;210;216;216m[48;2;225;235;235m▀[0m[38;2;12;11;11m[48;2;37;39;37m▀[0m[38;2;0;0;0m[48;2;0;0;0m▀[0m[38;2;15;19;18m[48;2;0;0;0m▀[0m[38;2;255;255;255m[48;2;131;136;136m▀[0m[38;2;216;224;225m[48;2;255;255;255m▀[0m[38;2;197;205;203m[48;2;206;210;211m▀[0m[38;2;204;214;214m[48;2;226;234;234m▀[0m[38;2;57;62;62m[48;2;182;184;184m▀[0m[38;2;27;57;50m[48;2;31;49;46m▀[0m[38;2;0;8;8m[48;2;65;96;92m▀[0m[38;2;164;202;200m[48;2;169;220;215m▀[0m[38;2;119;158;156m[48;2;80;114;114m▀[0m[38;2;125;145;144m[48;2;14;26;26m▀[0m[38;2;135;114;119m[48;2;255;255;255m▀[0m
[38;2;255;255;255m[48;2;148;144;143m▀[0m[38;2;0;0;0m[48;2;0;0;0m▀[0m[38;2;65;97;94m[48;2;49;81;78m▀[0m[38;2;157;197;188m[48;2;118;154;150m▀[0m[38;2;117;164;155m[48;2;111;117;113m▀[0m[38;2;49;67;65m[48;2;255;255;255m▀[0m[38;2;175;174;175m[48;2;255;255;255m▀[0m[38;2;208;215;213m[48;2;162;166;166m▀[0m[38;2;200;205;206m[48;2;204;213;210m▀[0m[38;2;238;240;241m[48;2;167;175;171m▀[0m[38;2;143;145;147m[48;2;0;0;0m▀[0m[38;2;0;0;0m[48;2;0;0;0m▀[0m[38;2;0;0;0m[48;2;3;14;12m▀[0m[38;2;0;0;0m[48;2;0;0;0m▀[0m[38;2;0;0;0m[48;2;0;0;0m▀[0m[38;2;49;54;54m[48;2;0;0;0m▀[0m[38;2;255;255;255m[48;2;178;182;184m▀[0m[38;2;255;255;255m[48;2;255;255;255m▀[0m[38;2;178;189;187m[48;2;191;202;199m▀[0m[38;2;254;255;255m[48;2;228;255;255m▀[0m[38;2;255;255;255m[48;2;255;255;255m▀[0m[38;2;255;255;255m[48;2;255;0;0m▀[0m[38;2;255;0;0m[48;2;215;0;0m▀[0m[38;2;255;0;0m[48;2;207;0;0m▀[0m[38;2;255;41;36m[48;2;255;0;0m▀[0m[38;2;255;163;160m[48;2;255;67;60m▀[0m[38;2;183;255;255m[48;2;255;122;117m▀[0m[38;2;238;255;255m[48;2;255;255;255m▀[0m[38;2;255;255;255m[48;2;255;255;255m▀[0m[38;2;188;200;199m[48;2;115;120;119m▀[0m[38;2;0;0;0m[48;2;0;0;0m▀[0m[38;2;0;0;0m[48;2;117;160;160m▀[0m[38;2;0;0;0m[48;2;5;15;21m▀[0m[38;2;0;0;0m[48;2;0;0;0m▀[0m[38;2;174;178;177m[48;2;0;0;0m▀[0m[38;2;240;242;242m[48;2;200;203;204m▀[0m[38;2;201;203;206m[48;2;190;192;196m▀[0m[38;2;207;215;220m[48;2;147;155;155m▀[0m[38;2;164;164;164m[48;2;255;255;255m▀[0m[38;2;74;92;92m[48;2;255;255;255m▀[0m[38;2;152;202;195m[48;2;75;84;84m▀[0m[38;2;76;113;108m[48;2;65;101;96m▀[0m[38;2;0;0;0m[48;2;0;0;0m▀[0m[38;2;199;198;191m[48;2;97;92;87m▀[0m
