[38;2;9;14;14m[48;2;20;26;21m▀[0m[38;2;0;0;0m[48;2;0;0;0m▀[0m[38;2;136;162;158m[48;2;143;169;168m▀[0m[38;2;198;253;251m[48;2;197;241;240m▀[0m[38;2;80;98;102m[48;2;108;130;136m▀[0m[38;2;34;50;48m[48;2;59;81;78m▀[0m[38;2;46;62;61m[48;2;141;181;176m▀[0m[38;2;189;233;231m[48;2;185;225;224m▀[0m[38;2;145;178;178m[48;2;147;180;179m▀[0m[38;2;115;142;143m[48;2;158;193;191m▀[0m[38;2;129;157;156m[48;2;186;226;225m▀[0m[38;2;185;228;223m[48;2;175;217;218m▀[0m[38;2;176;209;213m[48;2;53;64;68m▀[0m[38;2;42;47;50m[48;2;39;54;51m▀[0m[38;2;34;45;45m[48;2;172;214;214m▀[0m[38;2;196;253;248m[48;2;69;89;86m▀[0m[38;2;195;237;233m[48;2;231;255;255m▀[0m[38;2;90;117;117m[48;2;223;255;252m▀[0m[38;2;0;0;0m[48;2;98;119;117m▀[0m[38;2;147;0;0m[48;2;31;63;65m▀[0m[38;2;225;58;56m[48;2;125;195;197m▀[0m[38;2;213;26;21m[48;2;8;64;64m▀[0m[38;2;255;30;20m[48;2;118;50;54m▀[0m[38;2;61;0;0m[48;2;157;230;230m▀[0m[38;2;0;0;0m[48;2;113;215;215m▀[0m[38;2;0;0;0m[48;2;214;255;255m▀[0m[38;2;150;190;186m[48;2;237;255;255m▀[0m[38;2;202;247;242m[48;2;76;93;97m▀[0m[38;2;151;192;191m[48;2;47;59;61m▀[0m[38;2;0;0;0m[48;2;204;248;246m▀[0m[38;2;34;46;47m[48;2;30;32;34m▀[0m[38;2;168;207;204m[48;2;81;102;100m▀[0m[38;2;187;226;224m[48;2;178;218;217m▀[0m[38;2;165;198;201m[48;2;172;206;209m▀[0m[38;2;154;186;186m[48;2;170;204;207m▀[0m[38;2;178;219;213m[48;2;170;211;206m▀[0m[38;2;150;185;183m[48;2;207;251;250m▀[0m[38;2;0;2;1m[48;2;76;95;98m▀[0m[38;2;12;30;24m[48;2;28;47;45m▀[0m[38;2;109;123;117m[48;2;163;190;181m▀[0m[38;2;215;255;255m[48;2;220;255;255m▀[0m[38;2;76;98;96m[48;2;98;126;128m▀[0m[38;2;0;0;0m[48;2;0;0;0m▀[0m[38;2;28;34;34m[48;2;8;7;7m▀[0m
[38;2;20;29;29m[48;2;104;130;126m▀[0m[38;2;0;0;0m[48;2;6;9;15m▀[0m[38;2;176;209;212m[48;2;180;222;217m▀[0m[38;2;185;224;225m[48;2;169;209;204m▀[0m[38;2;130;158;158m[48;2;143;181;176m▀[0m[38;2;73;101;96m[48;2;75;103;98m▀[0m[38;2;146;191;185m[48;2;184;225;224m▀[0m[38;2;180;219;219m[48;2;175;214;212m▀[0m[38;2;170;209;207m[48;2;169;208;208m▀[0m[38;2;174;213;211m[48;2;168;203;200m▀[0m[38;2;145;178;178m[48;2;135;167;162m▀[0m[38;2;76;93;98m[48;2;200;247;245m▀[0m[38;2;142;181;178m[48;2;186;226;222m▀[0m[38;2;208;255;253m[48;2;0;0;0m▀[0m[38;2;14;19;20m[48;2;147;200;195m▀[0m[38;2;103;142;140m[48;2;244;255;255m▀[0m[38;2;189;204;203m[48;2;7;0;0m▀[0m[38;2;13;7;6m[48;2;53;82;81m▀[0m[38;2;0;0;0m[48;2;95;136;132m▀[0m[38;2;0;0;0m[48;2;113;152;148m▀[0m[38;2;0;0;0m[48;2;247;255;255m▀[0m[38;2;0;46;50m[48;2;48;97;102m▀[0m[38;2;128;25;26m[48;2;0;95;106m▀[0m[38;2;255;0;0m[48;2;255;35;28m▀[0m[38;2;45;35;35m[48;2;255;0;0m▀[0m[38;2;48;122;123m[48;2;0;0;0m▀[0m[38;2;225;255;255m[48;2;9;51;52m▀[0m[38;2;189;247;241m[48;2;209;255;255m▀[0m[38;2;0;0;0m[48;2;241;255;255m▀[0m[38;2;76;98;91m[48;2;56;67;64m▀[0m[38;2;255;255;255m[48;2;82;102;102m▀[0m[38;2;129;154;150m[48;2;217;255;255m▀[0m[38;2;97;122;122m[48;2;161;184;180m▀[0m[38;2;178;213;213m[48;2;179;214;214m▀[0m[38;2;169;211;211m[48;2;174;217;212m▀[0m[38;2;132;164;164m[48;2;173;209;206m▀[0m[38;2;201;248;246m[48;2;201;246;244m▀[0m[38;2;103;122;129m[48;2;145;172;172m▀[0m[38;2;42;59;58m[48;2;29;34;34m▀[0m[38;2;184;215;209m[48;2;169;211;202m▀[0m[38;2;223;255;255m[48;2;148;190;193m▀[0m[38;2;156;189;193m[48;2;187;224;225m▀[0m[38;2;0;0;0m[48;2;0;0;0m▀[0m[38;2;0;0;0m[48;2;111;139;137m▀[0m
[38;2;95;115;117m[48;2;0;0;0m▀[0m[38;2;70;96;95m[48;2;0;0;0m▀[0m[38;2;202;246;236m[48;2;237;255;255m▀[0m[38;2;165;198;201m[48;2;158;191;196m▀[0m[38;2;115;151;151m[48;2;106;141;139m▀[0m[38;2;78;112;108m[48;2;73;101;100m▀[0m[38;2;143;167;162m[48;2;179;212;211m▀[0m[38;2;129;164;154m[48;2;179;214;209m▀[0m[38;2;172;217;212m[48;2;169;208;204m▀[0m[38;2;168;206;200m[48;2;176;219;213m▀[0m[38;2;196;237;236m[48;2;147;179;179m▀[0m[38;2;154;195;191m[48;2;74;95;91m▀[0m[38;2;20;26;29m[48;2;184;231;223m▀[0m[38;2;170;213;208m[48;2;255;255;255m▀[0m[38;2;255;255;255m[48;2;112;124;123m▀[0m[38;2;36;19;20m[48;2;0;0;0m▀[0m[38;2;0;0;0m[48;2;0;8;12m▀[0m[38;2;148;196;193m[48;2;0;0;0m▀[0m[38;2;31;51;51m[48;2;0;0;0m▀[0m[38;2;2;9;7m[48;2;0;0;0m▀[0m[38;2;0;9;9m[48;2;0;0;0m▀[0m[38;2;0;0;0m[48;2;0;0;0m▀[0m[38;2;0;0;0m[48;2;68;90;90m▀[0m[38;2;0;0;0m[48;2;107;225;225m▀[0m[38;2;255;0;0m[48;2;115;0;0m▀[0m[38;2;254;1;0m[48;2;255;0;0m▀[0m[38;2;0;0;0m[48;2;0;0;0m▀[0m[38;2;15;42;42m[48;2;0;0;0m▀[0m[38;2;231;255;255m[48;2;175;231;225m▀[0m[38;2;201;253;248m[48;2;213;255;255m▀[0m[38;2;118;141;137m[48;2;214;254;250m▀[0m[38;2;78;103;109m[48;2;132;167;156m▀[0m[38;2;173;202;200m[48;2;98;125;129m▀[0m[38;2;175;211;203m[48;2;158;190;185m▀[0m[38;2;178;220;217m[48;2;186;225;222m▀[0m[38;2;168;204;200m[48;2;187;224;220m▀[0m[38;2;154;193;190m[48;2;158;193;190m▀[0m[38;2;167;209;203m[48;2;180;223;218m▀[0m[38;2;13;15;15m[48;2;18;24;20m▀[0m[38;2;183;224;215m[48;2;135;172;164m▀[0m[38;2;176;214;208m[48;2;203;248;237m▀[0m[38;2;158;190;190m[48;2;228;255;255m▀[0m[38;2;3;13;10m[48;2;0;2;1m▀[0m[38;2;154;195;193m[48;2;0;0;0m▀[0m
[38;2;0;0;0m[48;2;4;8;14m▀[0m[38;2;7;6;3m[48;2;53;63;58m▀[0m[38;2;247;255;255m[48;2;246;255;255m▀[0m[38;2;157;190;192m[48;2;158;191;190m▀[0m[38;2;106;141;137m[48;2;95;122;115m▀[0m[38;2;70;96;90m[48;2;102;129;124m▀[0m[38;2;200;235;233m[48;2;203;240;236m▀[0m[38;2;174;217;211m[48;2;178;220;215m▀[0m[38;2;169;209;208m[48;2;175;217;211m▀[0m[38;2;161;196;193m[48;2;172;208;204m▀[0m[38;2;123;150;148m[48;2;186;228;224m▀[0m[38;2;193;233;229m[48;2;195;231;226m▀[0m[38;2;230;255;255m[48;2;240;255;255m▀[0m[38;2;198;240;236m[48;2;37;47;46m▀[0m[38;2;0;0;0m[48;2;0;0;0m▀[0m[38;2;0;0;0m[48;2;0;2;3m▀[0m[38;2;0;0;0m[48;2;0;0;0m▀[0m[38;2;0;0;0m[48;2;67;70;70m▀[0m[38;2;0;0;0m[48;2;98;102;103m▀[0m[38;2;0;0;0m[48;2;0;0;0m▀[0m[38;2;0;0;0m[48;2;0;0;0m▀[0m[38;2;0;0;0m[48;2;0;9;15m▀[0m[38;2;36;62;62m[48;2;143;179;179m▀[0m[38;2;255;255;255m[48;2;198;211;208m▀[0m[38;2;183;158;156m[48;2;111;172;174m▀[0m[38;2;255;0;0m[48;2;206;0;0m▀[0m[38;2;0;0;0m[48;2;0;0;0m▀[0m[38;2;0;0;0m[48;2;0;0;0m▀[0m[38;2;56;85;80m[48;2;0;0;0m▀[0m[38;2;254;255;255m[48;2;207;255;255m▀[0m[38;2;191;233;224m[48;2;217;255;255m▀[0m[38;2;200;247;239m[48;2;187;228;224m▀[0m[38;2;151;185;178m[48;2;195;237;236m▀[0m[38;2;111;136;136m[48;2;173;206;208m▀[0m[38;2;163;198;195m[48;2;117;146;146m▀[0m[38;2;190;233;229m[48;2;180;223;223m▀[0m[38;2;169;209;206m[48;2;196;235;231m▀[0m[38;2;203;254;251m[48;2;190;241;234m▀[0m[38;2;6;19;17m[48;2;70;102;100m▀[0m[38;2;45;64;61m[48;2;32;42;42m▀[0m[38;2;195;244;244m[48;2;175;228;220m▀[0m[38;2;254;255;255m[48;2;255;255;255m▀[0m[38;2;0;0;0m[48;2;25;31;32m▀[0m[38;2;0;0;0m[48;2;17;23;24m▀[0m
[38;2;8;13;9m[48;2;12;17;15m▀[0m[38;2;65;78;76m[48;2;87;103;102m▀[0m[38;2;239;255;255m[48;2;242;255;255m▀[0m[38;2;146;181;178m[48;2;108;136;136m▀[0m[38;2;78;100;93m[48;2;84;106;102m▀[0m[38;2;125;151;150m[48;2;187;224;220m▀[0m[38;2;192;230;225m[48;2;111;137;134m▀[0m[38;2;187;233;230m[48;2;175;219;217m▀[0m[38;2;180;220;219m[48;2;172;212;211m▀[0m[38;2;193;236;230m[48;2;146;175;170m▀[0m[38;2;195;237;234m[48;2;164;196;196m▀[0m[38;2;217;255;255m[48;2;190;233;233m▀[0m[38;2;196;247;235m[48;2;154;193;190m▀[0m[38;2;12;18;20m[48;2;43;54;58m▀[0m[38;2;0;0;0m[48;2;0;0;0m▀[0m[38;2;2;10;10m[48;2;2;8;10m▀[0m[38;2;0;0;0m[48;2;0;0;0m▀[0m[38;2;142;143;140m[48;2;14;45;50m▀[0m[38;2;255;255;255m[48;2;108;2;2m▀[0m[38;2;58;92;96m[48;2;211;26;15m▀[0m[38;2;0;0;0m[48;2;255;255;255m▀[0m[38;2;198;220;225m[48;2;255;255;255m▀[0m[38;2;255;255;255m[48;2;255;255;255m▀[0m[38;2;206;0;0m[48;2;255;255;255m▀[0m[38;2;217;123;123m[48;2;255;255;255m▀[0m[38;2;111;117;115m[48;2;253;174;173m▀[0m[38;2;0;0;0m[48;2;0;0;0m▀[0m[38;2;2;0;0m[48;2;78;51;51m▀[0m[38;2;0;0;0m[48;2;26;0;0m▀[0m[38;2;56;108;108m[48;2;0;9;9m▀[0m[38;2;251;255;255m[48;2;212;254;253m▀[0m[38;2;198;239;234m[48;2;211;244;242m▀[0m[38;2;174;218;212m[48;2;190;217;215m▀[0m[38;2;181;226;222m[48;2;137;165;158m▀[0m[38;2;181;223;217m[48;2;86;104;101m▀[0m[38;2;170;204;200m[48;2;62;75;73m▀[0m[38;2;235;255;255m[48;2;70;82;86m▀[0m[38;2;214;255;255m[48;2;185;225;228m▀[0m[38;2;115;148;152m[48;2;170;209;209m▀[0m[38;2;25;34;34m[48;2;1;0;0m▀[0m[38;2;136;178;173m[48;2;92;122;117m▀[0m[38;2;255;255;255m[48;2;252;255;255m▀[0m[38;2;41;47;48m[48;2;48;51;54m▀[0m[38;2;6;17;12m[48;2;0;6;3m▀[0m
[38;2;0;3;4m[48;2;0;0;0m▀[0m[38;2;114;135;131m[48;2;143;172;167m▀[0m[38;2;253;255;255m[48;2;225;255;255m▀[0m[38;2;14;20;17m[48;2;69;87;84m▀[0m[38;2;78;100;96m[48;2;76;98;93m▀[0m[38;2;204;250;250m[48;2;164;201;201m▀[0m[38;2;164;201;201m[48;2;200;251;244m▀[0m[38;2;161;197;193m[48;2;118;154;151m▀[0m[38;2;57;73;75m[48;2;67;91;92m▀[0m[38;2;69;90;90m[48;2;180;224;218m▀[0m[38;2;212;240;237m[48;2;223;255;255m▀[0m[38;2;211;236;236m[48;2;211;255;253m▀[0m[38;2;146;180;183m[48;2;109;141;143m▀[0m[38;2;0;0;0m[48;2;0;0;0m▀[0m[38;2;0;0;0m[48;2;0;0;0m▀[0m[38;2;14;23;23m[48;2;8;17;19m▀[0m[38;2;0;0;0m[48;2;0;0;0m▀[0m[38;2;109;114;114m[48;2;184;141;134m▀[0m[38;2;255;255;255m[48;2;255;255;255m▀[0m[38;2;255;255;255m[48;2;255;255;255m▀[0m[38;2;255;255;255m[48;2;255;255;255m▀[0m[38;2;255;255;255m[48;2;255;255;255m▀[0m[38;2;255;255;255m[48;2;146;150;150m▀[0m[38;2;255;255;255m[48;2;255;255;255m▀[0m[38;2;255;255;255m[48;2;255;255;255m▀[0m[38;2;124;119;123m[48;2;255;255;255m▀[0m[38;2;40;79;79m[48;2;255;255;255m▀[0m[38;2;125;141;141m[48;2;0;0;0m▀[0m[38;2;39;0;0m[48;2;154;0;0m▀[0m[38;2;0;34;32m[48;2;0;21;20m▀[0m[38;2;124;169;168m[48;2;118;183;180m▀[0m[38;2;229;255;255m[48;2;174;233;228m▀[0m[38;2;197;240;239m[48;2;208;255;251m▀[0m[38;2;191;235;234m[48;2;193;237;230m▀[0m[38;2;200;241;237m[48;2;173;220;212m▀[0m[38;2;191;235;230m[48;2;180;219;217m▀[0m[38;2;115;142;136m[48;2;233;255;255m▀[0m[38;2;40;47;46m[48;2;176;222;215m▀[0m[38;2;68;84;84m[48;2;69;82;80m▀[0m[38;2;21;28;23m[48;2;52;71;67m▀[0m[38;2;63;87;87m[48;2;78;102;103m▀[0m[38;2;255;255;255m[48;2;255;255;255m▀[0m[38;2;84;90;90m[48;2;111;122;125m▀[0m[38;2;0;0;0m[48;2;0;0;0m▀[0m
[38;2;0;0;0m[48;2;0;0;0m▀[0m[38;2;176;213;204m[48;2;203;246;242m▀[0m[38;2;197;240;240m[48;2;190;231;230m▀[0m[38;2;106;130;130m[48;2;90;107;107m▀[0m[38;2;64;78;75m[48;2;53;73;69m▀[0m[38;2;215;255;255m[48;2;173;213;207m▀[0m[38;2;181;223;219m[48;2;90;111;111m▀[0m[38;2;134;163;163m[48;2;136;167;170m▀[0m[38;2;200;250;245m[48;2;184;219;212m▀[0m[38;2;204;241;237m[48;2;201;248;240m▀[0m[38;2;226;255;255m[48;2;223;255;255m▀[0m[38;2;157;200;195m[48;2;130;158;157m▀[0m[38;2;120;157;152m[48;2;157;197;196m▀[0m[38;2;0;0;0m[48;2;0;0;0m▀[0m[38;2;0;0;0m[48;2;0;0;0m▀[0m[38;2;24;34;34m[48;2;39;61;58m▀[0m[38;2;0;0;0m[48;2;0;0;0m▀[0m[38;2;0;0;0m[48;2;39;41;42m▀[0m[38;2;255;255;255m[48;2;255;255;255m▀[0m[38;2;255;255;255m[48;2;255;255;255m▀[0m[38;2;255;255;255m[48;2;255;255;255m▀[0m[38;2;0;0;0m[48;2;119;129;132m▀[0m[38;2;0;0;0m[48;2;203;244;237m▀[0m[38;2;3;14;13m[48;2;255;255;255m▀[0m[38;2;255;255;255m[48;2;255;255;255m▀[0m[38;2;255;255;255m[48;2;32;30;34m▀[0m[38;2;0;0;0m[48;2;0;0;0m▀[0m[38;2;0;0;0m[48;2;0;19;25m▀[0m[38;2;255;0;0m[48;2;255;0;0m▀[0m[38;2;35;0;0m[48;2;213;0;0m▀[0m[38;2;92;204;198m[48;2;0;136;140m▀[0m[38;2;150;212;206m[48;2;152;224;220m▀[0m[38;2;197;250;240m[48;2;175;229;223m▀[0m[38;2;202;245;239m[48;2;178;211;213m▀[0m[38;2;196;247;235m[48;2;193;236;230m▀[0m[38;2;170;209;206m[48;2;213;255;255m▀[0m[38;2;185;224;222m[48;2;100;117;119m▀[0m[38;2;236;255;255m[48;2;178;217;218m▀[0m[38;2;209;251;252m[48;2;211;255;255m▀[0m[38;2;65;89;81m[48;2;78;98;90m▀[0m[38;2;84;112;112m[48;2;86;113;112m▀[0m[38;2;255;255;255m[48;2;247;255;255m▀[0m[38;2;134;162;157m[48;2;172;212;206m▀[0m[38;2;0;0;0m[48;2;0;0;0m▀[0m
[38;2;0;0;0m[48;2;0;0;0m▀[0m[38;2;228;255;255m[48;2;237;255;255m▀[0m[38;2;196;237;237m[48;2;181;223;222m▀[0m[38;2;106;115;115m[48;2;104;117;114m▀[0m[38;2;48;59;57m[48;2;80;98;95m▀[0m[38;2;103;131;129m[48;2;201;248;248m▀[0m[38;2;195;226;222m[48;2;215;255;255m▀[0m[38;2;186;230;223m[48;2;203;251;239m▀[0m[38;2;201;237;233m[48;2;218;255;255m▀[0m[38;2;215;255;255m[48;2;174;211;203m▀[0m[38;2;167;208;203m[48;2;161;208;206m▀[0m[38;2;174;219;213m[48;2;131;173;172m▀[0m[38;2;98;119;119m[48;2;17;17;19m▀[0m[38;2;0;0;0m[48;2;0;0;0m▀[0m[38;2;13;19;19m[48;2;43;63;70m▀[0m[38;2;82;114;117m[48;2;108;145;142m▀[0m[38;2;0;0;0m[48;2;0;0;0m▀[0m[38;2;0;0;0m[48;2;0;1;3m▀[0m[38;2;0;0;0m[48;2;0;0;0m▀[0m[38;2;206;206;203m[48;2;0;0;0m▀[0m[38;2;255;255;255m[48;2;20;28;26m▀[0m[38;2;255;255;255m[48;2;123;125;123m▀[0m[38;2;255;255;255m[48;2;220;223;224m▀[0m[38;2;255;255;255m[48;2;163;169;170m▀[0m[38;2;186;190;191m[48;2;214;224;225m▀[0m[38;2;0;0;0m[48;2;0;0;0m▀[0m[38;2;0;34;29m[48;2;0;4;4m▀[0m[38;2;0;54;58m[48;2;0;67;70m▀[0m[38;2;255;0;0m[48;2;148;10;6m▀[0m[38;2;255;0;0m[48;2;255;0;0m▀[0m[38;2;0;2;4m[48;2;90;0;0m▀[0m[38;2;64;142;145m[48;2;0;0;0m▀[0m[38;2;195;255;255m[48;2;61;102;98m▀[0m[38;2;219;255;255m[48;2;255;255;255m▀[0m[38;2;163;200;196m[48;2;214;255;255m▀[0m[38;2;204;250;244m[48;2;165;201;197m▀[0m[38;2;176;217;211m[48;2;215;255;253m▀[0m[38;2;101;136;129m[48;2;200;250;240m▀[0m[38;2;179;226;225m[48;2;189;246;234m▀[0m[38;2;86;115;108m[48;2;93;123;117m▀[0m[38;2;76;97;95m[48;2;85;112;107m▀[0m[38;2;223;255;255m[48;2;208;255;251m▀[0m[38;2;215;255;255m[48;2;236;255;255m▀[0m[38;2;0;0;0m[48;2;0;0;0m▀[0m
[38;2;0;0;0m[48;2;0;0;0m▀[0m[38;2;222;255;255m[48;2;236;255;255m▀[0m[38;2;164;207;203m[48;2;180;225;223m▀[0m[38;2;109;132;125m[48;2;100;131;123m▀[0m[38;2;97;117;117m[48;2;117;139;135m▀[0m[38;2;215;255;255m[48;2;219;255;255m▀[0m[38;2;215;255;255m[48;2;170;208;202m▀[0m[38;2;212;255;255m[48;2;197;247;239m▀[0m[38;2;209;254;247m[48;2;112;137;136m▀[0m[38;2;106;125;122m[48;2;161;200;196m▀[0m[38;2;218;255;255m[48;2;202;255;253m▀[0m[38;2;75;100;104m[48;2;0;0;0m▀[0m[38;2;0;0;0m[48;2;0;0;0m▀[0m[38;2;0;0;0m[48;2;0;0;0m▀[0m[38;2;53;81;82m[48;2;79;98;98m▀[0m[38;2;20;41;37m[48;2;0;0;0m▀[0m[38;2;0;0;0m[48;2;0;0;0m▀[0m[38;2;17;39;41m[48;2;0;0;0m▀[0m[38;2;13;30;32m[48;2;0;0;0m▀[0m[38;2;0;0;0m[48;2;0;0;0m▀[0m[38;2;91;118;123m[48;2;18;34;32m▀[0m[38;2;95;142;153m[48;2;57;76;73m▀[0m[38;2;0;24;40m[48;2;47;84;92m▀[0m[38;2;161;203;208m[48;2;91;118;117m▀[0m[38;2;255;255;255m[48;2;84;106;100m▀[0m[38;2;0;0;0m[48;2;0;0;0m▀[0m[38;2;46;74;75m[48;2;0;0;0m▀[0m[38;2;0;13;18m[48;2;0;0;0m▀[0m[38;2;35;40;41m[48;2;0;0;0m▀[0m[38;2;255;0;0m[48;2;113;17;12m▀[0m[38;2;255;0;0m[48;2;255;0;0m▀[0m[38;2;0;0;0m[48;2;184;0;0m▀[0m[38;2;0;0;0m[48;2;0;0;0m▀[0m[38;2;62;87;89m[48;2;57;93;91m▀[0m[38;2;225;255;255m[48;2;85;111;112m▀[0m[38;2;223;255;255m[48;2;169;196;195m▀[0m[38;2;176;213;206m[48;2;201;248;240m▀[0m[38;2;222;255;255m[48;2;214;255;252m▀[0m[38;2;212;255;252m[48;2;209;255;250m▀[0m[38;2;98;125;124m[48;2;111;132;135m▀[0m[38;2;112;141;134m[48;2;111;142;134m▀[0m[38;2;200;245;239m[48;2;195;239;233m▀[0m[38;2;248;255;255m[48;2;255;255;255m▀[0m[38;2;0;0;0m[48;2;0;0;0m▀[0m
[38;2;1;6;4m[48;2;23;28;26m▀[0m[38;2;237;255;255m[48;2;231;255;255m▀[0m[38;2;180;224;222m[48;2;174;211;207m▀[0m[38;2;100;129;126m[48;2;103;132;128m▀[0m[38;2;103;131;129m[48;2;15;26;26m▀[0m[38;2;169;202;204m[48;2;212;255;251m▀[0m[38;2;183;220;212m[48;2;255;255;255m▀[0m[38;2;255;255;255m[48;2;255;255;255m▀[0m[38;2;80;101;97m[48;2;73;86;86m▀[0m[38;2;142;183;179m[48;2;0;0;0m▀[0m[38;2;29;45;45m[48;2;0;0;0m▀[0m[38;2;0;0;0m[48;2;0;0;0m▀[0m[38;2;0;0;0m[48;2;58;63;63m▀[0m[38;2;208;214;215m[48;2;255;255;255m▀[0m[38;2;255;255;255m[48;2;255;255;255m▀[0m[38;2;81;76;75m[48;2;0;0;0m▀[0m[38;2;0;0;0m[48;2;108;129;130m▀[0m[38;2;128;176;189m[48;2;255;255;255m▀[0m[38;2;255;255;255m[48;2;255;255;255m▀[0m[38;2;255;255;255m[48;2;255;255;255m▀[0m[38;2;255;255;255m[48;2;255;255;255m▀[0m[38;2;255;255;255m[48;2;255;236;229m▀[0m[38;2;0;10;19m[48;2;0;0;0m▀[0m[38;2;191;207;201m[48;2;153;41;25m▀[0m[38;2;255;255;255m[48;2;255;255;255m▀[0m[38;2;255;255;255m[48;2;255;255;255m▀[0m[38;2;255;255;255m[48;2;255;255;255m▀[0m[38;2;53;74;75m[48;2;255;255;255m▀[0m[38;2;0;0;0m[48;2;98;104;107m▀[0m[38;2;52;102;104m[48;2;0;0;0m▀[0m[38;2;255;255;255m[48;2;164;180;180m▀[0m[38;2;255;255;255m[48;2;255;255;255m▀[0m[38;2;74;74;75m[48;2;255;255;255m▀[0m[38;2;0;0;0m[48;2;0;0;0m▀[0m[38;2;181;234;225m[48;2;0;0;0m▀[0m[38;2;135;167;164m[48;2;141;183;176m▀[0m[38;2;103;128;128m[48;2;73;89;87m▀[0m[38;2;252;255;255m[48;2;29;40;37m▀[0m[38;2;255;255;255m[48;2;193;239;231m▀[0m[38;2;151;186;181m[48;2;81;103;97m▀[0m[38;2;93;117;112m[48;2;76;97;89m▀[0m[38;2;184;231;219m[48;2;200;251;246m▀[0m[38;2;255;255;255m[48;2;237;255;255m▀[0m[38;2;0;0;0m[48;2;4;8;9m▀[0m
[38;2;46;51;51m[48;2;70;86;84m▀[0m[38;2;225;255;255m[48;2;209;255;255m▀[0m[38;2;180;223;212m[48;2;184;231;226m▀[0m[38;2;112;137;136m[48;2;129;163;158m▀[0m[38;2;150;186;174m[48;2;170;211;204m▀[0m[38;2;92;115;109m[48;2;103;123;118m▀[0m[38;2;0;0;0m[48;2;64;81;84m▀[0m[38;2;0;0;0m[48;2;0;0;0m▀[0m[38;2;0;0;0m[48;2;0;0;0m▀[0m[38;2;0;0;0m[48;2;0;3;4m▀[0m[38;2;0;0;0m[48;2;0;0;0m▀[0m[38;2;0;0;0m[48;2;109;109;109m▀[0m[38;2;255;255;255m[48;2;255;255;255m▀[0m[38;2;255;255;255m[48;2;148;154;151m▀[0m[38;2;125;134;134m[48;2;224;251;245m▀[0m[38;2;214;220;222m[48;2;255;255;255m▀[0m[38;2;255;255;255m[48;2;255;255;255m▀[0m[38;2;255;255;255m[48;2;255;255;255m▀[0m[38;2;255;134;134m[48;2;255;255;255m▀[0m[38;2;139;64;63m[48;2;255;255;255m▀[0m[38;2;152;0;0m[48;2;255;255;255m▀[0m[38;2;20;0;0m[48;2;255;255;255m▀[0m[38;2;0;0;0m[48;2;25;0;0m▀[0m[38;2;0;0;0m[48;2;226;28;17m▀[0m[38;2;114;0;0m[48;2;255;255;255m▀[0m[38;2;143;95;84m[48;2;255;255;255m▀[0m[38;2;189;204;207m[48;2;255;255;255m▀[0m[38;2;255;255;255m[48;2;255;255;255m▀[0m[38;2;255;255;255m[48;2;255;255;255m▀[0m[38;2;255;255;255m[48;2;255;255;255m▀[0m[38;2;43;48;51m[48;2;255;255;255m▀[0m[38;2;214;217;223m[48;2;126;139;142m▀[0m[38;2;255;255;255m[48;2;255;255;255m▀[0m[38;2;255;255;255m[48;2;255;255;255m▀[0m[38;2;0;0;0m[48;2;0;0;0m▀[0m[38;2;0;0;0m[48;2;0;0;0m▀[0m[38;2;37;50;47m[48;2;0;0;0m▀[0m[38;2;0;0;0m[48;2;0;0;0m▀[0m[38;2;1;6;8m[48;2;17;23;21m▀[0m[38;2;183;228;225m[48;2;255;255;255m▀[0m[38;2;114;151;139m[48;2;125;152;148m▀[0m[38;2;212;255;255m[48;2;215;255;255m▀[0m[38;2;203;254;251m[48;2;233;255;255m▀[0m[38;2;34;43;42m[48;2;32;43;45m▀[0m
[38;2;93;112;108m[48;2;123;146;142m▀[0m[38;2;223;255;255m[48;2;215;255;255m▀[0m[38;2;120;157;153m[48;2;85;117;114m▀[0m[38;2;57;76;73m[48;2;107;130;126m▀[0m[38;2;131;167;163m[48;2;255;255;255m▀[0m[38;2;237;255;255m[48;2;104;139;131m▀[0m[38;2;73;92;92m[48;2;0;0;0m▀[0m[38;2;0;0;0m[48;2;175;217;211m▀[0m[38;2;98;124;125m[48;2;23;29;29m▀[0m[38;2;0;0;0m[48;2;0;0;0m▀[0m[38;2;0;0;0m[48;2;0;0;0m▀[0m[38;2;235;241;241m[48;2;255;255;255m▀[0m[38;2;255;255;255m[48;2;4;8;8m▀[0m[38;2;147;153;147m[48;2;255;255;255m▀[0m[38;2;255;255;255m[48;2;255;255;255m▀[0m[38;2;255;255;255m[48;2;255;255;255m▀[0m[38;2;255;255;255m[48;2;255;255;255m▀[0m[38;2;255;255;255m[48;2;255;255;255m▀[0m[38;2;255;255;255m[48;2;255;255;255m▀[0m[38;2;255;255;255m[48;2;255;255;255m▀[0m[38;2;255;255;255m[48;2;255;255;255m▀[0m[38;2;255;255;255m[48;2;255;255;255m▀[0m[38;2;123;0;0m[48;2;240;0;0m▀[0m[38;2;224;255;255m[48;2;255;255;251m▀[0m[38;2;255;255;255m[48;2;255;255;255m▀[0m[38;2;255;255;255m[48;2;255;255;255m▀[0m[38;2;255;255;255m[48;2;255;255;255m▀[0m[38;2;255;255;255m[48;2;255;255;255m▀[0m[38;2;255;255;255m[48;2;255;255;255m▀[0m[38;2;255;255;255m[48;2;255;255;255m▀[0m[38;2;255;255;255m[48;2;255;255;255m▀[0m[38;2;255;255;255m[48;2;255;255;255m▀[0m[38;2;141;143;143m[48;2;236;236;236m▀[0m[38;2;255;255;255m[48;2;12;17;13m▀[0m[38;2;90;96;95m[48;2;255;255;255m▀[0m[38;2;0;0;0m[48;2;53;73;69m▀[0m[38;2;0;0;0m[48;2;0;0;0m▀[0m[38;2;0;0;0m[48;2;200;240;231m▀[0m[38;2;0;0;0m[48;2;91;104;103m▀[0m[38;2;0;0;0m[48;2;2;3;0m▀[0m[38;2;93;115;112m[48;2;0;0;0m▀[0m[38;2;178;225;217m[48;2;0;0;0m▀[0m[38;2;128;164;153m[48;2;123;152;145m▀[0m[38;2;84;103;101m[48;2;172;212;203m▀[0m
[38;2;148;183;178m[48;2;168;208;202m▀[0m[38;2;180;223;222m[48;2;207;255;248m▀[0m[38;2;53;71;68m[48;2;122;161;157m▀[0m[38;2;112;141;140m[48;2;36;32;36m▀[0m[38;2;236;255;255m[48;2;0;0;0m▀[0m[38;2;0;0;0m[48;2;9;14;14m▀[0m[38;2;26;35;36m[48;2;195;246;239m▀[0m[38;2;18;29;29m[48;2;0;0;0m▀[0m[38;2;0;0;0m[48;2;0;0;0m▀[0m[38;2;0;0;0m[48;2;132;139;140m▀[0m[38;2;253;255;255m[48;2;255;255;255m▀[0m[38;2;126;137;137m[48;2;57;61;63m▀[0m[38;2;0;0;0m[48;2;0;0;0m▀[0m[38;2;255;255;255m[48;2;206;209;209m▀[0m[38;2;255;255;255m[48;2;255;255;255m▀[0m[38;2;255;255;255m[48;2;233;241;241m▀[0m[38;2;215;219;219m[48;2;195;203;203m▀[0m[38;2;209;215;215m[48;2;52;58;58m▀[0m[38;2;142;151;151m[48;2;124;129;125m▀[0m[38;2;119;140;140m[48;2;255;255;255m▀[0m[38;2;255;255;255m[48;2;255;255;255m▀[0m[38;2;255;230;222m[48;2;255;176;163m▀[0m[38;2;255;0;0m[48;2;255;200;195m▀[0m[38;2;255;0;0m[48;2;255;124;125m▀[0m[38;2;255;255;255m[48;2;255;36;29m▀[0m[38;2;184;255;255m[48;2;255;255;255m▀[0m[38;2;80;106;106m[48;2;255;255;255m▀[0m[38;2;152;165;165m[48;2;67;73;75m▀[0m[38;2;219;225;225m[48;2;113;122;124m▀[0m[38;2;255;255;255m[48;2;222;230;231m▀[0m[38;2;255;255;255m[48;2;215;219;219m▀[0m[38;2;255;255;255m[48;2;253;255;255m▀[0m[38;2;206;206;208m[48;2;140;140;140m▀[0m[38;2;0;0;0m[48;2;0;0;0m▀[0m[38;2;195;201;197m[48;2;137;143;143m▀[0m[38;2;147;165;162m[48;2;250;254;250m▀[0m[38;2;0;0;0m[48;2;0;0;0m▀[0m[38;2;68;84;82m[48;2;0;0;0m▀[0m[38;2;255;255;255m[48;2;65;91;87m▀[0m[38;2;224;255;255m[48;2;181;222;220m▀[0m[38;2;53;67;64m[48;2;104;115;119m▀[0m[38;2;2;6;4m[48;2;167;208;203m▀[0m[38;2;130;159;153m[48;2;34;46;40m▀[0m[38;2;73;95;90m[48;2;129;164;156m▀[0m
[38;2;197;255;252m[48;2;73;81;81m▀[0m[38;2;213;255;255m[48;2;161;208;203m▀[0m[38;2;198;247;247m[48;2;187;241;235m▀[0m[38;2;6;1;7m[48;2;0;0;0m▀[0m[38;2;0;0;0m[48;2;173;217;207m▀[0m[38;2;255;255;255m[48;2;250;255;255m▀[0m[38;2;117;143;142m[48;2;52;69;68m▀[0m[38;2;0;0;0m[48;2;0;4;0m▀[0m[38;2;0;0;0m[48;2;165;165;167m▀[0m[38;2;255;255;255m[48;2;255;255;255m▀[0m[38;2;244;250;245m[48;2;250;255;250m▀[0m[38;2;107;112;108m[48;2;181;192;190m▀[0m[38;2;59;68;68m[48;2;113;117;117m▀[0m[38;2;200;209;208m[48;2;32;32;35m▀[0m[38;2;142;147;147m[48;2;0;0;0m▀[0m[38;2;122;128;124m[48;2;0;0;0m▀[0m[38;2;0;0;0m[48;2;167;170;170m▀[0m[38;2;137;143;143m[48;2;255;255;255m▀[0m[38;2;255;255;255m[48;2;228;233;231m▀[0m[38;2;255;255;255m[48;2;255;255;255m▀[0m[38;2;255;255;255m[48;2;255;255;255m▀[0m[38;2;255;255;255m[48;2;255;255;255m▀[0m[38;2;255;255;255m[48;2;255;255;255m▀[0m[38;2;255;255;255m[48;2;255;255;255m▀[0m[38;2;255;228;223m[48;2;255;255;255m▀[0m[38;2;255;255;255m[48;2;255;255;255m▀[0m[38;2;255;255;255m[48;2;235;255;255m▀[0m[38;2;255;255;255m[48;2;255;255;255m▀[0m[38;2;0;0;0m[48;2;255;255;255m▀[0m[38;2;47;51;50m[48;2;0;0;0m▀[0m[38;2;220;223;223m[48;2;0;0;0m▀[0m[38;2;169;169;169m[48;2;0;0;0m▀[0m[38;2;178;184;189m[48;2;142;147;150m▀[0m[38;2;0;0;0m[48;2;114;123;129m▀[0m[38;2;142;153;151m[48;2;223;236;234m▀[0m[38;2;255;255;255m[48;2;255;255;255m▀[0m[38;2;71;75;71m[48;2;183;187;183m▀[0m[38;2;0;0;0m[48;2;0;0;0m▀[0m[38;2;0;0;0m[48;2;0;0;0m▀[0m[38;2;78;106;104m[48;2;73;101;96m▀[0m[38;2;197;247;240m[48;2;173;220;212m▀[0m[38;2;85;112;111m[48;2;37;50;47m▀[0m[38;2;19;30;25m[48;2;202;255;251m▀[0m[38;2;215;255;255m[48;2;118;139;135m▀[0m
[38;2;128;102;111m[48;2;255;255;255m▀[0m[38;2;128;141;139m[48;2;35;41;41m▀[0m[38;2;129;174;172m[48;2;119;161;157m▀[0m[38;2;0;0;0m[48;2;48;62;59m▀[0m[38;2;251;255;255m[48;2;180;234;223m▀[0m[38;2;139;170;165m[48;2;52;89;84m▀[0m[38;2;0;2;0m[48;2;0;0;0m▀[0m[38;2;185;208;201m[48;2;248;255;255m▀[0m[38;2;236;239;241m[48;2;245;252;251m▀[0m[38;2;211;215;217m[48;2;231;231;233m▀[0m[38;2;209;219;218m[48;2;253;255;255m▀[0m[38;2;255;255;255m[48;2;190;196;196m▀[0m[38;2;134;136;139m[48;2;0;0;0m▀[0m[38;2;0;0;0m[48;2;0;0;0m▀[0m[38;2;0;0;0m[48;2;0;0;0m▀[0m[38;2;163;175;174m[48;2;189;196;195m▀[0m[38;2;255;255;255m[48;2;255;255;255m▀[0m[38;2;255;255;255m[48;2;255;255;255m▀[0m[38;2;174;183;185m[48;2;191;203;203m▀[0m[38;2;255;255;255m[48;2;255;255;255m▀[0m[38;2;255;255;255m[48;2;255;255;255m▀[0m[38;2;255;255;255m[48;2;255;255;255m▀[0m[38;2;255;217;212m[48;2;255;163;154m▀[0m[38;2;255;255;255m[48;2;255;163;154m▀[0m[38;2;255;255;255m[48;2;255;0;0m▀[0m[38;2;255;255;255m[48;2;255;255;255m▀[0m[38;2;255;255;255m[48;2;255;255;255m▀[0m[38;2;255;255;255m[48;2;228;250;251m▀[0m[38;2;255;255;255m[48;2;255;255;255m▀[0m[38;2;242;248;248m[48;2;255;255;255m▀[0m[38;2;14;13;13m[48;2;42;45;42m▀[0m[38;2;0;0;0m[48;2;0;0;0m▀[0m[38;2;18;21;20m[48;2;0;0;0m▀[0m[38;2;255;255;255m[48;2;151;157;157m▀[0m[38;2;248;255;255m[48;2;255;255;255m▀[0m[38;2;226;236;234m[48;2;237;242;244m▀[0m[38;2;235;246;246m[48;2;255;255;255m▀[0m[38;2;65;71;71m[48;2;209;212;212m▀[0m[38;2;31;65;58m[48;2;36;57;53m▀[0m[38;2;0;9;9m[48;2;75;111;106m▀[0m[38;2;189;233;230m[48;2;195;253;247m▀[0m[38;2;137;183;180m[48;2;92;131;131m▀[0m[38;2;143;167;165m[48;2;17;30;30m▀[0m[38;2;156;131;137m[48;2;255;255;255m▀[0m
[38;2;255;255;255m[48;2;170;165;164m▀[0m[38;2;0;0;0m[48;2;0;0;0m▀[0m[38;2;75;112;108m[48;2;57;93;90m▀[0m[38;2;181;226;217m[48;2;136;178;173m▀[0m[38;2;135;189;179m[48;2;128;135;130m▀[0m[38;2;57;78;75m[48;2;255;255;255m▀[0m[38;2;202;201;202m[48;2;255;255;255m▀[0m[38;2;240;247;245m[48;2;186;191;191m▀[0m[38;2;230;236;237m[48;2;235;245;242m▀[0m[38;2;255;255;255m[48;2;192;202;197m▀[0m[38;2;164;167;169m[48;2;0;0;0m▀[0m[38;2;0;0;0m[48;2;0;0;0m▀[0m[38;2;0;0;0m[48;2;3;17;14m▀[0m[38;2;0;0;0m[48;2;0;0;0m▀[0m[38;2;0;0;0m[48;2;0;0;0m▀[0m[38;2;57;62;62m[48;2;0;0;0m▀[0m[38;2;255;255;255m[48;2;204;209;212m▀[0m[38;2;255;255;255m[48;2;255;255;255m▀[0m[38;2;204;218;215m[48;2;220;233;229m▀[0m[38;2;255;255;255m[48;2;255;255;255m▀[0m[38;2;255;255;255m[48;2;255;255;255m▀[0m[38;2;255;255;255m[48;2;255;0;0m▀[0m[38;2;255;0;0m[48;2;247;0;0m▀[0m[38;2;255;0;0m[48;2;239;0;0m▀[0m[38;2;255;47;41m[48;2;255;0;0m▀[0m[38;2;255;187;184m[48;2;255;78;69m▀[0m[38;2;211;255;255m[48;2;255;141;135m▀[0m[38;2;255;255;255m[48;2;255;255;255m▀[0m[38;2;255;255;255m[48;2;255;255;255m▀[0m[38;2;217;230;229m[48;2;132;139;137m▀[0m[38;2;0;0;0m[48;2;0;0;0m▀[0m[38;2;0;0;0m[48;2;135;184;184m▀[0m[38;2;0;0;0m[48;2;6;18;24m▀[0m[38;2;0;0;0m[48;2;0;0;0m▀[0m[38;2;201;204;203m[48;2;0;0;0m▀[0m[38;2;255;255;255m[48;2;230;234;235m▀[0m[38;2;231;234;237m[48;2;219;222;225m▀[0m[38;2;239;247;253m[48;2;169;179;179m▀[0m[38;2;189;189;189m[48;2;255;255;255m▀[0m[38;2;85;106;106m[48;2;255;255;255m▀[0m[38;2;175;233;224m[48;2;86;97;97m▀[0m[38;2;87;130;124m[48;2;75;117;111m▀[0m[38;2;0;0;0m[48;2;0;0;0m▀[0m[38;2;229;228;220m[48;2;112;106;101m▀[0m
