[38;2;7;10;10m[48;2;15;19;16m▀[0m[38;2;0;0;0m[48;2;0;0;0m▀[0m[38;2;100;119;117m[48;2;106;125;124m▀[0m[38;2;146;187;185m[48;2;145;178;177m▀[0m[38;2;59;72;75m[48;2;80;96;100m▀[0m[38;2;25;36;36m[48;2;44;60;57m▀[0m[38;2;34;45;45m[48;2;104;134;130m▀[0m[38;2;139;171;171m[48;2;136;166;165m▀[0m[38;2;107;131;131m[48;2;108;133;132m▀[0m[38;2;85;105;106m[48;2;117;143;141m▀[0m[38;2;95;116;115m[48;2;137;167;166m▀[0m[38;2;136;168;164m[48;2;129;160;161m▀[0m[38;2;130;154;157m[48;2;39;47;50m▀[0m[38;2;31;35;36m[48;2;28;40;37m▀[0m[38;2;25;33;33m[48;2;126;158;158m▀[0m[38;2;144;187;183m[48;2;51;65;63m▀[0m[38;2;144;175;171m[48;2;171;213;209m▀[0m[38;2;66;86;86m[48;2;164;191;186m▀[0m[38;2;0;0;0m[48;2;72;88;86m▀[0m[38;2;108;0;0m[48;2;23;46;48m▀[0m[38;2;166;43;41m[48;2;92;144;145m▀[0m[38;2;157;19;16m[48;2;6;47;47m▀[0m[38;2;229;22;15m[48;2;87;36;40m▀[0m[38;2;45;0;0m[48;2;116;170;170m▀[0m[38;2;0;0;0m[48;2;83;159;159m▀[0m[38;2;0;0;0m[48;2;158;216;215m▀[0m[38;2;110;140;137m[48;2;175;229;223m▀[0m[38;2;149;182;179m[48;2;56;69;72m▀[0m[38;2;111;142;141m[48;2;35;44;45m▀[0m[38;2;0;0;0m[48;2;151;183;181m▀[0m[38;2;25;34;35m[48;2;22;24;25m▀[0m[38;2;124;153;151m[48;2;60;75;73m▀[0m[38;2;138;167;165m[48;2;131;161;160m▀[0m[38;2;122;146;148m[48;2;126;152;154m▀[0m[38;2;114;137;137m[48;2;126;151;153m▀[0m[38;2;131;162;157m[48;2;126;155;152m▀[0m[38;2;110;136;135m[48;2;153;185;184m▀[0m[38;2;0;1;0m[48;2;56;70;72m▀[0m[38;2;9;22;18m[48;2;20;35;33m▀[0m[38;2;81;90;86m[48;2;120;140;134m▀[0m[38;2;159;195;194m[48;2;162;205;201m▀[0m[38;2;56;72;71m[48;2;72;93;94m▀[0m[38;2;0;0;0m[48;2;0;0;0m▀[0m[38;2;20;25;25m[48;2;6;5;5m▀[0m
[38;2;15;21;21m[48;2;77;96;93m▀[0m[38;2;0;0;0m[48;2;4;7;11m▀[0m[38;2;130;154;156m[48;2;133;163;160m▀[0m[38;2;136;165;166m[48;2;125;154;151m▀[0m[38;2;96;117;117m[48;2;106;134;130m▀[0m[38;2;54;74;71m[48;2;55;76;72m▀[0m[38;2;108;141;136m[48;2;135;166;165m▀[0m[38;2;133;162;162m[48;2;129;158;156m▀[0m[38;2;126;154;153m[48;2;125;153;153m▀[0m[38;2;128;157;155m[48;2;124;150;147m▀[0m[38;2;107;131;131m[48;2;99;123;119m▀[0m[38;2;56;69;72m[48;2;147;182;180m▀[0m[38;2;105;134;131m[48;2;137;167;163m▀[0m[38;2;153;193;187m[48;2;0;0;0m▀[0m[38;2;10;14;15m[48;2;108;147;144m▀[0m[38;2;76;105;103m[48;2;180;209;205m▀[0m[38;2;139;151;150m[48;2;5;0;0m▀[0m[38;2;9;5;4m[48;2;39;61;60m▀[0m[38;2;0;0;0m[48;2;70;100;98m▀[0m[38;2;0;0;0m[48;2;83;112;109m▀[0m[38;2;0;0;0m[48;2;182;229;229m▀[0m[38;2;0;34;36m[48;2;36;72;75m▀[0m[38;2;94;18;19m[48;2;0;70;78m▀[0m[38;2;229;0;0m[48;2;196;26;20m▀[0m[38;2;33;26;26m[48;2;229;0;0m▀[0m[38;2;36;90;90m[48;2;0;0;0m▀[0m[38;2;166;221;218m[48;2;7;37;38m▀[0m[38;2;139;182;178m[48;2;154;203;201m▀[0m[38;2;0;0;0m[48;2;178;221;216m▀[0m[38;2;56;72;67m[48;2;41;49;47m▀[0m[38;2;196;229;229m[48;2;61;75;75m▀[0m[38;2;95;114;110m[48;2;160;193;193m▀[0m[38;2;72;90;90m[48;2;118;135;133m▀[0m[38;2;131;157;157m[48;2;132;158;158m▀[0m[38;2;125;155;155m[48;2;128;160;156m▀[0m[38;2;98;121;121m[48;2;127;154;152m▀[0m[38;2;148;183;181m[48;2;148;181;180m▀[0m[38;2;76;90;95m[48;2;107;126;126m▀[0m[38;2;31;44;43m[48;2;21;25;25m▀[0m[38;2;135;159;154m[48;2;125;155;149m▀[0m[38;2;164;198;197m[48;2;109;140;143m▀[0m[38;2;115;139;143m[48;2;138;165;166m▀[0m[38;2;0;0;0m[48;2;0;0;0m▀[0m[38;2;0;0;0m[48;2;81;102;101m▀[0m
[38;2;70;85;86m[48;2;0;0;0m▀[0m[38;2;52;71;70m[48;2;0;0;0m▀[0m[38;2;149;181;174m[48;2;175;210;206m▀[0m[38;2;122;146;148m[48;2;117;141;144m▀[0m[38;2;85;111;111m[48;2;78;104;102m▀[0m[38;2;57;82;80m[48;2;54;74;73m▀[0m[38;2;106;123;119m[48;2;132;156;155m▀[0m[38;2;95;121;114m[48;2;132;158;154m▀[0m[38;2;126;160;156m[48;2;125;153;151m▀[0m[38;2;124;152;147m[48;2;130;162;157m▀[0m[38;2;144;175;174m[48;2;108;132;132m▀[0m[38;2;114;144;141m[48;2;54;70;67m▀[0m[38;2;15;19;21m[48;2;135;171;164m▀[0m[38;2;126;157;153m[48;2;193;229;229m▀[0m[38;2;202;229;229m[48;2;82;91;90m▀[0m[38;2;27;14;15m[48;2;0;0;0m▀[0m[38;2;0;0;0m[48;2;0;6;9m▀[0m[38;2;109;144;143m[48;2;0;0;0m▀[0m[38;2;23;37;37m[48;2;0;0;0m▀[0m[38;2;1;7;5m[48;2;0;0;0m▀[0m[38;2;0;7;7m[48;2;0;0;0m▀[0m[38;2;0;0;0m[48;2;0;0;0m▀[0m[38;2;0;0;0m[48;2;50;66;66m▀[0m[38;2;0;0;0m[48;2;79;166;166m▀[0m[38;2;229;0;0m[48;2;85;0;0m▀[0m[38;2;188;0;0m[48;2;229;0;0m▀[0m[38;2;0;0;0m[48;2;0;0;0m▀[0m[38;2;11;31;31m[48;2;0;0;0m▀[0m[38;2;171;217;216m[48;2;129;171;166m▀[0m[38;2;148;187;183m[48;2;157;195;189m▀[0m[38;2;87;104;101m[48;2;158;188;184m▀[0m[38;2;57;76;81m[48;2;98;123;115m▀[0m[38;2;127;149;147m[48;2;72;92;95m▀[0m[38;2;129;155;150m[48;2;117;140;136m▀[0m[38;2;131;162;160m[48;2;137;166;163m▀[0m[38;2;124;151;147m[48;2;138;165;162m▀[0m[38;2;114;143;140m[48;2;117;143;140m▀[0m[38;2;123;154;150m[48;2;133;164;161m▀[0m[38;2;9;11;11m[48;2;13;18;15m▀[0m[38;2;135;165;159m[48;2;99;126;121m▀[0m[38;2;130;158;153m[48;2;150;183;175m▀[0m[38;2;117;140;140m[48;2;168;207;199m▀[0m[38;2;2;9;8m[48;2;0;1;0m▀[0m[38;2;114;144;143m[48;2;0;0;0m▀[0m
[38;2;0;0;0m[48;2;3;6;10m▀[0m[38;2;5;4;2m[48;2;39;46;43m▀[0m[38;2;182;222;217m[48;2;181;224;220m▀[0m[38;2;116;140;142m[48;2;117;141;140m▀[0m[38;2;78;104;101m[48;2;70;90;85m▀[0m[38;2;52;71;66m[48;2;75;95;91m▀[0m[38;2;147;173;171m[48;2;150;177;174m▀[0m[38;2;128;160;155m[48;2;131;162;159m▀[0m[38;2;125;154;153m[48;2;129;160;155m▀[0m[38;2;118;144;143m[48;2;126;153;151m▀[0m[38;2;90;110;109m[48;2;137;168;165m▀[0m[38;2;143;171;169m[48;2;144;171;167m▀[0m[38;2;170;205;198m[48;2;177;221;210m▀[0m[38;2;146;177;174m[48;2;27;35;34m▀[0m[38;2;0;0;0m[48;2;0;0;0m▀[0m[38;2;0;0;0m[48;2;0;1;2m▀[0m[38;2;0;0;0m[48;2;0;0;0m▀[0m[38;2;0;0;0m[48;2;49;52;52m▀[0m[38;2;0;0;0m[48;2;72;75;76m▀[0m[38;2;0;0;0m[48;2;0;0;0m▀[0m[38;2;0;0;0m[48;2;0;0;0m▀[0m[38;2;0;0;0m[48;2;0;7;11m▀[0m[38;2;27;45;45m[48;2;106;132;132m▀[0m[38;2;229;229;229m[48;2;146;155;153m▀[0m[38;2;135;117;115m[48;2;81;126;128m▀[0m[38;2;229;0;0m[48;2;152;0;0m▀[0m[38;2;0;0;0m[48;2;0;0;0m▀[0m[38;2;0;0;0m[48;2;0;0;0m▀[0m[38;2;41;63;59m[48;2;0;0;0m▀[0m[38;2;188;229;221m[48;2;153;206;198m▀[0m[38;2;141;171;165m[48;2;160;193;189m▀[0m[38;2;147;182;176m[48;2;138;168;165m▀[0m[38;2;111;136;131m[48;2;144;175;174m▀[0m[38;2;81;100;100m[48;2;127;152;153m▀[0m[38;2;120;146;144m[48;2;86;108;108m▀[0m[38;2;140;171;169m[48;2;133;164;164m▀[0m[38;2;125;154;152m[48;2;144;173;171m▀[0m[38;2;150;188;185m[48;2;140;178;172m▀[0m[38;2;4;14;12m[48;2;52;75;73m▀[0m[38;2;33;47;45m[48;2;24;31;31m▀[0m[38;2;144;180;180m[48;2;129;168;162m▀[0m[38;2;188;227;223m[48;2;190;229;229m▀[0m[38;2;0;0;0m[48;2;18;23;24m▀[0m[38;2;0;0;0m[48;2;12;17;18m▀[0m
[38;2;6;9;7m[48;2;9;12;11m▀[0m[38;2;48;57;56m[48;2;64;76;75m▀[0m[38;2;176;217;215m[48;2;179;220;216m▀[0m[38;2;108;134;131m[48;2;80;100;100m▀[0m[38;2;57;73;69m[48;2;62;78;75m▀[0m[38;2;92;111;110m[48;2;138;165;162m▀[0m[38;2;142;170;166m[48;2;81;101;99m▀[0m[38;2;138;171;170m[48;2;129;162;160m▀[0m[38;2;133;162;162m[48;2;126;156;155m▀[0m[38;2;143;174;170m[48;2;108;129;126m▀[0m[38;2;144;175;172m[48;2;121;144;144m▀[0m[38;2;160;198;196m[48;2;140;171;171m▀[0m[38;2;144;182;173m[48;2;114;143;140m▀[0m[38;2;9;13;15m[48;2;32;40;43m▀[0m[38;2;0;0;0m[48;2;0;0;0m▀[0m[38;2;1;8;8m[48;2;1;6;8m▀[0m[38;2;0;0;0m[48;2;0;0;0m▀[0m[38;2;105;106;103m[48;2;10;33;36m▀[0m[38;2;226;229;229m[48;2;80;1;1m▀[0m[38;2;43;68;71m[48;2;155;19;11m▀[0m[38;2;0;0;0m[48;2;229;229;229m▀[0m[38;2;146;162;166m[48;2;229;229;229m▀[0m[38;2;229;229;229m[48;2;229;229;229m▀[0m[38;2;152;0;0m[48;2;229;229;229m▀[0m[38;2;160;90;90m[48;2;229;229;229m▀[0m[38;2;81;86;85m[48;2;187;128;127m▀[0m[38;2;0;0;0m[48;2;0;0;0m▀[0m[38;2;1;0;0m[48;2;57;37;37m▀[0m[38;2;0;0;0m[48;2;19;0;0m▀[0m[38;2;41;80;80m[48;2;0;7;7m▀[0m[38;2;185;226;219m[48;2;156;188;187m▀[0m[38;2;146;176;172m[48;2;155;180;179m▀[0m[38;2;128;161;156m[48;2;140;160;159m▀[0m[38;2;134;167;163m[48;2;101;122;117m▀[0m[38;2;134;164;160m[48;2;63;77;74m▀[0m[38;2;126;151;147m[48;2;45;55;54m▀[0m[38;2;173;211;206m[48;2;52;61;63m▀[0m[38;2;158;195;191m[48;2;136;166;168m▀[0m[38;2;85;109;112m[48;2;126;154;154m▀[0m[38;2;18;25;25m[48;2;0;0;0m▀[0m[38;2;100;131;127m[48;2;68;90;86m▀[0m[38;2;190;229;227m[48;2;186;224;221m▀[0m[38;2;30;35;36m[48;2;36;37;40m▀[0m[38;2;4;12;9m[48;2;0;4;2m▀[0m
[38;2;0;2;3m[48;2;0;0;0m▀[0m[38;2;84;99;97m[48;2;106;126;123m▀[0m[38;2;187;227;225m[48;2;166;204;201m▀[0m[38;2;10;15;12m[48;2;51;64;62m▀[0m[38;2;57;73;71m[48;2;56;72;69m▀[0m[38;2;151;184;184m[48;2;121;148;148m▀[0m[38;2;121;148;148m[48;2;147;185;180m▀[0m[38;2;118;145;143m[48;2;87;114;111m▀[0m[38;2;42;54;55m[48;2;49;67;68m▀[0m[38;2;51;66;66m[48;2;133;165;161m▀[0m[38;2;156;177;175m[48;2;164;203;195m▀[0m[38;2;155;174;174m[48;2;155;193;187m▀[0m[38;2;108;133;135m[48;2;81;104;106m▀[0m[38;2;0;0;0m[48;2;0;0;0m▀[0m[38;2;0;0;0m[48;2;0;0;0m▀[0m[38;2;10;17;17m[48;2;6;12;14m▀[0m[38;2;0;0;0m[48;2;0;0;0m▀[0m[38;2;81;84;84m[48;2;135;104;99m▀[0m[38;2;229;229;229m[48;2;229;229;229m▀[0m[38;2;229;229;229m[48;2;229;229;229m▀[0m[38;2;229;229;229m[48;2;229;229;229m▀[0m[38;2;229;229;229m[48;2;213;215;216m▀[0m[38;2;229;229;229m[48;2;108;110;110m▀[0m[38;2;229;229;229m[48;2;229;229;229m▀[0m[38;2;229;229;229m[48;2;229;229;229m▀[0m[38;2;91;88;90m[48;2;227;229;229m▀[0m[38;2;29;58;58m[48;2;204;224;224m▀[0m[38;2;92;104;104m[48;2;0;0;0m▀[0m[38;2;28;0;0m[48;2;114;0;0m▀[0m[38;2;0;25;24m[48;2;0;16;15m▀[0m[38;2;91;125;124m[48;2;87;135;133m▀[0m[38;2;169;212;207m[48;2;128;171;168m▀[0m[38;2;145;177;176m[48;2;153;192;185m▀[0m[38;2;141;173;172m[48;2;143;175;170m▀[0m[38;2;147;178;175m[48;2;127;162;156m▀[0m[38;2;141;173;170m[48;2;133;162;160m▀[0m[38;2;85;105;100m[48;2;171;213;205m▀[0m[38;2;29;35;34m[48;2;130;163;159m▀[0m[38;2;50;62;62m[48;2;51;61;59m▀[0m[38;2;16;20;17m[48;2;38;53;49m▀[0m[38;2;46;64;64m[48;2;57;75;76m▀[0m[38;2;229;229;229m[48;2;219;229;229m▀[0m[38;2;62;66;66m[48;2;81;90;92m▀[0m[38;2;0;0;0m[48;2;0;0;0m▀[0m
[38;2;0;0;0m[48;2;0;0;0m▀[0m[38;2;130;157;151m[48;2;150;181;179m▀[0m[38;2;145;177;177m[48;2;140;171;170m▀[0m[38;2;78;96;96m[48;2;66;79;79m▀[0m[38;2;47;57;55m[48;2;39;54;51m▀[0m[38;2;159;197;191m[48;2;127;157;153m▀[0m[38;2;134;164;162m[48;2;66;81;81m▀[0m[38;2;99;120;120m[48;2;100;123;126m▀[0m[38;2;147;184;180m[48;2;135;162;156m▀[0m[38;2;151;178;175m[48;2;148;183;177m▀[0m[38;2;167;198;193m[48;2;164;201;198m▀[0m[38;2;116;147;144m[48;2;96;117;116m▀[0m[38;2;89;116;112m[48;2;116;145;144m▀[0m[38;2;0;0;0m[48;2;0;0;0m▀[0m[38;2;0;0;0m[48;2;0;0;0m▀[0m[38;2;18;25;25m[48;2;28;45;43m▀[0m[38;2;0;0;0m[48;2;0;0;0m▀[0m[38;2;0;0;0m[48;2;28;30;31m▀[0m[38;2;229;229;229m[48;2;229;229;229m▀[0m[38;2;229;229;229m[48;2;229;229;229m▀[0m[38;2;229;229;229m[48;2;229;229;229m▀[0m[38;2;0;0;0m[48;2;88;95;98m▀[0m[38;2;0;0;0m[48;2;150;180;175m▀[0m[38;2;2;10;9m[48;2;229;229;229m▀[0m[38;2;229;229;229m[48;2;229;229;229m▀[0m[38;2;229;229;229m[48;2;24;22;25m▀[0m[38;2;0;0;0m[48;2;0;0;0m▀[0m[38;2;0;0;0m[48;2;0;14;18m▀[0m[38;2;219;0;0m[48;2;229;0;0m▀[0m[38;2;26;0;0m[48;2;157;0;0m▀[0m[38;2;68;151;146m[48;2;0;100;103m▀[0m[38;2;110;156;152m[48;2;112;165;162m▀[0m[38;2;145;184;177m[48;2;129;169;164m▀[0m[38;2;149;180;176m[48;2;131;155;157m▀[0m[38;2;144;182;173m[48;2;143;174;170m▀[0m[38;2;126;154;152m[48;2;157;196;189m▀[0m[38;2;136;165;163m[48;2;73;86;88m▀[0m[38;2;174;207;206m[48;2;131;160;161m▀[0m[38;2;154;185;186m[48;2;155;190;189m▀[0m[38;2;48;65;60m[48;2;57;72;66m▀[0m[38;2;62;82;82m[48;2;63;83;82m▀[0m[38;2;202;229;229m[48;2;182;228;221m▀[0m[38;2;99;119;116m[48;2;126;156;152m▀[0m[38;2;0;0;0m[48;2;0;0;0m▀[0m
[38;2;0;0;0m[48;2;0;0;0m▀[0m[38;2;168;200;199m[48;2;175;207;207m▀[0m[38;2;144;175;175m[48;2;134;164;163m▀[0m[38;2;78;85;85m[48;2;77;86;84m▀[0m[38;2;36;44;42m[48;2;59;72;70m▀[0m[38;2;76;97;95m[48;2;148;183;183m▀[0m[38;2;144;167;163m[48;2;159;197;190m▀[0m[38;2;137;170;164m[48;2;150;185;176m▀[0m[38;2;148;175;171m[48;2;161;194;189m▀[0m[38;2;159;197;191m[48;2;128;155;150m▀[0m[38;2;123;153;150m[48;2;118;153;152m▀[0m[38;2;128;162;157m[48;2;97;127;126m▀[0m[38;2;72;88;88m[48;2;12;12;14m▀[0m[38;2;0;0;0m[48;2;0;0;0m▀[0m[38;2;9;14;14m[48;2;32;46;52m▀[0m[38;2;61;84;86m[48;2;80;107;105m▀[0m[38;2;0;0;0m[48;2;0;0;0m▀[0m[38;2;0;0;0m[48;2;0;0;2m▀[0m[38;2;0;0;0m[48;2;0;0;0m▀[0m[38;2;152;152;150m[48;2;0;0;0m▀[0m[38;2;229;229;229m[48;2;15;20;19m▀[0m[38;2;229;229;229m[48;2;90;92;90m▀[0m[38;2;229;229;229m[48;2;162;164;165m▀[0m[38;2;229;229;229m[48;2;120;125;126m▀[0m[38;2;137;140;141m[48;2;158;165;166m▀[0m[38;2;0;0;0m[48;2;0;0;0m▀[0m[38;2;0;25;21m[48;2;0;3;3m▀[0m[38;2;0;40;43m[48;2;0;49;52m▀[0m[38;2;189;0;0m[48;2;109;8;4m▀[0m[38;2;229;0;0m[48;2;229;0;0m▀[0m[38;2;0;1;3m[48;2;66;0;0m▀[0m[38;2;47;105;107m[48;2;0;0;0m▀[0m[38;2;144;199;192m[48;2;45;75;72m▀[0m[38;2;162;200;195m[48;2;199;229;229m▀[0m[38;2;120;147;144m[48;2;158;195;189m▀[0m[38;2;151;184;180m[48;2;122;148;145m▀[0m[38;2;130;160;155m[48;2;159;194;187m▀[0m[38;2;74;100;95m[48;2;147;184;177m▀[0m[38;2;132;167;166m[48;2;139;181;172m▀[0m[38;2;63;85;80m[48;2;69;90;86m▀[0m[38;2;56;72;70m[48;2;63;82;79m▀[0m[38;2;164;204;199m[48;2;153;191;185m▀[0m[38;2;159;194;189m[48;2;174;213;207m▀[0m[38;2;0;0;0m[48;2;0;0;0m▀[0m
[38;2;0;0;0m[48;2;0;0;0m▀[0m[38;2;163;197;198m[48;2;174;216;215m▀[0m[38;2;121;153;150m[48;2;133;166;164m▀[0m[38;2;81;98;92m[48;2;73;97;90m▀[0m[38;2;72;86;86m[48;2;86;102;99m▀[0m[38;2;159;197;194m[48;2;162;197;196m▀[0m[38;2;159;196;192m[48;2;126;153;149m▀[0m[38;2;156;196;189m[48;2;145;182;176m▀[0m[38;2;154;188;182m[48;2;82;101;100m▀[0m[38;2;78;92;90m[48;2;118;147;144m▀[0m[38;2;161;203;199m[48;2;149;190;187m▀[0m[38;2;55;73;77m[48;2;0;0;0m▀[0m[38;2;0;0;0m[48;2;0;0;0m▀[0m[38;2;0;0;0m[48;2;0;0;0m▀[0m[38;2;39;60;61m[48;2;58;72;72m▀[0m[38;2;15;30;27m[48;2;0;0;0m▀[0m[38;2;0;0;0m[48;2;0;0;0m▀[0m[38;2;12;28;30m[48;2;0;0;0m▀[0m[38;2;9;22;24m[48;2;0;0;0m▀[0m[38;2;0;0;0m[48;2;0;0;0m▀[0m[38;2;67;87;90m[48;2;13;25;24m▀[0m[38;2;70;105;113m[48;2;42;56;54m▀[0m[38;2;0;18;29m[48;2;35;62;68m▀[0m[38;2;118;150;153m[48;2;67;87;86m▀[0m[38;2;193;204;210m[48;2;62;78;73m▀[0m[38;2;0;0;0m[48;2;0;0;0m▀[0m[38;2;34;54;55m[48;2;0;0;0m▀[0m[38;2;0;9;13m[48;2;0;0;0m▀[0m[38;2;26;29;30m[48;2;0;0;0m▀[0m[38;2;229;0;0m[48;2;83;12;9m▀[0m[38;2;229;0;0m[48;2;229;0;0m▀[0m[38;2;0;0;0m[48;2;135;0;0m▀[0m[38;2;0;0;0m[48;2;0;0;0m▀[0m[38;2;45;64;65m[48;2;42;69;67m▀[0m[38;2;166;204;198m[48;2;63;81;82m▀[0m[38;2;164;201;196m[48;2;125;144;144m▀[0m[38;2;130;157;152m[48;2;148;183;177m▀[0m[38;2;163;197;192m[48;2;158;195;186m▀[0m[38;2;156;193;186m[48;2;154;194;184m▀[0m[38;2;72;92;91m[48;2;81;98;99m▀[0m[38;2;82;104;99m[48;2;81;105;99m▀[0m[38;2;147;180;176m[48;2;144;176;171m▀[0m[38;2;183;225;220m[48;2;189;227;225m▀[0m[38;2;0;0;0m[48;2;0;0;0m▀[0m
[38;2;0;4;3m[48;2;17;20;19m▀[0m[38;2;175;215;211m[48;2;171;212;209m▀[0m[38;2;133;165;163m[48;2;128;155;153m▀[0m[38;2;73;95;93m[48;2;76;98;94m▀[0m[38;2;76;97;95m[48;2;11;19;19m▀[0m[38;2;125;149;151m[48;2;156;194;185m▀[0m[38;2;135;162;156m[48;2;215;229;229m▀[0m[38;2;211;229;229m[48;2;194;229;229m▀[0m[38;2;59;74;72m[48;2;54;63;63m▀[0m[38;2;105;135;132m[48;2;0;0;0m▀[0m[38;2;21;33;33m[48;2;0;0;0m▀[0m[38;2;0;0;0m[48;2;0;0;0m▀[0m[38;2;0;0;0m[48;2;43;46;46m▀[0m[38;2;153;158;159m[48;2;229;229;229m▀[0m[38;2;229;229;229m[48;2;229;229;229m▀[0m[38;2;60;56;55m[48;2;0;0;0m▀[0m[38;2;0;0;0m[48;2;80;95;96m▀[0m[38;2;94;130;139m[48;2;229;229;229m▀[0m[38;2;198;229;229m[48;2;229;201;199m▀[0m[38;2;229;229;229m[48;2;229;192;191m▀[0m[38;2;229;229;229m[48;2;229;229;229m▀[0m[38;2;229;229;229m[48;2;229;174;169m▀[0m[38;2;0;8;14m[48;2;0;0;0m▀[0m[38;2;141;153;148m[48;2;113;30;18m▀[0m[38;2;229;229;229m[48;2;229;229;229m▀[0m[38;2;229;229;229m[48;2;226;229;229m▀[0m[38;2;220;225;225m[48;2;229;229;229m▀[0m[38;2;39;54;55m[48;2;229;229;229m▀[0m[38;2;0;0;0m[48;2;72;77;79m▀[0m[38;2;38;75;77m[48;2;0;0;0m▀[0m[38;2;229;229;229m[48;2;121;133;133m▀[0m[38;2;229;229;229m[48;2;229;229;229m▀[0m[38;2;54;54;55m[48;2;229;229;229m▀[0m[38;2;0;0;0m[48;2;0;0;0m▀[0m[38;2;134;172;166m[48;2;0;0;0m▀[0m[38;2;99;123;121m[48;2;104;135;130m▀[0m[38;2;76;94;94m[48;2;54;65;64m▀[0m[38;2;186;229;226m[48;2;21;29;27m▀[0m[38;2;191;229;229m[48;2;143;176;171m▀[0m[38;2;111;137;134m[48;2;60;76;72m▀[0m[38;2;69;86;82m[48;2;56;72;65m▀[0m[38;2;135;171;162m[48;2;147;185;181m▀[0m[38;2;195;229;229m[48;2;175;214;210m▀[0m[38;2;0;0;0m[48;2;3;6;7m▀[0m
[38;2;34;37;37m[48;2;52;63;62m▀[0m[38;2;166;207;205m[48;2;154;196;191m▀[0m[38;2;133;164;156m[48;2;135;171;167m▀[0m[38;2;82;101;100m[48;2;95;120;117m▀[0m[38;2;110;137;128m[48;2;126;155;151m▀[0m[38;2;68;85;81m[48;2;76;90;87m▀[0m[38;2;0;0;0m[48;2;47;60;62m▀[0m[38;2;0;0;0m[48;2;0;0;0m▀[0m[38;2;0;0;0m[48;2;0;0;0m▀[0m[38;2;0;0;0m[48;2;0;2;3m▀[0m[38;2;0;0;0m[48;2;0;0;0m▀[0m[38;2;0;0;0m[48;2;81;81;81m▀[0m[38;2;229;229;229m[48;2;229;229;229m▀[0m[38;2;229;229;229m[48;2;109;114;111m▀[0m[38;2;92;99;99m[48;2;165;185;180m▀[0m[38;2;158;162;163m[48;2;229;229;229m▀[0m[38;2;229;229;229m[48;2;229;229;229m▀[0m[38;2;229;229;229m[48;2;229;229;229m▀[0m[38;2;216;99;99m[48;2;229;229;229m▀[0m[38;2;102;47;46m[48;2;229;229;229m▀[0m[38;2;112;0;0m[48;2;229;229;229m▀[0m[38;2;15;0;0m[48;2;229;229;229m▀[0m[38;2;0;0;0m[48;2;18;0;0m▀[0m[38;2;0;0;0m[48;2;167;20;12m▀[0m[38;2;84;0;0m[48;2;229;229;229m▀[0m[38;2;106;70;62m[48;2;229;229;229m▀[0m[38;2;139;151;153m[48;2;229;229;229m▀[0m[38;2;229;229;229m[48;2;229;229;229m▀[0m[38;2;229;229;229m[48;2;229;229;229m▀[0m[38;2;229;229;229m[48;2;229;229;229m▀[0m[38;2;32;36;37m[48;2;229;229;229m▀[0m[38;2;158;160;164m[48;2;93;102;105m▀[0m[38;2;229;229;229m[48;2;224;225;228m▀[0m[38;2;196;196;198m[48;2;229;229;229m▀[0m[38;2;0;0;0m[48;2;0;0;0m▀[0m[38;2;0;0;0m[48;2;0;0;0m▀[0m[38;2;27;36;35m[48;2;0;0;0m▀[0m[38;2;0;0;0m[48;2;0;0;0m▀[0m[38;2;0;4;6m[48;2;12;17;16m▀[0m[38;2;135;168;166m[48;2;198;229;229m▀[0m[38;2;84;111;102m[48;2;92;112;109m▀[0m[38;2;156;200;193m[48;2;159;198;190m▀[0m[38;2;150;188;185m[48;2;171;215;207m▀[0m[38;2;25;32;31m[48;2;24;32;33m▀[0m
[38;2;69;82;80m[48;2;90;108;105m▀[0m[38;2;164;199;196m[48;2;159;195;193m▀[0m[38;2;89;116;113m[48;2;63;86;84m▀[0m[38;2;42;56;54m[48;2;79;96;93m▀[0m[38;2;97;123;120m[48;2;229;229;229m▀[0m[38;2;175;221;217m[48;2;77;102;97m▀[0m[38;2;54;68;68m[48;2;0;0;0m▀[0m[38;2;0;0;0m[48;2;129;160;155m▀[0m[38;2;72;91;92m[48;2;17;21;21m▀[0m[38;2;0;0;0m[48;2;0;0;0m▀[0m[38;2;0;0;0m[48;2;0;0;0m▀[0m[38;2;173;178;178m[48;2;202;210;208m▀[0m[38;2;229;229;229m[48;2;3;6;6m▀[0m[38;2;108;113;108m[48;2;229;229;229m▀[0m[38;2;229;229;229m[48;2;229;229;229m▀[0m[38;2;229;229;229m[48;2;229;229;229m▀[0m[38;2;229;229;229m[48;2;229;229;229m▀[0m[38;2;229;229;229m[48;2;229;229;229m▀[0m[38;2;229;229;229m[48;2;229;229;229m▀[0m[38;2;229;229;229m[48;2;229;229;229m▀[0m[38;2;229;229;229m[48;2;221;229;229m▀[0m[38;2;229;229;229m[48;2;229;229;229m▀[0m[38;2;90;0;0m[48;2;177;0;0m▀[0m[38;2;165;216;222m[48;2;228;189;185m▀[0m[38;2;229;229;229m[48;2;229;206;206m▀[0m[38;2;229;229;229m[48;2;222;191;191m▀[0m[38;2;229;229;229m[48;2;229;229;229m▀[0m[38;2;229;229;229m[48;2;229;229;229m▀[0m[38;2;229;229;229m[48;2;229;229;229m▀[0m[38;2;229;229;229m[48;2;229;229;229m▀[0m[38;2;229;229;229m[48;2;229;229;229m▀[0m[38;2;206;214;212m[48;2;229;229;229m▀[0m[38;2;104;106;106m[48;2;174;174;174m▀[0m[38;2;229;229;229m[48;2;9;12;9m▀[0m[38;2;66;71;70m[48;2;199;211;208m▀[0m[38;2;0;0;0m[48;2;39;54;51m▀[0m[38;2;0;0;0m[48;2;0;0;0m▀[0m[38;2;0;0;0m[48;2;147;177;171m▀[0m[38;2;0;0;0m[48;2;67;77;76m▀[0m[38;2;0;0;0m[48;2;1;2;0m▀[0m[38;2;69;85;82m[48;2;0;0;0m▀[0m[38;2;131;166;160m[48;2;0;0;0m▀[0m[38;2;94;121;113m[48;2;90;112;107m▀[0m[38;2;62;76;74m[48;2;126;156;150m▀[0m
[38;2;109;135;131m[48;2;124;153;149m▀[0m[38;2;133;164;163m[48;2;153;190;183m▀[0m[38;2;39;53;50m[48;2;90;118;116m▀[0m[38;2;82;104;103m[48;2;27;24;27m▀[0m[38;2;174;221;216m[48;2;0;0;0m▀[0m[38;2;0;0;0m[48;2;7;10;10m▀[0m[38;2;19;26;27m[48;2;144;181;176m▀[0m[38;2;13;21;21m[48;2;0;0;0m▀[0m[38;2;0;0;0m[48;2;0;0;0m▀[0m[38;2;0;0;0m[48;2;98;102;103m▀[0m[38;2;187;194;192m[48;2;229;229;229m▀[0m[38;2;93;101;101m[48;2;42;45;46m▀[0m[38;2;0;0;0m[48;2;0;0;0m▀[0m[38;2;229;229;229m[48;2;152;154;154m▀[0m[38;2;229;229;229m[48;2;189;193;193m▀[0m[38;2;189;191;193m[48;2;171;178;178m▀[0m[38;2;159;162;162m[48;2;144;150;150m▀[0m[38;2;154;159;159m[48;2;38;43;43m▀[0m[38;2;105;111;111m[48;2;91;95;92m▀[0m[38;2;88;103;103m[48;2;229;229;229m▀[0m[38;2;190;229;229m[48;2;229;229;229m▀[0m[38;2;229;170;163m[48;2;229;130;120m▀[0m[38;2;229;0;0m[48;2;229;147;144m▀[0m[38;2;229;0;0m[48;2;229;91;92m▀[0m[38;2;229;229;229m[48;2;229;27;21m▀[0m[38;2;135;189;189m[48;2;229;229;229m▀[0m[38;2;59;78;78m[48;2;229;229;229m▀[0m[38;2;112;122;122m[48;2;49;54;55m▀[0m[38;2;162;166;166m[48;2;83;90;91m▀[0m[38;2;191;195;195m[48;2;163;170;171m▀[0m[38;2;227;227;227m[48;2;159;162;162m▀[0m[38;2;229;229;229m[48;2;187;189;189m▀[0m[38;2;152;152;153m[48;2;103;103;103m▀[0m[38;2;0;0;0m[48;2;0;0;0m▀[0m[38;2;144;148;145m[48;2;101;106;106m▀[0m[38;2;108;122;119m[48;2;184;188;184m▀[0m[38;2;0;0;0m[48;2;0;0;0m▀[0m[38;2;50;62;61m[48;2;0;0;0m▀[0m[38;2;200;229;229m[48;2;48;67;64m▀[0m[38;2;165;203;193m[48;2;134;163;162m▀[0m[38;2;39;49;47m[48;2;77;85;88m▀[0m[38;2;1;4;3m[48;2;123;153;150m▀[0m[38;2;96;117;113m[48;2;25;34;29m▀[0m[38;2;54;70;66m[48;2;95;121;115m▀[0m
[38;2;145;191;186m[48;2;54;60;60m▀[0m[38;2;157;195;189m[48;2;118;153;150m▀[0m[38;2;146;182;182m[48;2;138;178;173m▀[0m[38;2;4;0;5m[48;2;0;0;0m▀[0m[38;2;0;0;0m[48;2;127;160;153m▀[0m[38;2;216;229;229m[48;2;184;223;216m▀[0m[38;2;86;106;105m[48;2;38;51;50m▀[0m[38;2;0;0;0m[48;2;0;3;0m▀[0m[38;2;0;0;0m[48;2;122;122;123m▀[0m[38;2;225;229;229m[48;2;207;213;214m▀[0m[38;2;180;184;180m[48;2;184;189;184m▀[0m[38;2;79;82;80m[48;2;134;142;140m▀[0m[38;2;44;50;50m[48;2;83;86;86m▀[0m[38;2;147;154;153m[48;2;24;24;26m▀[0m[38;2;105;108;108m[48;2;0;0;0m▀[0m[38;2;90;94;91m[48;2;0;0;0m▀[0m[38;2;0;0;0m[48;2;123;126;126m▀[0m[38;2;101;106;106m[48;2;229;229;229m▀[0m[38;2;229;229;229m[48;2;168;171;171m▀[0m[38;2;229;229;229m[48;2;225;229;229m▀[0m[38;2;229;229;229m[48;2;229;229;229m▀[0m[38;2;229;229;229m[48;2;229;229;229m▀[0m[38;2;229;229;229m[48;2;229;222;216m▀[0m[38;2;229;229;229m[48;2;229;229;229m▀[0m[38;2;229;168;164m[48;2;229;229;229m▀[0m[38;2;229;229;229m[48;2;229;229;229m▀[0m[38;2;229;229;229m[48;2;173;199;197m▀[0m[38;2;229;229;229m[48;2;229;229;229m▀[0m[38;2;0;0;0m[48;2;189;189;189m▀[0m[38;2;35;37;36m[48;2;0;0;0m▀[0m[38;2;162;164;164m[48;2;0;0;0m▀[0m[38;2;125;125;125m[48;2;0;0;0m▀[0m[38;2;131;135;139m[48;2;105;108;110m▀[0m[38;2;0;0;0m[48;2;84;90;95m▀[0m[38;2;105;113;111m[48;2;164;174;172m▀[0m[38;2;229;229;229m[48;2;207;215;213m▀[0m[38;2;53;55;53m[48;2;135;138;135m▀[0m[38;2;0;0;0m[48;2;0;0;0m▀[0m[38;2;0;0;0m[48;2;0;0;0m▀[0m[38;2;57;78;77m[48;2;54;74;71m▀[0m[38;2;145;182;177m[48;2;127;162;156m▀[0m[38;2;63;82;81m[48;2;27;36;35m▀[0m[38;2;14;22;18m[48;2;149;191;185m▀[0m[38;2;159;203;198m[48;2;87;102;99m▀[0m
[38;2;94;75;81m[48;2;229;229;229m▀[0m[38;2;94;104;102m[48;2;26;30;30m▀[0m[38;2;95;128;126m[48;2;88;118;116m▀[0m[38;2;0;0;0m[48;2;36;45;44m▀[0m[38;2;185;229;224m[48;2;133;172;164m▀[0m[38;2;102;126;122m[48;2;38;65;62m▀[0m[38;2;0;1;0m[48;2;0;0;0m▀[0m[38;2;136;153;148m[48;2;183;192;193m▀[0m[38;2;174;176;178m[48;2;180;186;185m▀[0m[38;2;155;159;160m[48;2;171;171;171m▀[0m[38;2;154;162;161m[48;2;187;190;190m▀[0m[38;2;229;229;229m[48;2;140;144;144m▀[0m[38;2;99;100;102m[48;2;0;0;0m▀[0m[38;2;0;0;0m[48;2;0;0;0m▀[0m[38;2;0;0;0m[48;2;0;0;0m▀[0m[38;2;120;129;128m[48;2;139;144;144m▀[0m[38;2;210;220;220m[48;2;214;220;220m▀[0m[38;2;229;229;229m[48;2;229;229;229m▀[0m[38;2;128;135;136m[48;2;141;150;150m▀[0m[38;2;229;229;229m[48;2;229;229;229m▀[0m[38;2;229;229;229m[48;2;229;229;229m▀[0m[38;2;229;229;229m[48;2;229;229;229m▀[0m[38;2;229;160;156m[48;2;229;120;114m▀[0m[38;2;229;214;212m[48;2;229;120;114m▀[0m[38;2;229;197;189m[48;2;229;0;0m▀[0m[38;2;229;229;229m[48;2;229;229;229m▀[0m[38;2;229;229;229m[48;2;229;229;229m▀[0m[38;2;189;205;206m[48;2;168;184;185m▀[0m[38;2;229;229;229m[48;2;229;229;229m▀[0m[38;2;179;183;183m[48;2;191;199;199m▀[0m[38;2;10;9;9m[48;2;31;33;31m▀[0m[38;2;0;0;0m[48;2;0;0;0m▀[0m[38;2;13;16;15m[48;2;0;0;0m▀[0m[38;2;221;229;229m[48;2;111;116;116m▀[0m[38;2;183;190;191m[48;2;220;225;224m▀[0m[38;2;167;174;172m[48;2;175;179;180m▀[0m[38;2;173;181;181m[48;2;192;198;198m▀[0m[38;2;48;53;53m[48;2;154;156;156m▀[0m[38;2;23;48;43m[48;2;27;42;39m▀[0m[38;2;0;7;7m[48;2;55;81;78m▀[0m[38;2;139;171;170m[48;2;144;187;182m▀[0m[38;2;101;135;133m[48;2;68;97;97m▀[0m[38;2;106;123;122m[48;2;12;22;22m▀[0m[38;2;115;97;101m[48;2;229;229;229m▀[0m
[38;2;228;224;220m[48;2;126;122;121m▀[0m[38;2;0;0;0m[48;2;0;0;0m▀[0m[38;2;55;82;80m[48;2;42;69;66m▀[0m[38;2;134;167;160m[48;2;100;131;127m▀[0m[38;2;99;139;132m[48;2;94;99;96m▀[0m[38;2;42;57;55m[48;2;229;229;229m▀[0m[38;2;149;148;149m[48;2;224;223;224m▀[0m[38;2;177;182;180m[48;2;137;141;141m▀[0m[38;2;170;174;175m[48;2;173;180;179m▀[0m[38;2;202;204;205m[48;2;142;149;145m▀[0m[38;2;121;123;125m[48;2;0;0;0m▀[0m[38;2;0;0;0m[48;2;0;0;0m▀[0m[38;2;0;0;0m[48;2;2;12;10m▀[0m[38;2;0;0;0m[48;2;0;0;0m▀[0m[38;2;0;0;0m[48;2;0;0;0m▀[0m[38;2;42;45;45m[48;2;0;0;0m▀[0m[38;2;229;229;229m[48;2;151;154;156m▀[0m[38;2;229;229;229m[48;2;229;229;229m▀[0m[38;2;151;161;159m[48;2;162;171;169m▀[0m[38;2;216;229;229m[48;2;194;229;229m▀[0m[38;2;229;229;229m[48;2;229;229;229m▀[0m[38;2;229;229;229m[48;2;229;0;0m▀[0m[38;2;229;0;0m[48;2;182;0;0m▀[0m[38;2;229;0;0m[48;2;176;0;0m▀[0m[38;2;229;35;30m[48;2;229;0;0m▀[0m[38;2;229;138;135m[48;2;229;57;51m▀[0m[38;2;155;229;229m[48;2;229;104;99m▀[0m[38;2;202;229;229m[48;2;229;229;229m▀[0m[38;2;229;229;229m[48;2;229;229;229m▀[0m[38;2;160;170;169m[48;2;98;102;101m▀[0m[38;2;0;0;0m[48;2;0;0;0m▀[0m[38;2;0;0;0m[48;2;99;135;135m▀[0m[38;2;0;0;0m[48;2;4;13;18m▀[0m[38;2;0;0;0m[48;2;0;0;0m▀[0m[38;2;148;151;150m[48;2;0;0;0m▀[0m[38;2;204;206;206m[48;2;170;172;173m▀[0m[38;2;171;172;175m[48;2;162;163;166m▀[0m[38;2;176;182;187m[48;2;125;132;132m▀[0m[38;2;139;139;139m[48;2;229;229;229m▀[0m[38;2;63;78;78m[48;2;229;229;229m▀[0m[38;2;129;171;165m[48;2;63;72;72m▀[0m[38;2;64;96;91m[48;2;55;86;81m▀[0m[38;2;0;0;0m[48;2;0;0;0m▀[0m[38;2;169;168;162m[48;2;82;78;74m▀[0m
