wide,34,15,255,186,189
wide,36,12,255,155,154
wide,41,34,228,165,164
wide,43,20,230,179,177
wide,30,13,255,166,155
wide,38,27,253,255,250
wide,38,43,255,255,255
wide,38,37,255,255,255
wide,38,21,255,255,255
punch,40,38,249,197,182
punch,38,42,255,255,255
punch,38,22,255,255,255
punch,38,8,255,255,255
punch,41,15,255,245,243
punch,39,25,255,255,255
punch,36,18,255,255,255
punch,35,29,255,255,255
punch,34,42,255,255,255
strip,18,2,255,188,188
strip,17,4,255,200,198
strip,24,8,241,166,164
strip,22,13,255,234,231
strip,34,5,255,255,255
strip,31,7,255,255,255
