[38;2;0;0;0m[48;2;0;0;0m▀[0m[38;2;187;163;161m[48;2;229;229;229m▀[0m[38;2;72;99;109m[48;2;144;141;135m▀[0m[38;2;61;163;197m[48;2;0;0;38m▀[0m[38;2;229;229;229m[48;2;22;150;208m▀[0m[38;2;229;229;229m[48;2;0;5;8m▀[0m[38;2;0;0;0m[48;2;0;0;0m▀[0m[38;2;0;0;0m[48;2;31;0;0m▀[0m[38;2;63;5;5m[48;2;27;3;3m▀[0m[38;2;0;0;0m[48;2;0;0;0m▀[0m[38;2;0;0;0m[48;2;0;0;0m▀[0m[38;2;43;0;0m[48;2;0;0;0m▀[0m[38;2;47;29;28m[48;2;36;0;0m▀[0m[38;2;153;201;205m[48;2;0;0;0m▀[0m[38;2;229;229;229m[48;2;229;229;229m▀[0m[38;2;229;229;229m[48;2;229;229;229m▀[0m[38;2;154;63;63m[48;2;203;0;0m▀[0m[38;2;54;96;95m[48;2;0;47;48m▀[0m[38;2;0;0;0m[48;2;0;0;0m▀[0m[38;2;0;0;0m[48;2;0;0;0m▀[0m[38;2;0;0;0m[48;2;69;96;107m▀[0m[38;2;0;24;41m[48;2;136;229;229m▀[0m[38;2;0;0;0m[48;2;37;153;177m▀[0m[38;2;0;0;0m[48;2;0;0;0m▀[0m[38;2;0;0;0m[48;2;0;0;0m▀[0m[38;2;0;0;0m[48;2;0;0;0m▀[0m[38;2;0;0;0m[48;2;52;0;0m▀[0m[38;2;0;0;0m[48;2;127;37;45m▀[0m[38;2;0;0;0m[48;2;184;229;229m▀[0m[38;2;0;0;0m[48;2;195;222;224m▀[0m[38;2;16;15;5m[48;2;0;5;14m▀[0m[38;2;62;66;63m[48;2;0;0;0m▀[0m[38;2;0;0;0m[48;2;64;62;62m▀[0m[38;2;0;0;0m[48;2;0;0;0m▀[0m[38;2;0;0;0m[48;2;0;0;0m▀[0m[38;2;63;75;74m[48;2;27;40;42m▀[0m[38;2;0;0;0m[48;2;42;54;64m▀[0m[38;2;0;0;0m[48;2;67;96;98m▀[0m[38;2;174;229;229m[48;2;146;229;229m▀[0m[38;2;194;229;229m[48;2;229;229;229m▀[0m[38;2;221;219;214m[48;2;138;164;161m▀[0m[38;2;223;218;207m[48;2;179;229;229m▀[0m[38;2;76;160;183m[48;2;0;0;1m▀[0m[38;2;0;0;0m[48;2;180;189;189m▀[0m
[38;2;0;16;18m[48;2;72;85;91m▀[0m[38;2;229;229;229m[48;2;129;149;149m▀[0m[38;2;229;229;229m[48;2;229;229;229m▀[0m[38;2;0;0;0m[48;2;16;12;15m▀[0m[38;2;0;0;0m[48;2;0;0;0m▀[0m[38;2;0;0;0m[48;2;0;0;0m▀[0m[38;2;0;0;0m[48;2;4;1;5m▀[0m[38;2;49;1;0m[48;2;9;6;9m▀[0m[38;2;0;0;0m[48;2;0;0;0m▀[0m[38;2;0;0;0m[48;2;0;0;0m▀[0m[38;2;0;0;0m[48;2;0;0;0m▀[0m[38;2;0;0;0m[48;2;0;0;0m▀[0m[38;2;0;0;0m[48;2;0;0;0m▀[0m[38;2;0;0;0m[48;2;0;27;28m▀[0m[38;2;0;0;0m[48;2;110;162;166m▀[0m[38;2;0;0;0m[48;2;215;229;229m▀[0m[38;2;68;49;53m[48;2;79;0;0m▀[0m[38;2;0;0;0m[48;2;0;0;0m▀[0m[38;2;0;0;0m[48;2;35;4;4m▀[0m[38;2;79;154;162m[48;2;229;22;24m▀[0m[38;2;229;229;229m[48;2;229;213;212m▀[0m[38;2;229;229;229m[48;2;229;229;229m▀[0m[38;2;75;220;229m[48;2;0;66;81m▀[0m[38;2;1;45;65m[48;2;0;27;38m▀[0m[38;2;0;0;0m[48;2;104;114;112m▀[0m[38;2;0;0;0m[48;2;0;0;0m▀[0m[38;2;0;0;0m[48;2;0;0;0m▀[0m[38;2;229;229;229m[48;2;189;184;191m▀[0m[38;2;229;229;229m[48;2;229;229;229m▀[0m[38;2;211;218;218m[48;2;220;229;229m▀[0m[38;2;229;229;229m[48;2;229;229;229m▀[0m[38;2;0;28;45m[48;2;229;229;229m▀[0m[38;2;0;0;0m[48;2;0;18;28m▀[0m[38;2;45;45;47m[48;2;0;0;0m▀[0m[38;2;0;0;0m[48;2;0;0;0m▀[0m[38;2;97;117;117m[48;2;198;216;214m▀[0m[38;2;229;229;229m[48;2;229;229;229m▀[0m[38;2;176;229;229m[48;2;103;229;229m▀[0m[38;2;153;229;229m[48;2;229;229;229m▀[0m[38;2;229;229;229m[48;2;196;195;193m▀[0m[38;2;137;120;119m[48;2;229;0;0m▀[0m[38;2;229;5;0m[48;2;229;1;0m▀[0m[38;2;229;229;229m[48;2;209;229;229m▀[0m[38;2;118;147;152m[48;2;44;63;65m▀[0m
[38;2;229;229;229m[48;2;157;229;229m▀[0m[38;2;229;229;229m[48;2;199;199;199m▀[0m[38;2;229;229;229m[48;2;229;229;229m▀[0m[38;2;25;80;101m[48;2;94;194;229m▀[0m[38;2;0;0;0m[48;2;0;0;0m▀[0m[38;2;0;0;0m[48;2;201;216;214m▀[0m[38;2;0;0;0m[48;2;167;194;195m▀[0m[38;2;0;0;0m[48;2;0;0;0m▀[0m[38;2;0;0;0m[48;2;0;0;0m▀[0m[38;2;0;0;0m[48;2;0;0;0m▀[0m[38;2;0;0;0m[48;2;0;0;0m▀[0m[38;2;0;0;0m[48;2;0;0;0m▀[0m[38;2;0;0;0m[48;2;0;0;0m▀[0m[38;2;45;36;41m[48;2;16;0;0m▀[0m[38;2;229;229;229m[48;2;229;229;229m▀[0m[38;2;229;229;229m[48;2;181;206;212m▀[0m[38;2;0;0;0m[48;2;0;0;0m▀[0m[38;2;0;21;18m[48;2;34;13;18m▀[0m[38;2;229;180;180m[48;2;229;0;0m▀[0m[38;2;229;121;121m[48;2;229;67;70m▀[0m[38;2;229;229;229m[48;2;229;229;229m▀[0m[38;2;184;229;229m[48;2;115;222;229m▀[0m[38;2;0;0;0m[48;2;108;118;116m▀[0m[38;2;0;0;0m[48;2;229;229;229m▀[0m[38;2;229;229;229m[48;2;229;229;229m▀[0m[38;2;229;229;229m[48;2;148;177;177m▀[0m[38;2;95;102;103m[48;2;21;32;35m▀[0m[38;2;102;107;106m[48;2;56;83;87m▀[0m[38;2;177;204;207m[48;2;0;0;0m▀[0m[38;2;204;224;221m[48;2;91;139;148m▀[0m[38;2;229;229;229m[48;2;170;183;193m▀[0m[38;2;229;229;229m[48;2;229;229;229m▀[0m[38;2;229;229;229m[48;2;229;229;229m▀[0m[38;2;0;0;0m[48;2;0;0;0m▀[0m[38;2;0;0;0m[48;2;0;0;0m▀[0m[38;2;218;228;225m[48;2;127;144;144m▀[0m[38;2;229;229;229m[48;2;229;229;229m▀[0m[38;2;215;229;229m[48;2;229;229;229m▀[0m[38;2;226;229;229m[48;2;121;197;199m▀[0m[38;2;185;229;229m[48;2;189;203;199m▀[0m[38;2;122;157;159m[48;2;229;0;0m▀[0m[38;2;141;213;213m[48;2;229;90;90m▀[0m[38;2;229;229;229m[48;2;216;229;229m▀[0m[38;2;57;77;77m[48;2;0;0;0m▀[0m
[38;2;27;66;73m[48;2;229;72;76m▀[0m[38;2;140;192;194m[48;2;229;147;145m▀[0m[38;2;229;229;218m[48;2;187;229;229m▀[0m[38;2;229;229;229m[48;2;229;229;229m▀[0m[38;2;0;45;75m[48;2;86;229;229m▀[0m[38;2;229;229;229m[48;2;229;229;229m▀[0m[38;2;229;229;229m[48;2;229;229;229m▀[0m[38;2;0;0;0m[48;2;0;0;0m▀[0m[38;2;0;0;0m[48;2;0;0;0m▀[0m[38;2;0;0;0m[48;2;0;0;0m▀[0m[38;2;0;0;0m[48;2;0;0;0m▀[0m[38;2;0;0;0m[48;2;0;0;0m▀[0m[38;2;0;0;0m[48;2;0;0;0m▀[0m[38;2;17;19;16m[48;2;0;0;0m▀[0m[38;2;229;229;229m[48;2;222;32;27m▀[0m[38;2;107;29;26m[48;2;0;0;0m▀[0m[38;2;0;0;0m[48;2;54;0;0m▀[0m[38;2;229;0;0m[48;2;229;0;0m▀[0m[38;2;229;2;0m[48;2;229;0;0m▀[0m[38;2;229;0;0m[48;2;229;0;0m▀[0m[38;2;74;104;119m[48;2;0;0;0m▀[0m[38;2;4;131;143m[48;2;0;75;81m▀[0m[38;2;109;115;114m[48;2;229;229;229m▀[0m[38;2;176;189;191m[48;2;192;196;195m▀[0m[38;2;229;229;229m[48;2;137;149;152m▀[0m[38;2;0;0;0m[48;2;53;59;61m▀[0m[38;2;0;0;0m[48;2;81;84;81m▀[0m[38;2;0;0;0m[48;2;138;146;144m▀[0m[38;2;0;0;0m[48;2;229;229;229m▀[0m[38;2;87;112;122m[48;2;229;229;229m▀[0m[38;2;214;218;219m[48;2;229;229;229m▀[0m[38;2;210;223;226m[48;2;229;229;229m▀[0m[38;2;174;197;201m[48;2;229;229;229m▀[0m[38;2;0;0;0m[48;2;104;103;103m▀[0m[38;2;0;0;0m[48;2;0;0;0m▀[0m[38;2;0;0;7m[48;2;0;0;0m▀[0m[38;2;229;229;229m[48;2;0;130;162m▀[0m[38;2;114;196;222m[48;2;66;180;209m▀[0m[38;2;113;225;229m[48;2;229;229;229m▀[0m[38;2;229;26;22m[48;2;160;174;172m▀[0m[38;2;229;0;0m[48;2;229;93;90m▀[0m[38;2;229;229;229m[48;2;229;177;182m▀[0m[38;2;115;179;186m[48;2;0;0;0m▀[0m[38;2;0;0;0m[48;2;0;0;0m▀[0m
[38;2;203;193;201m[48;2;150;203;208m▀[0m[38;2;229;0;0m[48;2;84;80;81m▀[0m[38;2;157;102;109m[48;2;160;144;147m▀[0m[38;2;229;229;229m[48;2;93;150;153m▀[0m[38;2;140;229;229m[48;2;229;229;229m▀[0m[38;2;211;229;229m[48;2;229;229;229m▀[0m[38;2;229;229;229m[48;2;229;229;229m▀[0m[38;2;0;0;0m[48;2;0;0;0m▀[0m[38;2;0;0;0m[48;2;0;0;0m▀[0m[38;2;0;0;0m[48;2;0;13;27m▀[0m[38;2;0;0;0m[48;2;0;0;0m▀[0m[38;2;0;0;0m[48;2;0;0;0m▀[0m[38;2;0;0;0m[48;2;0;0;0m▀[0m[38;2;0;0;0m[48;2;0;0;0m▀[0m[38;2;103;9;11m[48;2;62;19;21m▀[0m[38;2;0;25;25m[48;2;0;0;0m▀[0m[38;2;117;0;0m[48;2;0;12;12m▀[0m[38;2;229;195;191m[48;2;229;229;229m▀[0m[38;2;229;0;0m[48;2;198;175;185m▀[0m[38;2;229;0;0m[48;2;0;0;0m▀[0m[38;2;0;0;0m[48;2;112;189;187m▀[0m[38;2;174;224;225m[48;2;131;173;174m▀[0m[38;2;229;229;229m[48;2;229;229;229m▀[0m[38;2;229;229;229m[48;2;184;193;193m▀[0m[38;2;139;157;166m[48;2;229;229;229m▀[0m[38;2;135;154;157m[48;2;11;36;39m▀[0m[38;2;37;37;34m[48;2;140;148;148m▀[0m[38;2;189;201;200m[48;2;229;229;229m▀[0m[38;2;229;229;229m[48;2;229;229;229m▀[0m[38;2;229;229;229m[48;2;64;108;109m▀[0m[38;2;229;229;229m[48;2;174;229;229m▀[0m[38;2;229;229;229m[48;2;169;198;201m▀[0m[38;2;229;229;229m[48;2;180;182;183m▀[0m[38;2;229;229;229m[48;2;229;229;229m▀[0m[38;2;41;63;70m[48;2;229;229;229m▀[0m[38;2;0;0;0m[48;2;0;0;4m▀[0m[38;2;0;3;29m[48;2;0;0;0m▀[0m[38;2;137;229;229m[48;2;179;229;229m▀[0m[38;2;210;229;229m[48;2;229;133;125m▀[0m[38;2;203;189;189m[48;2;229;0;0m▀[0m[38;2;229;24;24m[48;2;229;0;0m▀[0m[38;2;127;58;58m[48;2;122;0;0m▀[0m[38;2;0;0;0m[48;2;0;0;0m▀[0m[38;2;0;0;0m[48;2;0;0;0m▀[0m
[38;2;229;23;25m[48;2;138;188;188m▀[0m[38;2;229;0;0m[48;2;229;0;0m▀[0m[38;2;204;229;229m[48;2;229;205;203m▀[0m[38;2;182;225;227m[48;2;229;229;229m▀[0m[38;2;163;229;229m[48;2;79;171;194m▀[0m[38;2;229;229;229m[48;2;206;229;229m▀[0m[38;2;229;229;229m[48;2;229;229;229m▀[0m[38;2;0;0;0m[48;2;0;0;0m▀[0m[38;2;0;72;94m[48;2;229;229;229m▀[0m[38;2;229;229;229m[48;2;229;229;229m▀[0m[38;2;28;51;55m[48;2;83;192;229m▀[0m[38;2;0;0;0m[48;2;0;0;0m▀[0m[38;2;0;0;0m[48;2;0;0;0m▀[0m[38;2;0;0;0m[48;2;0;0;0m▀[0m[38;2;36;0;0m[48;2;35;3;2m▀[0m[38;2;29;40;43m[48;2;62;54;54m▀[0m[38;2;200;229;229m[48;2;229;229;229m▀[0m[38;2;0;0;0m[48;2;0;0;0m▀[0m[38;2;0;39;44m[48;2;63;82;86m▀[0m[38;2;30;59;61m[48;2;229;229;229m▀[0m[38;2;229;229;229m[48;2;229;229;229m▀[0m[38;2;54;84;83m[48;2;41;71;75m▀[0m[38;2;229;229;229m[48;2;207;229;229m▀[0m[38;2;200;229;229m[48;2;128;204;229m▀[0m[38;2;5;50;62m[48;2;0;17;34m▀[0m[38;2;45;54;53m[48;2;158;158;153m▀[0m[38;2;229;229;229m[48;2;229;229;229m▀[0m[38;2;229;229;229m[48;2;229;229;229m▀[0m[38;2;171;203;206m[48;2;229;229;229m▀[0m[38;2;59;40;50m[48;2;229;229;229m▀[0m[38;2;18;0;0m[48;2;42;81;109m▀[0m[38;2;45;102;110m[48;2;0;11;20m▀[0m[38;2;176;192;193m[48;2;60;78;83m▀[0m[38;2;229;229;229m[48;2;229;229;229m▀[0m[38;2;229;229;229m[48;2;229;229;229m▀[0m[38;2;0;0;0m[48;2;59;63;63m▀[0m[38;2;0;0;0m[48;2;31;43;35m▀[0m[38;2;229;229;229m[48;2;229;229;229m▀[0m[38;2;196;180;188m[48;2;0;126;177m▀[0m[38;2;70;146;180m[48;2;71;229;229m▀[0m[38;2;229;156;164m[48;2;229;209;210m▀[0m[38;2;23;0;0m[48;2;0;0;0m▀[0m[38;2;0;3;12m[48;2;0;0;0m▀[0m[38;2;0;12;16m[48;2;0;13;24m▀[0m
[38;2;136;184;187m[48;2;98;46;48m▀[0m[38;2;134;142;142m[48;2;228;0;0m▀[0m[38;2;132;229;229m[48;2;148;0;0m▀[0m[38;2;229;229;229m[48;2;206;172;172m▀[0m[38;2;101;170;183m[48;2;195;229;229m▀[0m[38;2;43;198;229m[48;2;33;156;197m▀[0m[38;2;229;229;229m[48;2;91;104;106m▀[0m[38;2;0;0;0m[48;2;36;22;20m▀[0m[38;2;229;229;229m[48;2;229;229;229m▀[0m[38;2;229;229;229m[48;2;92;212;229m▀[0m[38;2;0;105;150m[48;2;0;56;90m▀[0m[38;2;2;20;37m[48;2;56;153;208m▀[0m[38;2;0;0;0m[48;2;0;0;0m▀[0m[38;2;0;0;0m[48;2;0;0;0m▀[0m[38;2;0;0;0m[48;2;0;0;0m▀[0m[38;2;229;229;229m[48;2;187;214;217m▀[0m[38;2;140;159;162m[48;2;1;14;13m▀[0m[38;2;10;17;17m[48;2;0;0;0m▀[0m[38;2;132;155;158m[48;2;98;115;114m▀[0m[38;2;132;177;185m[48;2;29;32;31m▀[0m[38;2;194;229;229m[48;2;5;38;50m▀[0m[38;2;51;81;85m[48;2;0;0;0m▀[0m[38;2;0;20;27m[48;2;1;13;15m▀[0m[38;2;18;58;72m[48;2;150;149;149m▀[0m[38;2;0;8;6m[48;2;80;73;68m▀[0m[38;2;111;136;146m[48;2;46;99;122m▀[0m[38;2;229;229;229m[48;2;119;221;229m▀[0m[38;2;173;182;180m[48;2;183;193;188m▀[0m[38;2;109;114;107m[48;2;176;184;180m▀[0m[38;2;229;229;229m[48;2;229;229;229m▀[0m[38;2;229;229;229m[48;2;229;229;229m▀[0m[38;2;204;229;229m[48;2;229;229;229m▀[0m[38;2;201;227;225m[48;2;32;51;52m▀[0m[38;2;212;229;229m[48;2;14;63;81m▀[0m[38;2;229;229;229m[48;2;126;155;161m▀[0m[38;2;91;106;106m[48;2;96;109;111m▀[0m[38;2;144;142;130m[48;2;197;213;208m▀[0m[38;2;182;229;229m[48;2;196;220;219m▀[0m[38;2;0;113;162m[48;2;106;180;187m▀[0m[38;2;229;229;229m[48;2;100;0;0m▀[0m[38;2;144;0;0m[48;2;139;0;0m▀[0m[38;2;0;0;0m[48;2;0;0;0m▀[0m[38;2;0;0;0m[48;2;0;0;0m▀[0m[38;2;0;18;26m[48;2;1;16;22m▀[0m
[38;2;0;18;15m[48;2;0;0;0m▀[0m[38;2;223;168;177m[48;2;229;222;219m▀[0m[38;2;229;0;0m[48;2;80;229;229m▀[0m[38;2;229;0;0m[48;2;153;200;217m▀[0m[38;2;229;229;229m[48;2;229;180;166m▀[0m[38;2;41;150;184m[48;2;104;177;190m▀[0m[38;2;0;0;0m[48;2;0;0;0m▀[0m[38;2;216;179;168m[48;2;179;182;174m▀[0m[38;2;229;229;229m[48;2;163;229;229m▀[0m[38;2;0;82;118m[48;2;0;0;0m▀[0m[38;2;18;59;87m[48;2;32;97;132m▀[0m[38;2;78;201;229m[48;2;84;207;229m▀[0m[38;2;16;35;46m[48;2;36;93;117m▀[0m[38;2;0;0;0m[48;2;0;0;0m▀[0m[38;2;0;0;0m[48;2;0;0;0m▀[0m[38;2;0;0;0m[48;2;0;0;0m▀[0m[38;2;29;40;45m[48;2;46;63;61m▀[0m[38;2;0;0;0m[48;2;0;0;0m▀[0m[38;2;0;0;0m[48;2;0;4;11m▀[0m[38;2;0;0;0m[48;2;0;0;0m▀[0m[38;2;0;0;0m[48;2;22;32;31m▀[0m[38;2;66;82;86m[48;2;229;229;229m▀[0m[38;2;229;229;229m[48;2;229;229;229m▀[0m[38;2;229;229;229m[48;2;229;229;229m▀[0m[38;2;229;229;229m[48;2;229;229;229m▀[0m[38;2;229;229;229m[48;2;229;137;135m▀[0m[38;2;29;103;123m[48;2;229;0;0m▀[0m[38;2;186;220;223m[48;2;67;38;37m▀[0m[38;2;229;229;229m[48;2;219;229;225m▀[0m[38;2;109;179;217m[48;2;209;229;229m▀[0m[38;2;123;156;229m[48;2;0;0;184m▀[0m[38;2;229;229;229m[48;2;168;194;229m▀[0m[38;2;123;128;125m[48;2;221;229;229m▀[0m[38;2;0;0;0m[48;2;0;0;0m▀[0m[38;2;7;27;27m[48;2;33;88;81m▀[0m[38;2;80;122;115m[48;2;224;153;147m▀[0m[38;2;175;229;228m[48;2;224;20;20m▀[0m[38;2;225;229;229m[48;2;18;56;50m▀[0m[38;2;18;0;0m[48;2;175;97;117m▀[0m[38;2;229;38;44m[48;2;150;189;229m▀[0m[38;2;34;77;76m[48;2;0;0;0m▀[0m[38;2;12;32;27m[48;2;57;69;64m▀[0m[38;2;0;0;0m[48;2;0;0;0m▀[0m[38;2;0;0;0m[48;2;0;0;0m▀[0m
[38;2;0;0;0m[48;2;0;0;0m▀[0m[38;2;49;0;0m[48;2;136;0;0m▀[0m[38;2;112;125;144m[48;2;7;0;0m▀[0m[38;2;3;160;224m[48;2;84;94;117m▀[0m[38;2;208;229;229m[48;2;229;229;229m▀[0m[38;2;195;213;205m[48;2;229;229;229m▀[0m[38;2;0;0;0m[48;2;12;19;12m▀[0m[38;2;0;62;79m[48;2;0;0;0m▀[0m[38;2;13;115;144m[48;2;0;0;0m▀[0m[38;2;0;0;0m[48;2;0;0;0m▀[0m[38;2;57;147;198m[48;2;85;211;229m▀[0m[38;2;89;212;229m[48;2;41;106;134m▀[0m[38;2;18;45;56m[48;2;0;0;0m▀[0m[38;2;0;0;0m[48;2;0;0;0m▀[0m[38;2;0;0;0m[48;2;0;0;0m▀[0m[38;2;13;17;17m[48;2;0;0;0m▀[0m[38;2;47;67;72m[48;2;36;55;56m▀[0m[38;2;0;0;0m[48;2;0;0;0m▀[0m[38;2;34;50;54m[48;2;25;48;54m▀[0m[38;2;0;0;0m[48;2;168;193;198m▀[0m[38;2;229;229;229m[48;2;229;229;229m▀[0m[38;2;229;229;229m[48;2;229;229;229m▀[0m[38;2;229;229;229m[48;2;229;229;229m▀[0m[38;2;229;229;229m[48;2;221;229;229m▀[0m[38;2;229;157;154m[48;2;229;229;229m▀[0m[38;2;225;53;52m[48;2;229;229;229m▀[0m[38;2;229;220;216m[48;2;229;229;229m▀[0m[38;2;229;229;229m[48;2;229;229;229m▀[0m[38;2;185;198;199m[48;2;229;229;229m▀[0m[38;2;229;229;229m[48;2;214;221;221m▀[0m[38;2;170;229;229m[48;2;177;172;161m▀[0m[38;2;229;229;229m[48;2;0;0;0m▀[0m[38;2;121;123;111m[48;2;72;84;82m▀[0m[38;2;0;0;0m[48;2;204;161;159m▀[0m[38;2;95;126;126m[48;2;68;51;54m▀[0m[38;2;210;152;163m[48;2;0;4;8m▀[0m[38;2;81;0;0m[48;2;0;0;0m▀[0m[38;2;0;0;0m[48;2;0;0;0m▀[0m[38;2;217;229;229m[48;2;27;50;54m▀[0m[38;2;139;225;229m[48;2;71;71;63m▀[0m[38;2;0;0;0m[48;2;0;0;0m▀[0m[38;2;63;65;59m[48;2;18;33;36m▀[0m[38;2;13;10;10m[48;2;43;49;49m▀[0m[38;2;0;0;0m[48;2;0;0;0m▀[0m
[38;2;0;0;0m[48;2;0;0;0m▀[0m[38;2;38;0;0m[48;2;0;8;2m▀[0m[38;2;65;0;0m[48;2;147;190;191m▀[0m[38;2;0;0;0m[48;2;229;229;229m▀[0m[38;2;225;229;229m[48;2;189;229;229m▀[0m[38;2;229;229;229m[48;2;229;81;81m▀[0m[38;2;49;82;82m[48;2;135;63;63m▀[0m[38;2;0;0;0m[48;2;0;0;0m▀[0m[38;2;0;0;0m[48;2;0;0;0m▀[0m[38;2;14;49;67m[48;2;0;8;15m▀[0m[38;2;50;131;168m[48;2;0;0;0m▀[0m[38;2;0;0;0m[48;2;0;0;0m▀[0m[38;2;0;0;0m[48;2;1;13;13m▀[0m[38;2;0;0;0m[48;2;100;121;120m▀[0m[38;2;0;0;0m[48;2;0;0;0m▀[0m[38;2;0;0;0m[48;2;0;0;0m▀[0m[38;2;48;72;72m[48;2;81;101;104m▀[0m[38;2;0;0;0m[48;2;0;0;0m▀[0m[38;2;0;0;0m[48;2;0;0;0m▀[0m[38;2;229;229;229m[48;2;229;159;157m▀[0m[38;2;229;229;229m[48;2;229;229;229m▀[0m[38;2;229;229;229m[48;2;229;229;229m▀[0m[38;2;206;229;229m[48;2;229;229;229m▀[0m[38;2;31;142;180m[48;2;175;205;213m▀[0m[38;2;70;189;228m[48;2;0;0;0m▀[0m[38;2;229;229;229m[48;2;32;111;137m▀[0m[38;2;229;229;229m[48;2;229;229;229m▀[0m[38;2;229;229;229m[48;2;229;229;229m▀[0m[38;2;229;229;229m[48;2;229;229;229m▀[0m[38;2;229;229;229m[48;2;229;229;229m▀[0m[38;2;210;214;213m[48;2;229;229;229m▀[0m[38;2;88;105;102m[48;2;229;229;229m▀[0m[38;2;49;61;60m[48;2;0;0;0m▀[0m[38;2;44;36;39m[48;2;123;48;52m▀[0m[38;2;45;0;0m[48;2;37;8;9m▀[0m[38;2;0;0;0m[48;2;128;162;166m▀[0m[38;2;144;59;60m[48;2;113;120;123m▀[0m[38;2;47;54;55m[48;2;100;162;171m▀[0m[38;2;41;45;45m[48;2;50;75;81m▀[0m[38;2;0;0;0m[48;2;7;0;0m▀[0m[38;2;0;0;0m[48;2;0;0;0m▀[0m[38;2;199;229;229m[48;2;229;229;229m▀[0m[38;2;127;131;130m[48;2;229;229;229m▀[0m[38;2;0;0;0m[48;2;0;0;0m▀[0m
[38;2;0;0;0m[48;2;0;0;0m▀[0m[38;2;0;0;0m[48;2;0;0;0m▀[0m[38;2;106;196;221m[48;2;108;125;130m▀[0m[38;2;0;9;22m[48;2;0;22;41m▀[0m[38;2;147;219;215m[48;2;129;181;189m▀[0m[38;2;229;80;72m[48;2;137;24;24m▀[0m[38;2;229;0;0m[48;2;229;0;0m▀[0m[38;2;0;0;0m[48;2;0;8;7m▀[0m[38;2;0;0;0m[48;2;0;0;0m▀[0m[38;2;0;0;0m[48;2;0;0;0m▀[0m[38;2;0;0;0m[48;2;0;0;0m▀[0m[38;2;0;0;0m[48;2;80;0;0m▀[0m[38;2;7;0;0m[48;2;54;0;0m▀[0m[38;2;84;111;109m[48;2;0;0;0m▀[0m[38;2;28;37;37m[48;2;81;93;93m▀[0m[38;2;0;0;0m[48;2;149;161;161m▀[0m[38;2;141;162;162m[48;2;187;210;204m▀[0m[38;2;0;0;0m[48;2;0;0;0m▀[0m[38;2;33;0;0m[48;2;141;7;10m▀[0m[38;2;229;0;0m[48;2;229;189;189m▀[0m[38;2;229;179;179m[48;2;229;211;211m▀[0m[38;2;229;229;229m[48;2;229;205;207m▀[0m[38;2;229;229;229m[48;2;229;229;229m▀[0m[38;2;229;229;229m[48;2;229;229;229m▀[0m[38;2;229;229;229m[48;2;229;229;229m▀[0m[38;2;123;132;135m[48;2;229;229;229m▀[0m[38;2;70;119;135m[48;2;212;211;212m▀[0m[38;2;229;229;229m[48;2;80;118;137m▀[0m[38;2;229;229;229m[48;2;147;187;201m▀[0m[38;2;229;229;229m[48;2;229;229;229m▀[0m[38;2;229;229;229m[48;2;229;229;229m▀[0m[38;2;31;46;48m[48;2;0;0;0m▀[0m[38;2;0;0;0m[48;2;0;0;0m▀[0m[38;2;30;9;7m[48;2;185;214;217m▀[0m[38;2;180;222;227m[48;2;0;0;0m▀[0m[38;2;27;8;9m[48;2;0;0;0m▀[0m[38;2;0;0;0m[48;2;28;52;55m▀[0m[38;2;118;28;29m[48;2;0;0;0m▀[0m[38;2;0;0;0m[48;2;208;173;171m▀[0m[38;2;0;0;0m[48;2;0;0;0m▀[0m[38;2;0;11;29m[48;2;0;28;43m▀[0m[38;2;229;229;229m[48;2;229;229;229m▀[0m[38;2;229;229;229m[48;2;229;229;229m▀[0m[38;2;0;0;0m[48;2;0;0;0m▀[0m
[38;2;0;0;0m[48;2;0;0;0m▀[0m[38;2;0;0;0m[48;2;0;0;0m▀[0m[38;2;133;141;139m[48;2;69;77;80m▀[0m[38;2;57;132;163m[48;2;192;225;225m▀[0m[38;2;0;28;39m[48;2;0;0;0m▀[0m[38;2;0;0;0m[48;2;0;0;0m▀[0m[38;2;0;0;0m[48;2;0;0;0m▀[0m[38;2;73;48;44m[48;2;42;65;68m▀[0m[38;2;0;12;12m[48;2;116;132;132m▀[0m[38;2;0;0;0m[48;2;150;165;165m▀[0m[38;2;0;0;0m[48;2;70;84;81m▀[0m[38;2;0;0;0m[48;2;14;30;27m▀[0m[38;2;0;0;0m[48;2;0;0;0m▀[0m[38;2;0;0;0m[48;2;0;0;0m▀[0m[38;2;0;0;0m[48;2;0;0;0m▀[0m[38;2;49;56;60m[48;2;0;0;0m▀[0m[38;2;11;15;14m[48;2;0;0;0m▀[0m[38;2;0;0;0m[48;2;96;142;147m▀[0m[38;2;229;229;229m[48;2;229;229;229m▀[0m[38;2;229;127;127m[48;2;229;229;229m▀[0m[38;2;229;203;202m[48;2;229;207;208m▀[0m[38;2;229;229;229m[48;2;229;229;229m▀[0m[38;2;229;229;229m[48;2;229;227;225m▀[0m[38;2;229;229;229m[48;2;229;229;229m▀[0m[38;2;207;229;229m[48;2;229;229;229m▀[0m[38;2;204;229;229m[48;2;160;229;229m▀[0m[38;2;229;229;229m[48;2;229;229;229m▀[0m[38;2;229;229;229m[48;2;229;229;229m▀[0m[38;2;136;154;162m[48;2;229;229;229m▀[0m[38;2;58;98;120m[48;2;207;214;215m▀[0m[38;2;172;206;219m[48;2;0;0;0m▀[0m[38;2;0;0;0m[48;2;0;0;0m▀[0m[38;2;25;26;22m[48;2;144;207;229m▀[0m[38;2;109;112;108m[48;2;16;37;50m▀[0m[38;2;0;0;0m[48;2;140;163;162m▀[0m[38;2;222;229;229m[48;2;229;229;229m▀[0m[38;2;229;229;229m[48;2;229;229;229m▀[0m[38;2;164;229;229m[48;2;229;229;229m▀[0m[38;2;229;229;229m[48;2;229;229;229m▀[0m[38;2;153;153;149m[48;2;229;229;229m▀[0m[38;2;9;55;67m[48;2;98;126;132m▀[0m[38;2;229;229;229m[48;2;229;229;229m▀[0m[38;2;229;229;229m[48;2;229;229;229m▀[0m[38;2;0;0;0m[48;2;28;0;0m▀[0m
[38;2;0;0;0m[48;2;0;0;0m▀[0m[38;2;0;0;0m[48;2;0;0;0m▀[0m[38;2;0;0;0m[48;2;0;0;0m▀[0m[38;2;81;105;105m[48;2;72;83;85m▀[0m[38;2;0;0;0m[48;2;28;0;0m▀[0m[38;2;0;3;4m[48;2;48;78;79m▀[0m[38;2;0;0;0m[48;2;202;229;229m▀[0m[38;2;110;118;121m[48;2;0;0;0m▀[0m[38;2;229;229;229m[48;2;11;21;23m▀[0m[38;2;170;185;187m[48;2;229;229;229m▀[0m[38;2;110;129;129m[48;2;136;145;149m▀[0m[38;2;87;96;96m[48;2;92;103;106m▀[0m[38;2;81;97;97m[48;2;195;207;210m▀[0m[38;2;0;0;0m[48;2;229;229;229m▀[0m[38;2;0;0;0m[48;2;42;5;7m▀[0m[38;2;0;0;0m[48;2;0;0;0m▀[0m[38;2;7;32;35m[48;2;0;0;0m▀[0m[38;2;219;229;229m[48;2;179;229;229m▀[0m[38;2;229;229;229m[48;2;216;229;229m▀[0m[38;2;229;229;229m[48;2;196;229;229m▀[0m[38;2;229;229;229m[48;2;229;229;229m▀[0m[38;2;229;229;227m[48;2;229;229;229m▀[0m[38;2;229;229;229m[48;2;229;208;208m▀[0m[38;2;229;229;229m[48;2;229;229;229m▀[0m[38;2;229;229;229m[48;2;211;229;229m▀[0m[38;2;189;217;223m[48;2;229;229;229m▀[0m[38;2;180;225;229m[48;2;101;159;169m▀[0m[38;2;229;229;229m[48;2;229;229;229m▀[0m[38;2;212;222;221m[48;2;229;229;229m▀[0m[38;2;229;229;229m[48;2;229;229;229m▀[0m[38;2;90;94;93m[48;2;229;229;229m▀[0m[38;2;0;0;0m[48;2;0;0;0m▀[0m[38;2;45;66;76m[48;2;0;0;0m▀[0m[38;2;121;178;208m[48;2;0;0;0m▀[0m[38;2;196;229;229m[48;2;1;9;14m▀[0m[38;2;229;229;229m[48;2;48;92;116m▀[0m[38;2;229;229;229m[48;2;85;158;198m▀[0m[38;2;229;229;229m[48;2;162;229;229m▀[0m[38;2;219;229;229m[48;2;229;229;229m▀[0m[38;2;193;229;229m[48;2;45;105;131m▀[0m[38;2;114;129;129m[48;2;36;32;28m▀[0m[38;2;229;229;229m[48;2;229;229;229m▀[0m[38;2;151;229;229m[48;2;110;229;229m▀[0m[38;2;42;25;23m[48;2;37;37;36m▀[0m
[38;2;0;0;0m[48;2;0;0;0m▀[0m[38;2;0;0;0m[48;2;0;0;0m▀[0m[38;2;0;0;0m[48;2;0;3;4m▀[0m[38;2;74;87;94m[48;2;27;47;51m▀[0m[38;2;107;42;45m[48;2;117;140;144m▀[0m[38;2;0;0;0m[48;2;0;0;0m▀[0m[38;2;229;229;229m[48;2;191;215;217m▀[0m[38;2;0;0;0m[48;2;21;27;23m▀[0m[38;2;0;0;0m[48;2;229;229;229m▀[0m[38;2;0;0;0m[48;2;229;229;229m▀[0m[38;2;177;197;197m[48;2;0;0;0m▀[0m[38;2;135;155;155m[48;2;0;0;0m▀[0m[38;2;229;229;229m[48;2;58;127;126m▀[0m[38;2;229;229;229m[48;2;229;229;229m▀[0m[38;2;229;229;229m[48;2;229;229;229m▀[0m[38;2;23;27;29m[48;2;229;229;229m▀[0m[38;2;1;25;33m[48;2;210;218;218m▀[0m[38;2;194;229;229m[48;2;210;212;210m▀[0m[38;2;189;206;204m[48;2;229;229;229m▀[0m[38;2;191;198;202m[48;2;229;229;229m▀[0m[38;2;229;229;229m[48;2;229;229;229m▀[0m[38;2;229;229;229m[48;2;229;229;229m▀[0m[38;2;229;229;227m[48;2;191;229;229m▀[0m[38;2;229;229;229m[48;2;229;229;229m▀[0m[38;2;220;229;229m[48;2;229;229;229m▀[0m[38;2;229;229;229m[48;2;229;229;229m▀[0m[38;2;110;155;169m[48;2;140;175;186m▀[0m[38;2;135;220;229m[48;2;0;75;113m▀[0m[38;2;229;229;229m[48;2;229;229;229m▀[0m[38;2;229;229;229m[48;2;229;229;229m▀[0m[38;2;229;229;229m[48;2;49;96;117m▀[0m[38;2;16;59;78m[48;2;0;0;0m▀[0m[38;2;0;0;0m[48;2;0;0;0m▀[0m[38;2;0;0;0m[48;2;0;0;0m▀[0m[38;2;0;0;0m[48;2;0;0;0m▀[0m[38;2;0;0;0m[48;2;0;0;0m▀[0m[38;2;0;0;0m[48;2;0;0;0m▀[0m[38;2;0;0;0m[48;2;0;0;0m▀[0m[38;2;0;20;41m[48;2;0;0;0m▀[0m[38;2;0;0;0m[48;2;0;0;0m▀[0m[38;2;54;34;24m[48;2;111;112;108m▀[0m[38;2;216;229;229m[48;2;229;229;229m▀[0m[38;2;24;142;193m[48;2;0;89;129m▀[0m[38;2;31;31;29m[48;2;0;0;0m▀[0m
[38;2;0;0;0m[48;2;12;15;17m▀[0m[38;2;0;0;0m[48;2;0;0;0m▀[0m[38;2;13;17;18m[48;2;81;102;103m▀[0m[38;2;5;12;11m[48;2;0;0;0m▀[0m[38;2;109;125;126m[48;2;217;229;229m▀[0m[38;2;60;71;73m[48;2;42;54;56m▀[0m[38;2;170;189;189m[48;2;18;31;30m▀[0m[38;2;135;153;149m[48;2;39;51;50m▀[0m[38;2;229;229;229m[48;2;229;229;229m▀[0m[38;2;229;229;229m[48;2;229;229;229m▀[0m[38;2;229;229;229m[48;2;229;229;229m▀[0m[38;2;0;0;0m[48;2;229;229;229m▀[0m[38;2;165;0;0m[48;2;184;0;0m▀[0m[38;2;229;229;229m[48;2;77;58;73m▀[0m[38;2;229;229;229m[48;2;229;229;229m▀[0m[38;2;229;229;229m[48;2;229;229;229m▀[0m[38;2;229;229;229m[48;2;229;229;229m▀[0m[38;2;163;170;171m[48;2;229;229;229m▀[0m[38;2;162;150;147m[48;2;216;224;218m▀[0m[38;2;116;217;229m[48;2;83;112;126m▀[0m[38;2;229;229;229m[48;2;87;134;148m▀[0m[38;2;229;229;229m[48;2;99;184;220m▀[0m[38;2;72;218;229m[48;2;23;131;183m▀[0m[38;2;198;229;229m[48;2;54;130;171m▀[0m[38;2;229;229;229m[48;2;61;116;148m▀[0m[38;2;229;229;229m[48;2;81;124;147m▀[0m[38;2;111;151;167m[48;2;0;10;30m▀[0m[38;2;0;0;0m[48;2;0;0;0m▀[0m[38;2;4;58;96m[48;2;0;0;0m▀[0m[38;2;0;24;54m[48;2;0;0;0m▀[0m[38;2;0;0;0m[48;2;171;195;204m▀[0m[38;2;0;0;0m[48;2;0;0;0m▀[0m[38;2;0;0;0m[48;2;0;0;0m▀[0m[38;2;0;0;0m[48;2;0;0;0m▀[0m[38;2;0;0;0m[48;2;0;0;0m▀[0m[38;2;0;0;0m[48;2;0;0;0m▀[0m[38;2;0;0;0m[48;2;0;0;0m▀[0m[38;2;0;0;0m[48;2;0;0;0m▀[0m[38;2;0;0;0m[48;2;0;0;0m▀[0m[38;2;0;0;0m[48;2;171;178;176m▀[0m[38;2;229;229;229m[48;2;229;229;229m▀[0m[38;2;229;229;229m[48;2;229;229;229m▀[0m[38;2;125;163;175m[48;2;227;229;229m▀[0m[38;2;0;0;0m[48;2;0;0;0m▀[0m
[38;2;229;229;229m[48;2;229;229;229m▀[0m[38;2;0;0;0m[48;2;177;191;189m▀[0m[38;2;1;15;18m[48;2;0;0;0m▀[0m[38;2;24;0;0m[48;2;35;0;0m▀[0m[38;2;95;130;133m[48;2;0;0;0m▀[0m[38;2;229;229;229m[48;2;229;229;229m▀[0m[38;2;0;0;0m[48;2;229;229;229m▀[0m[38;2;0;0;0m[48;2;0;0;0m▀[0m[38;2;229;229;229m[48;2;138;153;149m▀[0m[38;2;229;229;229m[48;2;229;229;229m▀[0m[38;2;229;229;229m[48;2;229;229;229m▀[0m[38;2;229;229;229m[48;2;229;229;229m▀[0m[38;2;229;229;229m[48;2;229;229;229m▀[0m[38;2;116;229;229m[48;2;229;229;229m▀[0m[38;2;225;229;229m[48;2;229;229;229m▀[0m[38;2;229;229;229m[48;2;229;229;229m▀[0m[38;2;229;229;229m[48;2;229;229;229m▀[0m[38;2;229;229;229m[48;2;229;229;229m▀[0m[38;2;229;229;229m[48;2;229;229;229m▀[0m[38;2;229;229;229m[48;2;229;229;229m▀[0m[38;2;229;229;229m[48;2;229;229;229m▀[0m[38;2;132;155;162m[48;2;229;207;199m▀[0m[38;2;27;51;72m[48;2;229;212;204m▀[0m[38;2;9;52;83m[48;2;118;132;137m▀[0m[38;2;35;78;108m[48;2;18;45;65m▀[0m[38;2;21;48;67m[48;2;85;148;169m▀[0m[38;2;18;42;53m[48;2;42;73;83m▀[0m[38;2;134;173;185m[48;2;59;92;108m▀[0m[38;2;229;229;229m[48;2;229;229;229m▀[0m[38;2;229;229;229m[48;2;229;229;229m▀[0m[38;2;229;229;229m[48;2;171;229;229m▀[0m[38;2;0;0;0m[48;2;0;0;0m▀[0m[38;2;0;0;0m[48;2;0;0;0m▀[0m[38;2;0;0;0m[48;2;0;0;0m▀[0m[38;2;0;0;0m[48;2;0;0;0m▀[0m[38;2;0;0;0m[48;2;0;0;0m▀[0m[38;2;0;0;0m[48;2;0;0;0m▀[0m[38;2;0;0;0m[48;2;0;0;0m▀[0m[38;2;0;0;0m[48;2;0;0;1m▀[0m[38;2;229;229;229m[48;2;10;84;118m▀[0m[38;2;229;229;229m[48;2;0;81;124m▀[0m[38;2;209;229;229m[48;2;0;0;0m▀[0m[38;2;18;51;59m[48;2;0;0;0m▀[0m[38;2;0;0;0m[48;2;32;71;99m▀[0m
