[38;2;0;0;0m[48;2;0;0;0m▀[0m[38;2;220;192;189m[48;2;255;255;255m▀[0m[38;2;84;117;129m[48;2;169;166;158m▀[0m[38;2;72;192;232m[48;2;0;0;45m▀[0m[38;2;255;255;255m[48;2;26;177;245m▀[0m[38;2;255;255;255m[48;2;0;6;9m▀[0m[38;2;0;0;0m[48;2;0;0;0m▀[0m[38;2;0;0;0m[48;2;37;0;0m▀[0m[38;2;74;6;6m[48;2;32;4;4m▀[0m[38;2;0;0;0m[48;2;0;0;0m▀[0m[38;2;0;0;0m[48;2;0;0;0m▀[0m[38;2;50;0;0m[48;2;0;0;0m▀[0m[38;2;56;34;33m[48;2;43;0;0m▀[0m[38;2;180;237;241m[48;2;0;0;0m▀[0m[38;2;255;255;255m[48;2;255;255;255m▀[0m[38;2;255;255;255m[48;2;255;255;255m▀[0m[38;2;182;75;75m[48;2;239;0;0m▀[0m[38;2;63;113;112m[48;2;0;56;57m▀[0m[38;2;0;0;0m[48;2;0;0;0m▀[0m[38;2;0;0;0m[48;2;0;0;0m▀[0m[38;2;0;0;0m[48;2;81;113;126m▀[0m[38;2;0;28;48m[48;2;161;255;255m▀[0m[38;2;0;0;0m[48;2;44;181;208m▀[0m[38;2;0;0;0m[48;2;0;0;0m▀[0m[38;2;0;0;0m[48;2;0;0;0m▀[0m[38;2;0;0;0m[48;2;0;0;0m▀[0m[38;2;0;0;0m[48;2;61;0;0m▀[0m[38;2;0;0;0m[48;2;150;44;54m▀[0m[38;2;0;0;0m[48;2;217;255;255m▀[0m[38;2;0;0;0m[48;2;230;255;255m▀[0m[38;2;19;18;6m[48;2;0;6;16m▀[0m[38;2;73;78;75m[48;2;0;0;0m▀[0m[38;2;0;0;0m[48;2;76;73;73m▀[0m[38;2;0;0;0m[48;2;0;0;0m▀[0m[38;2;0;0;0m[48;2;0;0;0m▀[0m[38;2;74;89;87m[48;2;31;47;49m▀[0m[38;2;0;0;0m[48;2;49;64;76m▀[0m[38;2;0;0;0m[48;2;79;113;115m▀[0m[38;2;205;255;255m[48;2;172;255;255m▀[0m[38;2;228;255;255m[48;2;255;255;255m▀[0m[38;2;255;255;252m[48;2;163;193;189m▀[0m[38;2;255;255;243m[48;2;210;255;255m▀[0m[38;2;90;188;216m[48;2;0;0;2m▀[0m[38;2;0;0;0m[48;2;211;222;222m▀[0m
[38;2;0;19;22m[48;2;85;100;108m▀[0m[38;2;255;255;255m[48;2;152;175;175m▀[0m[38;2;255;255;255m[48;2;255;255;255m▀[0m[38;2;0;0;0m[48;2;19;14;18m▀[0m[38;2;0;0;0m[48;2;0;0;0m▀[0m[38;2;0;0;0m[48;2;0;0;0m▀[0m[38;2;0;0;0m[48;2;5;2;6m▀[0m[38;2;58;2;1m[48;2;11;7;11m▀[0m[38;2;0;0;0m[48;2;0;0;0m▀[0m[38;2;0;0;0m[48;2;0;0;0m▀[0m[38;2;0;0;0m[48;2;0;0;0m▀[0m[38;2;0;0;0m[48;2;0;0;0m▀[0m[38;2;0;0;0m[48;2;0;0;0m▀[0m[38;2;0;0;0m[48;2;0;31;33m▀[0m[38;2;0;0;0m[48;2;130;191;196m▀[0m[38;2;0;0;0m[48;2;253;255;255m▀[0m[38;2;80;58;62m[48;2;93;0;0m▀[0m[38;2;0;0;0m[48;2;0;0;0m▀[0m[38;2;0;0;0m[48;2;41;5;5m▀[0m[38;2;93;182;190m[48;2;255;26;28m▀[0m[38;2;255;255;255m[48;2;255;251;250m▀[0m[38;2;255;255;255m[48;2;255;255;255m▀[0m[38;2;89;255;255m[48;2;0;78;96m▀[0m[38;2;2;54;77m[48;2;0;31;45m▀[0m[38;2;0;0;0m[48;2;122;134;132m▀[0m[38;2;0;0;0m[48;2;0;0;0m▀[0m[38;2;0;0;0m[48;2;0;0;0m▀[0m[38;2;255;255;255m[48;2;222;217;225m▀[0m[38;2;255;255;255m[48;2;255;255;255m▀[0m[38;2;249;255;255m[48;2;255;255;255m▀[0m[38;2;255;255;255m[48;2;255;255;255m▀[0m[38;2;0;33;54m[48;2;255;255;255m▀[0m[38;2;0;0;0m[48;2;0;21;33m▀[0m[38;2;52;52;56m[48;2;0;0;0m▀[0m[38;2;0;0;0m[48;2;0;0;1m▀[0m[38;2;114;137;137m[48;2;233;255;252m▀[0m[38;2;255;255;255m[48;2;255;255;255m▀[0m[38;2;207;255;255m[48;2;121;255;255m▀[0m[38;2;180;255;255m[48;2;255;255;255m▀[0m[38;2;255;255;255m[48;2;231;230;227m▀[0m[38;2;162;142;140m[48;2;255;0;0m▀[0m[38;2;255;6;0m[48;2;255;2;0m▀[0m[38;2;255;255;255m[48;2;246;255;255m▀[0m[38;2;139;173;179m[48;2;51;74;77m▀[0m
[38;2;255;255;255m[48;2;185;255;255m▀[0m[38;2;255;255;255m[48;2;235;235;235m▀[0m[38;2;255;255;255m[48;2;255;255;255m▀[0m[38;2;29;94;119m[48;2;111;228;255m▀[0m[38;2;0;0;0m[48;2;0;0;0m▀[0m[38;2;0;0;0m[48;2;237;254;252m▀[0m[38;2;0;1;1m[48;2;197;228;230m▀[0m[38;2;0;0;0m[48;2;0;0;0m▀[0m[38;2;0;0;0m[48;2;0;0;0m▀[0m[38;2;0;0;0m[48;2;0;0;0m▀[0m[38;2;0;0;0m[48;2;0;0;0m▀[0m[38;2;0;0;0m[48;2;0;0;0m▀[0m[38;2;0;0;0m[48;2;0;0;0m▀[0m[38;2;52;42;48m[48;2;19;0;0m▀[0m[38;2;255;255;255m[48;2;255;255;255m▀[0m[38;2;255;255;255m[48;2;214;242;250m▀[0m[38;2;0;0;0m[48;2;0;0;0m▀[0m[38;2;0;25;22m[48;2;40;15;22m▀[0m[38;2;255;213;213m[48;2;255;0;0m▀[0m[38;2;255;143;143m[48;2;255;79;82m▀[0m[38;2;255;255;255m[48;2;255;255;255m▀[0m[38;2;217;255;255m[48;2;135;255;255m▀[0m[38;2;0;0;0m[48;2;128;139;136m▀[0m[38;2;0;0;0m[48;2;255;255;255m▀[0m[38;2;255;255;255m[48;2;255;255;255m▀[0m[38;2;255;255;255m[48;2;174;208;208m▀[0m[38;2;112;120;121m[48;2;25;38;41m▀[0m[38;2;120;126;125m[48;2;66;98;102m▀[0m[38;2;208;240;244m[48;2;0;0;0m▀[0m[38;2;240;255;255m[48;2;108;164;174m▀[0m[38;2;255;255;255m[48;2;200;216;227m▀[0m[38;2;255;255;255m[48;2;255;255;255m▀[0m[38;2;255;255;255m[48;2;255;255;255m▀[0m[38;2;0;0;0m[48;2;0;0;0m▀[0m[38;2;0;0;0m[48;2;0;0;0m▀[0m[38;2;255;255;255m[48;2;150;169;170m▀[0m[38;2;255;255;255m[48;2;255;255;255m▀[0m[38;2;253;255;255m[48;2;255;255;255m▀[0m[38;2;255;255;255m[48;2;143;232;235m▀[0m[38;2;218;255;255m[48;2;222;239;235m▀[0m[38;2;144;185;187m[48;2;255;0;0m▀[0m[38;2;166;251;251m[48;2;255;107;105m▀[0m[38;2;255;255;255m[48;2;255;255;255m▀[0m[38;2;67;91;91m[48;2;0;0;0m▀[0m
[38;2;32;78;86m[48;2;255;85;90m▀[0m[38;2;165;226;228m[48;2;255;173;171m▀[0m[38;2;255;255;255m[48;2;220;255;255m▀[0m[38;2;255;255;255m[48;2;255;255;255m▀[0m[38;2;0;54;89m[48;2;101;255;255m▀[0m[38;2;255;255;255m[48;2;255;255;255m▀[0m[38;2;255;255;255m[48;2;255;255;255m▀[0m[38;2;0;0;0m[48;2;0;0;0m▀[0m[38;2;0;0;0m[48;2;0;0;0m▀[0m[38;2;0;0;0m[48;2;0;0;0m▀[0m[38;2;0;0;0m[48;2;0;0;0m▀[0m[38;2;0;0;0m[48;2;0;0;0m▀[0m[38;2;0;0;0m[48;2;0;0;0m▀[0m[38;2;20;23;19m[48;2;0;1;0m▀[0m[38;2;255;255;255m[48;2;255;38;32m▀[0m[38;2;126;34;30m[48;2;0;0;0m▀[0m[38;2;0;0;0m[48;2;63;0;0m▀[0m[38;2;255;0;0m[48;2;255;0;0m▀[0m[38;2;255;3;0m[48;2;255;0;0m▀[0m[38;2;255;0;0m[48;2;255;0;0m▀[0m[38;2;87;122;140m[48;2;0;0;0m▀[0m[38;2;5;154;168m[48;2;0;89;95m▀[0m[38;2;129;135;134m[48;2;255;255;255m▀[0m[38;2;207;223;225m[48;2;226;231;230m▀[0m[38;2;255;255;255m[48;2;162;175;179m▀[0m[38;2;0;0;0m[48;2;62;69;72m▀[0m[38;2;0;0;0m[48;2;96;99;96m▀[0m[38;2;0;0;0m[48;2;163;172;170m▀[0m[38;2;0;0;0m[48;2;255;255;255m▀[0m[38;2;102;132;144m[48;2;255;255;255m▀[0m[38;2;252;255;255m[48;2;255;255;255m▀[0m[38;2;248;255;255m[48;2;255;255;255m▀[0m[38;2;205;232;237m[48;2;255;255;255m▀[0m[38;2;0;0;0m[48;2;122;121;121m▀[0m[38;2;0;0;0m[48;2;0;0;0m▀[0m[38;2;0;0;8m[48;2;0;0;0m▀[0m[38;2;255;255;255m[48;2;0;153;190m▀[0m[38;2;134;231;255m[48;2;78;211;246m▀[0m[38;2;133;255;255m[48;2;255;255;255m▀[0m[38;2;255;30;26m[48;2;188;205;203m▀[0m[38;2;255;0;0m[48;2;255;110;105m▀[0m[38;2;255;255;255m[48;2;255;208;215m▀[0m[38;2;135;210;219m[48;2;0;0;0m▀[0m[38;2;0;0;0m[48;2;0;0;0m▀[0m
[38;2;239;227;237m[48;2;177;239;245m▀[0m[38;2;255;0;0m[48;2;99;94;96m▀[0m[38;2;185;120;129m[48;2;188;170;173m▀[0m[38;2;255;255;255m[48;2;110;177;181m▀[0m[38;2;165;255;255m[48;2;255;255;255m▀[0m[38;2;249;255;255m[48;2;255;255;255m▀[0m[38;2;255;255;255m[48;2;255;255;255m▀[0m[38;2;0;0;0m[48;2;0;0;0m▀[0m[38;2;0;0;0m[48;2;0;0;0m▀[0m[38;2;0;0;0m[48;2;0;15;31m▀[0m[38;2;0;0;0m[48;2;0;0;0m▀[0m[38;2;0;0;0m[48;2;0;0;0m▀[0m[38;2;0;0;0m[48;2;0;0;0m▀[0m[38;2;0;0;0m[48;2;0;0;0m▀[0m[38;2;121;11;13m[48;2;73;23;25m▀[0m[38;2;0;29;29m[48;2;0;0;0m▀[0m[38;2;137;0;0m[48;2;0;14;14m▀[0m[38;2;255;230;225m[48;2;255;255;255m▀[0m[38;2;255;0;0m[48;2;234;206;218m▀[0m[38;2;255;0;0m[48;2;0;0;0m▀[0m[38;2;0;0;0m[48;2;132;222;220m▀[0m[38;2;205;255;255m[48;2;154;204;205m▀[0m[38;2;255;255;255m[48;2;255;255;255m▀[0m[38;2;255;255;255m[48;2;217;227;227m▀[0m[38;2;164;185;196m[48;2;255;255;255m▀[0m[38;2;158;182;185m[48;2;13;42;46m▀[0m[38;2;44;44;40m[48;2;165;174;174m▀[0m[38;2;223;237;236m[48;2;255;255;255m▀[0m[38;2;255;255;255m[48;2;255;255;255m▀[0m[38;2;255;255;255m[48;2;76;127;129m▀[0m[38;2;255;255;255m[48;2;205;255;255m▀[0m[38;2;255;255;255m[48;2;199;233;237m▀[0m[38;2;255;255;255m[48;2;211;215;216m▀[0m[38;2;255;255;255m[48;2;255;255;255m▀[0m[38;2;48;75;82m[48;2;255;255;255m▀[0m[38;2;0;0;0m[48;2;0;0;5m▀[0m[38;2;0;4;34m[48;2;0;0;0m▀[0m[38;2;162;255;255m[48;2;210;255;255m▀[0m[38;2;248;255;255m[48;2;255;156;147m▀[0m[38;2;239;222;222m[48;2;255;0;0m▀[0m[38;2;255;28;28m[48;2;255;0;0m▀[0m[38;2;150;68;68m[48;2;144;0;0m▀[0m[38;2;0;0;0m[48;2;0;0;0m▀[0m[38;2;0;0;0m[48;2;0;0;0m▀[0m
[38;2;255;27;29m[48;2;163;221;221m▀[0m[38;2;255;0;0m[48;2;255;0;0m▀[0m[38;2;240;255;255m[48;2;255;241;239m▀[0m[38;2;215;255;255m[48;2;255;255;255m▀[0m[38;2;192;255;255m[48;2;93;202;228m▀[0m[38;2;255;255;255m[48;2;242;255;255m▀[0m[38;2;255;255;255m[48;2;255;255;255m▀[0m[38;2;0;0;0m[48;2;0;0;0m▀[0m[38;2;0;84;111m[48;2;255;255;255m▀[0m[38;2;255;255;255m[48;2;255;255;255m▀[0m[38;2;33;60;65m[48;2;98;226;255m▀[0m[38;2;0;0;0m[48;2;0;0;0m▀[0m[38;2;0;0;0m[48;2;0;0;0m▀[0m[38;2;0;0;0m[48;2;0;0;0m▀[0m[38;2;43;0;0m[48;2;41;4;3m▀[0m[38;2;34;47;50m[48;2;73;64;64m▀[0m[38;2;236;255;255m[48;2;255;255;255m▀[0m[38;2;0;0;0m[48;2;0;0;0m▀[0m[38;2;0;46;51m[48;2;74;97;101m▀[0m[38;2;36;69;72m[48;2;255;255;255m▀[0m[38;2;255;255;255m[48;2;255;255;255m▀[0m[38;2;64;99;98m[48;2;48;83;89m▀[0m[38;2;255;255;255m[48;2;243;255;255m▀[0m[38;2;236;255;255m[48;2;151;240;255m▀[0m[38;2;6;59;73m[48;2;0;20;40m▀[0m[38;2;54;64;62m[48;2;186;186;180m▀[0m[38;2;255;255;255m[48;2;255;255;255m▀[0m[38;2;255;255;255m[48;2;255;255;255m▀[0m[38;2;201;239;242m[48;2;255;255;255m▀[0m[38;2;69;47;59m[48;2;255;255;255m▀[0m[38;2;21;0;0m[48;2;49;95;129m▀[0m[38;2;54;120;130m[48;2;0;13;24m▀[0m[38;2;207;226;227m[48;2;71;92;98m▀[0m[38;2;255;255;255m[48;2;255;255;255m▀[0m[38;2;255;255;255m[48;2;255;255;255m▀[0m[38;2;0;0;0m[48;2;69;74;74m▀[0m[38;2;0;0;0m[48;2;37;50;41m▀[0m[38;2;255;255;255m[48;2;255;255;255m▀[0m[38;2;231;211;221m[48;2;0;148;208m▀[0m[38;2;82;172;213m[48;2;83;255;255m▀[0m[38;2;255;184;193m[48;2;255;246;248m▀[0m[38;2;27;0;0m[48;2;0;0;0m▀[0m[38;2;0;4;14m[48;2;0;0;0m▀[0m[38;2;0;14;19m[48;2;0;15;28m▀[0m
[38;2;161;217;220m[48;2;115;55;57m▀[0m[38;2;157;167;167m[48;2;255;0;0m▀[0m[38;2;155;255;255m[48;2;174;0;0m▀[0m[38;2;255;255;255m[48;2;242;203;203m▀[0m[38;2;119;200;216m[48;2;230;255;255m▀[0m[38;2;50;234;255m[48;2;39;184;232m▀[0m[38;2;255;255;255m[48;2;108;122;125m▀[0m[38;2;0;0;0m[48;2;42;26;24m▀[0m[38;2;255;255;255m[48;2;255;255;255m▀[0m[38;2;255;255;255m[48;2;109;250;255m▀[0m[38;2;0;124;177m[48;2;0;66;105m▀[0m[38;2;3;24;44m[48;2;66;181;245m▀[0m[38;2;0;0;0m[48;2;0;0;0m▀[0m[38;2;0;0;0m[48;2;0;0;0m▀[0m[38;2;0;0;0m[48;2;0;0;0m▀[0m[38;2;255;255;255m[48;2;220;252;255m▀[0m[38;2;165;187;191m[48;2;2;16;15m▀[0m[38;2;12;20;20m[48;2;0;0;0m▀[0m[38;2;155;183;186m[48;2;115;135;134m▀[0m[38;2;155;208;218m[48;2;34;38;37m▀[0m[38;2;228;255;255m[48;2;6;45;59m▀[0m[38;2;60;95;100m[48;2;0;0;0m▀[0m[38;2;0;24;31m[48;2;2;15;18m▀[0m[38;2;22;68;84m[48;2;177;175;175m▀[0m[38;2;1;9;7m[48;2;94;86;80m▀[0m[38;2;131;161;172m[48;2;55;117;144m▀[0m[38;2;255;255;255m[48;2;140;255;255m▀[0m[38;2;204;215;211m[48;2;216;227;221m▀[0m[38;2;129;134;126m[48;2;207;217;213m▀[0m[38;2;255;255;255m[48;2;255;255;255m▀[0m[38;2;255;255;255m[48;2;255;255;255m▀[0m[38;2;240;255;255m[48;2;255;255;255m▀[0m[38;2;237;255;255m[48;2;38;60;61m▀[0m[38;2;250;255;255m[48;2;16;74;95m▀[0m[38;2;255;255;255m[48;2;148;183;189m▀[0m[38;2;108;125;125m[48;2;113;129;131m▀[0m[38;2;169;167;153m[48;2;232;251;245m▀[0m[38;2;215;255;255m[48;2;231;255;255m▀[0m[38;2;0;133;190m[48;2;125;213;220m▀[0m[38;2;255;255;255m[48;2;118;0;0m▀[0m[38;2;169;0;0m[48;2;164;0;0m▀[0m[38;2;0;0;0m[48;2;0;0;0m▀[0m[38;2;0;0;0m[48;2;0;0;0m▀[0m[38;2;0;21;30m[48;2;2;19;26m▀[0m
[38;2;0;21;18m[48;2;0;0;0m▀[0m[38;2;255;198;208m[48;2;255;255;255m▀[0m[38;2;255;0;0m[48;2;94;255;255m▀[0m[38;2;255;0;0m[48;2;181;236;255m▀[0m[38;2;255;255;255m[48;2;255;211;196m▀[0m[38;2;48;177;217m[48;2;122;208;224m▀[0m[38;2;0;0;0m[48;2;0;0;0m▀[0m[38;2;254;210;198m[48;2;210;215;205m▀[0m[38;2;255;255;255m[48;2;192;255;255m▀[0m[38;2;0;97;139m[48;2;0;0;0m▀[0m[38;2;22;69;102m[48;2;38;114;155m▀[0m[38;2;92;237;255m[48;2;99;243;255m▀[0m[38;2;19;41;55m[48;2;42;110;138m▀[0m[38;2;0;0;0m[48;2;0;0;0m▀[0m[38;2;0;0;0m[48;2;0;0;0m▀[0m[38;2;0;0;0m[48;2;0;0;0m▀[0m[38;2;34;47;52m[48;2;55;74;72m▀[0m[38;2;0;0;0m[48;2;0;0;0m▀[0m[38;2;0;0;0m[48;2;0;5;13m▀[0m[38;2;0;0;0m[48;2;0;0;0m▀[0m[38;2;0;0;0m[48;2;26;38;37m▀[0m[38;2;78;97;101m[48;2;255;255;255m▀[0m[38;2;255;255;255m[48;2;255;255;255m▀[0m[38;2;255;255;255m[48;2;255;255;255m▀[0m[38;2;255;255;255m[48;2;255;255;255m▀[0m[38;2;255;255;255m[48;2;255;162;160m▀[0m[38;2;34;121;145m[48;2;255;0;0m▀[0m[38;2;219;255;255m[48;2;79;45;44m▀[0m[38;2;255;255;255m[48;2;255;255;255m▀[0m[38;2;129;210;255m[48;2;246;255;255m▀[0m[38;2;145;184;255m[48;2;0;0;217m▀[0m[38;2;255;255;255m[48;2;198;228;255m▀[0m[38;2;145;151;147m[48;2;255;255;255m▀[0m[38;2;0;0;0m[48;2;0;0;0m▀[0m[38;2;8;31;31m[48;2;39;103;95m▀[0m[38;2;94;144;135m[48;2;255;181;173m▀[0m[38;2;206;255;255m[48;2;255;24;24m▀[0m[38;2;255;255;255m[48;2;22;66;59m▀[0m[38;2;21;0;0m[48;2;206;114;137m▀[0m[38;2;255;45;51m[48;2;177;223;255m▀[0m[38;2;40;91;90m[48;2;0;0;0m▀[0m[38;2;14;38;32m[48;2;67;81;76m▀[0m[38;2;0;0;0m[48;2;0;0;0m▀[0m[38;2;0;0;0m[48;2;0;0;0m▀[0m
[38;2;0;0;0m[48;2;0;0;0m▀[0m[38;2;58;0;0m[48;2;161;0;0m▀[0m[38;2;132;147;170m[48;2;8;0;0m▀[0m[38;2;4;188;255m[48;2;99;111;138m▀[0m[38;2;245;255;255m[48;2;255;255;255m▀[0m[38;2;230;251;241m[48;2;255;255;255m▀[0m[38;2;0;0;0m[48;2;14;23;14m▀[0m[38;2;0;73;93m[48;2;0;0;0m▀[0m[38;2;15;135;170m[48;2;0;0;0m▀[0m[38;2;0;0;0m[48;2;0;0;0m▀[0m[38;2;67;173;234m[48;2;100;249;255m▀[0m[38;2;104;250;255m[48;2;48;125;157m▀[0m[38;2;21;54;66m[48;2;0;0;0m▀[0m[38;2;0;0;0m[48;2;0;0;0m▀[0m[38;2;0;0;0m[48;2;0;0;0m▀[0m[38;2;15;20;20m[48;2;0;0;0m▀[0m[38;2;56;79;84m[48;2;43;65;66m▀[0m[38;2;0;0;0m[48;2;0;0;0m▀[0m[38;2;40;59;63m[48;2;29;57;63m▀[0m[38;2;0;0;0m[48;2;198;227;234m▀[0m[38;2;255;255;255m[48;2;255;255;255m▀[0m[38;2;255;255;255m[48;2;255;255;255m▀[0m[38;2;255;255;255m[48;2;255;255;255m▀[0m[38;2;255;255;255m[48;2;255;255;255m▀[0m[38;2;255;185;182m[48;2;255;255;255m▀[0m[38;2;255;62;61m[48;2;255;255;255m▀[0m[38;2;255;255;255m[48;2;255;255;255m▀[0m[38;2;255;255;255m[48;2;255;255;255m▀[0m[38;2;218;233;235m[48;2;255;255;255m▀[0m[38;2;255;255;255m[48;2;252;255;255m▀[0m[38;2;200;255;255m[48;2;208;203;189m▀[0m[38;2;255;255;255m[48;2;0;0;0m▀[0m[38;2;143;145;131m[48;2;85;99;97m▀[0m[38;2;0;0;0m[48;2;240;189;187m▀[0m[38;2;112;149;148m[48;2;80;60;63m▀[0m[38;2;248;179;192m[48;2;0;5;9m▀[0m[38;2;95;0;0m[48;2;0;0;0m▀[0m[38;2;0;0;0m[48;2;0;0;0m▀[0m[38;2;255;255;255m[48;2;32;59;64m▀[0m[38;2;164;255;255m[48;2;83;83;74m▀[0m[38;2;0;0;0m[48;2;0;0;0m▀[0m[38;2;74;77;69m[48;2;21;39;43m▀[0m[38;2;15;12;12m[48;2;50;58;58m▀[0m[38;2;0;0;0m[48;2;0;0;0m▀[0m
[38;2;0;0;0m[48;2;0;0;0m▀[0m[38;2;45;0;0m[48;2;0;9;3m▀[0m[38;2;77;0;0m[48;2;173;224;225m▀[0m[38;2;0;0;0m[48;2;255;255;255m▀[0m[38;2;255;255;255m[48;2;222;255;255m▀[0m[38;2;255;255;255m[48;2;255;96;96m▀[0m[38;2;58;97;97m[48;2;158;75;75m▀[0m[38;2;0;0;0m[48;2;0;0;0m▀[0m[38;2;0;0;0m[48;2;0;0;0m▀[0m[38;2;16;58;79m[48;2;0;9;18m▀[0m[38;2;59;154;198m[48;2;0;0;0m▀[0m[38;2;0;0;0m[48;2;0;0;0m▀[0m[38;2;0;0;0m[48;2;2;15;15m▀[0m[38;2;0;0;0m[48;2;118;143;142m▀[0m[38;2;0;0;0m[48;2;0;0;0m▀[0m[38;2;0;0;0m[48;2;0;0;0m▀[0m[38;2;57;85;85m[48;2;96;119;122m▀[0m[38;2;0;0;0m[48;2;0;0;0m▀[0m[38;2;0;0;0m[48;2;0;0;0m▀[0m[38;2;255;255;255m[48;2;255;187;185m▀[0m[38;2;255;255;255m[48;2;255;255;255m▀[0m[38;2;255;255;255m[48;2;255;255;255m▀[0m[38;2;242;255;255m[48;2;255;255;255m▀[0m[38;2;37;167;213m[48;2;206;241;251m▀[0m[38;2;82;223;255m[48;2;0;0;1m▀[0m[38;2;255;255;255m[48;2;38;131;162m▀[0m[38;2;255;255;255m[48;2;255;255;255m▀[0m[38;2;255;255;255m[48;2;255;255;255m▀[0m[38;2;255;255;255m[48;2;255;255;255m▀[0m[38;2;255;255;255m[48;2;255;255;255m▀[0m[38;2;248;252;251m[48;2;255;255;255m▀[0m[38;2;103;124;120m[48;2;255;255;255m▀[0m[38;2;58;72;71m[48;2;0;0;0m▀[0m[38;2;51;43;46m[48;2;145;57;61m▀[0m[38;2;52;0;0m[48;2;44;9;10m▀[0m[38;2;0;0;0m[48;2;151;191;196m▀[0m[38;2;169;69;71m[48;2;133;142;145m▀[0m[38;2;56;64;65m[48;2;118;191;202m▀[0m[38;2;48;54;54m[48;2;59;89;96m▀[0m[38;2;0;0;0m[48;2;8;0;0m▀[0m[38;2;0;0;0m[48;2;0;0;0m▀[0m[38;2;235;255;255m[48;2;255;255;255m▀[0m[38;2;150;154;153m[48;2;255;255;255m▀[0m[38;2;0;0;0m[48;2;0;0;0m▀[0m
[38;2;0;0;0m[48;2;0;0;0m▀[0m[38;2;0;0;0m[48;2;0;0;0m▀[0m[38;2;125;231;255m[48;2;128;147;153m▀[0m[38;2;0;11;26m[48;2;0;26;48m▀[0m[38;2;173;255;253m[48;2;152;214;222m▀[0m[38;2;255;94;84m[48;2;162;28;28m▀[0m[38;2;255;0;0m[48;2;255;0;0m▀[0m[38;2;0;0;0m[48;2;1;9;8m▀[0m[38;2;0;0;0m[48;2;0;0;0m▀[0m[38;2;0;0;0m[48;2;0;0;0m▀[0m[38;2;0;0;0m[48;2;0;0;0m▀[0m[38;2;0;0;0m[48;2;94;0;0m▀[0m[38;2;8;0;0m[48;2;64;0;0m▀[0m[38;2;99;131;129m[48;2;0;0;0m▀[0m[38;2;33;44;44m[48;2;96;110;110m▀[0m[38;2;0;0;0m[48;2;175;189;189m▀[0m[38;2;166;191;191m[48;2;220;248;240m▀[0m[38;2;0;0;0m[48;2;0;0;0m▀[0m[38;2;39;0;0m[48;2;166;8;12m▀[0m[38;2;255;0;0m[48;2;255;223;223m▀[0m[38;2;255;210;210m[48;2;255;249;249m▀[0m[38;2;255;255;255m[48;2;255;241;243m▀[0m[38;2;255;255;255m[48;2;255;255;255m▀[0m[38;2;255;255;255m[48;2;255;255;255m▀[0m[38;2;255;255;255m[48;2;255;255;255m▀[0m[38;2;145;155;158m[48;2;255;255;255m▀[0m[38;2;82;140;160m[48;2;250;249;250m▀[0m[38;2;255;255;255m[48;2;94;139;162m▀[0m[38;2;255;255;255m[48;2;173;220;237m▀[0m[38;2;255;255;255m[48;2;255;255;255m▀[0m[38;2;255;255;255m[48;2;255;255;255m▀[0m[38;2;37;55;57m[48;2;0;0;0m▀[0m[38;2;0;0;0m[48;2;0;0;0m▀[0m[38;2;36;10;8m[48;2;218;252;255m▀[0m[38;2;213;255;255m[48;2;0;0;0m▀[0m[38;2;32;9;10m[48;2;0;0;0m▀[0m[38;2;0;0;0m[48;2;33;61;65m▀[0m[38;2;139;33;34m[48;2;0;0;0m▀[0m[38;2;0;0;0m[48;2;245;204;201m▀[0m[38;2;0;0;0m[48;2;0;0;0m▀[0m[38;2;0;13;34m[48;2;0;33;50m▀[0m[38;2;255;255;255m[48;2;255;255;255m▀[0m[38;2;255;255;255m[48;2;255;255;255m▀[0m[38;2;0;0;0m[48;2;0;0;0m▀[0m
[38;2;0;0;0m[48;2;0;0;0m▀[0m[38;2;0;0;0m[48;2;0;0;0m▀[0m[38;2;156;166;164m[48;2;81;91;94m▀[0m[38;2;67;155;192m[48;2;226;255;255m▀[0m[38;2;0;33;46m[48;2;0;0;0m▀[0m[38;2;0;0;0m[48;2;0;0;0m▀[0m[38;2;0;0;0m[48;2;0;0;0m▀[0m[38;2;86;57;51m[48;2;49;77;80m▀[0m[38;2;0;14;14m[48;2;136;155;155m▀[0m[38;2;0;0;0m[48;2;177;195;195m▀[0m[38;2;0;0;0m[48;2;82;99;96m▀[0m[38;2;0;0;0m[48;2;16;36;31m▀[0m[38;2;0;0;0m[48;2;0;0;0m▀[0m[38;2;0;0;0m[48;2;0;0;0m▀[0m[38;2;0;0;0m[48;2;0;0;0m▀[0m[38;2;58;66;71m[48;2;0;0;0m▀[0m[38;2;13;18;16m[48;2;0;0;0m▀[0m[38;2;0;0;0m[48;2;113;167;173m▀[0m[38;2;255;255;255m[48;2;255;255;255m▀[0m[38;2;255;150;150m[48;2;255;255;255m▀[0m[38;2;255;239;238m[48;2;255;243;245m▀[0m[38;2;255;255;255m[48;2;255;255;255m▀[0m[38;2;255;255;255m[48;2;255;255;255m▀[0m[38;2;255;255;255m[48;2;255;255;255m▀[0m[38;2;243;255;255m[48;2;255;255;255m▀[0m[38;2;240;255;255m[48;2;188;255;255m▀[0m[38;2;255;255;255m[48;2;255;255;255m▀[0m[38;2;255;255;255m[48;2;255;255;255m▀[0m[38;2;161;182;191m[48;2;255;255;255m▀[0m[38;2;68;115;142m[48;2;244;252;253m▀[0m[38;2;203;242;255m[48;2;0;0;0m▀[0m[38;2;0;0;0m[48;2;0;0;0m▀[0m[38;2;29;30;26m[48;2;169;244;255m▀[0m[38;2;129;132;127m[48;2;19;44;59m▀[0m[38;2;0;0;0m[48;2;165;192;191m▀[0m[38;2;255;255;255m[48;2;255;255;255m▀[0m[38;2;255;255;255m[48;2;255;255;255m▀[0m[38;2;193;255;255m[48;2;255;255;255m▀[0m[38;2;255;255;255m[48;2;255;255;255m▀[0m[38;2;181;180;175m[48;2;255;255;255m▀[0m[38;2;11;65;79m[48;2;115;149;155m▀[0m[38;2;255;255;255m[48;2;255;255;255m▀[0m[38;2;255;255;255m[48;2;255;255;255m▀[0m[38;2;0;0;0m[48;2;33;0;0m▀[0m
[38;2;0;0;0m[48;2;0;0;0m▀[0m[38;2;0;0;0m[48;2;0;0;0m▀[0m[38;2;0;0;0m[48;2;0;0;0m▀[0m[38;2;95;124;124m[48;2;84;98;100m▀[0m[38;2;0;0;0m[48;2;33;0;0m▀[0m[38;2;0;4;5m[48;2;57;92;93m▀[0m[38;2;0;0;0m[48;2;238;255;255m▀[0m[38;2;130;139;143m[48;2;0;0;0m▀[0m[38;2;255;255;255m[48;2;13;25;27m▀[0m[38;2;200;218;220m[48;2;255;255;255m▀[0m[38;2;130;152;152m[48;2;161;171;175m▀[0m[38;2;102;113;113m[48;2;109;121;125m▀[0m[38;2;95;114;114m[48;2;230;244;248m▀[0m[38;2;0;0;0m[48;2;255;255;255m▀[0m[38;2;0;0;0m[48;2;49;6;8m▀[0m[38;2;0;0;0m[48;2;0;0;0m▀[0m[38;2;8;38;41m[48;2;0;0;0m▀[0m[38;2;255;255;255m[48;2;210;255;255m▀[0m[38;2;255;255;255m[48;2;254;255;255m▀[0m[38;2;255;255;255m[48;2;231;255;255m▀[0m[38;2;255;255;255m[48;2;255;255;255m▀[0m[38;2;255;255;255m[48;2;255;255;255m▀[0m[38;2;255;255;255m[48;2;255;245;245m▀[0m[38;2;255;255;255m[48;2;255;255;255m▀[0m[38;2;255;255;255m[48;2;249;255;255m▀[0m[38;2;222;255;255m[48;2;255;255;255m▀[0m[38;2;211;255;255m[48;2;119;187;199m▀[0m[38;2;255;255;255m[48;2;255;255;255m▀[0m[38;2;250;255;255m[48;2;255;255;255m▀[0m[38;2;255;255;255m[48;2;255;255;255m▀[0m[38;2;105;111;110m[48;2;255;255;255m▀[0m[38;2;0;0;0m[48;2;0;0;0m▀[0m[38;2;52;78;90m[48;2;0;0;0m▀[0m[38;2;143;209;245m[48;2;0;0;0m▀[0m[38;2;231;255;255m[48;2;2;11;16m▀[0m[38;2;255;255;255m[48;2;57;109;136m▀[0m[38;2;255;255;255m[48;2;100;186;233m▀[0m[38;2;255;255;255m[48;2;191;255;255m▀[0m[38;2;255;255;255m[48;2;255;255;255m▀[0m[38;2;227;255;255m[48;2;52;124;154m▀[0m[38;2;134;152;152m[48;2;42;38;33m▀[0m[38;2;255;255;255m[48;2;255;255;255m▀[0m[38;2;178;255;255m[48;2;130;255;255m▀[0m[38;2;49;29;27m[48;2;44;44;42m▀[0m
[38;2;0;0;0m[48;2;0;0;0m▀[0m[38;2;0;0;0m[48;2;0;0;0m▀[0m[38;2;0;0;0m[48;2;0;4;5m▀[0m[38;2;87;102;111m[48;2;31;56;60m▀[0m[38;2;126;49;52m[48;2;137;165;169m▀[0m[38;2;0;0;0m[48;2;0;0;0m▀[0m[38;2;255;255;255m[48;2;225;253;255m▀[0m[38;2;0;0;0m[48;2;25;31;27m▀[0m[38;2;0;0;0m[48;2;255;255;255m▀[0m[38;2;0;0;0m[48;2;255;255;255m▀[0m[38;2;208;232;232m[48;2;0;0;0m▀[0m[38;2;158;183;183m[48;2;0;0;0m▀[0m[38;2;255;255;255m[48;2;68;150;149m▀[0m[38;2;255;255;255m[48;2;255;255;255m▀[0m[38;2;255;255;255m[48;2;255;255;255m▀[0m[38;2;27;32;34m[48;2;255;255;255m▀[0m[38;2;2;29;39m[48;2;248;255;255m▀[0m[38;2;228;255;255m[48;2;248;250;248m▀[0m[38;2;223;242;240m[48;2;255;255;255m▀[0m[38;2;225;234;238m[48;2;255;255;255m▀[0m[38;2;255;255;255m[48;2;255;255;255m▀[0m[38;2;255;255;255m[48;2;255;255;255m▀[0m[38;2;255;255;255m[48;2;225;255;255m▀[0m[38;2;255;255;255m[48;2;255;255;255m▀[0m[38;2;255;255;255m[48;2;255;255;255m▀[0m[38;2;255;255;255m[48;2;255;255;255m▀[0m[38;2;130;183;199m[48;2;165;206;219m▀[0m[38;2;158;255;255m[48;2;0;89;133m▀[0m[38;2;255;255;255m[48;2;255;255;255m▀[0m[38;2;255;255;255m[48;2;255;255;255m▀[0m[38;2;255;255;255m[48;2;58;113;137m▀[0m[38;2;19;69;92m[48;2;0;0;0m▀[0m[38;2;0;0;0m[48;2;0;0;0m▀[0m[38;2;0;0;0m[48;2;0;0;0m▀[0m[38;2;0;0;0m[48;2;0;0;0m▀[0m[38;2;0;0;0m[48;2;0;0;0m▀[0m[38;2;0;0;0m[48;2;0;0;0m▀[0m[38;2;0;0;0m[48;2;0;0;0m▀[0m[38;2;0;24;48m[48;2;0;0;0m▀[0m[38;2;0;0;0m[48;2;0;0;0m▀[0m[38;2;63;40;28m[48;2;131;132;127m▀[0m[38;2;255;255;255m[48;2;255;255;255m▀[0m[38;2;28;167;227m[48;2;1;104;152m▀[0m[38;2;37;37;34m[48;2;0;0;0m▀[0m
[38;2;0;0;0m[48;2;14;18;20m▀[0m[38;2;0;0;0m[48;2;0;0;0m▀[0m[38;2;15;20;21m[48;2;96;120;121m▀[0m[38;2;6;14;13m[48;2;0;0;0m▀[0m[38;2;129;147;149m[48;2;255;255;255m▀[0m[38;2;71;83;86m[48;2;49;63;66m▀[0m[38;2;200;222;223m[48;2;22;37;36m▀[0m[38;2;160;180;175m[48;2;46;60;59m▀[0m[38;2;255;255;255m[48;2;255;255;255m▀[0m[38;2;255;255;255m[48;2;255;255;255m▀[0m[38;2;255;255;255m[48;2;255;255;255m▀[0m[38;2;0;0;0m[48;2;255;255;255m▀[0m[38;2;195;0;0m[48;2;217;0;0m▀[0m[38;2;255;255;255m[48;2;91;68;86m▀[0m[38;2;255;255;255m[48;2;255;255;255m▀[0m[38;2;255;255;255m[48;2;255;255;255m▀[0m[38;2;255;255;255m[48;2;255;255;255m▀[0m[38;2;192;200;202m[48;2;255;255;255m▀[0m[38;2;190;177;173m[48;2;255;255;255m▀[0m[38;2;136;255;255m[48;2;98;132;148m▀[0m[38;2;255;255;255m[48;2;102;157;174m▀[0m[38;2;255;255;255m[48;2;117;217;255m▀[0m[38;2;85;255;255m[48;2;27;154;216m▀[0m[38;2;233;255;255m[48;2;63;153;202m▀[0m[38;2;255;255;255m[48;2;72;136;174m▀[0m[38;2;255;255;255m[48;2;95;146;173m▀[0m[38;2;131;178;197m[48;2;0;12;36m▀[0m[38;2;0;0;0m[48;2;0;0;0m▀[0m[38;2;5;68;113m[48;2;0;0;0m▀[0m[38;2;0;28;63m[48;2;0;0;0m▀[0m[38;2;0;0;0m[48;2;201;230;240m▀[0m[38;2;0;0;0m[48;2;0;0;0m▀[0m[38;2;0;0;0m[48;2;0;0;0m▀[0m[38;2;0;0;0m[48;2;0;0;0m▀[0m[38;2;0;0;0m[48;2;0;1;1m▀[0m[38;2;0;0;0m[48;2;0;1;1m▀[0m[38;2;0;0;0m[48;2;0;0;0m▀[0m[38;2;0;0;0m[48;2;0;0;0m▀[0m[38;2;0;0;0m[48;2;0;0;0m▀[0m[38;2;0;0;0m[48;2;201;209;207m▀[0m[38;2;255;255;255m[48;2;255;255;255m▀[0m[38;2;255;255;255m[48;2;255;255;255m▀[0m[38;2;147;192;206m[48;2;255;255;255m▀[0m[38;2;0;0;0m[48;2;0;0;0m▀[0m
[38;2;255;255;255m[48;2;255;255;255m▀[0m[38;2;0;0;0m[48;2;208;225;223m▀[0m[38;2;2;18;21m[48;2;0;0;0m▀[0m[38;2;28;0;0m[48;2;41;0;0m▀[0m[38;2;112;153;156m[48;2;0;0;0m▀[0m[38;2;255;255;255m[48;2;255;255;255m▀[0m[38;2;0;0;0m[48;2;255;255;255m▀[0m[38;2;0;0;0m[48;2;0;0;0m▀[0m[38;2;255;255;255m[48;2;163;180;175m▀[0m[38;2;255;255;255m[48;2;255;255;255m▀[0m[38;2;255;255;255m[48;2;255;255;255m▀[0m[38;2;255;255;255m[48;2;255;255;255m▀[0m[38;2;255;255;255m[48;2;255;255;255m▀[0m[38;2;136;255;255m[48;2;255;255;255m▀[0m[38;2;255;255;255m[48;2;255;255;255m▀[0m[38;2;255;255;255m[48;2;255;255;255m▀[0m[38;2;255;255;255m[48;2;255;255;255m▀[0m[38;2;255;255;255m[48;2;255;255;255m▀[0m[38;2;255;255;255m[48;2;255;255;255m▀[0m[38;2;255;255;255m[48;2;255;255;255m▀[0m[38;2;255;255;255m[48;2;255;255;255m▀[0m[38;2;155;183;191m[48;2;255;244;235m▀[0m[38;2;32;60;84m[48;2;255;250;240m▀[0m[38;2;10;61;98m[48;2;139;155;162m▀[0m[38;2;41;92;128m[48;2;21;52;77m▀[0m[38;2;25;57;79m[48;2;100;174;199m▀[0m[38;2;21;49;62m[48;2;49;86;98m▀[0m[38;2;157;204;218m[48;2;69;109;128m▀[0m[38;2;255;255;255m[48;2;255;255;255m▀[0m[38;2;255;255;255m[48;2;255;255;255m▀[0m[38;2;255;255;255m[48;2;201;255;255m▀[0m[38;2;0;0;0m[48;2;0;0;0m▀[0m[38;2;0;0;0m[48;2;0;0;0m▀[0m[38;2;0;0;0m[48;2;0;0;0m▀[0m[38;2;0;1;0m[48;2;0;0;0m▀[0m[38;2;0;1;0m[48;2;0;1;0m▀[0m[38;2;0;0;0m[48;2;0;0;0m▀[0m[38;2;0;0;0m[48;2;0;0;0m▀[0m[38;2;0;0;0m[48;2;0;0;2m▀[0m[38;2;255;255;255m[48;2;12;99;139m▀[0m[38;2;255;255;255m[48;2;0;96;146m▀[0m[38;2;246;255;255m[48;2;0;0;0m▀[0m[38;2;22;60;69m[48;2;0;0;0m▀[0m[38;2;0;0;0m[48;2;38;83;117m▀[0m
