[38;2;0;0;0m[48;2;0;0;0m▀[0m[38;2;253;222;218m[48;2;255;255;255m▀[0m[38;2;97;135;148m[48;2;195;191;183m▀[0m[38;2;82;222;255m[48;2;0;0;52m▀[0m[38;2;255;255;255m[48;2;30;203;255m▀[0m[38;2;255;255;255m[48;2;0;7;10m▀[0m[38;2;0;0;0m[48;2;0;0;0m▀[0m[38;2;0;0;0m[48;2;42;0;0m▀[0m[38;2;85;7;7m[48;2;37;4;4m▀[0m[38;2;0;0;0m[48;2;0;0;0m▀[0m[38;2;0;0;0m[48;2;0;0;0m▀[0m[38;2;58;0;0m[48;2;0;0;0m▀[0m[38;2;64;40;39m[48;2;50;0;0m▀[0m[38;2;207;255;255m[48;2;0;0;0m▀[0m[38;2;255;255;255m[48;2;255;255;255m▀[0m[38;2;255;255;255m[48;2;255;255;255m▀[0m[38;2;209;86;86m[48;2;255;0;0m▀[0m[38;2;73;130;129m[48;2;0;64;65m▀[0m[38;2;0;0;0m[48;2;0;0;0m▀[0m[38;2;0;0;0m[48;2;0;0;0m▀[0m[38;2;0;0;0m[48;2;93;130;145m▀[0m[38;2;0;32;56m[48;2;185;255;255m▀[0m[38;2;0;0;0m[48;2;51;208;240m▀[0m[38;2;0;0;0m[48;2;0;0;0m▀[0m[38;2;0;0;0m[48;2;0;0;0m▀[0m[38;2;0;0;0m[48;2;0;0;0m▀[0m[38;2;0;0;0m[48;2;70;0;0m▀[0m[38;2;0;0;0m[48;2;173;51;62m▀[0m[38;2;0;0;0m[48;2;250;255;255m▀[0m[38;2;0;0;0m[48;2;255;255;255m▀[0m[38;2;21;20;7m[48;2;0;7;19m▀[0m[38;2;84;90;86m[48;2;0;0;0m▀[0m[38;2;0;0;0m[48;2;87;84;84m▀[0m[38;2;0;0;0m[48;2;0;0;0m▀[0m[38;2;0;0;0m[48;2;0;0;0m▀[0m[38;2;85;102;101m[48;2;36;54;57m▀[0m[38;2;0;0;0m[48;2;57;74;87m▀[0m[38;2;0;0;0m[48;2;91;130;132m▀[0m[38;2;236;255;255m[48;2;198;255;255m▀[0m[38;2;255;255;255m[48;2;255;255;255m▀[0m[38;2;255;255;255m[48;2;187;223;218m▀[0m[38;2;255;255;255m[48;2;242;255;255m▀[0m[38;2;103;217;248m[48;2;0;0;2m▀[0m[38;2;0;0;0m[48;2;244;255;255m▀[0m
[38;2;0;21;25m[48;2;98;115;124m▀[0m[38;2;255;255;255m[48;2;175;202;202m▀[0m[38;2;255;255;255m[48;2;255;255;255m▀[0m[38;2;0;0;0m[48;2;21;17;20m▀[0m[38;2;0;0;0m[48;2;0;0;0m▀[0m[38;2;0;0;0m[48;2;0;0;0m▀[0m[38;2;0;0;0m[48;2;6;2;7m▀[0m[38;2;67;2;1m[48;2;13;8;13m▀[0m[38;2;0;0;0m[48;2;0;0;0m▀[0m[38;2;0;0;0m[48;2;0;0;0m▀[0m[38;2;0;0;0m[48;2;0;0;0m▀[0m[38;2;0;0;0m[48;2;0;0;0m▀[0m[38;2;0;0;0m[48;2;0;0;0m▀[0m[38;2;0;0;0m[48;2;0;36;39m▀[0m[38;2;0;0;0m[48;2;150;220;225m▀[0m[38;2;0;0;0m[48;2;255;255;255m▀[0m[38;2;92;67;71m[48;2;107;0;0m▀[0m[38;2;0;0;0m[48;2;0;0;0m▀[0m[38;2;0;0;0m[48;2;47;6;6m▀[0m[38;2;107;209;219m[48;2;255;30;32m▀[0m[38;2;255;255;255m[48;2;255;255;255m▀[0m[38;2;255;255;255m[48;2;255;255;255m▀[0m[38;2;102;255;255m[48;2;0;90;111m▀[0m[38;2;2;62;89m[48;2;0;36;52m▀[0m[38;2;0;0;0m[48;2;141;154;152m▀[0m[38;2;0;0;0m[48;2;0;0;0m▀[0m[38;2;0;0;0m[48;2;0;0;0m▀[0m[38;2;255;255;255m[48;2;255;250;255m▀[0m[38;2;255;255;255m[48;2;255;255;255m▀[0m[38;2;255;255;255m[48;2;255;255;255m▀[0m[38;2;255;255;255m[48;2;255;255;255m▀[0m[38;2;0;39;62m[48;2;255;255;255m▀[0m[38;2;0;0;0m[48;2;0;24;39m▀[0m[38;2;61;61;64m[48;2;0;0;0m▀[0m[38;2;0;0;0m[48;2;0;0;1m▀[0m[38;2;131;158;158m[48;2;255;255;255m▀[0m[38;2;255;255;255m[48;2;255;255;255m▀[0m[38;2;239;255;255m[48;2;140;255;255m▀[0m[38;2;207;255;255m[48;2;255;255;255m▀[0m[38;2;255;255;255m[48;2;255;255;255m▀[0m[38;2;186;163;162m[48;2;255;0;0m▀[0m[38;2;255;7;0m[48;2;255;2;0m▀[0m[38;2;255;255;255m[48;2;255;255;255m▀[0m[38;2;161;200;206m[48;2;59;85;89m▀[0m
[38;2;255;255;255m[48;2;213;255;255m▀[0m[38;2;255;255;255m[48;2;255;255;255m▀[0m[38;2;255;255;255m[48;2;255;255;255m▀[0m[38;2;34;108;137m[48;2;128;255;255m▀[0m[38;2;0;0;0m[48;2;0;0;0m▀[0m[38;2;0;0;0m[48;2;255;255;255m▀[0m[38;2;0;1;1m[48;2;226;255;255m▀[0m[38;2;0;0;0m[48;2;0;0;0m▀[0m[38;2;0;0;0m[48;2;0;0;0m▀[0m[38;2;0;0;0m[48;2;0;0;0m▀[0m[38;2;0;0;0m[48;2;0;0;0m▀[0m[38;2;0;0;0m[48;2;0;0;0m▀[0m[38;2;0;0;0m[48;2;0;0;0m▀[0m[38;2;61;48;56m[48;2;21;0;0m▀[0m[38;2;255;255;255m[48;2;255;255;255m▀[0m[38;2;255;255;255m[48;2;246;255;255m▀[0m[38;2;0;0;0m[48;2;0;0;0m▀[0m[38;2;0;29;25m[48;2;46;18;25m▀[0m[38;2;255;245;245m[48;2;255;0;0m▀[0m[38;2;255;164;164m[48;2;255;91;95m▀[0m[38;2;255;255;255m[48;2;255;255;255m▀[0m[38;2;250;255;255m[48;2;156;255;255m▀[0m[38;2;0;0;0m[48;2;147;161;157m▀[0m[38;2;0;0;0m[48;2;255;255;255m▀[0m[38;2;255;255;255m[48;2;255;255;255m▀[0m[38;2;255;255;255m[48;2;201;240;240m▀[0m[38;2;129;139;140m[48;2;29;43;47m▀[0m[38;2;139;145;143m[48;2;76;113;118m▀[0m[38;2;240;255;255m[48;2;0;0;0m▀[0m[38;2;255;255;255m[48;2;124;189;201m▀[0m[38;2;255;255;255m[48;2;230;248;255m▀[0m[38;2;255;255;255m[48;2;255;255;255m▀[0m[38;2;255;255;255m[48;2;255;255;255m▀[0m[38;2;0;0;0m[48;2;0;0;0m▀[0m[38;2;0;0;0m[48;2;0;0;0m▀[0m[38;2;255;255;255m[48;2;173;195;196m▀[0m[38;2;255;255;255m[48;2;255;255;255m▀[0m[38;2;255;255;255m[48;2;255;255;255m▀[0m[38;2;255;255;255m[48;2;164;255;255m▀[0m[38;2;251;255;255m[48;2;255;255;255m▀[0m[38;2;165;213;215m[48;2;255;0;0m▀[0m[38;2;191;255;255m[48;2;255;123;122m▀[0m[38;2;255;255;255m[48;2;255;255;255m▀[0m[38;2;78;104;104m[48;2;0;0;0m▀[0m
[38;2;37;90;100m[48;2;255;98;103m▀[0m[38;2;190;255;255m[48;2;255;200;197m▀[0m[38;2;255;255;255m[48;2;253;255;255m▀[0m[38;2;255;255;255m[48;2;255;255;255m▀[0m[38;2;0;62;102m[48;2;117;255;255m▀[0m[38;2;255;255;255m[48;2;255;255;255m▀[0m[38;2;255;255;255m[48;2;255;255;255m▀[0m[38;2;0;0;0m[48;2;0;0;0m▀[0m[38;2;0;0;0m[48;2;0;0;0m▀[0m[38;2;0;0;0m[48;2;0;0;0m▀[0m[38;2;0;0;0m[48;2;0;0;0m▀[0m[38;2;0;0;0m[48;2;0;0;0m▀[0m[38;2;0;0;0m[48;2;0;0;0m▀[0m[38;2;23;26;21m[48;2;0;1;0m▀[0m[38;2;255;255;255m[48;2;255;43;37m▀[0m[38;2;145;40;35m[48;2;0;0;0m▀[0m[38;2;0;0;0m[48;2;73;0;0m▀[0m[38;2;255;0;0m[48;2;255;0;0m▀[0m[38;2;255;3;0m[48;2;255;0;0m▀[0m[38;2;255;0;0m[48;2;255;0;0m▀[0m[38;2;101;141;162m[48;2;0;0;0m▀[0m[38;2;6;178;193m[48;2;0;102;109m▀[0m[38;2;148;156;154m[48;2;255;255;255m▀[0m[38;2;239;255;255m[48;2;255;255;255m▀[0m[38;2;255;255;255m[48;2;186;202;206m▀[0m[38;2;0;0;0m[48;2;71;80;82m▀[0m[38;2;0;0;0m[48;2;111;114;111m▀[0m[38;2;0;0;0m[48;2;187;198;196m▀[0m[38;2;0;0;0m[48;2;255;255;255m▀[0m[38;2;118;152;165m[48;2;255;255;255m▀[0m[38;2;255;255;255m[48;2;255;255;255m▀[0m[38;2;255;255;255m[48;2;255;255;255m▀[0m[38;2;236;255;255m[48;2;255;255;255m▀[0m[38;2;0;0;0m[48;2;141;140;140m▀[0m[38;2;0;0;0m[48;2;0;0;0m▀[0m[38;2;0;0;9m[48;2;0;0;0m▀[0m[38;2;255;255;255m[48;2;0;176;219m▀[0m[38;2;154;255;255m[48;2;90;244;255m▀[0m[38;2;153;255;255m[48;2;255;255;255m▀[0m[38;2;255;35;30m[48;2;217;236;234m▀[0m[38;2;255;0;0m[48;2;255;126;122m▀[0m[38;2;255;255;255m[48;2;255;240;247m▀[0m[38;2;156;242;252m[48;2;0;0;0m▀[0m[38;2;0;0;0m[48;2;0;0;0m▀[0m
[38;2;255;255;255m[48;2;203;255;255m▀[0m[38;2;255;0;0m[48;2;114;108;111m▀[0m[38;2;213;139;148m[48;2;217;196;200m▀[0m[38;2;255;255;255m[48;2;126;203;208m▀[0m[38;2;190;255;255m[48;2;255;255;255m▀[0m[38;2;255;255;255m[48;2;255;255;255m▀[0m[38;2;255;255;255m[48;2;255;255;255m▀[0m[38;2;0;0;0m[48;2;0;0;0m▀[0m[38;2;0;0;0m[48;2;0;0;0m▀[0m[38;2;0;0;0m[48;2;0;18;36m▀[0m[38;2;0;0;0m[48;2;0;0;0m▀[0m[38;2;0;0;0m[48;2;0;0;0m▀[0m[38;2;0;0;0m[48;2;0;0;0m▀[0m[38;2;0;0;0m[48;2;0;0;0m▀[0m[38;2;140;13;15m[48;2;84;26;29m▀[0m[38;2;0;34;34m[48;2;0;0;0m▀[0m[38;2;158;0;0m[48;2;0;17;17m▀[0m[38;2;255;255;255m[48;2;255;255;255m▀[0m[38;2;255;0;0m[48;2;255;237;251m▀[0m[38;2;255;0;0m[48;2;0;0;0m▀[0m[38;2;0;0;0m[48;2;152;255;253m▀[0m[38;2;236;255;255m[48;2;178;235;236m▀[0m[38;2;255;255;255m[48;2;255;255;255m▀[0m[38;2;255;255;255m[48;2;250;255;255m▀[0m[38;2;189;213;225m[48;2;255;255;255m▀[0m[38;2;183;209;213m[48;2;15;48;53m▀[0m[38;2;51;51;46m[48;2;190;201;201m▀[0m[38;2;255;255;255m[48;2;255;255;255m▀[0m[38;2;255;255;255m[48;2;255;255;255m▀[0m[38;2;255;255;255m[48;2;87;146;148m▀[0m[38;2;255;255;255m[48;2;236;255;255m▀[0m[38;2;255;255;255m[48;2;229;255;255m▀[0m[38;2;255;255;255m[48;2;244;247;248m▀[0m[38;2;255;255;255m[48;2;255;255;255m▀[0m[38;2;56;86;95m[48;2;255;255;255m▀[0m[38;2;0;0;0m[48;2;0;0;6m▀[0m[38;2;0;4;40m[48;2;0;0;0m▀[0m[38;2;186;255;255m[48;2;242;255;255m▀[0m[38;2;255;255;255m[48;2;255;180;169m▀[0m[38;2;255;255;255m[48;2;255;0;0m▀[0m[38;2;255;32;32m[48;2;255;0;0m▀[0m[38;2;173;79;79m[48;2;165;0;0m▀[0m[38;2;0;0;0m[48;2;0;0;0m▀[0m[38;2;0;0;0m[48;2;0;0;0m▀[0m
[38;2;255;31;34m[48;2;187;254;254m▀[0m[38;2;255;0;0m[48;2;255;0;0m▀[0m[38;2;255;255;255m[48;2;255;255;255m▀[0m[38;2;247;255;255m[48;2;255;255;255m▀[0m[38;2;222;255;255m[48;2;107;233;255m▀[0m[38;2;255;255;255m[48;2;255;255;255m▀[0m[38;2;255;255;255m[48;2;255;255;255m▀[0m[38;2;0;0;0m[48;2;0;0;0m▀[0m[38;2;0;97;128m[48;2;255;255;255m▀[0m[38;2;255;255;255m[48;2;255;255;255m▀[0m[38;2;39;69;75m[48;2;113;255;255m▀[0m[38;2;0;0;0m[48;2;0;0;0m▀[0m[38;2;0;0;0m[48;2;0;0;0m▀[0m[38;2;0;0;0m[48;2;0;0;0m▀[0m[38;2;50;0;0m[48;2;47;4;3m▀[0m[38;2;40;54;58m[48;2;84;74;74m▀[0m[38;2;255;255;255m[48;2;255;255;255m▀[0m[38;2;0;0;0m[48;2;0;0;0m▀[0m[38;2;0;53;59m[48;2;85;112;117m▀[0m[38;2;41;80;82m[48;2;255;255;255m▀[0m[38;2;255;255;255m[48;2;255;255;255m▀[0m[38;2;74;114;113m[48;2;56;96;102m▀[0m[38;2;255;255;255m[48;2;255;255;255m▀[0m[38;2;255;255;255m[48;2;174;255;255m▀[0m[38;2;7;68;84m[48;2;0;23;46m▀[0m[38;2;62;74;71m[48;2;214;214;207m▀[0m[38;2;255;255;255m[48;2;255;255;255m▀[0m[38;2;255;255;255m[48;2;255;255;255m▀[0m[38;2;231;255;255m[48;2;255;255;255m▀[0m[38;2;80;54;68m[48;2;255;255;255m▀[0m[38;2;24;0;0m[48;2;57;109;148m▀[0m[38;2;62;139;150m[48;2;0;15;28m▀[0m[38;2;239;255;255m[48;2;81;106;113m▀[0m[38;2;255;255;255m[48;2;255;255;255m▀[0m[38;2;255;255;255m[48;2;255;255;255m▀[0m[38;2;0;0;0m[48;2;80;85;85m▀[0m[38;2;0;0;0m[48;2;42;58;47m▀[0m[38;2;255;255;255m[48;2;255;255;255m▀[0m[38;2;255;244;254m[48;2;0;170;240m▀[0m[38;2;95;198;245m[48;2;96;255;255m▀[0m[38;2;255;212;223m[48;2;255;255;255m▀[0m[38;2;31;0;0m[48;2;0;0;0m▀[0m[38;2;0;4;17m[48;2;0;0;0m▀[0m[38;2;0;17;21m[48;2;0;18;32m▀[0m
[38;2;185;250;253m[48;2;132;63;65m▀[0m[38;2;181;192;192m[48;2;255;0;0m▀[0m[38;2;179;255;255m[48;2;201;0;0m▀[0m[38;2;255;255;255m[48;2;255;234;234m▀[0m[38;2;137;230;248m[48;2;255;255;255m▀[0m[38;2;58;255;255m[48;2;45;212;255m▀[0m[38;2;255;255;255m[48;2;124;141;143m▀[0m[38;2;0;0;0m[48;2;48;30;28m▀[0m[38;2;255;255;255m[48;2;255;255;255m▀[0m[38;2;255;255;255m[48;2;125;255;255m▀[0m[38;2;0;142;203m[48;2;0;76;122m▀[0m[38;2;3;28;51m[48;2;76;208;255m▀[0m[38;2;0;0;0m[48;2;0;0;0m▀[0m[38;2;0;0;0m[48;2;0;0;0m▀[0m[38;2;0;0;0m[48;2;0;0;0m▀[0m[38;2;255;255;255m[48;2;253;255;255m▀[0m[38;2;190;215;220m[48;2;2;19;18m▀[0m[38;2;14;23;23m[48;2;0;0;0m▀[0m[38;2;179;211;214m[48;2;132;156;154m▀[0m[38;2;179;240;251m[48;2;40;43;42m▀[0m[38;2;255;255;255m[48;2;7;52;68m▀[0m[38;2;69;109;115m[48;2;0;0;0m▀[0m[38;2;0;28;36m[48;2;2;18;20m▀[0m[38;2;25;79;97m[48;2;203;202;202m▀[0m[38;2;1;10;8m[48;2;108;100;92m▀[0m[38;2;151;185;198m[48;2;63;135;165m▀[0m[38;2;255;255;255m[48;2;162;255;255m▀[0m[38;2;235;247;244m[48;2;248;255;254m▀[0m[38;2;148;154;145m[48;2;239;250;245m▀[0m[38;2;255;255;255m[48;2;255;255;255m▀[0m[38;2;255;255;255m[48;2;255;255;255m▀[0m[38;2;255;255;255m[48;2;255;255;255m▀[0m[38;2;255;255;255m[48;2;43;69;70m▀[0m[38;2;255;255;255m[48;2;19;85;109m▀[0m[38;2;255;255;255m[48;2;170;211;218m▀[0m[38;2;124;143;143m[48;2;130;148;151m▀[0m[38;2;195;192;176m[48;2;255;255;255m▀[0m[38;2;247;255;255m[48;2;255;255;255m▀[0m[38;2;0;153;219m[48;2;143;245;253m▀[0m[38;2;255;255;255m[48;2;136;0;0m▀[0m[38;2;195;0;0m[48;2;189;0;0m▀[0m[38;2;0;0;0m[48;2;0;0;0m▀[0m[38;2;0;0;0m[48;2;0;0;0m▀[0m[38;2;0;24;35m[48;2;2;21;30m▀[0m
[38;2;0;24;20m[48;2;0;0;0m▀[0m[38;2;255;228;240m[48;2;255;255;255m▀[0m[38;2;255;0;0m[48;2;108;255;255m▀[0m[38;2;255;0;0m[48;2;208;255;255m▀[0m[38;2;255;255;255m[48;2;255;244;225m▀[0m[38;2;56;203;250m[48;2;141;240;255m▀[0m[38;2;0;0;0m[48;2;0;0;0m▀[0m[38;2;255;242;228m[48;2;242;247;236m▀[0m[38;2;255;255;255m[48;2;222;255;255m▀[0m[38;2;0;112;161m[48;2;0;0;0m▀[0m[38;2;25;80;118m[48;2;43;131;179m▀[0m[38;2;106;255;255m[48;2;114;255;255m▀[0m[38;2;21;47;63m[48;2;48;126;159m▀[0m[38;2;0;0;0m[48;2;0;0;0m▀[0m[38;2;0;0;0m[48;2;0;0;0m▀[0m[38;2;0;0;0m[48;2;0;0;0m▀[0m[38;2;40;54;61m[48;2;63;85;82m▀[0m[38;2;0;0;0m[48;2;0;0;0m▀[0m[38;2;0;0;0m[48;2;0;6;15m▀[0m[38;2;0;0;0m[48;2;0;0;0m▀[0m[38;2;0;0;0m[48;2;30;43;42m▀[0m[38;2;90;112;117m[48;2;255;255;255m▀[0m[38;2;255;255;255m[48;2;255;255;255m▀[0m[38;2;255;255;255m[48;2;255;255;255m▀[0m[38;2;255;255;255m[48;2;255;255;255m▀[0m[38;2;255;255;255m[48;2;255;186;184m▀[0m[38;2;40;140;167m[48;2;255;0;0m▀[0m[38;2;252;255;255m[48;2;91;52;51m▀[0m[38;2;255;255;255m[48;2;255;255;255m▀[0m[38;2;148;242;255m[48;2;255;255;255m▀[0m[38;2;167;212;255m[48;2;0;0;250m▀[0m[38;2;255;255;255m[48;2;228;255;255m▀[0m[38;2;167;174;169m[48;2;255;255;255m▀[0m[38;2;0;0;0m[48;2;0;0;0m▀[0m[38;2;9;36;36m[48;2;45;119;109m▀[0m[38;2;108;165;156m[48;2;255;208;200m▀[0m[38;2;237;255;255m[48;2;255;28;28m▀[0m[38;2;255;255;255m[48;2;25;76;68m▀[0m[38;2;24;0;0m[48;2;237;131;158m▀[0m[38;2;255;52;59m[48;2;203;255;255m▀[0m[38;2;46;104;103m[48;2;0;0;0m▀[0m[38;2;17;43;37m[48;2;78;93;87m▀[0m[38;2;0;0;0m[48;2;0;0;0m▀[0m[38;2;0;0;0m[48;2;0;0;0m▀[0m
[38;2;0;0;0m[48;2;0;0;0m▀[0m[38;2;67;0;0m[48;2;185;0;0m▀[0m[38;2;152;169;196m[48;2;9;0;0m▀[0m[38;2;4;217;255m[48;2;114;128;159m▀[0m[38;2;255;255;255m[48;2;255;255;255m▀[0m[38;2;255;255;255m[48;2;255;255;255m▀[0m[38;2;0;0;0m[48;2;17;26;17m▀[0m[38;2;0;84;107m[48;2;0;0;0m▀[0m[38;2;18;156;196m[48;2;0;0;0m▀[0m[38;2;0;0;0m[48;2;0;0;0m▀[0m[38;2;78;200;255m[48;2;115;255;255m▀[0m[38;2;120;255;255m[48;2;56;143;181m▀[0m[38;2;24;62;76m[48;2;0;0;0m▀[0m[38;2;0;0;0m[48;2;0;0;0m▀[0m[38;2;0;0;0m[48;2;0;0;0m▀[0m[38;2;18;23;23m[48;2;0;0;0m▀[0m[38;2;64;91;97m[48;2;50;75;76m▀[0m[38;2;0;0;0m[48;2;0;0;0m▀[0m[38;2;46;68;73m[48;2;34;65;73m▀[0m[38;2;0;0;0m[48;2;228;255;255m▀[0m[38;2;255;255;255m[48;2;255;255;255m▀[0m[38;2;255;255;255m[48;2;255;255;255m▀[0m[38;2;255;255;255m[48;2;255;255;255m▀[0m[38;2;255;255;255m[48;2;255;255;255m▀[0m[38;2;255;213;209m[48;2;255;255;255m▀[0m[38;2;255;71;70m[48;2;255;255;255m▀[0m[38;2;255;255;255m[48;2;255;255;255m▀[0m[38;2;255;255;255m[48;2;255;255;255m▀[0m[38;2;251;255;255m[48;2;255;255;255m▀[0m[38;2;255;255;255m[48;2;255;255;255m▀[0m[38;2;230;255;255m[48;2;240;234;218m▀[0m[38;2;255;255;255m[48;2;0;0;0m▀[0m[38;2;164;167;151m[48;2;98;114;112m▀[0m[38;2;0;0;0m[48;2;255;218;215m▀[0m[38;2;129;172;170m[48;2;92;69;73m▀[0m[38;2;255;206;222m[48;2;0;6;10m▀[0m[38;2;109;0;0m[48;2;0;0;0m▀[0m[38;2;0;0;0m[48;2;0;0;0m▀[0m[38;2;255;255;255m[48;2;37;68;74m▀[0m[38;2;189;255;255m[48;2;96;96;85m▀[0m[38;2;0;0;0m[48;2;0;0;0m▀[0m[38;2;85;89;80m[48;2;24;45;50m▀[0m[38;2;18;14;14m[48;2;58;67;67m▀[0m[38;2;0;0;0m[48;2;0;0;0m▀[0m
[38;2;0;0;0m[48;2;0;0;0m▀[0m[38;2;52;0;0m[48;2;0;10;3m▀[0m[38;2;89;0;0m[48;2;200;255;255m▀[0m[38;2;0;0;0m[48;2;255;255;255m▀[0m[38;2;255;255;255m[48;2;255;255;255m▀[0m[38;2;255;255;255m[48;2;255;111;111m▀[0m[38;2;67;112;112m[48;2;183;86;86m▀[0m[38;2;0;0;0m[48;2;0;0;0m▀[0m[38;2;0;0;0m[48;2;0;0;0m▀[0m[38;2;19;67;91m[48;2;0;10;20m▀[0m[38;2;68;178;228m[48;2;0;0;0m▀[0m[38;2;0;0;0m[48;2;0;0;0m▀[0m[38;2;0;0;0m[48;2;2;18;18m▀[0m[38;2;0;0;0m[48;2;136;164;163m▀[0m[38;2;0;0;0m[48;2;0;0;0m▀[0m[38;2;0;0;0m[48;2;0;0;0m▀[0m[38;2;65;98;98m[48;2;111;137;141m▀[0m[38;2;0;0;0m[48;2;0;0;0m▀[0m[38;2;0;0;0m[48;2;0;0;0m▀[0m[38;2;255;255;255m[48;2;255;215;213m▀[0m[38;2;255;255;255m[48;2;255;255;255m▀[0m[38;2;255;255;255m[48;2;255;255;255m▀[0m[38;2;255;255;255m[48;2;255;255;255m▀[0m[38;2;42;192;245m[48;2;237;255;255m▀[0m[38;2;95;255;255m[48;2;0;0;1m▀[0m[38;2;255;255;255m[48;2;43;151;186m▀[0m[38;2;255;255;255m[48;2;255;255;255m▀[0m[38;2;255;255;255m[48;2;255;255;255m▀[0m[38;2;255;255;255m[48;2;255;255;255m▀[0m[38;2;255;255;255m[48;2;255;255;255m▀[0m[38;2;255;255;255m[48;2;255;255;255m▀[0m[38;2;119;142;139m[48;2;255;255;255m▀[0m[38;2;67;82;81m[48;2;0;0;0m▀[0m[38;2;59;50;53m[48;2;167;65;70m▀[0m[38;2;61;0;0m[48;2;51;10;12m▀[0m[38;2;0;0;0m[48;2;174;220;225m▀[0m[38;2;195;80;81m[48;2;153;163;167m▀[0m[38;2;64;74;75m[48;2;136;220;233m▀[0m[38;2;56;62;62m[48;2;68;102;111m▀[0m[38;2;0;0;0m[48;2;9;0;0m▀[0m[38;2;0;0;0m[48;2;0;0;0m▀[0m[38;2;255;255;255m[48;2;255;255;255m▀[0m[38;2;173;178;176m[48;2;255;255;255m▀[0m[38;2;0;0;0m[48;2;0;0;0m▀[0m
[38;2;0;0;0m[48;2;0;0;0m▀[0m[38;2;0;0;0m[48;2;0;0;0m▀[0m[38;2;143;255;255m[48;2;147;169;176m▀[0m[38;2;0;13;30m[48;2;0;30;56m▀[0m[38;2;200;255;255m[48;2;175;246;255m▀[0m[38;2;255;108;97m[48;2;186;32;32m▀[0m[38;2;255;0;0m[48;2;255;0;0m▀[0m[38;2;0;0;0m[48;2;1;10;9m▀[0m[38;2;0;0;0m[48;2;0;0;0m▀[0m[38;2;0;0;0m[48;2;0;0;0m▀[0m[38;2;0;0;0m[48;2;0;0;0m▀[0m[38;2;0;0;0m[48;2;108;0;0m▀[0m[38;2;9;0;0m[48;2;74;0;0m▀[0m[38;2;114;151;148m[48;2;0;0;0m▀[0m[38;2;39;51;51m[48;2;111;126;126m▀[0m[38;2;0;0;0m[48;2;202;218;218m▀[0m[38;2;191;220;220m[48;2;253;255;255m▀[0m[38;2;0;0;0m[48;2;0;0;0m▀[0m[38;2;45;0;0m[48;2;191;9;14m▀[0m[38;2;255;0;0m[48;2;255;255;255m▀[0m[38;2;255;242;242m[48;2;255;255;255m▀[0m[38;2;255;255;255m[48;2;255;255;255m▀[0m[38;2;255;255;255m[48;2;255;255;255m▀[0m[38;2;255;255;255m[48;2;255;255;255m▀[0m[38;2;255;255;255m[48;2;255;255;255m▀[0m[38;2;167;179;183m[48;2;255;255;255m▀[0m[38;2;95;162;184m[48;2;255;255;255m▀[0m[38;2;255;255;255m[48;2;108;161;186m▀[0m[38;2;255;255;255m[48;2;200;253;255m▀[0m[38;2;255;255;255m[48;2;255;255;255m▀[0m[38;2;255;255;255m[48;2;255;255;255m▀[0m[38;2;42;63;65m[48;2;0;0;0m▀[0m[38;2;0;0;0m[48;2;0;0;0m▀[0m[38;2;41;12;9m[48;2;251;255;255m▀[0m[38;2;245;255;255m[48;2;0;0;0m▀[0m[38;2;37;10;12m[48;2;0;0;0m▀[0m[38;2;0;0;0m[48;2;39;70;75m▀[0m[38;2;161;39;40m[48;2;0;0;0m▀[0m[38;2;0;0;0m[48;2;255;235;231m▀[0m[38;2;0;0;0m[48;2;0;0;0m▀[0m[38;2;0;15;40m[48;2;0;39;58m▀[0m[38;2;255;255;255m[48;2;255;255;255m▀[0m[38;2;255;255;255m[48;2;255;255;255m▀[0m[38;2;0;0;0m[48;2;0;0;0m▀[0m
[38;2;0;0;0m[48;2;0;0;0m▀[0m[38;2;0;0;0m[48;2;0;0;0m▀[0m[38;2;180;191;189m[48;2;93;104;108m▀[0m[38;2;78;179;222m[48;2;255;255;255m▀[0m[38;2;0;39;53m[48;2;0;0;0m▀[0m[38;2;0;0;0m[48;2;0;0;0m▀[0m[38;2;0;0;0m[48;2;0;0;0m▀[0m[38;2;100;65;59m[48;2;57;89;92m▀[0m[38;2;0;17;17m[48;2;157;179;179m▀[0m[38;2;0;0;0m[48;2;203;224;224m▀[0m[38;2;0;0;0m[48;2;95;114;111m▀[0m[38;2;0;0;0m[48;2;19;41;36m▀[0m[38;2;0;0;0m[48;2;0;0;0m▀[0m[38;2;0;0;0m[48;2;0;0;0m▀[0m[38;2;0;0;0m[48;2;0;0;0m▀[0m[38;2;67;76;81m[48;2;0;0;0m▀[0m[38;2;15;20;19m[48;2;0;0;0m▀[0m[38;2;0;0;0m[48;2;130;192;200m▀[0m[38;2;255;255;255m[48;2;255;255;255m▀[0m[38;2;255;173;173m[48;2;255;255;255m▀[0m[38;2;255;255;255m[48;2;255;255;255m▀[0m[38;2;255;255;255m[48;2;255;255;255m▀[0m[38;2;255;255;255m[48;2;255;255;255m▀[0m[38;2;255;255;255m[48;2;255;255;255m▀[0m[38;2;255;255;255m[48;2;255;255;255m▀[0m[38;2;255;255;255m[48;2;217;255;255m▀[0m[38;2;255;255;255m[48;2;255;255;255m▀[0m[38;2;255;255;255m[48;2;255;255;255m▀[0m[38;2;185;209;220m[48;2;255;255;255m▀[0m[38;2;79;132;163m[48;2;255;255;255m▀[0m[38;2;234;255;255m[48;2;0;0;0m▀[0m[38;2;0;0;0m[48;2;0;0;0m▀[0m[38;2;34;35;30m[48;2;195;255;255m▀[0m[38;2;148;152;146m[48;2;21;51;68m▀[0m[38;2;0;0;0m[48;2;190;222;220m▀[0m[38;2;255;255;255m[48;2;255;255;255m▀[0m[38;2;255;255;255m[48;2;255;255;255m▀[0m[38;2;223;255;255m[48;2;255;255;255m▀[0m[38;2;255;255;255m[48;2;255;255;255m▀[0m[38;2;208;207;202m[48;2;255;255;255m▀[0m[38;2;13;75;91m[48;2;132;172;179m▀[0m[38;2;255;255;255m[48;2;255;255;255m▀[0m[38;2;255;255;255m[48;2;255;255;255m▀[0m[38;2;0;0;0m[48;2;39;0;0m▀[0m
[38;2;0;0;0m[48;2;0;0;0m▀[0m[38;2;0;0;0m[48;2;0;0;0m▀[0m[38;2;0;0;0m[48;2;0;0;0m▀[0m[38;2;109;142;142m[48;2;97;113;115m▀[0m[38;2;0;0;0m[48;2;39;0;0m▀[0m[38;2;0;4;6m[48;2;65;106;107m▀[0m[38;2;0;0;0m[48;2;255;255;255m▀[0m[38;2;150;161;164m[48;2;0;0;0m▀[0m[38;2;255;255;255m[48;2;15;29;31m▀[0m[38;2;230;251;253m[48;2;255;255;255m▀[0m[38;2;150;175;175m[48;2;185;197;202m▀[0m[38;2;118;130;130m[48;2;125;140;143m▀[0m[38;2;109;131;131m[48;2;255;255;255m▀[0m[38;2;0;0;0m[48;2;255;255;255m▀[0m[38;2;0;0;0m[48;2;57;7;9m▀[0m[38;2;0;0;0m[48;2;0;0;0m▀[0m[38;2;9;43;47m[48;2;0;0;0m▀[0m[38;2;255;255;255m[48;2;242;255;255m▀[0m[38;2;255;255;255m[48;2;255;255;255m▀[0m[38;2;255;255;255m[48;2;255;255;255m▀[0m[38;2;255;255;255m[48;2;255;255;255m▀[0m[38;2;255;255;255m[48;2;255;255;255m▀[0m[38;2;255;255;255m[48;2;255;255;255m▀[0m[38;2;255;255;255m[48;2;255;255;255m▀[0m[38;2;255;255;255m[48;2;255;255;255m▀[0m[38;2;255;255;255m[48;2;255;255;255m▀[0m[38;2;244;255;255m[48;2;137;215;229m▀[0m[38;2;255;255;255m[48;2;255;255;255m▀[0m[38;2;255;255;255m[48;2;255;255;255m▀[0m[38;2;255;255;255m[48;2;255;255;255m▀[0m[38;2;122;128;126m[48;2;255;255;255m▀[0m[38;2;0;0;0m[48;2;0;0;0m▀[0m[38;2;61;90;103m[48;2;0;0;0m▀[0m[38;2;164;241;255m[48;2;0;0;0m▀[0m[38;2;255;255;255m[48;2;2;13;19m▀[0m[38;2;255;255;255m[48;2;65;125;157m▀[0m[38;2;255;255;255m[48;2;115;214;255m▀[0m[38;2;255;255;255m[48;2;220;255;255m▀[0m[38;2;255;255;255m[48;2;255;255;255m▀[0m[38;2;255;255;255m[48;2;61;142;178m▀[0m[38;2;154;175;175m[48;2;48;43;39m▀[0m[38;2;255;255;255m[48;2;255;255;255m▀[0m[38;2;204;255;255m[48;2;150;255;255m▀[0m[38;2;57;34;31m[48;2;51;51;48m▀[0m
[38;2;0;0;0m[48;2;0;0;0m▀[0m[38;2;0;0;0m[48;2;0;0;0m▀[0m[38;2;0;0;0m[48;2;0;4;6m▀[0m[38;2;101;118;128m[48;2;36;64;69m▀[0m[38;2;145;57;61m[48;2;158;190;195m▀[0m[38;2;0;0;0m[48;2;0;0;0m▀[0m[38;2;255;255;255m[48;2;255;255;255m▀[0m[38;2;0;0;0m[48;2;29;36;31m▀[0m[38;2;0;0;0m[48;2;255;255;255m▀[0m[38;2;0;0;0m[48;2;255;255;255m▀[0m[38;2;240;255;255m[48;2;0;0;0m▀[0m[38;2;183;211;211m[48;2;0;0;0m▀[0m[38;2;255;255;255m[48;2;79;173;172m▀[0m[38;2;255;255;255m[48;2;255;255;255m▀[0m[38;2;255;255;255m[48;2;255;255;255m▀[0m[38;2;31;37;40m[48;2;255;255;255m▀[0m[38;2;2;34;45m[48;2;255;255;255m▀[0m[38;2;255;255;255m[48;2;255;255;255m▀[0m[38;2;255;255;255m[48;2;255;255;255m▀[0m[38;2;255;255;255m[48;2;255;255;255m▀[0m[38;2;255;255;255m[48;2;255;255;255m▀[0m[38;2;255;255;255m[48;2;255;255;255m▀[0m[38;2;255;255;255m[48;2;255;255;255m▀[0m[38;2;255;255;255m[48;2;255;255;255m▀[0m[38;2;255;255;255m[48;2;255;255;255m▀[0m[38;2;255;255;255m[48;2;255;255;255m▀[0m[38;2;150;211;229m[48;2;190;237;252m▀[0m[38;2;183;255;255m[48;2;0;102;153m▀[0m[38;2;255;255;255m[48;2;255;255;255m▀[0m[38;2;255;255;255m[48;2;255;255;255m▀[0m[38;2;255;255;255m[48;2;67;130;158m▀[0m[38;2;21;80;106m[48;2;0;0;0m▀[0m[38;2;0;0;0m[48;2;0;0;0m▀[0m[38;2;0;0;0m[48;2;0;0;0m▀[0m[38;2;0;0;0m[48;2;0;0;0m▀[0m[38;2;0;0;0m[48;2;0;0;0m▀[0m[38;2;0;0;0m[48;2;0;0;0m▀[0m[38;2;0;0;0m[48;2;0;0;0m▀[0m[38;2;0;28;56m[48;2;0;0;0m▀[0m[38;2;0;0;0m[48;2;0;0;0m▀[0m[38;2;73;46;32m[48;2;151;152;146m▀[0m[38;2;255;255;255m[48;2;255;255;255m▀[0m[38;2;32;192;255m[48;2;1;120;175m▀[0m[38;2;42;42;40m[48;2;0;0;0m▀[0m
[38;2;0;0;0m[48;2;17;20;23m▀[0m[38;2;0;0;0m[48;2;0;0;0m▀[0m[38;2;18;23;24m[48;2;111;139;140m▀[0m[38;2;7;17;15m[48;2;0;0;0m▀[0m[38;2;148;169;172m[48;2;255;255;255m▀[0m[38;2;81;96;100m[48;2;57;73;76m▀[0m[38;2;230;255;255m[48;2;25;42;41m▀[0m[38;2;184;207;202m[48;2;53;69;68m▀[0m[38;2;255;255;255m[48;2;255;255;255m▀[0m[38;2;255;255;255m[48;2;255;255;255m▀[0m[38;2;255;255;255m[48;2;255;255;255m▀[0m[38;2;0;0;0m[48;2;255;255;255m▀[0m[38;2;224;0;0m[48;2;250;0;0m▀[0m[38;2;255;255;255m[48;2;104;79;100m▀[0m[38;2;255;255;255m[48;2;255;255;255m▀[0m[38;2;255;255;255m[48;2;255;255;255m▀[0m[38;2;255;255;255m[48;2;255;255;255m▀[0m[38;2;222;230;233m[48;2;255;255;255m▀[0m[38;2;219;203;200m[48;2;255;255;255m▀[0m[38;2;157;255;255m[48;2;113;152;170m▀[0m[38;2;255;255;255m[48;2;118;181;201m▀[0m[38;2;255;255;255m[48;2;135;250;255m▀[0m[38;2;98;255;255m[48;2;31;178;248m▀[0m[38;2;255;255;255m[48;2;73;176;233m▀[0m[38;2;255;255;255m[48;2;82;157;201m▀[0m[38;2;255;255;255m[48;2;109;168;200m▀[0m[38;2;151;204;226m[48;2;0;14;41m▀[0m[38;2;0;0;0m[48;2;0;0;0m▀[0m[38;2;6;79;130m[48;2;0;0;0m▀[0m[38;2;0;32;73m[48;2;0;0;0m▀[0m[38;2;0;0;0m[48;2;231;255;255m▀[0m[38;2;0;0;0m[48;2;0;0;0m▀[0m[38;2;0;0;0m[48;2;0;0;0m▀[0m[38;2;0;0;0m[48;2;0;0;0m▀[0m[38;2;0;0;0m[48;2;0;1;1m▀[0m[38;2;0;0;0m[48;2;0;1;1m▀[0m[38;2;0;0;0m[48;2;0;0;0m▀[0m[38;2;0;0;0m[48;2;0;0;0m▀[0m[38;2;0;0;0m[48;2;0;0;0m▀[0m[38;2;0;0;0m[48;2;231;241;239m▀[0m[38;2;255;255;255m[48;2;255;255;255m▀[0m[38;2;255;255;255m[48;2;255;255;255m▀[0m[38;2;169;222;237m[48;2;255;255;255m▀[0m[38;2;0;0;0m[48;2;0;0;0m▀[0m
[38;2;255;255;255m[48;2;255;255;255m▀[0m[38;2;0;0;0m[48;2;240;255;255m▀[0m[38;2;2;20;24m[48;2;0;0;0m▀[0m[38;2;32;0;0m[48;2;47;0;0m▀[0m[38;2;129;176;180m[48;2;0;0;0m▀[0m[38;2;255;255;255m[48;2;255;255;255m▀[0m[38;2;0;0;0m[48;2;255;255;255m▀[0m[38;2;0;0;0m[48;2;0;0;0m▀[0m[38;2;255;255;255m[48;2;187;207;202m▀[0m[38;2;255;255;255m[48;2;255;255;255m▀[0m[38;2;255;255;255m[48;2;255;255;255m▀[0m[38;2;255;255;255m[48;2;255;255;255m▀[0m[38;2;255;255;255m[48;2;255;255;255m▀[0m[38;2;157;255;255m[48;2;255;255;255m▀[0m[38;2;255;255;255m[48;2;255;255;255m▀[0m[38;2;255;255;255m[48;2;255;255;255m▀[0m[38;2;255;255;255m[48;2;255;255;255m▀[0m[38;2;255;255;255m[48;2;255;255;255m▀[0m[38;2;255;255;255m[48;2;255;255;255m▀[0m[38;2;255;255;255m[48;2;255;255;255m▀[0m[38;2;255;255;255m[48;2;255;255;255m▀[0m[38;2;179;211;220m[48;2;255;255;255m▀[0m[38;2;37;69;97m[48;2;255;255;255m▀[0m[38;2;12;70;113m[48;2;161;179;186m▀[0m[38;2;47;106;147m[48;2;24;61;89m▀[0m[38;2;29;65;91m[48;2;115;201;229m▀[0m[38;2;24;57;71m[48;2;57;100;113m▀[0m[38;2;181;235;251m[48;2;80;125;147m▀[0m[38;2;255;255;255m[48;2;255;255;255m▀[0m[38;2;255;255;255m[48;2;255;255;255m▀[0m[38;2;255;255;255m[48;2;231;255;255m▀[0m[38;2;0;0;0m[48;2;0;0;0m▀[0m[38;2;0;0;0m[48;2;0;0;0m▀[0m[38;2;0;0;0m[48;2;0;0;0m▀[0m[38;2;0;1;0m[48;2;0;0;0m▀[0m[38;2;0;1;0m[48;2;0;1;0m▀[0m[38;2;0;0;0m[48;2;0;0;0m▀[0m[38;2;0;0;0m[48;2;0;0;0m▀[0m[38;2;0;0;0m[48;2;0;0;2m▀[0m[38;2;255;255;255m[48;2;14;114;161m▀[0m[38;2;255;255;255m[48;2;0;111;168m▀[0m[38;2;255;255;255m[48;2;0;0;0m▀[0m[38;2;25;69;80m[48;2;0;0;0m▀[0m[38;2;0;0;0m[48;2;43;96;135m▀[0m
