[38;2;0;0;0m[48;2;0;0;0m▀[0m[38;2;45;62;59m[48;2;70;96;94m▀[0m[38;2;92;125;125m[48;2;97;131;128m▀[0m[38;2;0;0;0m[48;2;0;0;0m▀[0m[38;2;29;43;43m[48;2;18;25;25m▀[0m[38;2;11;18;18m[48;2;0;0;0m▀[0m[38;2;5;7;9m[48;2;3;10;10m▀[0m[38;2;0;0;0m[48;2;0;1;1m▀[0m[38;2;0;0;0m[48;2;0;0;0m▀[0m[38;2;94;92;95m[48;2;0;0;0m▀[0m[38;2;236;236;237m[48;2;63;73;73m▀[0m[38;2;255;255;255m[48;2;78;77;77m▀[0m[38;2;255;255;255m[48;2;165;167;167m▀[0m[38;2;255;255;255m[48;2;223;227;226m▀[0m[38;2;251;250;247m[48;2;94;101;101m▀[0m[38;2;0;0;0m[48;2;38;43;48m▀[0m[38;2;3;5;3m[48;2;16;16;16m▀[0m[38;2;44;47;43m[48;2;32;35;38m▀[0m[38;2;78;85;86m[48;2;43;53;60m▀[0m[38;2;0;0;0m[48;2;0;0;0m▀[0m[38;2;85;88;89m[48;2;177;182;184m▀[0m[38;2;9;9;9m[48;2;35;40;42m▀[0m[38;2;0;0;0m[48;2;0;0;0m▀[0m[38;2;110;113;113m[48;2;78;79;76m▀[0m[38;2;255;255;255m[48;2;255;255;255m▀[0m[38;2;255;255;255m[48;2;255;255;255m▀[0m[38;2;255;255;255m[48;2;254;254;252m▀[0m[38;2;255;255;255m[48;2;187;187;187m▀[0m[38;2;255;255;255m[48;2;110;110;112m▀[0m[38;2;255;255;255m[48;2;90;92;92m▀[0m[38;2;142;142;142m[48;2;0;0;0m▀[0m[38;2;0;0;0m[48;2;0;0;0m▀[0m[38;2;0;0;0m[48;2;0;0;0m▀[0m[38;2;213;213;213m[48;2;17;19;19m▀[0m[38;2;245;247;245m[48;2;255;255;255m▀[0m[38;2;0;6;9m[48;2;229;229;229m▀[0m
[38;2;0;0;0m[48;2;0;0;0m▀[0m[38;2;77;105;102m[48;2;25;35;35m▀[0m[38;2;20;29;28m[48;2;0;0;0m▀[0m[38;2;0;0;0m[48;2;26;34;35m▀[0m[38;2;32;43;43m[48;2;24;33;33m▀[0m[38;2;3;4;1m[48;2;0;0;0m▀[0m[38;2;2;9;9m[48;2;1;10;13m▀[0m[38;2;10;20;20m[48;2;0;0;0m▀[0m[38;2;0;0;0m[48;2;57;55;59m▀[0m[38;2;99;108;106m[48;2;240;245;245m▀[0m[38;2;222;225;225m[48;2;2;0;2m▀[0m[38;2;71;68;71m[48;2;0;0;0m▀[0m[38;2;45;49;46m[48;2;0;0;0m▀[0m[38;2;41;45;44m[48;2;63;63;64m▀[0m[38;2;47;57;60m[48;2;48;51;51m▀[0m[38;2;12;15;16m[48;2;4;8;8m▀[0m[38;2;0;0;0m[48;2;0;6;6m▀[0m[38;2;6;6;8m[48;2;16;16;16m▀[0m[38;2;1;5;6m[48;2;21;25;29m▀[0m[38;2;77;80;81m[48;2;19;22;23m▀[0m[38;2;128;130;130m[48;2;0;0;0m▀[0m[38;2;0;0;0m[48;2;123;127;124m▀[0m[38;2;0;0;0m[48;2;255;255;255m▀[0m[38;2;197;193;193m[48;2;142;145;147m▀[0m[38;2;173;174;171m[48;2;0;0;0m▀[0m[38;2;42;45;44m[48;2;0;0;0m▀[0m[38;2;57;62;58m[48;2;66;76;76m▀[0m[38;2;23;27;27m[48;2;0;0;0m▀[0m[38;2;29;31;33m[48;2;0;0;0m▀[0m[38;2;0;0;0m[48;2;0;0;0m▀[0m[38;2;0;0;0m[48;2;1;5;5m▀[0m[38;2;0;0;0m[48;2;58;73;76m▀[0m[38;2;0;0;0m[48;2;53;70;67m▀[0m[38;2;0;0;0m[48;2;0;0;0m▀[0m[38;2;91;96;100m[48;2;0;0;0m▀[0m[38;2;136;136;134m[48;2;91;112;111m▀[0m
[38;2;0;0;0m[48;2;0;0;0m▀[0m[38;2;0;0;0m[48;2;0;0;0m▀[0m[38;2;0;0;0m[48;2;50;69;68m▀[0m[38;2;22;35;34m[48;2;25;34;32m▀[0m[38;2;15;25;23m[48;2;20;34;34m▀[0m[38;2;0;0;0m[48;2;62;82;82m▀[0m[38;2;0;0;0m[48;2;226;230;230m▀[0m[38;2;244;242;245m[48;2;201;201;202m▀[0m[38;2;255;255;255m[48;2;0;0;0m▀[0m[38;2;61;63;63m[48;2;0;0;0m▀[0m[38;2;0;0;0m[48;2;93;98;98m▀[0m[38;2;0;0;0m[48;2;51;59;58m▀[0m[38;2;104;121;125m[48;2;8;11;13m▀[0m[38;2;59;64;61m[48;2;0;0;0m▀[0m[38;2;0;0;0m[48;2;0;0;0m▀[0m[38;2;5;8;8m[48;2;0;0;0m▀[0m[38;2;102;107;107m[48;2;24;26;24m▀[0m[38;2;139;142;142m[48;2;255;255;255m▀[0m[38;2;0;0;0m[48;2;100;99;100m▀[0m[38;2;0;0;0m[48;2;0;0;0m▀[0m[38;2;0;0;0m[48;2;189;200;200m▀[0m[38;2;255;255;255m[48;2;255;255;255m▀[0m[38;2;255;255;255m[48;2;82;87;88m▀[0m[38;2;179;187;192m[48;2;0;0;0m▀[0m[38;2;0;0;0m[48;2;0;0;0m▀[0m[38;2;0;0;0m[48;2;0;0;0m▀[0m[38;2;0;0;0m[48;2;0;0;0m▀[0m[38;2;255;255;255m[48;2;40;50;50m▀[0m[38;2;115;115;112m[48;2;90;93;93m▀[0m[38;2;0;0;0m[48;2;153;148;148m▀[0m[38;2;0;0;0m[48;2;8;8;8m▀[0m[38;2;37;46;50m[48;2;0;0;0m▀[0m[38;2;199;241;238m[48;2;101;119;119m▀[0m[38;2;117;144;144m[48;2;167;199;201m▀[0m[38;2;0;0;0m[48;2;81;102;102m▀[0m[38;2;27;36;39m[48;2;40;51;51m▀[0m
[38;2;0;0;0m[48;2;0;0;0m▀[0m[38;2;17;24;25m[48;2;79;105;107m▀[0m[38;2;84;120;115m[48;2;73;96;99m▀[0m[38;2;31;51;51m[48;2;53;79;78m▀[0m[38;2;2;23;20m[48;2;200;218;213m▀[0m[38;2;231;235;232m[48;2;255;255;255m▀[0m[38;2;255;255;255m[48;2;0;0;0m▀[0m[38;2;0;0;0m[48;2;0;0;0m▀[0m[38;2;0;0;0m[48;2;0;0;0m▀[0m[38;2;6;5;6m[48;2;0;0;0m▀[0m[38;2;183;186;188m[48;2;0;0;0m▀[0m[38;2;142;147;146m[48;2;12;14;15m▀[0m[38;2;114;128;132m[48;2;48;56;61m▀[0m[38;2;107;117;118m[48;2;0;0;0m▀[0m[38;2;113;121;120m[48;2;61;64;60m▀[0m[38;2;0;0;0m[48;2;0;0;0m▀[0m[38;2;63;63;63m[48;2;12;14;14m▀[0m[38;2;157;157;159m[48;2;0;0;0m▀[0m[38;2;182;186;186m[48;2;0;0;0m▀[0m[38;2;0;0;0m[48;2;51;54;56m▀[0m[38;2;127;134;135m[48;2;22;24;25m▀[0m[38;2;202;209;209m[48;2;0;0;0m▀[0m[38;2;71;74;70m[48;2;4;4;2m▀[0m[38;2;0;0;0m[48;2;0;0;0m▀[0m[38;2;0;0;0m[48;2;0;0;0m▀[0m[38;2;123;128;125m[48;2;67;72;74m▀[0m[38;2;95;98;95m[48;2;205;210;209m▀[0m[38;2;180;185;185m[48;2;27;29;29m▀[0m[38;2;255;255;255m[48;2;0;0;0m▀[0m[38;2;220;224;221m[48;2;0;0;0m▀[0m[38;2;0;0;0m[48;2;74;78;78m▀[0m[38;2;0;0;0m[48;2;35;40;40m▀[0m[38;2;74;88;88m[48;2;0;0;0m▀[0m[38;2;12;11;11m[48;2;0;0;0m▀[0m[38;2;14;19;19m[48;2;0;0;0m▀[0m[38;2;10;16;14m[48;2;0;0;0m▀[0m
[38;2;0;0;0m[48;2;21;25;25m▀[0m[38;2;68;90;94m[48;2;0;0;0m▀[0m[38;2;53;73;74m[48;2;48;64;64m▀[0m[38;2;82;116;112m[48;2;62;88;87m▀[0m[38;2;154;163;161m[48;2;21;16;16m▀[0m[38;2;0;0;0m[48;2;0;0;0m▀[0m[38;2;0;0;0m[48;2;0;0;0m▀[0m[38;2;74;103;103m[48;2;10;18;18m▀[0m[38;2;102;138;138m[48;2;13;22;22m▀[0m[38;2;0;0;0m[48;2;7;10;10m▀[0m[38;2;0;0;0m[48;2;0;0;0m▀[0m[38;2;0;0;0m[48;2;0;0;0m▀[0m[38;2;0;0;0m[48;2;0;0;0m▀[0m[38;2;0;0;0m[48;2;0;0;0m▀[0m[38;2;58;62;62m[48;2;0;0;0m▀[0m[38;2;36;38;40m[48;2;55;57;57m▀[0m[38;2;0;0;0m[48;2;0;0;0m▀[0m[38;2;0;0;0m[48;2;0;0;0m▀[0m[38;2;214;223;226m[48;2;205;215;214m▀[0m[38;2;253;255;255m[48;2;255;255;255m▀[0m[38;2;170;175;180m[48;2;212;219;221m▀[0m[38;2;190;195;195m[48;2;255;255;255m▀[0m[38;2;72;82;82m[48;2;126;136;134m▀[0m[38;2;0;0;0m[48;2;18;27;26m▀[0m[38;2;21;25;26m[48;2;0;0;0m▀[0m[38;2;0;0;0m[48;2;0;0;0m▀[0m[38;2;0;0;0m[48;2;155;163;167m▀[0m[38;2;0;0;0m[48;2;220;233;239m▀[0m[38;2;62;62;62m[48;2;216;232;230m▀[0m[38;2;255;255;255m[48;2;121;129;132m▀[0m[38;2;127;136;136m[48;2;0;0;0m▀[0m[38;2;0;0;0m[48;2;0;0;0m▀[0m[38;2;0;0;0m[48;2;0;0;0m▀[0m[38;2;0;0;0m[48;2;26;34;33m▀[0m[38;2;22;26;27m[48;2;189;224;223m▀[0m[38;2;58;63;65m[48;2;238;255;255m▀[0m
[38;2;23;29;28m[48;2;0;0;0m▀[0m[38;2;0;0;0m[48;2;0;0;0m▀[0m[38;2;78;104;103m[48;2;88;112;112m▀[0m[38;2;32;48;48m[48;2;63;81;81m▀[0m[38;2;0;0;0m[48;2;8;5;5m▀[0m[38;2;0;0;0m[48;2;0;0;0m▀[0m[38;2;0;0;0m[48;2;0;0;0m▀[0m[38;2;0;0;0m[48;2;0;3;3m▀[0m[38;2;0;0;0m[48;2;3;5;6m▀[0m[38;2;0;0;0m[48;2;0;0;0m▀[0m[38;2;0;0;0m[48;2;0;0;0m▀[0m[38;2;0;0;0m[48;2;0;0;0m▀[0m[38;2;0;0;0m[48;2;0;0;0m▀[0m[38;2;0;0;0m[48;2;30;41;43m▀[0m[38;2;0;1;1m[48;2;0;0;0m▀[0m[38;2;0;0;0m[48;2;0;0;0m▀[0m[38;2;37;42;42m[48;2;37;39;39m▀[0m[38;2;132;133;130m[48;2;8;10;11m▀[0m[38;2;226;230;227m[48;2;0;0;0m▀[0m[38;2;240;243;240m[48;2;0;0;0m▀[0m[38;2;121;121;121m[48;2;0;0;0m▀[0m[38;2;57;65;64m[48;2;17;22;22m▀[0m[38;2;76;79;81m[48;2;43;51;52m▀[0m[38;2;0;0;0m[48;2;0;0;0m▀[0m[38;2;0;0;0m[48;2;0;0;0m▀[0m[38;2;6;9;10m[48;2;0;0;0m▀[0m[38;2;83;90;91m[48;2;189;197;201m▀[0m[38;2;35;38;39m[48;2;255;255;255m▀[0m[38;2;129;131;134m[48;2;255;255;255m▀[0m[38;2;0;0;0m[48;2;202;213;215m▀[0m[38;2;0;0;0m[48;2;40;45;45m▀[0m[38;2;0;0;0m[48;2;0;0;0m▀[0m[38;2;0;0;0m[48;2;0;0;0m▀[0m[38;2;0;0;0m[48;2;0;0;0m▀[0m[38;2;53;68;65m[48;2;0;0;0m▀[0m[38;2;202;249;246m[48;2;19;29;29m▀[0m
[38;2;0;0;0m[48;2;32;45;45m▀[0m[38;2;47;58;58m[48;2;80;106;102m▀[0m[38;2;73;96;95m[48;2;65;91;90m▀[0m[38;2;104;128;127m[48;2;122;155;152m▀[0m[38;2;60;59;55m[48;2;255;255;255m▀[0m[38;2;0;0;0m[48;2;0;0;0m▀[0m[38;2;0;0;0m[48;2;0;0;0m▀[0m[38;2;0;0;0m[48;2;0;0;0m▀[0m[38;2;1;0;0m[48;2;0;0;0m▀[0m[38;2;0;0;0m[48;2;0;0;0m▀[0m[38;2;0;0;0m[48;2;0;0;0m▀[0m[38;2;0;0;0m[48;2;56;68;71m▀[0m[38;2;42;48;47m[48;2;124;150;152m▀[0m[38;2;9;12;13m[48;2;24;31;31m▀[0m[38;2;0;0;0m[48;2;2;2;2m▀[0m[38;2;0;0;0m[48;2;0;0;0m▀[0m[38;2;0;0;0m[48;2;0;0;0m▀[0m[38;2;30;30;30m[48;2;0;0;0m▀[0m[38;2;11;11;13m[48;2;25;25;25m▀[0m[38;2;0;0;0m[48;2;16;18;18m▀[0m[38;2;10;11;8m[48;2;255;255;255m▀[0m[38;2;95;100;100m[48;2;165;166;163m▀[0m[38;2;42;46;47m[48;2;0;0;0m▀[0m[38;2;0;0;0m[48;2;0;0;0m▀[0m[38;2;0;0;0m[48;2;23;26;26m▀[0m[38;2;0;0;0m[48;2;3;4;0m▀[0m[38;2;8;10;11m[48;2;0;0;0m▀[0m[38;2;176;183;188m[48;2;0;0;0m▀[0m[38;2;220;237;241m[48;2;96;105;106m▀[0m[38;2;229;244;246m[48;2;65;69;70m▀[0m[38;2;255;255;255m[48;2;113;118;119m▀[0m[38;2;118;126;126m[48;2;170;180;181m▀[0m[38;2;0;0;0m[48;2;46;50;50m▀[0m[38;2;0;0;0m[48;2;0;0;0m▀[0m[38;2;0;0;0m[48;2;0;0;0m▀[0m[38;2;0;0;0m[48;2;0;0;0m▀[0m
[38;2;54;75;69m[48;2;0;2;0m▀[0m[38;2;72;94;94m[48;2;58;79;79m▀[0m[38;2;80;112;113m[48;2;154;193;192m▀[0m[38;2;197;227;224m[48;2;155;166;165m▀[0m[38;2;170;169;169m[48;2;0;0;0m▀[0m[38;2;32;32;33m[48;2;19;28;27m▀[0m[38;2;0;0;0m[48;2;0;0;0m▀[0m[38;2;0;0;0m[48;2;0;0;0m▀[0m[38;2;0;0;0m[48;2;92;120;117m▀[0m[38;2;1;3;3m[48;2;87;117;114m▀[0m[38;2;0;0;0m[48;2;0;0;0m▀[0m[38;2;57;65;69m[48;2;0;0;0m▀[0m[38;2;100;120;126m[48;2;0;0;0m▀[0m[38;2;57;68;70m[48;2;0;0;0m▀[0m[38;2;1;0;0m[48;2;0;0;0m▀[0m[38;2;0;0;0m[48;2;0;0;0m▀[0m[38;2;0;0;0m[48;2;0;0;0m▀[0m[38;2;0;0;0m[48;2;0;0;0m▀[0m[38;2;116;115;115m[48;2;131;131;131m▀[0m[38;2;255;255;255m[48;2;255;255;255m▀[0m[38;2;255;255;255m[48;2;255;255;255m▀[0m[38;2;31;33;33m[48;2;6;6;6m▀[0m[38;2;0;0;0m[48;2;0;0;0m▀[0m[38;2;0;0;0m[48;2;2;5;5m▀[0m[38;2;33;37;37m[48;2;0;3;3m▀[0m[38;2;169;181;184m[48;2;0;0;0m▀[0m[38;2;255;255;255m[48;2;61;66;67m▀[0m[38;2;255;255;255m[48;2;174;189;191m▀[0m[38;2;255;255;255m[48;2;131;147;145m▀[0m[38;2;255;255;255m[48;2;118;135;135m▀[0m[38;2;239;255;255m[48;2;51;61;62m▀[0m[38;2;202;220;224m[48;2;0;0;0m▀[0m[38;2;123;131;134m[48;2;0;0;0m▀[0m[38;2;0;0;0m[48;2;0;0;0m▀[0m[38;2;2;4;4m[48;2;0;0;0m▀[0m[38;2;30;39;39m[48;2;0;0;0m▀[0m
[38;2;0;0;0m[48;2;0;0;0m▀[0m[38;2;77;106;104m[48;2;135;170;171m▀[0m[38;2;188;221;220m[48;2;118;144;139m▀[0m[38;2;6;0;1m[48;2;0;0;0m▀[0m[38;2;0;0;0m[48;2;0;0;0m▀[0m[38;2;0;0;0m[48;2;0;0;0m▀[0m[38;2;0;0;0m[48;2;0;0;0m▀[0m[38;2;0;0;0m[48;2;0;0;0m▀[0m[38;2;145;190;192m[48;2;72;98;98m▀[0m[38;2;46;62;60m[48;2;0;0;0m▀[0m[38;2;0;0;0m[48;2;0;0;0m▀[0m[38;2;0;0;0m[48;2;0;0;0m▀[0m[38;2;108;112;114m[48;2;127;157;157m▀[0m[38;2;21;16;15m[48;2;210;242;242m▀[0m[38;2;0;0;0m[48;2;57;56;56m▀[0m[38;2;0;0;0m[48;2;0;0;0m▀[0m[38;2;0;0;0m[48;2;0;0;0m▀[0m[38;2;0;0;0m[48;2;0;0;0m▀[0m[38;2;134;133;133m[48;2;102;102;102m▀[0m[38;2;255;255;255m[48;2;255;255;255m▀[0m[38;2;255;255;255m[48;2;255;255;255m▀[0m[38;2;33;38;38m[48;2;0;0;0m▀[0m[38;2;0;0;0m[48;2;0;0;0m▀[0m[38;2;0;0;0m[48;2;2;2;2m▀[0m[38;2;24;29;29m[48;2;0;0;0m▀[0m[38;2;55;64;67m[48;2;0;0;0m▀[0m[38;2;3;11;14m[48;2;0;0;0m▀[0m[38;2;6;11;13m[48;2;0;0;0m▀[0m[38;2;0;0;0m[48;2;0;0;0m▀[0m[38;2;0;0;0m[48;2;0;0;0m▀[0m[38;2;0;0;0m[48;2;15;17;17m▀[0m[38;2;0;0;0m[48;2;49;52;52m▀[0m[38;2;59;64;65m[48;2;11;13;14m▀[0m[38;2;12;14;15m[48;2;0;0;0m▀[0m[38;2;0;0;0m[48;2;0;0;0m▀[0m[38;2;0;0;0m[48;2;1;1;0m▀[0m
[38;2;38;45;46m[48;2;72;89;87m▀[0m[38;2;154;189;188m[48;2;146;178;176m▀[0m[38;2;78;96;97m[48;2;110;132;133m▀[0m[38;2;0;0;0m[48;2;0;0;0m▀[0m[38;2;0;0;0m[48;2;0;0;0m▀[0m[38;2;0;0;0m[48;2;0;0;0m▀[0m[38;2;25;38;37m[48;2;13;20;21m▀[0m[38;2;0;0;0m[48;2;10;13;14m▀[0m[38;2;39;51;54m[48;2;44;58;61m▀[0m[38;2;0;0;0m[48;2;0;0;0m▀[0m[38;2;0;0;0m[48;2;0;0;0m▀[0m[38;2;0;0;0m[48;2;0;0;0m▀[0m[38;2;115;145;145m[48;2;146;179;179m▀[0m[38;2;157;210;209m[48;2;118;163;164m▀[0m[38;2;118;128;128m[48;2;125;165;164m▀[0m[38;2;0;0;0m[48;2;50;55;52m▀[0m[38;2;0;0;0m[48;2;0;0;0m▀[0m[38;2;0;0;0m[48;2;0;0;0m▀[0m[38;2;91;93;93m[48;2;58;60;60m▀[0m[38;2;255;255;255m[48;2;255;255;255m▀[0m[38;2;255;255;255m[48;2;255;255;255m▀[0m[38;2;0;0;0m[48;2;0;0;0m▀[0m[38;2;0;0;0m[48;2;0;0;0m▀[0m[38;2;0;0;0m[48;2;0;0;0m▀[0m[38;2;0;9;7m[48;2;75;77;77m▀[0m[38;2;14;18;18m[48;2;137;140;140m▀[0m[38;2;0;0;0m[48;2;60;67;67m▀[0m[38;2;13;16;16m[48;2;0;0;0m▀[0m[38;2;39;44;44m[48;2;0;0;0m▀[0m[38;2;54;56;58m[48;2;0;0;0m▀[0m[38;2;30;27;27m[48;2;1;5;4m▀[0m[38;2;44;53;53m[48;2;106;136;136m▀[0m[38;2;0;2;1m[48;2;19;24;24m▀[0m[38;2;0;0;0m[48;2;0;0;0m▀[0m[38;2;0;0;0m[48;2;0;0;0m▀[0m[38;2;0;0;0m[48;2;0;0;0m▀[0m
[38;2;89;109;109m[48;2;123;140;140m▀[0m[38;2;151;186;185m[48;2;184;221;221m▀[0m[38;2;179;225;226m[48;2;135;171;171m▀[0m[38;2;22;22;22m[48;2;0;0;0m▀[0m[38;2;0;0;0m[48;2;0;0;0m▀[0m[38;2;0;0;1m[48;2;0;0;0m▀[0m[38;2;0;0;0m[48;2;0;0;0m▀[0m[38;2;21;30;30m[48;2;0;0;0m▀[0m[38;2;4;11;11m[48;2;0;0;0m▀[0m[38;2;0;0;0m[48;2;0;0;0m▀[0m[38;2;0;0;0m[48;2;0;0;0m▀[0m[38;2;31;36;38m[48;2;114;140;143m▀[0m[38;2;143;186;187m[48;2;146;180;181m▀[0m[38;2;135;157;157m[48;2;241;245;242m▀[0m[38;2;153;174;174m[48;2;243;249;247m▀[0m[38;2;255;255;255m[48;2;255;255;255m▀[0m[38;2;219;215;218m[48;2;255;255;255m▀[0m[38;2;0;0;0m[48;2;14;21;21m▀[0m[38;2;0;0;0m[48;2;0;0;0m▀[0m[38;2;211;210;210m[48;2;88;91;91m▀[0m[38;2;255;255;255m[48;2;255;255;255m▀[0m[38;2;80;77;77m[48;2;255;255;255m▀[0m[38;2;109;110;107m[48;2;245;244;241m▀[0m[38;2;255;255;255m[48;2;255;255;255m▀[0m[38;2;239;238;238m[48;2;252;251;251m▀[0m[38;2;220;222;222m[48;2;255;255;255m▀[0m[38;2;255;255;255m[48;2;255;255;255m▀[0m[38;2;255;255;255m[48;2;255;255;255m▀[0m[38;2;0;0;0m[48;2;182;184;182m▀[0m[38;2;0;0;0m[48;2;0;0;0m▀[0m[38;2;0;0;0m[48;2;8;20;23m▀[0m[38;2;55;75;75m[48;2;2;6;8m▀[0m[38;2;46;66;67m[48;2;0;0;0m▀[0m[38;2;0;0;0m[48;2;0;0;0m▀[0m[38;2;0;0;0m[48;2;174;177;174m▀[0m[38;2;0;0;0m[48;2;244;247;243m▀[0m
[38;2;143;167;165m[48;2;182;215;214m▀[0m[38;2;136;149;149m[48;2;7;11;8m▀[0m[38;2;55;64;60m[48;2;0;0;0m▀[0m[38;2;0;0;0m[48;2;0;0;0m▀[0m[38;2;0;0;0m[48;2;0;0;0m▀[0m[38;2;15;20;20m[48;2;73;100;100m▀[0m[38;2;12;15;15m[48;2;69;83;86m▀[0m[38;2;0;0;0m[48;2;21;29;27m▀[0m[38;2;0;0;0m[48;2;0;0;0m▀[0m[38;2;0;0;0m[48;2;29;26;26m▀[0m[38;2;96;104;104m[48;2;104;108;110m▀[0m[38;2;204;238;235m[48;2;44;50;48m▀[0m[38;2;199;223;222m[48;2;86;95;93m▀[0m[38;2;255;255;255m[48;2;213;212;213m▀[0m[38;2;255;255;255m[48;2;255;255;255m▀[0m[38;2;255;255;255m[48;2;255;255;255m▀[0m[38;2;255;255;255m[48;2;165;168;165m▀[0m[38;2;70;74;74m[48;2;0;0;0m▀[0m[38;2;0;0;0m[48;2;0;0;0m▀[0m[38;2;0;0;0m[48;2;0;0;0m▀[0m[38;2;140;142;142m[48;2;10;12;12m▀[0m[38;2;255;255;255m[48;2;158;158;158m▀[0m[38;2;231;231;231m[48;2;255;255;255m▀[0m[38;2;235;238;238m[48;2;114;117;117m▀[0m[38;2;246;248;248m[48;2;181;183;183m▀[0m[38;2;255;255;255m[48;2;235;241;237m▀[0m[38;2;255;255;255m[48;2;247;248;245m▀[0m[38;2;255;255;255m[48;2;255;255;255m▀[0m[38;2;250;249;250m[48;2;179;183;182m▀[0m[38;2;33;32;29m[48;2;91;99;99m▀[0m[38;2;0;0;0m[48;2;106;108;108m▀[0m[38;2;0;0;0m[48;2;0;0;0m▀[0m[38;2;0;0;0m[48;2;0;0;0m▀[0m[38;2;0;0;0m[48;2;0;0;0m▀[0m[38;2;255;255;255m[48;2;149;152;151m▀[0m[38;2;222;221;219m[48;2;0;0;0m▀[0m
