wide,42,43,255,184,176
wide,37,43,255,144,131
wide,43,22,255,178,176
wide,33,17,233,172,172
wide,33,22,255,235,232
wide,51,31,255,188,190
wide,38,30,255,255,255
wide,38,27,255,255,255
wide,38,11,255,255,255
punch,41,25,255,177,175
punch,45,15,255,211,208
punch,38,36,255,255,254
punch,38,31,255,255,255
punch,39,46,255,255,255
punch,39,28,255,255,255
punch,34,22,242,224,224
punch,36,17,255,255,255
punch,50,24,240,194,191
strip,19,5,255,249,247
strip,33,12,255,255,255
strip,31,10,255,255,255
strip,28,6,255,255,255
strip,27,10,255,255,255
strip,23,5,255,255,255
