[38;2;155;158;158m[48;2;153;155;155m▀[0m[38;2;229;229;229m[48;2;174;178;178m▀[0m[38;2;57;57;57m[48;2;0;0;0m▀[0m[38;2;25;25;25m[48;2;0;0;0m▀[0m[38;2;32;35;35m[48;2;0;0;0m▀[0m[38;2;140;140;140m[48;2;158;159;154m▀[0m[38;2;158;153;155m[48;2;151;153;151m▀[0m[38;2;118;116;118m[48;2;130;129;127m▀[0m[38;2;129;132;129m[48;2;104;104;104m▀[0m[38;2;229;229;229m[48;2;229;229;229m▀[0m[38;2;229;229;229m[48;2;229;229;229m▀[0m[38;2;228;228;228m[48;2;229;229;229m▀[0m[38;2;32;34;34m[48;2;25;32;32m▀[0m[38;2;70;79;79m[48;2;0;0;0m▀[0m[38;2;22;52;53m[48;2;0;0;0m▀[0m[38;2;35;152;154m[48;2;0;86;90m▀[0m[38;2;93;68;72m[48;2;212;0;0m▀[0m[38;2;229;0;0m[48;2;229;0;0m▀[0m[38;2;229;0;0m[48;2;229;0;0m▀[0m[38;2;229;6;1m[48;2;229;0;0m▀[0m[38;2;229;109;108m[48;2;185;75;70m▀[0m[38;2;204;0;0m[48;2;229;54;42m▀[0m[38;2;229;0;0m[48;2;54;0;0m▀[0m[38;2;229;0;0m[48;2;141;0;0m▀[0m[38;2;229;0;0m[48;2;229;0;0m▀[0m[38;2;229;0;0m[48;2;229;0;0m▀[0m[38;2;229;0;0m[48;2;229;0;0m▀[0m[38;2;229;0;0m[48;2;229;0;0m▀[0m[38;2;212;0;0m[48;2;229;52;40m▀[0m[38;2;229;0;0m[48;2;227;9;4m▀[0m[38;2;229;0;0m[48;2;229;0;0m▀[0m[38;2;229;0;0m[48;2;229;0;0m▀[0m[38;2;63;20;17m[48;2;229;0;0m▀[0m[38;2;0;94;98m[48;2;19;127;129m▀[0m[38;2;36;66;67m[48;2;0;11;9m▀[0m[38;2;189;201;201m[48;2;199;212;212m▀[0m[38;2;229;229;229m[48;2;229;229;229m▀[0m[38;2;229;229;229m[48;2;229;229;229m▀[0m[38;2;171;175;174m[48;2;122;121;119m▀[0m[38;2;103;103;104m[48;2;116;116;117m▀[0m[38;2;141;141;141m[48;2;141;144;141m▀[0m[38;2;175;174;175m[48;2;169;170;167m▀[0m[38;2;84;90;90m[48;2;0;0;0m▀[0m[38;2;0;0;0m[48;2;0;0;0m▀[0m
[38;2;98;100;99m[48;2;0;0;0m▀[0m[38;2;12;15;14m[48;2;0;0;0m▀[0m[38;2;0;0;0m[48;2;58;60;60m▀[0m[38;2;0;0;0m[48;2;140;139;139m▀[0m[38;2;24;27;27m[48;2;54;54;54m▀[0m[38;2;144;145;144m[48;2;135;131;135m▀[0m[38;2;149;151;153m[48;2;144;144;145m▀[0m[38;2;124;128;129m[48;2;97;96;97m▀[0m[38;2;96;99;96m[48;2;103;103;100m▀[0m[38;2;203;203;200m[48;2;164;162;161m▀[0m[38;2;229;229;229m[48;2;229;229;229m▀[0m[38;2;229;229;229m[48;2;229;229;229m▀[0m[38;2;0;0;0m[48;2;0;0;0m▀[0m[38;2;46;70;72m[48;2;52;73;72m▀[0m[38;2;120;214;215m[48;2;112;99;99m▀[0m[38;2;0;58;61m[48;2;198;0;0m▀[0m[38;2;229;0;0m[48;2;229;0;0m▀[0m[38;2;229;0;0m[48;2;229;0;0m▀[0m[38;2;229;0;0m[48;2;229;0;0m▀[0m[38;2;229;0;0m[48;2;213;0;0m▀[0m[38;2;229;0;0m[48;2;229;0;0m▀[0m[38;2;229;0;0m[48;2;209;179;176m▀[0m[38;2;122;229;229m[48;2;229;229;229m▀[0m[38;2;218;100;93m[48;2;229;0;0m▀[0m[38;2;229;229;229m[48;2;229;218;219m▀[0m[38;2;229;229;229m[48;2;229;229;229m▀[0m[38;2;229;89;85m[48;2;229;0;0m▀[0m[38;2;229;134;121m[48;2;229;0;0m▀[0m[38;2;229;108;97m[48;2;229;0;0m▀[0m[38;2;229;18;7m[48;2;229;0;0m▀[0m[38;2;229;0;0m[48;2;229;0;0m▀[0m[38;2;229;0;0m[48;2;229;0;0m▀[0m[38;2;229;0;0m[48;2;229;0;0m▀[0m[38;2;58;38;35m[48;2;83;0;0m▀[0m[38;2;0;10;12m[48;2;0;0;0m▀[0m[38;2;229;229;229m[48;2;229;229;229m▀[0m[38;2;229;229;229m[48;2;229;229;229m▀[0m[38;2;229;229;229m[48;2;203;205;205m▀[0m[38;2;97;94;96m[48;2;93;93;90m▀[0m[38;2;127;130;127m[48;2;133;135;133m▀[0m[38;2;148;149;145m[48;2;119;121;126m▀[0m[38;2;143;145;143m[48;2;100;100;99m▀[0m[38;2;0;0;0m[48;2;69;71;72m▀[0m[38;2;63;64;67m[48;2;199;201;201m▀[0m
[38;2;46;46;47m[48;2;50;49;49m▀[0m[38;2;6;9;10m[48;2;0;0;0m▀[0m[38;2;217;219;219m[48;2;135;136;136m▀[0m[38;2;229;229;229m[48;2;185;189;189m▀[0m[38;2;172;172;172m[48;2;66;66;72m▀[0m[38;2;115;115;113m[48;2;126;125;123m▀[0m[38;2;155;154;154m[48;2;155;158;158m▀[0m[38;2;136;136;135m[48;2;135;135;134m▀[0m[38;2;113;113;113m[48;2;121;125;125m▀[0m[38;2;133;133;131m[48;2;114;114;110m▀[0m[38;2;229;229;229m[48;2;229;229;229m▀[0m[38;2;229;229;229m[48;2;229;229;229m▀[0m[38;2;9;30;28m[48;2;98;113;109m▀[0m[38;2;89;148;144m[48;2;78;126;124m▀[0m[38;2;115;124;122m[48;2;122;0;0m▀[0m[38;2;229;0;0m[48;2;229;0;0m▀[0m[38;2;229;0;0m[48;2;223;0;0m▀[0m[38;2;229;0;0m[48;2;229;0;0m▀[0m[38;2;229;0;0m[48;2;229;0;0m▀[0m[38;2;190;0;0m[48;2;126;117;117m▀[0m[38;2;146;36;32m[48;2;170;229;229m▀[0m[38;2;229;229;229m[48;2;229;229;229m▀[0m[38;2;187;229;229m[48;2;229;229;229m▀[0m[38;2;229;0;0m[48;2;229;0;0m▀[0m[38;2;229;0;0m[48;2;229;0;0m▀[0m[38;2;229;0;0m[48;2;229;0;0m▀[0m[38;2;221;0;0m[48;2;152;0;0m▀[0m[38;2;223;0;0m[48;2;189;10;12m▀[0m[38;2;229;0;0m[48;2;212;9;5m▀[0m[38;2;229;0;0m[48;2;229;0;0m▀[0m[38;2;229;0;0m[48;2;229;0;0m▀[0m[38;2;229;0;0m[48;2;229;0;0m▀[0m[38;2;229;0;0m[48;2;229;0;0m▀[0m[38;2;158;0;0m[48;2;201;0;0m▀[0m[38;2;18;123;117m[48;2;1;82;85m▀[0m[38;2;229;229;229m[48;2;229;229;229m▀[0m[38;2;229;229;229m[48;2;229;229;229m▀[0m[38;2;165;168;164m[48;2;132;132;132m▀[0m[38;2;99;99;99m[48;2;111;111;111m▀[0m[38;2;133;136;136m[48;2;135;135;135m▀[0m[38;2;144;144;144m[48;2;162;162;160m▀[0m[38;2;89;89;90m[48;2;80;80;80m▀[0m[38;2;164;169;170m[48;2;153;156;160m▀[0m[38;2;224;225;225m[48;2;202;206;209m▀[0m
[38;2;208;208;209m[48;2;172;172;172m▀[0m[38;2;170;168;171m[48;2;171;171;171m▀[0m[38;2;211;209;212m[48;2;163;165;163m▀[0m[38;2;31;34;35m[48;2;0;0;0m▀[0m[38;2;0;0;0m[48;2;0;0;0m▀[0m[38;2;116;118;116m[48;2;95;94;94m▀[0m[38;2;168;168;168m[48;2;174;183;183m▀[0m[38;2;137;142;139m[48;2;135;133;133m▀[0m[38;2;124;121;125m[48;2;126;97;99m▀[0m[38;2;102;105;104m[48;2;108;113;112m▀[0m[38;2;229;229;229m[48;2;200;204;201m▀[0m[38;2;229;229;229m[48;2;229;229;229m▀[0m[38;2;0;0;0m[48;2;0;26;26m▀[0m[38;2;52;0;0m[48;2;0;0;0m▀[0m[38;2;114;0;0m[48;2;64;0;0m▀[0m[38;2;220;0;0m[48;2;84;18;18m▀[0m[38;2;126;24;15m[48;2;119;78;72m▀[0m[38;2;229;0;0m[48;2;229;0;0m▀[0m[38;2;225;0;0m[48;2;136;0;0m▀[0m[38;2;36;114;118m[48;2;0;50;56m▀[0m[38;2;180;229;229m[48;2;0;36;27m▀[0m[38;2;177;216;223m[48;2;0;0;0m▀[0m[38;2;92;189;190m[48;2;0;34;40m▀[0m[38;2;132;0;0m[48;2;40;106;104m▀[0m[38;2;229;0;0m[48;2;229;0;0m▀[0m[38;2;229;0;0m[48;2;229;0;0m▀[0m[38;2;144;72;68m[48;2;45;49;50m▀[0m[38;2;162;57;63m[48;2;87;83;90m▀[0m[38;2;144;47;48m[48;2;119;141;143m▀[0m[38;2;229;0;0m[48;2;229;0;0m▀[0m[38;2;229;0;0m[48;2;223;0;0m▀[0m[38;2;229;0;0m[48;2;229;0;0m▀[0m[38;2;229;0;0m[48;2;229;0;0m▀[0m[38;2;229;0;0m[48;2;229;0;0m▀[0m[38;2;0;5;5m[48;2;0;22;20m▀[0m[38;2;229;229;229m[48;2;229;229;229m▀[0m[38;2;229;229;229m[48;2;229;229;229m▀[0m[38;2;108;111;108m[48;2;91;94;91m▀[0m[38;2;124;124;124m[48;2;126;126;126m▀[0m[38;2;137;139;139m[48;2;129;135;133m▀[0m[38;2;170;170;170m[48;2;173;173;173m▀[0m[38;2;59;62;62m[48;2;28;31;31m▀[0m[38;2;0;0;0m[48;2;0;0;0m▀[0m[38;2;194;196;196m[48;2;124;124;124m▀[0m
[38;2;0;0;0m[48;2;183;186;183m▀[0m[38;2;0;0;0m[48;2;94;94;95m▀[0m[38;2;0;0;0m[48;2;130;133;133m▀[0m[38;2;0;0;0m[48;2;218;217;217m▀[0m[38;2;0;0;0m[48;2;102;102;102m▀[0m[38;2;39;41;39m[48;2;31;45;45m▀[0m[38;2;171;150;152m[48;2;162;151;151m▀[0m[38;2;135;99;103m[48;2;117;31;36m▀[0m[38;2;135;143;141m[48;2;129;100;103m▀[0m[38;2;123;133;132m[48;2;130;123;123m▀[0m[38;2;153;158;154m[48;2;136;136;136m▀[0m[38;2;229;229;229m[48;2;187;190;190m▀[0m[38;2;67;87;88m[48;2;119;126;130m▀[0m[38;2;0;0;0m[48;2;47;82;86m▀[0m[38;2;37;0;0m[48;2;37;33;31m▀[0m[38;2;34;45;47m[48;2;0;0;0m▀[0m[38;2;217;62;57m[48;2;229;0;0m▀[0m[38;2;229;0;0m[48;2;229;0;0m▀[0m[38;2;229;0;0m[48;2;122;0;0m▀[0m[38;2;216;229;229m[48;2;229;229;229m▀[0m[38;2;229;229;229m[48;2;202;229;229m▀[0m[38;2;99;100;41m[48;2;229;229;229m▀[0m[38;2;160;194;197m[48;2;229;229;229m▀[0m[38;2;229;229;229m[48;2;229;229;229m▀[0m[38;2;159;0;0m[48;2;97;145;144m▀[0m[38;2;229;0;0m[48;2;227;0;0m▀[0m[38;2;13;39;37m[48;2;143;106;84m▀[0m[38;2;0;39;34m[48;2;78;136;74m▀[0m[38;2;12;104;107m[48;2;121;207;216m▀[0m[38;2;114;0;0m[48;2;0;0;5m▀[0m[38;2;224;0;0m[48;2;229;0;0m▀[0m[38;2;229;0;0m[48;2;229;0;0m▀[0m[38;2;229;0;0m[48;2;229;0;0m▀[0m[38;2;229;0;0m[48;2;167;0;0m▀[0m[38;2;90;48;43m[48;2;141;23;16m▀[0m[38;2;207;229;229m[48;2;116;189;189m▀[0m[38;2;204;214;213m[48;2;142;151;149m▀[0m[38;2;82;87;84m[48;2;119;124;124m▀[0m[38;2;118;121;118m[48;2;131;133;131m▀[0m[38;2;141;141;141m[48;2;149;152;152m▀[0m[38;2;135;138;138m[48;2;130;130;130m▀[0m[38;2;33;33;35m[48;2;84;83;83m▀[0m[38;2;11;10;10m[48;2;133;135;135m▀[0m[38;2;7;6;6m[48;2;162;166;165m▀[0m
[38;2;0;0;0m[48;2;13;15;15m▀[0m[38;2;59;56;60m[48;2;0;0;0m▀[0m[38;2;229;229;229m[48;2;222;224;224m▀[0m[38;2;229;229;229m[48;2;83;87;87m▀[0m[38;2;185;185;185m[48;2;106;108;108m▀[0m[38;2;19;27;27m[48;2;17;20;19m▀[0m[38;2;146;145;145m[48;2;129;134;131m▀[0m[38;2;140;139;135m[48;2;158;162;161m▀[0m[38;2;137;125;123m[48;2;142;153;152m▀[0m[38;2;129;109;112m[48;2;141;149;145m▀[0m[38;2;134;132;130m[48;2;141;143;141m▀[0m[38;2;145;150;150m[48;2;125;126;126m▀[0m[38;2;138;143;144m[48;2;144;150;150m▀[0m[38;2;72;90;90m[48;2;46;63;63m▀[0m[38;2;91;135;132m[48;2;104;144;146m▀[0m[38;2;0;0;0m[48;2;0;12;13m▀[0m[38;2;229;0;0m[48;2;229;0;0m▀[0m[38;2;229;0;0m[48;2;229;0;0m▀[0m[38;2;52;2;0m[48;2;64;130;131m▀[0m[38;2;229;229;229m[48;2;229;229;229m▀[0m[38;2;229;229;229m[48;2;229;229;229m▀[0m[38;2;229;229;229m[48;2;229;229;229m▀[0m[38;2;229;229;229m[48;2;229;229;229m▀[0m[38;2;229;229;229m[48;2;229;229;229m▀[0m[38;2;135;226;228m[48;2;229;229;229m▀[0m[38;2;111;0;0m[48;2;187;155;153m▀[0m[38;2;229;201;201m[48;2;229;219;217m▀[0m[38;2;207;229;229m[48;2;229;229;229m▀[0m[38;2;212;229;229m[48;2;229;229;229m▀[0m[38;2;156;148;151m[48;2;218;62;59m▀[0m[38;2;229;0;0m[48;2;163;0;0m▀[0m[38;2;229;0;0m[48;2;229;0;0m▀[0m[38;2;223;0;0m[48;2;157;0;0m▀[0m[38;2;18;0;0m[48;2;0;0;0m▀[0m[38;2;135;0;0m[48;2;105;105;102m▀[0m[38;2;117;182;179m[48;2;143;180;181m▀[0m[38;2;135;138;135m[48;2;138;143;140m▀[0m[38;2;134;140;140m[48;2;134;138;138m▀[0m[38;2;139;138;139m[48;2;139;138;139m▀[0m[38;2;153;155;153m[48;2;155;158;159m▀[0m[38;2;132;131;132m[48;2;112;113;108m▀[0m[38;2;141;140;140m[48;2;10;12;13m▀[0m[38;2;122;124;122m[48;2;0;0;0m▀[0m[38;2;162;170;171m[48;2;132;134;135m▀[0m
[38;2;0;0;0m[48;2;36;37;40m▀[0m[38;2;0;0;0m[48;2;58;60;60m▀[0m[38;2;26;27;27m[48;2;0;0;0m▀[0m[38;2;147;149;151m[48;2;0;0;0m▀[0m[38;2;60;59;59m[48;2;100;101;95m▀[0m[38;2;24;27;27m[48;2;48;50;51m▀[0m[38;2;96;100;98m[48;2;56;60;60m▀[0m[38;2;156;144;148m[48;2;162;160;162m▀[0m[38;2;130;125;126m[48;2;131;117;124m▀[0m[38;2;142;143;140m[48;2;140;141;138m▀[0m[38;2;144;144;142m[48;2;144;144;144m▀[0m[38;2;118;123;122m[48;2;120;123;122m▀[0m[38;2;145;146;144m[48;2;115;117;115m▀[0m[38;2;43;57;57m[48;2;189;200;198m▀[0m[38;2;0;29;33m[48;2;187;211;211m▀[0m[38;2;0;0;0m[48;2;0;0;0m▀[0m[38;2;229;0;0m[48;2;198;0;0m▀[0m[38;2;229;0;0m[48;2;229;0;0m▀[0m[38;2;0;0;0m[48;2;0;0;0m▀[0m[38;2;75;161;164m[48;2;0;5;8m▀[0m[38;2;229;229;229m[48;2;0;60;61m▀[0m[38;2;229;229;229m[48;2;0;18;18m▀[0m[38;2;226;229;229m[48;2;229;0;0m▀[0m[38;2;207;229;229m[48;2;229;0;0m▀[0m[38;2;209;229;229m[48;2;172;0;0m▀[0m[38;2;229;229;229m[48;2;229;210;212m▀[0m[38;2;229;229;229m[48;2;229;229;229m▀[0m[38;2;229;229;229m[48;2;229;229;229m▀[0m[38;2;229;229;229m[48;2;107;187;189m▀[0m[38;2;9;0;0m[48;2;0;0;0m▀[0m[38;2;229;0;0m[48;2;229;0;0m▀[0m[38;2;229;0;0m[48;2;229;0;0m▀[0m[38;2;77;0;0m[48;2;0;0;0m▀[0m[38;2;104;106;107m[48;2;60;67;66m▀[0m[38;2;129;194;198m[48;2;105;135;136m▀[0m[38;2;136;150;146m[48;2;119;129;128m▀[0m[38;2;140;144;141m[48;2;131;139;135m▀[0m[38;2;140;140;140m[48;2;141;141;138m▀[0m[38;2;140;142;140m[48;2;145;148;148m▀[0m[38;2;158;160;158m[48;2;148;146;144m▀[0m[38;2;79;81;81m[48;2;43;45;45m▀[0m[38;2;0;0;0m[48;2;63;66;66m▀[0m[38;2;0;0;0m[48;2;151;154;155m▀[0m[38;2;151;153;156m[48;2;65;69;70m▀[0m
[38;2;76;81;81m[48;2;204;204;205m▀[0m[38;2;43;50;50m[48;2;194;198;195m▀[0m[38;2;66;71;68m[48;2;190;192;192m▀[0m[38;2;212;216;216m[48;2;181;181;181m▀[0m[38;2;177;179;179m[48;2;179;177;180m▀[0m[38;2;38;42;41m[48;2;194;193;194m▀[0m[38;2;17;20;17m[48;2;125;125;125m▀[0m[38;2;135;139;135m[48;2;90;91;89m▀[0m[38;2;150;153;152m[48;2;153;155;154m▀[0m[38;2;139;139;139m[48;2;140;140;137m▀[0m[38;2;143;144;143m[48;2;140;139;137m▀[0m[38;2;98;100;98m[48;2;129;132;129m▀[0m[38;2;87;87;89m[48;2;104;104;102m▀[0m[38;2;204;212;210m[48;2;161;170;170m▀[0m[38;2;229;229;229m[48;2;229;229;229m▀[0m[38;2;58;152;153m[48;2;229;229;229m▀[0m[38;2;111;0;0m[48;2;112;0;0m▀[0m[38;2;229;0;0m[48;2;229;0;0m▀[0m[38;2;42;0;0m[48;2;71;0;0m▀[0m[38;2;0;63;65m[48;2;0;36;38m▀[0m[38;2;186;229;229m[48;2;116;163;162m▀[0m[38;2;119;58;54m[48;2;229;229;229m▀[0m[38;2;229;0;0m[48;2;229;14;12m▀[0m[38;2;229;0;0m[48;2;229;0;0m▀[0m[38;2;229;0;0m[48;2;229;0;0m▀[0m[38;2;21;0;0m[48;2;229;229;229m▀[0m[38;2;0;72;72m[48;2;109;175;175m▀[0m[38;2;0;26;27m[48;2;0;0;0m▀[0m[38;2;0;0;0m[48;2;0;0;0m▀[0m[38;2;111;0;0m[48;2;229;0;0m▀[0m[38;2;229;0;0m[48;2;229;0;0m▀[0m[38;2;119;0;0m[48;2;123;0;0m▀[0m[38;2;101;134;133m[48;2;117;105;103m▀[0m[38;2;84;135;135m[48;2;144;194;197m▀[0m[38;2;124;137;135m[48;2;137;142;144m▀[0m[38;2;138;145;144m[48;2;127;135;133m▀[0m[38;2;138;135;135m[48;2;135;108;110m▀[0m[38;2;139;149;146m[48;2;133;113;116m▀[0m[38;2;153;155;155m[48;2;148;164;164m▀[0m[38;2;104;107;108m[48;2;80;84;83m▀[0m[38;2;17;21;21m[48;2;198;198;199m▀[0m[38;2;51;54;52m[48;2;204;206;204m▀[0m[38;2;171;174;174m[48;2;182;181;181m▀[0m[38;2;131;143;146m[48;2;170;171;168m▀[0m
[38;2;177;179;179m[48;2;169;171;169m▀[0m[38;2;185;188;188m[48;2;182;184;182m▀[0m[38;2;155;159;159m[48;2;172;175;172m▀[0m[38;2;141;143;143m[48;2;121;123;121m▀[0m[38;2;198;195;195m[48;2;229;229;229m▀[0m[38;2;191;190;191m[48;2;141;141;141m▀[0m[38;2;173;175;176m[48;2;175;179;175m▀[0m[38;2;51;53;53m[48;2;0;0;0m▀[0m[38;2;154;158;159m[48;2;139;139;137m▀[0m[38;2;141;141;141m[48;2;154;154;152m▀[0m[38;2;138;138;138m[48;2;140;137;137m▀[0m[38;2;136;136;136m[48;2;133;136;133m▀[0m[38;2;104;104;105m[48;2;83;85;87m▀[0m[38;2;136;144;144m[48;2;131;138;138m▀[0m[38;2;229;229;229m[48;2;229;229;229m▀[0m[38;2;229;229;229m[48;2;229;229;229m▀[0m[38;2;113;83;77m[48;2;151;229;229m▀[0m[38;2;229;0;0m[48;2;156;0;0m▀[0m[38;2;122;0;0m[48;2;210;0;0m▀[0m[38;2;23;99;102m[48;2;15;84;85m▀[0m[38;2;70;111;112m[48;2;172;209;212m▀[0m[38;2;16;64;68m[48;2;102;122;122m▀[0m[38;2;229;229;229m[48;2;0;0;0m▀[0m[38;2;190;212;212m[48;2;0;29;33m▀[0m[38;2;173;229;229m[48;2;0;0;0m▀[0m[38;2;23;98;98m[48;2;0;39;39m▀[0m[38;2;0;0;0m[48;2;0;0;0m▀[0m[38;2;0;0;0m[48;2;46;38;38m▀[0m[38;2;110;0;0m[48;2;226;20;9m▀[0m[38;2;229;0;0m[48;2;138;17;15m▀[0m[38;2;201;0;0m[48;2;84;0;0m▀[0m[38;2;68;0;0m[48;2;179;229;229m▀[0m[38;2;146;171;173m[48;2;225;229;229m▀[0m[38;2;117;142;145m[48;2;84;96;96m▀[0m[38;2;127;131;131m[48;2;142;144;144m▀[0m[38;2;113;121;119m[48;2;141;144;142m▀[0m[38;2;144;149;145m[48;2;140;144;143m▀[0m[38;2;127;90;90m[48;2;159;171;169m▀[0m[38;2;112;58;61m[48;2;74;55;58m▀[0m[38;2;113;117;116m[48;2;179;182;179m▀[0m[38;2;181;184;183m[48;2;143;144;143m▀[0m[38;2;171;173;171m[48;2;171;172;171m▀[0m[38;2;201;203;201m[48;2;202;204;202m▀[0m[38;2;104;103;100m[48;2;104;105;102m▀[0m
[38;2;171;171;171m[48;2;182;182;180m▀[0m[38;2;153;155;154m[48;2;176;176;174m▀[0m[38;2;183;183;181m[48;2;191;191;192m▀[0m[38;2;102;104;102m[48;2;102;102;103m▀[0m[38;2;217;217;218m[48;2;203;203;201m▀[0m[38;2;139;141;139m[48;2;169;171;171m▀[0m[38;2;177;180;177m[48;2;182;182;182m▀[0m[38;2;0;0;0m[48;2;0;3;3m▀[0m[38;2;56;56;56m[48;2;0;0;0m▀[0m[38;2;176;176;173m[48;2;179;179;177m▀[0m[38;2;140;140;137m[48;2;122;126;126m▀[0m[38;2;116;119;120m[48;2;113;122;122m▀[0m[38;2;69;76;80m[48;2;147;162;164m▀[0m[38;2;129;144;144m[48;2;183;214;215m▀[0m[38;2;229;229;229m[48;2;229;229;229m▀[0m[38;2;229;229;229m[48;2;192;52;52m▀[0m[38;2;182;141;135m[48;2;219;0;0m▀[0m[38;2;23;0;0m[48;2;177;133;135m▀[0m[38;2;156;0;0m[48;2;71;73;74m▀[0m[38;2;42;13;12m[48;2;45;0;0m▀[0m[38;2;104;160;157m[48;2;23;74;76m▀[0m[38;2;167;186;183m[48;2;75;116;117m▀[0m[38;2;68;81;81m[48;2;178;197;194m▀[0m[38;2;0;0;0m[48;2;169;189;189m▀[0m[38;2;147;164;162m[48;2;112;161;161m▀[0m[38;2;114;165;165m[48;2;38;71;69m▀[0m[38;2;39;0;0m[48;2;55;0;0m▀[0m[38;2;93;0;0m[48;2;70;45;47m▀[0m[38;2;3;8;7m[48;2;62;0;0m▀[0m[38;2;147;0;0m[48;2;151;0;0m▀[0m[38;2;186;156;153m[48;2;229;229;229m▀[0m[38;2;229;229;229m[48;2;229;229;229m▀[0m[38;2;196;216;219m[48;2;198;222;222m▀[0m[38;2;57;71;64m[48;2;100;115;115m▀[0m[38;2;122;125;122m[48;2;123;129;129m▀[0m[38;2;143;143;143m[48;2;139;139;135m▀[0m[38;2;143;145;144m[48;2;171;170;171m▀[0m[38;2;162;164;165m[48;2;100;100;103m▀[0m[38;2;0;0;0m[48;2;0;0;0m▀[0m[38;2;183;190;189m[48;2;203;206;203m▀[0m[38;2;130;133;132m[48;2;129;132;131m▀[0m[38;2;193;195;193m[48;2;210;212;210m▀[0m[38;2;179;180;179m[48;2;164;164;162m▀[0m[38;2;115;117;115m[48;2;131;133;131m▀[0m
[38;2;181;184;183m[48;2;153;155;154m▀[0m[38;2;186;186;184m[48;2;189;189;190m▀[0m[38;2;199;198;197m[48;2;201;200;198m▀[0m[38;2;111;111;109m[48;2;126;126;125m▀[0m[38;2;186;185;183m[48;2;159;163;162m▀[0m[38;2;166;166;168m[48;2;169;169;167m▀[0m[38;2;166;166;166m[48;2;142;142;142m▀[0m[38;2;63;65;65m[48;2;121;121;122m▀[0m[38;2;0;0;0m[48;2;0;0;0m▀[0m[38;2;98;99;99m[48;2;21;26;26m▀[0m[38;2;131;131;131m[48;2;229;229;229m▀[0m[38;2;180;196;197m[48;2;229;229;229m▀[0m[38;2;227;229;229m[48;2;176;229;229m▀[0m[38;2;200;229;229m[48;2;135;0;0m▀[0m[38;2;221;40;33m[48;2;184;0;0m▀[0m[38;2;172;0;0m[48;2;169;0;0m▀[0m[38;2;229;229;229m[48;2;229;90;87m▀[0m[38;2;229;229;229m[48;2;228;111;105m▀[0m[38;2;186;229;229m[48;2;229;229;229m▀[0m[38;2;167;0;0m[48;2;150;105;101m▀[0m[38;2;177;0;0m[48;2;229;0;0m▀[0m[38;2;61;151;150m[48;2;94;126;126m▀[0m[38;2;129;167;165m[48;2;93;229;229m▀[0m[38;2;100;147;146m[48;2;59;218;216m▀[0m[38;2;78;153;151m[48;2;134;16;12m▀[0m[38;2;146;0;0m[48;2;229;0;0m▀[0m[38;2;178;71;69m[48;2;229;229;229m▀[0m[38;2;229;229;229m[48;2;229;229;227m▀[0m[38;2;119;229;229m[48;2;229;189;186m▀[0m[38;2;202;9;10m[48;2;214;178;179m▀[0m[38;2;192;0;0m[48;2;126;0;0m▀[0m[38;2;229;229;229m[48;2;184;0;0m▀[0m[38;2;217;229;229m[48;2;171;216;216m▀[0m[38;2;162;174;174m[48;2;229;229;229m▀[0m[38;2;166;174;173m[48;2;229;229;229m▀[0m[38;2;108;112;108m[48;2;130;139;138m▀[0m[38;2;179;179;180m[48;2;80;82;84m▀[0m[38;2;0;0;0m[48;2;0;0;0m▀[0m[38;2;0;0;0m[48;2;7;6;6m▀[0m[38;2;212;217;214m[48;2;215;216;213m▀[0m[38;2;131;133;131m[48;2;141;143;141m▀[0m[38;2;218;220;218m[48;2;220;221;218m▀[0m[38;2;143;146;145m[48;2;129;129;127m▀[0m[38;2;142;145;142m[48;2;158;160;158m▀[0m
[38;2;125;124;122m[48;2;113;112;110m▀[0m[38;2;190;190;191m[48;2;171;164;163m▀[0m[38;2;195;198;195m[48;2;194;198;195m▀[0m[38;2;151;151;152m[48;2;164;166;171m▀[0m[38;2;132;132;133m[48;2;119;118;116m▀[0m[38;2;218;218;215m[48;2;198;201;198m▀[0m[38;2;171;173;171m[48;2;198;200;198m▀[0m[38;2;173;173;174m[48;2;229;229;229m▀[0m[38;2;0;0;0m[48;2;0;0;0m▀[0m[38;2;14;21;21m[48;2;5;7;7m▀[0m[38;2;229;229;229m[48;2;169;198;198m▀[0m[38;2;229;229;229m[48;2;153;64;60m▀[0m[38;2;156;0;0m[48;2;137;0;0m▀[0m[38;2;171;0;0m[48;2;208;204;206m▀[0m[38;2;186;0;0m[48;2;229;229;229m▀[0m[38;2;209;0;0m[48;2;229;229;229m▀[0m[38;2;207;0;0m[48;2;221;229;229m▀[0m[38;2;220;0;0m[48;2;209;84;81m▀[0m[38;2;223;0;0m[48;2;192;174;174m▀[0m[38;2;229;0;0m[48;2;192;167;165m▀[0m[38;2;229;0;0m[48;2;146;0;0m▀[0m[38;2;229;0;0m[48;2;219;0;0m▀[0m[38;2;203;24;17m[48;2;171;0;0m▀[0m[38;2;229;0;0m[48;2;229;0;0m▀[0m[38;2;229;0;0m[48;2;93;0;0m▀[0m[38;2;229;0;0m[48;2;131;19;18m▀[0m[38;2;229;0;0m[48;2;176;168;164m▀[0m[38;2;229;0;0m[48;2;155;211;208m▀[0m[38;2;221;0;0m[48;2;202;194;195m▀[0m[38;2;229;0;0m[48;2;219;229;229m▀[0m[38;2;215;0;0m[48;2;223;229;229m▀[0m[38;2;141;0;0m[48;2;210;160;160m▀[0m[38;2;59;0;0m[48;2;134;9;9m▀[0m[38;2;229;223;220m[48;2;66;0;0m▀[0m[38;2;229;229;229m[48;2;229;186;184m▀[0m[38;2;184;192;192m[48;2;207;229;229m▀[0m[38;2;30;35;35m[48;2;2;4;4m▀[0m[38;2;0;0;0m[48;2;0;0;0m▀[0m[38;2;63;66;66m[48;2;144;145;145m▀[0m[38;2;205;206;203m[48;2;181;184;184m▀[0m[38;2;148;150;148m[48;2;161;162;161m▀[0m[38;2;211;212;207m[48;2;199;195;194m▀[0m[38;2;138;140;138m[48;2;175;174;172m▀[0m[38;2;176;175;176m[48;2;181;183;181m▀[0m
[38;2;150;152;153m[48;2;108;111;111m▀[0m[38;2;152;153;152m[48;2;94;93;94m▀[0m[38;2;205;207;205m[48;2;134;134;131m▀[0m[38;2;193;195;193m[48;2;132;131;132m▀[0m[38;2;112;115;112m[48;2;81;83;81m▀[0m[38;2;200;200;198m[48;2;115;118;115m▀[0m[38;2;207;205;207m[48;2;125;126;125m▀[0m[38;2;229;229;229m[48;2;175;179;175m▀[0m[38;2;38;41;38m[48;2;41;44;41m▀[0m[38;2;0;0;0m[48;2;0;0;0m▀[0m[38;2;139;148;148m[48;2;201;208;208m▀[0m[38;2;207;206;203m[48;2;144;160;160m▀[0m[38;2;229;229;229m[48;2;149;153;154m▀[0m[38;2;229;229;229m[48;2;221;229;229m▀[0m[38;2;229;229;229m[48;2;229;229;229m▀[0m[38;2;229;229;229m[48;2;229;229;229m▀[0m[38;2;229;229;229m[48;2;229;229;229m▀[0m[38;2;229;34;29m[48;2;229;229;229m▀[0m[38;2;229;0;0m[48;2;229;99;95m▀[0m[38;2;229;126;123m[48;2;229;0;0m▀[0m[38;2;149;229;229m[48;2;229;166;162m▀[0m[38;2;0;0;0m[48;2;148;229;229m▀[0m[38;2;229;0;0m[48;2;212;0;0m▀[0m[38;2;186;0;0m[48;2;229;0;0m▀[0m[38;2;0;142;145m[48;2;195;229;229m▀[0m[38;2;229;229;229m[48;2;229;0;0m▀[0m[38;2;229;24;16m[48;2;229;0;0m▀[0m[38;2;229;69;60m[48;2;229;92;83m▀[0m[38;2;229;60;56m[48;2;229;229;229m▀[0m[38;2;229;229;229m[48;2;229;229;229m▀[0m[38;2;229;229;229m[48;2;229;229;229m▀[0m[38;2;229;229;229m[48;2;229;229;229m▀[0m[38;2;229;229;229m[48;2;229;229;229m▀[0m[38;2;229;229;229m[48;2;195;214;216m▀[0m[38;2;162;38;41m[48;2;229;229;229m▀[0m[38;2;112;108;104m[48;2;169;164;162m▀[0m[38;2;0;0;0m[48;2;0;0;0m▀[0m[38;2;0;0;0m[48;2;0;1;1m▀[0m[38;2;229;229;229m[48;2;189;192;192m▀[0m[38;2;162;165;164m[48;2;104;107;103m▀[0m[38;2;185;184;185m[48;2;144;145;150m▀[0m[38;2;201;201;201m[48;2;140;143;143m▀[0m[38;2;182;181;182m[48;2;116;116;116m▀[0m[38;2;196;195;193m[48;2;135;136;135m▀[0m
[38;2;229;229;229m[48;2;38;41;42m▀[0m[38;2;229;229;229m[48;2;70;72;72m▀[0m[38;2;229;229;229m[48;2;73;75;75m▀[0m[38;2;229;229;229m[48;2;73;75;76m▀[0m[38;2;229;229;229m[48;2;76;80;81m▀[0m[38;2;229;229;229m[48;2;63;64;66m▀[0m[38;2;229;229;229m[48;2;64;63;64m▀[0m[38;2;229;229;229m[48;2;16;16;16m▀[0m[38;2;0;0;0m[48;2;101;101;101m▀[0m[38;2;135;136;136m[48;2;190;193;190m▀[0m[38;2;99;103;103m[48;2;81;81;81m▀[0m[38;2;159;162;162m[48;2;183;183;181m▀[0m[38;2;197;200;199m[48;2;149;152;149m▀[0m[38;2;229;229;229m[48;2;202;202;202m▀[0m[38;2;229;229;229m[48;2;229;229;229m▀[0m[38;2;229;229;229m[48;2;229;229;229m▀[0m[38;2;229;229;229m[48;2;229;229;229m▀[0m[38;2;229;229;229m[48;2;229;229;229m▀[0m[38;2;229;229;229m[48;2;229;229;229m▀[0m[38;2;229;6;0m[48;2;229;225;219m▀[0m[38;2;229;116;110m[48;2;229;229;229m▀[0m[38;2;192;211;211m[48;2;190;229;229m▀[0m[38;2;229;0;0m[48;2;187;0;0m▀[0m[38;2;229;0;0m[48;2;195;0;0m▀[0m[38;2;214;221;219m[48;2;227;229;229m▀[0m[38;2;229;96;90m[48;2;229;229;229m▀[0m[38;2;229;180;174m[48;2;229;229;229m▀[0m[38;2;229;229;229m[48;2;229;229;229m▀[0m[38;2;229;229;229m[48;2;229;229;229m▀[0m[38;2;229;229;229m[48;2;229;229;229m▀[0m[38;2;229;229;229m[48;2;229;229;229m▀[0m[38;2;229;229;229m[48;2;229;229;229m▀[0m[38;2;199;206;206m[48;2;179;181;180m▀[0m[38;2;137;139;141m[48;2;178;181;181m▀[0m[38;2;107;114;117m[48;2;148;151;153m▀[0m[38;2;190;198;195m[48;2;75;82;82m▀[0m[38;2;30;29;29m[48;2;229;229;229m▀[0m[38;2;0;0;0m[48;2;0;0;0m▀[0m[38;2;229;229;229m[48;2;69;71;71m▀[0m[38;2;229;229;229m[48;2;104;109;105m▀[0m[38;2;229;229;229m[48;2;46;45;46m▀[0m[38;2;229;229;229m[48;2;44;47;47m▀[0m[38;2;229;229;229m[48;2;51;54;55m▀[0m[38;2;229;229;229m[48;2;90;92;93m▀[0m
[38;2;9;11;9m[48;2;229;229;229m▀[0m[38;2;0;0;0m[48;2;0;0;0m▀[0m[38;2;0;0;0m[48;2;0;0;0m▀[0m[38;2;0;0;0m[48;2;0;0;0m▀[0m[38;2;0;0;0m[48;2;63;64;63m▀[0m[38;2;0;0;0m[48;2;203;203;200m▀[0m[38;2;10;11;9m[48;2;222;224;222m▀[0m[38;2;0;0;0m[48;2;128;133;130m▀[0m[38;2;229;229;229m[48;2;229;229;229m▀[0m[38;2;172;172;172m[48;2;229;229;229m▀[0m[38;2;162;164;162m[48;2;192;193;189m▀[0m[38;2;161;163;161m[48;2;218;218;216m▀[0m[38;2;184;184;181m[48;2;229;229;229m▀[0m[38;2;229;229;229m[48;2;229;229;229m▀[0m[38;2;229;229;229m[48;2;229;229;229m▀[0m[38;2;229;229;229m[48;2;229;229;229m▀[0m[38;2;229;229;229m[48;2;229;229;229m▀[0m[38;2;229;229;229m[48;2;229;229;229m▀[0m[38;2;229;229;229m[48;2;229;197;192m▀[0m[38;2;229;229;229m[48;2;229;174;168m▀[0m[38;2;229;213;212m[48;2;229;229;229m▀[0m[38;2;190;210;210m[48;2;207;178;177m▀[0m[38;2;206;0;0m[48;2;229;0;0m▀[0m[38;2;199;0;0m[48;2;217;0;0m▀[0m[38;2;229;229;229m[48;2;222;229;229m▀[0m[38;2;229;229;229m[48;2;229;229;229m▀[0m[38;2;229;229;229m[48;2;229;224;222m▀[0m[38;2;229;229;229m[48;2;229;229;229m▀[0m[38;2;229;229;229m[48;2;229;229;229m▀[0m[38;2;229;229;229m[48;2;229;229;229m▀[0m[38;2;229;229;229m[48;2;229;229;229m▀[0m[38;2;229;229;229m[48;2;229;229;229m▀[0m[38;2;227;229;229m[48;2;229;229;229m▀[0m[38;2;157;163;164m[48;2;229;229;229m▀[0m[38;2;174;205;202m[48;2;145;82;80m▀[0m[38;2;144;160;163m[48;2;126;117;115m▀[0m[38;2;229;229;229m[48;2;229;229;229m▀[0m[38;2;72;76;76m[48;2;223;225;225m▀[0m[38;2;0;0;0m[48;2;78;81;78m▀[0m[38;2;2;3;0m[48;2;19;19;19m▀[0m[38;2;47;46;47m[48;2;0;0;0m▀[0m[38;2;72;71;68m[48;2;0;0;0m▀[0m[38;2;73;72;71m[48;2;0;0;0m▀[0m[38;2;94;90;94m[48;2;120;123;120m▀[0m
[38;2;229;229;229m[48;2;229;229;229m▀[0m[38;2;124;123;123m[48;2;229;229;229m▀[0m[38;2;0;0;0m[48;2;95;99;99m▀[0m[38;2;189;191;192m[48;2;194;198;198m▀[0m[38;2;229;229;229m[48;2;30;36;35m▀[0m[38;2;160;162;163m[48;2;60;64;62m▀[0m[38;2;15;17;17m[48;2;4;4;4m▀[0m[38;2;79;81;81m[48;2;0;0;0m▀[0m[38;2;229;229;229m[48;2;219;219;219m▀[0m[38;2;229;229;229m[48;2;229;229;229m▀[0m[38;2;229;229;229m[48;2;210;210;210m▀[0m[38;2;229;229;229m[48;2;229;229;229m▀[0m[38;2;229;229;229m[48;2;229;229;229m▀[0m[38;2;229;229;229m[48;2;229;229;229m▀[0m[38;2;206;206;206m[48;2;192;192;192m▀[0m[38;2;229;229;229m[48;2;196;196;196m▀[0m[38;2;229;229;229m[48;2;228;228;228m▀[0m[38;2;229;229;229m[48;2;161;170;170m▀[0m[38;2;229;229;229m[48;2;121;141;142m▀[0m[38;2;229;229;229m[48;2;47;77;79m▀[0m[38;2;229;229;229m[48;2;152;225;225m▀[0m[38;2;175;217;216m[48;2;177;163;162m▀[0m[38;2;217;0;0m[48;2;229;0;0m▀[0m[38;2;201;0;0m[48;2;169;0;0m▀[0m[38;2;159;229;229m[48;2;220;229;229m▀[0m[38;2;159;154;160m[48;2;126;183;185m▀[0m[38;2;216;166;166m[48;2;45;73;71m▀[0m[38;2;170;192;195m[48;2;94;97;94m▀[0m[38;2;229;229;229m[48;2;153;155;153m▀[0m[38;2;229;229;229m[48;2;218;220;220m▀[0m[38;2;229;229;229m[48;2;229;229;229m▀[0m[38;2;229;229;229m[48;2;229;229;229m▀[0m[38;2;229;229;229m[48;2;229;229;229m▀[0m[38;2;229;229;229m[48;2;229;229;229m▀[0m[38;2;229;0;0m[48;2;229;192;190m▀[0m[38;2;229;186;183m[48;2;229;229;229m▀[0m[38;2;229;229;229m[48;2;229;229;229m▀[0m[38;2;229;229;229m[48;2;198;203;203m▀[0m[38;2;140;142;142m[48;2;3;5;5m▀[0m[38;2;229;229;229m[48;2;79;81;79m▀[0m[38;2;173;173;173m[48;2;160;160;162m▀[0m[38;2;0;0;0m[48;2;126;129;129m▀[0m[38;2;0;0;0m[48;2;0;0;0m▀[0m[38;2;187;189;187m[48;2;218;223;218m▀[0m
