[38;2;183;186;186m[48;2;181;183;183m▀[0m[38;2;255;255;255m[48;2;205;209;209m▀[0m[38;2;67;67;67m[48;2;0;0;0m▀[0m[38;2;29;29;29m[48;2;0;0;0m▀[0m[38;2;38;41;41m[48;2;0;1;0m▀[0m[38;2;165;165;165m[48;2;186;187;182m▀[0m[38;2;186;181;183m[48;2;178;180;178m▀[0m[38;2;139;136;139m[48;2;153;152;150m▀[0m[38;2;152;155;152m[48;2;122;122;122m▀[0m[38;2;255;255;255m[48;2;255;255;255m▀[0m[38;2;255;255;255m[48;2;255;255;255m▀[0m[38;2;255;255;255m[48;2;255;255;255m▀[0m[38;2;38;40;40m[48;2;29;38;38m▀[0m[38;2;82;93;93m[48;2;0;0;0m▀[0m[38;2;26;61;62m[48;2;0;0;0m▀[0m[38;2;41;179;182m[48;2;0;101;105m▀[0m[38;2;110;80;84m[48;2;250;0;0m▀[0m[38;2;255;0;0m[48;2;255;0;0m▀[0m[38;2;255;0;0m[48;2;255;0;0m▀[0m[38;2;255;7;2m[48;2;255;0;0m▀[0m[38;2;255;129;127m[48;2;218;89;82m▀[0m[38;2;240;0;0m[48;2;255;64;49m▀[0m[38;2;255;0;0m[48;2;63;0;0m▀[0m[38;2;255;0;0m[48;2;166;0;0m▀[0m[38;2;255;0;0m[48;2;255;0;0m▀[0m[38;2;255;0;0m[48;2;255;0;0m▀[0m[38;2;255;0;0m[48;2;255;0;0m▀[0m[38;2;255;0;0m[48;2;255;0;0m▀[0m[38;2;250;0;0m[48;2;255;61;47m▀[0m[38;2;255;0;0m[48;2;255;11;5m▀[0m[38;2;255;0;0m[48;2;255;0;0m▀[0m[38;2;255;0;0m[48;2;255;0;0m▀[0m[38;2;75;24;20m[48;2;255;0;0m▀[0m[38;2;0;111;115m[48;2;23;150;152m▀[0m[38;2;42;78;79m[48;2;0;13;11m▀[0m[38;2;223;237;237m[48;2;235;250;250m▀[0m[38;2;255;255;255m[48;2;255;255;255m▀[0m[38;2;255;255;255m[48;2;255;255;255m▀[0m[38;2;201;206;205m[48;2;144;143;140m▀[0m[38;2;121;121;122m[48;2;136;136;137m▀[0m[38;2;166;166;166m[48;2;166;169;166m▀[0m[38;2;206;205;206m[48;2;199;200;197m▀[0m[38;2;99;107;107m[48;2;0;0;0m▀[0m[38;2;0;0;0m[48;2;0;0;0m▀[0m
[38;2;115;118;117m[48;2;0;0;0m▀[0m[38;2;14;18;16m[48;2;0;0;0m▀[0m[38;2;0;0;0m[48;2;68;71;71m▀[0m[38;2;0;0;0m[48;2;165;164;164m▀[0m[38;2;28;31;31m[48;2;63;63;63m▀[0m[38;2;169;171;169m[48;2;158;154;158m▀[0m[38;2;175;178;181m[48;2;169;169;171m▀[0m[38;2;146;151;152m[48;2;114;113;114m▀[0m[38;2;113;117;113m[48;2;121;121;118m▀[0m[38;2;239;239;236m[48;2;193;191;189m▀[0m[38;2;255;255;255m[48;2;255;255;255m▀[0m[38;2;255;255;255m[48;2;255;255;255m▀[0m[38;2;0;0;0m[48;2;0;0;0m▀[0m[38;2;55;82;84m[48;2;61;86;85m▀[0m[38;2;142;252;253m[48;2;132;117;117m▀[0m[38;2;0;68;72m[48;2;234;0;0m▀[0m[38;2;255;0;0m[48;2;255;0;0m▀[0m[38;2;255;0;0m[48;2;255;0;0m▀[0m[38;2;255;0;0m[48;2;255;0;0m▀[0m[38;2;255;0;0m[48;2;251;0;0m▀[0m[38;2;255;0;0m[48;2;255;0;0m▀[0m[38;2;255;0;0m[48;2;246;210;207m▀[0m[38;2;144;255;255m[48;2;255;255;255m▀[0m[38;2;255;118;110m[48;2;255;0;0m▀[0m[38;2;255;255;255m[48;2;255;255;255m▀[0m[38;2;255;255;255m[48;2;255;255;255m▀[0m[38;2;255;104;100m[48;2;255;0;0m▀[0m[38;2;255;157;143m[48;2;255;0;0m▀[0m[38;2;255;128;114m[48;2;255;0;0m▀[0m[38;2;255;21;8m[48;2;255;0;0m▀[0m[38;2;255;0;0m[48;2;255;0;0m▀[0m[38;2;255;0;0m[48;2;255;0;0m▀[0m[38;2;255;0;0m[48;2;255;0;0m▀[0m[38;2;68;45;41m[48;2;98;0;0m▀[0m[38;2;0;12;14m[48;2;0;0;0m▀[0m[38;2;255;255;255m[48;2;255;255;255m▀[0m[38;2;255;255;255m[48;2;255;255;255m▀[0m[38;2;255;255;255m[48;2;239;241;241m▀[0m[38;2;114;111;113m[48;2;110;110;107m▀[0m[38;2;150;153;150m[48;2;156;160;156m▀[0m[38;2;174;175;171m[48;2;140;143;148m▀[0m[38;2;168;171;168m[48;2;118;118;116m▀[0m[38;2;0;0;0m[48;2;81;83;84m▀[0m[38;2;74;76;79m[48;2;235;237;237m▀[0m
[38;2;55;55;56m[48;2;59;58;58m▀[0m[38;2;7;11;12m[48;2;0;0;0m▀[0m[38;2;255;255;255m[48;2;158;161;161m▀[0m[38;2;255;255;255m[48;2;218;222;223m▀[0m[38;2;203;203;203m[48;2;78;78;85m▀[0m[38;2;135;135;133m[48;2;148;147;145m▀[0m[38;2;183;182;182m[48;2;183;186;186m▀[0m[38;2;161;161;158m[48;2;160;160;157m▀[0m[38;2;133;133;133m[48;2;143;147;147m▀[0m[38;2;156;156;154m[48;2;134;134;130m▀[0m[38;2;255;255;255m[48;2;255;255;255m▀[0m[38;2;255;255;255m[48;2;255;255;255m▀[0m[38;2;11;36;33m[48;2;115;133;129m▀[0m[38;2;104;174;170m[48;2;92;149;146m▀[0m[38;2;135;146;144m[48;2;144;0;0m▀[0m[38;2;255;0;0m[48;2;255;0;0m▀[0m[38;2;255;0;0m[48;2;255;0;0m▀[0m[38;2;255;0;0m[48;2;255;0;0m▀[0m[38;2;255;0;0m[48;2;255;0;0m▀[0m[38;2;224;0;0m[48;2;149;138;138m▀[0m[38;2;172;43;38m[48;2;200;255;255m▀[0m[38;2;255;255;255m[48;2;255;255;255m▀[0m[38;2;220;255;255m[48;2;255;255;255m▀[0m[38;2;255;0;0m[48;2;255;0;0m▀[0m[38;2;255;0;0m[48;2;255;0;0m▀[0m[38;2;255;0;0m[48;2;255;0;0m▀[0m[38;2;255;0;0m[48;2;179;0;0m▀[0m[38;2;255;0;0m[48;2;223;12;14m▀[0m[38;2;255;0;0m[48;2;250;10;6m▀[0m[38;2;255;0;0m[48;2;255;0;0m▀[0m[38;2;255;0;0m[48;2;255;0;0m▀[0m[38;2;255;0;0m[48;2;255;0;0m▀[0m[38;2;255;0;0m[48;2;255;0;0m▀[0m[38;2;186;0;0m[48;2;237;0;0m▀[0m[38;2;22;145;138m[48;2;2;97;100m▀[0m[38;2;255;255;255m[48;2;255;255;255m▀[0m[38;2;255;255;255m[48;2;255;255;255m▀[0m[38;2;195;198;193m[48;2;155;155;155m▀[0m[38;2;116;116;116m[48;2;131;131;131m▀[0m[38;2;156;161;161m[48;2;160;160;160m▀[0m[38;2;169;169;169m[48;2;191;191;188m▀[0m[38;2;104;104;107m[48;2;94;94;94m▀[0m[38;2;193;199;200m[48;2;180;184;188m▀[0m[38;2;255;255;255m[48;2;238;242;246m▀[0m
[38;2;245;245;246m[48;2;203;203;203m▀[0m[38;2;200;198;201m[48;2;202;201;201m▀[0m[38;2;249;246;250m[48;2;192;195;192m▀[0m[38;2;37;40;41m[48;2;0;0;0m▀[0m[38;2;0;0;0m[48;2;0;0;0m▀[0m[38;2;136;139;136m[48;2;112;111;111m▀[0m[38;2;198;198;198m[48;2;205;216;216m▀[0m[38;2;162;167;164m[48;2;160;156;156m▀[0m[38;2;146;143;147m[48;2;148;114;117m▀[0m[38;2;120;124;122m[48;2;127;133;132m▀[0m[38;2;255;255;255m[48;2;236;240;237m▀[0m[38;2;255;255;255m[48;2;255;255;255m▀[0m[38;2;0;0;0m[48;2;0;30;30m▀[0m[38;2;61;0;0m[48;2;0;0;0m▀[0m[38;2;134;0;0m[48;2;76;0;0m▀[0m[38;2;255;0;0m[48;2;99;22;22m▀[0m[38;2;148;28;18m[48;2;140;92;84m▀[0m[38;2;255;0;0m[48;2;255;0;0m▀[0m[38;2;255;0;0m[48;2;161;0;0m▀[0m[38;2;43;134;139m[48;2;0;59;66m▀[0m[38;2;211;255;255m[48;2;0;42;32m▀[0m[38;2;208;254;255m[48;2;0;0;0m▀[0m[38;2;109;223;224m[48;2;0;40;47m▀[0m[38;2;155;0;0m[48;2;47;125;122m▀[0m[38;2;255;0;0m[48;2;255;0;0m▀[0m[38;2;255;0;0m[48;2;255;0;0m▀[0m[38;2;170;84;80m[48;2;54;58;59m▀[0m[38;2;190;67;74m[48;2;102;98;107m▀[0m[38;2;170;56;57m[48;2;140;166;168m▀[0m[38;2;255;0;0m[48;2;255;0;0m▀[0m[38;2;255;0;0m[48;2;255;0;0m▀[0m[38;2;255;0;0m[48;2;255;0;0m▀[0m[38;2;255;0;0m[48;2;255;0;0m▀[0m[38;2;255;0;0m[48;2;255;0;0m▀[0m[38;2;0;6;6m[48;2;0;26;24m▀[0m[38;2;255;255;255m[48;2;255;255;255m▀[0m[38;2;255;255;255m[48;2;255;255;255m▀[0m[38;2;128;131;128m[48;2;108;111;108m▀[0m[38;2;146;146;146m[48;2;148;148;148m▀[0m[38;2;162;164;164m[48;2;152;158;156m▀[0m[38;2;200;200;200m[48;2;204;204;204m▀[0m[38;2;69;73;73m[48;2;33;37;37m▀[0m[38;2;0;0;0m[48;2;0;0;0m▀[0m[38;2;228;231;231m[48;2;146;146;146m▀[0m
[38;2;0;0;0m[48;2;216;219;216m▀[0m[38;2;0;0;0m[48;2;111;111;112m▀[0m[38;2;0;0;0m[48;2;153;156;156m▀[0m[38;2;0;1;0m[48;2;255;255;255m▀[0m[38;2;0;0;0m[48;2;120;120;120m▀[0m[38;2;46;48;46m[48;2;37;54;54m▀[0m[38;2;202;177;179m[48;2;191;178;178m▀[0m[38;2;160;116;121m[48;2;137;37;43m▀[0m[38;2;158;168;166m[48;2;152;118;121m▀[0m[38;2;145;156;155m[48;2;153;145;145m▀[0m[38;2;181;186;182m[48;2;161;161;161m▀[0m[38;2;255;255;255m[48;2;220;224;224m▀[0m[38;2;79;102;103m[48;2;140;148;153m▀[0m[38;2;0;0;0m[48;2;56;97;101m▀[0m[38;2;44;0;0m[48;2;44;39;37m▀[0m[38;2;40;52;56m[48;2;0;0;0m▀[0m[38;2;255;73;67m[48;2;255;0;0m▀[0m[38;2;255;0;0m[48;2;255;0;0m▀[0m[38;2;255;0;0m[48;2;144;0;0m▀[0m[38;2;255;255;255m[48;2;255;255;255m▀[0m[38;2;255;255;255m[48;2;238;255;255m▀[0m[38;2;117;118;48m[48;2;255;255;255m▀[0m[38;2;188;228;232m[48;2;255;255;255m▀[0m[38;2;255;255;255m[48;2;255;255;255m▀[0m[38;2;187;0;0m[48;2;114;171;169m▀[0m[38;2;255;0;0m[48;2;255;0;0m▀[0m[38;2;15;46;44m[48;2;168;125;99m▀[0m[38;2;0;46;40m[48;2;92;161;87m▀[0m[38;2;14;122;126m[48;2;143;243;254m▀[0m[38;2;134;0;0m[48;2;0;0;6m▀[0m[38;2;255;0;0m[48;2;255;0;0m▀[0m[38;2;255;0;0m[48;2;255;0;0m▀[0m[38;2;255;0;0m[48;2;255;0;0m▀[0m[38;2;255;0;0m[48;2;197;0;0m▀[0m[38;2;105;57;50m[48;2;166;27;19m▀[0m[38;2;243;255;255m[48;2;136;223;222m▀[0m[38;2;240;252;251m[48;2;167;178;175m▀[0m[38;2;97;102;99m[48;2;140;146;146m▀[0m[38;2;139;143;139m[48;2;154;156;154m▀[0m[38;2;166;166;166m[48;2;175;179;179m▀[0m[38;2;158;163;163m[48;2;153;153;153m▀[0m[38;2;39;39;41m[48;2;99;98;98m▀[0m[38;2;13;12;12m[48;2;156;158;158m▀[0m[38;2;8;7;7m[48;2;191;196;195m▀[0m
[38;2;0;0;0m[48;2;15;18;18m▀[0m[38;2;69;66;71m[48;2;0;0;0m▀[0m[38;2;255;255;255m[48;2;255;255;255m▀[0m[38;2;255;255;255m[48;2;98;102;102m▀[0m[38;2;218;218;218m[48;2;125;128;128m▀[0m[38;2;23;31;31m[48;2;20;24;23m▀[0m[38;2;172;171;171m[48;2;152;157;154m▀[0m[38;2;165;164;160m[48;2;186;190;189m▀[0m[38;2;162;147;145m[48;2;167;181;179m▀[0m[38;2;152;129;132m[48;2;166;175;171m▀[0m[38;2;157;155;153m[48;2;166;168;166m▀[0m[38;2;171;177;177m[48;2;147;149;149m▀[0m[38;2;163;168;170m[48;2;169;177;177m▀[0m[38;2;84;107;105m[48;2;55;74;74m▀[0m[38;2;108;158;155m[48;2;122;170;172m▀[0m[38;2;0;0;0m[48;2;0;14;15m▀[0m[38;2;255;0;0m[48;2;255;0;0m▀[0m[38;2;255;0;0m[48;2;255;0;0m▀[0m[38;2;61;3;0m[48;2;76;153;154m▀[0m[38;2;255;255;255m[48;2;255;255;255m▀[0m[38;2;255;255;255m[48;2;255;255;255m▀[0m[38;2;255;255;255m[48;2;255;255;255m▀[0m[38;2;255;255;255m[48;2;255;255;255m▀[0m[38;2;255;255;255m[48;2;255;255;255m▀[0m[38;2;160;255;255m[48;2;255;255;255m▀[0m[38;2;131;0;0m[48;2;220;183;181m▀[0m[38;2;255;237;237m[48;2;255;255;255m▀[0m[38;2;243;255;255m[48;2;255;255;255m▀[0m[38;2;250;255;255m[48;2;255;255;255m▀[0m[38;2;184;174;178m[48;2;255;73;69m▀[0m[38;2;255;0;0m[48;2;192;0;0m▀[0m[38;2;255;0;0m[48;2;255;0;0m▀[0m[38;2;255;0;0m[48;2;185;0;0m▀[0m[38;2;22;0;0m[48;2;0;0;0m▀[0m[38;2;158;1;0m[48;2;124;124;120m▀[0m[38;2;138;215;210m[48;2;168;211;214m▀[0m[38;2;158;163;158m[48;2;163;168;165m▀[0m[38;2;157;165;165m[48;2;157;163;163m▀[0m[38;2;164;163;164m[48;2;164;163;164m▀[0m[38;2;180;183;180m[48;2;183;186;187m▀[0m[38;2;155;154;155m[48;2;132;133;128m▀[0m[38;2;166;165;165m[48;2;12;14;15m▀[0m[38;2;144;146;144m[48;2;0;0;0m▀[0m[38;2;191;200;201m[48;2;155;157;158m▀[0m
[38;2;0;0;0m[48;2;42;44;47m▀[0m[38;2;0;0;0m[48;2;68;71;71m▀[0m[38;2;30;32;32m[48;2;0;0;0m▀[0m[38;2;173;175;178m[48;2;0;0;0m▀[0m[38;2;71;69;69m[48;2;118;119;112m▀[0m[38;2;28;31;31m[48;2;57;59;60m▀[0m[38;2;113;118;115m[48;2;66;71;71m▀[0m[38;2;184;170;174m[48;2;191;188;190m▀[0m[38;2;153;147;148m[48;2;154;138;146m▀[0m[38;2;167;168;165m[48;2;165;166;163m▀[0m[38;2;169;170;167m[48;2;169;169;170m▀[0m[38;2;139;145;144m[48;2;142;145;144m▀[0m[38;2;171;172;169m[48;2;135;137;135m▀[0m[38;2;50;67;67m[48;2;222;236;234m▀[0m[38;2;0;34;39m[48;2;220;249;249m▀[0m[38;2;0;0;0m[48;2;0;0;0m▀[0m[38;2;255;0;0m[48;2;233;0;0m▀[0m[38;2;255;0;0m[48;2;255;0;0m▀[0m[38;2;0;0;0m[48;2;0;0;0m▀[0m[38;2;89;189;193m[48;2;0;6;9m▀[0m[38;2;255;255;255m[48;2;1;71;72m▀[0m[38;2;255;255;255m[48;2;0;22;22m▀[0m[38;2;255;255;255m[48;2;255;0;0m▀[0m[38;2;243;255;255m[48;2;255;0;0m▀[0m[38;2;246;255;255m[48;2;203;0;0m▀[0m[38;2;255;255;255m[48;2;255;248;250m▀[0m[38;2;255;255;255m[48;2;255;255;255m▀[0m[38;2;255;255;255m[48;2;255;255;255m▀[0m[38;2;255;255;255m[48;2;126;220;222m▀[0m[38;2;10;0;0m[48;2;0;0;0m▀[0m[38;2;255;0;0m[48;2;255;0;0m▀[0m[38;2;255;0;0m[48;2;255;0;0m▀[0m[38;2;91;0;0m[48;2;0;0;0m▀[0m[38;2;122;125;126m[48;2;71;79;78m▀[0m[38;2;152;228;233m[48;2;124;160;161m▀[0m[38;2;161;177;172m[48;2;140;152;151m▀[0m[38;2;165;169;166m[48;2;154;164;160m▀[0m[38;2;165;165;165m[48;2;166;166;163m▀[0m[38;2;165;167;165m[48;2;171;174;174m▀[0m[38;2;186;188;186m[48;2;174;172;170m▀[0m[38;2;93;95;95m[48;2;50;52;52m▀[0m[38;2;0;0;0m[48;2;74;78;78m▀[0m[38;2;0;0;0m[48;2;178;182;183m▀[0m[38;2;178;181;184m[48;2;77;81;82m▀[0m
[38;2;90;95;95m[48;2;240;240;241m▀[0m[38;2;50;59;59m[48;2;228;234;230m▀[0m[38;2;78;83;80m[48;2;224;226;226m▀[0m[38;2;250;254;254m[48;2;214;214;214m▀[0m[38;2;208;210;210m[48;2;210;208;211m▀[0m[38;2;45;49;48m[48;2;228;227;228m▀[0m[38;2;20;24;20m[48;2;147;147;147m▀[0m[38;2;160;164;160m[48;2;107;108;104m▀[0m[38;2;177;180;179m[48;2;180;183;182m▀[0m[38;2;164;164;164m[48;2;165;165;162m▀[0m[38;2;168;170;168m[48;2;165;164;162m▀[0m[38;2;115;118;115m[48;2;152;155;152m▀[0m[38;2;102;102;104m[48;2;122;122;120m▀[0m[38;2;240;250;248m[48;2;189;200;200m▀[0m[38;2;255;255;255m[48;2;255;255;255m▀[0m[38;2;68;179;180m[48;2;255;255;255m▀[0m[38;2;131;0;0m[48;2;132;0;0m▀[0m[38;2;255;0;0m[48;2;255;0;0m▀[0m[38;2;49;0;0m[48;2;83;0;0m▀[0m[38;2;0;74;77m[48;2;0;43;45m▀[0m[38;2;219;255;255m[48;2;136;192;191m▀[0m[38;2;140;68;64m[48;2;255;255;255m▀[0m[38;2;255;0;0m[48;2;255;16;14m▀[0m[38;2;255;0;0m[48;2;255;0;0m▀[0m[38;2;255;0;0m[48;2;255;0;0m▀[0m[38;2;25;0;0m[48;2;255;255;255m▀[0m[38;2;0;84;84m[48;2;129;206;206m▀[0m[38;2;0;30;31m[48;2;0;0;0m▀[0m[38;2;0;0;0m[48;2;0;0;0m▀[0m[38;2;131;0;0m[48;2;255;0;0m▀[0m[38;2;255;0;0m[48;2;255;0;0m▀[0m[38;2;140;0;0m[48;2;145;0;0m▀[0m[38;2;119;157;156m[48;2;137;124;121m▀[0m[38;2;99;160;160m[48;2;170;228;232m▀[0m[38;2;146;162;158m[48;2;162;167;169m▀[0m[38;2;163;171;169m[48;2;150;158;156m▀[0m[38;2;163;160;160m[48;2;158;127;130m▀[0m[38;2;164;175;172m[48;2;156;133;136m▀[0m[38;2;181;183;183m[48;2;174;193;193m▀[0m[38;2;122;126;128m[48;2;94;99;98m▀[0m[38;2;20;25;25m[48;2;234;234;235m▀[0m[38;2;60;64;61m[48;2;240;242;240m▀[0m[38;2;201;205;205m[48;2;215;214;214m▀[0m[38;2;154;168;172m[48;2;200;201;198m▀[0m
[38;2;208;210;210m[48;2;199;202;199m▀[0m[38;2;218;221;221m[48;2;215;217;215m▀[0m[38;2;183;187;187m[48;2;203;206;203m▀[0m[38;2;166;168;168m[48;2;143;145;143m▀[0m[38;2;233;230;230m[48;2;255;255;255m▀[0m[38;2;225;224;225m[48;2;166;166;166m▀[0m[38;2;204;206;207m[48;2;206;210;206m▀[0m[38;2;60;62;62m[48;2;0;0;0m▀[0m[38;2;182;186;187m[48;2;164;164;162m▀[0m[38;2;166;166;166m[48;2;182;182;179m▀[0m[38;2;163;163;163m[48;2;165;162;162m▀[0m[38;2;161;161;161m[48;2;156;161;156m▀[0m[38;2;122;122;124m[48;2;98;100;102m▀[0m[38;2;161;169;169m[48;2;154;163;163m▀[0m[38;2;255;255;255m[48;2;255;255;255m▀[0m[38;2;255;255;255m[48;2;255;255;255m▀[0m[38;2;133;98;91m[48;2;178;255;255m▀[0m[38;2;255;0;0m[48;2;184;0;0m▀[0m[38;2;144;0;0m[48;2;248;0;0m▀[0m[38;2;27;116;120m[48;2;18;99;100m▀[0m[38;2;82;131;132m[48;2;203;246;250m▀[0m[38;2;19;76;80m[48;2;120;144;144m▀[0m[38;2;255;255;255m[48;2;0;0;0m▀[0m[38;2;224;250;250m[48;2;0;34;39m▀[0m[38;2;204;255;255m[48;2;0;0;0m▀[0m[38;2;27;115;115m[48;2;1;46;46m▀[0m[38;2;0;0;0m[48;2;0;0;0m▀[0m[38;2;0;0;0m[48;2;55;45;45m▀[0m[38;2;130;0;0m[48;2;255;24;11m▀[0m[38;2;255;0;0m[48;2;163;20;18m▀[0m[38;2;237;0;0m[48;2;99;0;0m▀[0m[38;2;80;0;0m[48;2;210;255;255m▀[0m[38;2;172;202;204m[48;2;255;255;255m▀[0m[38;2;138;167;171m[48;2;99;113;113m▀[0m[38;2;150;154;154m[48;2;167;169;169m▀[0m[38;2;133;143;140m[48;2;166;170;167m▀[0m[38;2;169;175;171m[48;2;165;169;168m▀[0m[38;2;150;107;107m[48;2;187;201;199m▀[0m[38;2;132;68;72m[48;2;87;65;68m▀[0m[38;2;133;137;136m[48;2;210;215;210m▀[0m[38;2;214;217;216m[48;2;168;170;168m▀[0m[38;2;202;204;202m[48;2;201;203;201m▀[0m[38;2;237;239;237m[48;2;238;240;238m▀[0m[38;2;122;121;118m[48;2;122;124;120m▀[0m
[38;2;201;201;201m[48;2;215;215;213m▀[0m[38;2;180;183;182m[48;2;207;207;205m▀[0m[38;2;216;216;214m[48;2;225;225;226m▀[0m[38;2;120;122;120m[48;2;120;120;121m▀[0m[38;2;255;255;255m[48;2;239;239;237m▀[0m[38;2;164;166;164m[48;2;199;202;201m▀[0m[38;2;208;211;208m[48;2;215;215;215m▀[0m[38;2;0;0;0m[48;2;1;4;4m▀[0m[38;2;66;66;66m[48;2;0;0;0m▀[0m[38;2;207;207;204m[48;2;210;210;208m▀[0m[38;2;165;165;162m[48;2;144;148;149m▀[0m[38;2;136;140;142m[48;2;133;144;144m▀[0m[38;2;81;90;94m[48;2;173;191;193m▀[0m[38;2;152;170;170m[48;2;216;252;253m▀[0m[38;2;255;255;255m[48;2;255;255;255m▀[0m[38;2;255;255;255m[48;2;226;61;61m▀[0m[38;2;215;166;160m[48;2;255;0;0m▀[0m[38;2;27;0;0m[48;2;208;156;160m▀[0m[38;2;184;0;0m[48;2;83;86;87m▀[0m[38;2;49;15;14m[48;2;52;0;0m▀[0m[38;2;122;188;185m[48;2;27;87;90m▀[0m[38;2;197;219;216m[48;2;89;136;137m▀[0m[38;2;80;95;95m[48;2;209;232;228m▀[0m[38;2;0;0;0m[48;2;199;223;222m▀[0m[38;2;173;193;190m[48;2;132;189;189m▀[0m[38;2;134;195;195m[48;2;45;83;81m▀[0m[38;2;46;0;1m[48;2;65;0;0m▀[0m[38;2;110;0;0m[48;2;82;52;56m▀[0m[38;2;4;9;8m[48;2;73;0;0m▀[0m[38;2;173;0;0m[48;2;178;0;0m▀[0m[38;2;219;184;181m[48;2;255;255;255m▀[0m[38;2;255;255;255m[48;2;255;255;255m▀[0m[38;2;231;254;255m[48;2;234;255;255m▀[0m[38;2;67;83;76m[48;2;118;135;135m▀[0m[38;2;144;147;144m[48;2;145;152;152m▀[0m[38;2;168;168;168m[48;2;164;164;160m▀[0m[38;2;168;171;170m[48;2;201;200;201m▀[0m[38;2;191;193;195m[48;2;118;118;121m▀[0m[38;2;0;0;0m[48;2;0;0;0m▀[0m[38;2;216;224;222m[48;2;239;242;239m▀[0m[38;2;153;156;155m[48;2;152;155;154m▀[0m[38;2;227;230;227m[48;2;248;250;248m▀[0m[38;2;210;213;210m[48;2;193;193;191m▀[0m[38;2;135;137;135m[48;2;154;156;154m▀[0m
[38;2;214;217;216m[48;2;180;183;182m▀[0m[38;2;219;219;217m[48;2;223;223;224m▀[0m[38;2;235;234;232m[48;2;237;236;234m▀[0m[38;2;131;131;129m[48;2;149;149;147m▀[0m[38;2;219;218;216m[48;2;187;192;191m▀[0m[38;2;196;196;198m[48;2;199;199;197m▀[0m[38;2;196;196;196m[48;2;167;167;167m▀[0m[38;2;74;77;77m[48;2;143;143;144m▀[0m[38;2;0;0;0m[48;2;0;0;0m▀[0m[38;2;115;117;117m[48;2;25;30;30m▀[0m[38;2;154;154;154m[48;2;255;255;255m▀[0m[38;2;213;231;232m[48;2;255;255;255m▀[0m[38;2;255;255;255m[48;2;207;255;255m▀[0m[38;2;236;255;255m[48;2;160;0;0m▀[0m[38;2;255;47;39m[48;2;217;0;0m▀[0m[38;2;203;0;0m[48;2;199;0;0m▀[0m[38;2;255;255;255m[48;2;255;107;102m▀[0m[38;2;255;255;255m[48;2;255;131;124m▀[0m[38;2;219;255;255m[48;2;255;255;255m▀[0m[38;2;197;0;0m[48;2;177;124;119m▀[0m[38;2;208;0;0m[48;2;255;0;0m▀[0m[38;2;72;178;177m[48;2;111;149;148m▀[0m[38;2;152;197;195m[48;2;110;255;255m▀[0m[38;2;118;173;172m[48;2;69;255;254m▀[0m[38;2;92;180;178m[48;2;157;19;14m▀[0m[38;2;172;0;0m[48;2;255;0;0m▀[0m[38;2;209;83;81m[48;2;255;255;255m▀[0m[38;2;255;255;255m[48;2;255;255;255m▀[0m[38;2;140;255;255m[48;2;255;223;219m▀[0m[38;2;238;11;12m[48;2;252;209;210m▀[0m[38;2;226;0;0m[48;2;148;0;0m▀[0m[38;2;255;255;255m[48;2;217;0;0m▀[0m[38;2;255;255;255m[48;2;201;254;254m▀[0m[38;2;191;205;205m[48;2;255;255;255m▀[0m[38;2;196;205;204m[48;2;255;255;255m▀[0m[38;2;128;132;128m[48;2;153;164;163m▀[0m[38;2;210;210;211m[48;2;94;97;99m▀[0m[38;2;0;0;0m[48;2;0;0;0m▀[0m[38;2;0;0;0m[48;2;8;7;7m▀[0m[38;2;250;255;252m[48;2;253;254;251m▀[0m[38;2;154;156;154m[48;2;166;168;166m▀[0m[38;2;255;255;255m[48;2;255;255;255m▀[0m[38;2;168;172;171m[48;2;152;152;150m▀[0m[38;2;167;171;167m[48;2;186;188;186m▀[0m
[38;2;147;146;144m[48;2;133;132;130m▀[0m[38;2;224;224;225m[48;2;201;193;192m▀[0m[38;2;230;233;230m[48;2;228;233;230m▀[0m[38;2;178;178;179m[48;2;193;196;201m▀[0m[38;2;155;155;156m[48;2;140;139;136m▀[0m[38;2;255;255;253m[48;2;234;237;234m▀[0m[38;2;202;204;202m[48;2;234;236;234m▀[0m[38;2;204;204;205m[48;2;255;255;255m▀[0m[38;2;0;0;0m[48;2;0;0;0m▀[0m[38;2;16;25;25m[48;2;6;8;8m▀[0m[38;2;255;255;255m[48;2;199;233;233m▀[0m[38;2;255;255;255m[48;2;181;76;71m▀[0m[38;2;184;0;0m[48;2;162;0;0m▀[0m[38;2;202;0;0m[48;2;245;240;242m▀[0m[38;2;219;0;0m[48;2;255;255;255m▀[0m[38;2;246;0;0m[48;2;255;255;255m▀[0m[38;2;244;0;0m[48;2;255;255;255m▀[0m[38;2;255;0;0m[48;2;246;99;96m▀[0m[38;2;255;0;0m[48;2;226;205;205m▀[0m[38;2;255;0;0m[48;2;226;197;195m▀[0m[38;2;255;0;0m[48;2;172;0;0m▀[0m[38;2;255;0;0m[48;2;255;0;0m▀[0m[38;2;239;28;20m[48;2;202;0;0m▀[0m[38;2;255;0;0m[48;2;255;0;0m▀[0m[38;2;255;0;0m[48;2;110;0;0m▀[0m[38;2;255;0;0m[48;2;154;23;21m▀[0m[38;2;255;0;0m[48;2;207;198;193m▀[0m[38;2;255;0;0m[48;2;183;249;245m▀[0m[38;2;255;0;0m[48;2;238;228;230m▀[0m[38;2;255;0;0m[48;2;255;255;255m▀[0m[38;2;253;0;0m[48;2;255;255;255m▀[0m[38;2;166;0;0m[48;2;248;188;188m▀[0m[38;2;69;0;0m[48;2;157;10;10m▀[0m[38;2;255;255;255m[48;2;78;0;0m▀[0m[38;2;255;255;255m[48;2;255;219;217m▀[0m[38;2;217;226;226m[48;2;243;255;255m▀[0m[38;2;36;41;41m[48;2;3;5;5m▀[0m[38;2;0;0;0m[48;2;0;0;0m▀[0m[38;2;75;78;78m[48;2;169;171;171m▀[0m[38;2;241;242;239m[48;2;214;217;217m▀[0m[38;2;174;177;174m[48;2;189;191;189m▀[0m[38;2;249;250;244m[48;2;235;230;228m▀[0m[38;2;163;165;163m[48;2;206;205;203m▀[0m[38;2;207;206;207m[48;2;214;216;214m▀[0m
[38;2;177;179;180m[48;2;128;131;131m▀[0m[38;2;179;181;179m[48;2;111;110;111m▀[0m[38;2;241;244;241m[48;2;157;157;154m▀[0m[38;2;227;230;227m[48;2;155;154;155m▀[0m[38;2;132;135;132m[48;2;96;98;96m▀[0m[38;2;236;236;233m[48;2;135;139;135m▀[0m[38;2;244;241;244m[48;2;147;149;147m▀[0m[38;2;255;255;255m[48;2;206;210;206m▀[0m[38;2;45;48;45m[48;2;48;51;48m▀[0m[38;2;0;0;0m[48;2;0;0;0m▀[0m[38;2;164;174;174m[48;2;237;245;245m▀[0m[38;2;244;242;239m[48;2;169;188;188m▀[0m[38;2;255;255;255m[48;2;175;181;182m▀[0m[38;2;255;255;255m[48;2;255;255;255m▀[0m[38;2;255;255;255m[48;2;255;255;255m▀[0m[38;2;255;255;255m[48;2;255;255;255m▀[0m[38;2;255;255;255m[48;2;255;255;255m▀[0m[38;2;255;40;34m[48;2;255;255;255m▀[0m[38;2;255;0;0m[48;2;255;117;112m▀[0m[38;2;255;149;145m[48;2;255;0;0m▀[0m[38;2;175;255;255m[48;2;255;196;191m▀[0m[38;2;0;0;0m[48;2;174;255;255m▀[0m[38;2;255;0;0m[48;2;250;0;0m▀[0m[38;2;219;0;0m[48;2;255;0;0m▀[0m[38;2;0;167;171m[48;2;230;255;255m▀[0m[38;2;255;255;255m[48;2;255;0;0m▀[0m[38;2;255;28;19m[48;2;255;0;0m▀[0m[38;2;255;81;71m[48;2;255;109;98m▀[0m[38;2;255;71;66m[48;2;255;255;255m▀[0m[38;2;255;255;255m[48;2;255;255;255m▀[0m[38;2;255;255;255m[48;2;255;255;255m▀[0m[38;2;255;255;255m[48;2;255;255;255m▀[0m[38;2;255;255;255m[48;2;255;255;255m▀[0m[38;2;255;255;255m[48;2;230;252;255m▀[0m[38;2;191;45;48m[48;2;255;255;255m▀[0m[38;2;132;127;122m[48;2;199;193;191m▀[0m[38;2;0;0;0m[48;2;0;0;0m▀[0m[38;2;0;0;0m[48;2;0;2;2m▀[0m[38;2;255;255;255m[48;2;222;226;226m▀[0m[38;2;191;195;193m[48;2;122;126;121m▀[0m[38;2;218;217;218m[48;2;169;171;177m▀[0m[38;2;237;237;237m[48;2;165;168;168m▀[0m[38;2;215;214;215m[48;2;136;136;136m▀[0m[38;2;231;230;227m[48;2;158;161;158m▀[0m
[38;2;255;255;255m[48;2;45;48;49m▀[0m[38;2;255;255;255m[48;2;82;84;84m▀[0m[38;2;255;255;255m[48;2;86;89;89m▀[0m[38;2;255;255;255m[48;2;86;89;90m▀[0m[38;2;255;255;255m[48;2;90;94;96m▀[0m[38;2;255;255;255m[48;2;74;76;78m▀[0m[38;2;255;255;255m[48;2;76;75;76m▀[0m[38;2;255;255;255m[48;2;19;19;19m▀[0m[38;2;0;0;0m[48;2;119;119;119m▀[0m[38;2;158;161;161m[48;2;224;227;224m▀[0m[38;2;117;121;121m[48;2;95;95;95m▀[0m[38;2;187;191;190m[48;2;216;216;214m▀[0m[38;2;232;236;235m[48;2;175;179;175m▀[0m[38;2;255;255;255m[48;2;238;238;238m▀[0m[38;2;255;255;255m[48;2;255;255;255m▀[0m[38;2;255;255;255m[48;2;255;255;255m▀[0m[38;2;255;255;255m[48;2;255;255;255m▀[0m[38;2;255;255;255m[48;2;255;255;255m▀[0m[38;2;255;255;255m[48;2;255;255;255m▀[0m[38;2;255;7;0m[48;2;255;255;255m▀[0m[38;2;255;136;130m[48;2;255;255;255m▀[0m[38;2;226;249;249m[48;2;224;255;255m▀[0m[38;2;255;0;0m[48;2;220;0;0m▀[0m[38;2;255;0;0m[48;2;230;0;0m▀[0m[38;2;252;255;255m[48;2;255;255;255m▀[0m[38;2;255;113;107m[48;2;255;255;255m▀[0m[38;2;255;211;205m[48;2;255;255;255m▀[0m[38;2;255;255;255m[48;2;255;255;255m▀[0m[38;2;255;255;255m[48;2;255;255;255m▀[0m[38;2;255;255;255m[48;2;255;255;255m▀[0m[38;2;255;255;255m[48;2;255;255;255m▀[0m[38;2;255;255;255m[48;2;255;255;255m▀[0m[38;2;235;242;242m[48;2;210;214;213m▀[0m[38;2;162;164;166m[48;2;209;214;214m▀[0m[38;2;126;134;137m[48;2;174;178;180m▀[0m[38;2;224;234;230m[48;2;89;97;97m▀[0m[38;2;36;34;34m[48;2;255;255;255m▀[0m[38;2;0;0;0m[48;2;0;0;0m▀[0m[38;2;255;255;255m[48;2;81;83;83m▀[0m[38;2;255;255;255m[48;2;122;129;124m▀[0m[38;2;255;255;255m[48;2;55;54;55m▀[0m[38;2;255;255;255m[48;2;51;56;56m▀[0m[38;2;255;255;255m[48;2;60;63;65m▀[0m[38;2;255;255;255m[48;2;107;109;110m▀[0m
[38;2;10;13;10m[48;2;255;255;255m▀[0m[38;2;0;0;0m[48;2;0;0;0m▀[0m[38;2;0;0;0m[48;2;0;0;0m▀[0m[38;2;0;0;0m[48;2;0;0;0m▀[0m[38;2;0;0;0m[48;2;74;76;74m▀[0m[38;2;0;0;0m[48;2;239;239;236m▀[0m[38;2;12;13;10m[48;2;255;255;255m▀[0m[38;2;0;0;0m[48;2;151;156;153m▀[0m[38;2;255;255;255m[48;2;255;255;255m▀[0m[38;2;203;203;203m[48;2;255;255;255m▀[0m[38;2;191;193;191m[48;2;226;227;223m▀[0m[38;2;189;192;189m[48;2;255;255;255m▀[0m[38;2;217;217;214m[48;2;255;255;255m▀[0m[38;2;255;255;255m[48;2;255;255;255m▀[0m[38;2;255;255;255m[48;2;255;255;255m▀[0m[38;2;255;255;255m[48;2;255;255;255m▀[0m[38;2;255;255;255m[48;2;255;255;255m▀[0m[38;2;255;255;255m[48;2;255;255;255m▀[0m[38;2;255;255;255m[48;2;255;232;226m▀[0m[38;2;255;255;255m[48;2;255;205;198m▀[0m[38;2;255;251;250m[48;2;255;255;255m▀[0m[38;2;224;248;248m[48;2;243;209;208m▀[0m[38;2;242;0;0m[48;2;255;0;0m▀[0m[38;2;235;0;0m[48;2;255;0;0m▀[0m[38;2;255;255;255m[48;2;255;255;255m▀[0m[38;2;255;255;255m[48;2;255;255;255m▀[0m[38;2;255;255;255m[48;2;255;255;255m▀[0m[38;2;255;255;255m[48;2;255;255;255m▀[0m[38;2;255;255;255m[48;2;255;255;255m▀[0m[38;2;255;255;255m[48;2;255;255;255m▀[0m[38;2;255;255;255m[48;2;255;255;255m▀[0m[38;2;255;255;255m[48;2;255;255;255m▀[0m[38;2;255;255;255m[48;2;255;255;255m▀[0m[38;2;185;192;193m[48;2;255;255;255m▀[0m[38;2;205;241;238m[48;2;171;97;94m▀[0m[38;2;169;188;192m[48;2;149;138;135m▀[0m[38;2;255;255;255m[48;2;255;255;255m▀[0m[38;2;85;90;90m[48;2;255;255;255m▀[0m[38;2;0;0;0m[48;2;92;95;92m▀[0m[38;2;3;4;1m[48;2;23;23;23m▀[0m[38;2;56;55;56m[48;2;0;0;0m▀[0m[38;2;84;83;80m[48;2;0;0;0m▀[0m[38;2;86;85;83m[48;2;0;0;0m▀[0m[38;2;111;107;111m[48;2;142;145;142m▀[0m
[38;2;255;255;255m[48;2;255;255;255m▀[0m[38;2;146;145;145m[48;2;255;255;255m▀[0m[38;2;0;0;0m[48;2;112;116;116m▀[0m[38;2;223;225;226m[48;2;228;234;234m▀[0m[38;2;255;255;255m[48;2;36;42;41m▀[0m[38;2;188;191;192m[48;2;71;76;73m▀[0m[38;2;18;20;20m[48;2;5;5;5m▀[0m[38;2;93;95;95m[48;2;0;0;0m▀[0m[38;2;255;255;255m[48;2;255;255;255m▀[0m[38;2;255;255;255m[48;2;255;255;255m▀[0m[38;2;255;255;255m[48;2;248;248;248m▀[0m[38;2;255;255;255m[48;2;255;255;255m▀[0m[38;2;255;255;255m[48;2;255;255;255m▀[0m[38;2;255;255;255m[48;2;255;255;255m▀[0m[38;2;242;242;242m[48;2;226;226;226m▀[0m[38;2;255;255;255m[48;2;231;231;231m▀[0m[38;2;255;255;255m[48;2;255;255;255m▀[0m[38;2;255;255;255m[48;2;189;200;200m▀[0m[38;2;255;255;255m[48;2;143;166;167m▀[0m[38;2;255;255;255m[48;2;56;91;93m▀[0m[38;2;255;255;255m[48;2;179;255;255m▀[0m[38;2;206;255;255m[48;2;208;192;190m▀[0m[38;2;255;0;0m[48;2;255;0;0m▀[0m[38;2;237;0;0m[48;2;199;0;0m▀[0m[38;2;187;255;255m[48;2;255;255;255m▀[0m[38;2;187;182;188m[48;2;148;216;218m▀[0m[38;2;255;196;196m[48;2;52;86;83m▀[0m[38;2;200;226;230m[48;2;111;114;111m▀[0m[38;2;255;255;255m[48;2;180;183;180m▀[0m[38;2;255;255;255m[48;2;255;255;255m▀[0m[38;2;255;255;255m[48;2;255;255;255m▀[0m[38;2;255;255;255m[48;2;255;255;255m▀[0m[38;2;255;255;255m[48;2;255;255;255m▀[0m[38;2;255;255;255m[48;2;255;255;255m▀[0m[38;2;255;0;0m[48;2;255;226;224m▀[0m[38;2;255;219;216m[48;2;255;255;255m▀[0m[38;2;255;255;255m[48;2;255;255;255m▀[0m[38;2;255;255;255m[48;2;234;239;239m▀[0m[38;2;165;167;167m[48;2;4;6;6m▀[0m[38;2;255;255;255m[48;2;93;95;93m▀[0m[38;2;204;204;204m[48;2;188;188;190m▀[0m[38;2;0;0;0m[48;2;148;152;152m▀[0m[38;2;0;0;0m[48;2;0;0;0m▀[0m[38;2;220;222;220m[48;2;255;255;255m▀[0m
