[38;2;211;214;214m[48;2;208;211;211m▀[0m[38;2;255;255;255m[48;2;236;241;241m▀[0m[38;2;78;78;78m[48;2;0;0;0m▀[0m[38;2;34;34;34m[48;2;0;0;0m▀[0m[38;2;43;47;47m[48;2;0;1;0m▀[0m[38;2;190;190;190m[48;2;214;215;209m▀[0m[38;2;214;208;211m[48;2;204;207;204m▀[0m[38;2;161;157;161m[48;2;176;175;173m▀[0m[38;2;175;179;175m[48;2;141;141;141m▀[0m[38;2;255;255;255m[48;2;255;255;255m▀[0m[38;2;255;255;255m[48;2;255;255;255m▀[0m[38;2;255;255;255m[48;2;255;255;255m▀[0m[38;2;43;46;46m[48;2;34;43;43m▀[0m[38;2;95;107;107m[48;2;0;0;0m▀[0m[38;2;30;70;71m[48;2;0;0;0m▀[0m[38;2;47;206;209m[48;2;0;117;122m▀[0m[38;2;126;92;97m[48;2;255;0;0m▀[0m[38;2;255;0;0m[48;2;255;0;0m▀[0m[38;2;255;0;0m[48;2;255;0;0m▀[0m[38;2;255;8;2m[48;2;255;0;0m▀[0m[38;2;255;148;146m[48;2;251;102;95m▀[0m[38;2;255;0;0m[48;2;255;74;57m▀[0m[38;2;255;0;0m[48;2;73;0;0m▀[0m[38;2;255;0;0m[48;2;191;0;0m▀[0m[38;2;255;0;0m[48;2;255;0;0m▀[0m[38;2;255;0;0m[48;2;255;0;0m▀[0m[38;2;255;0;0m[48;2;255;0;0m▀[0m[38;2;255;0;0m[48;2;255;0;0m▀[0m[38;2;255;0;0m[48;2;255;70;54m▀[0m[38;2;255;0;0m[48;2;255;13;6m▀[0m[38;2;255;0;0m[48;2;255;0;0m▀[0m[38;2;255;0;0m[48;2;255;0;0m▀[0m[38;2;86;28;23m[48;2;255;0;0m▀[0m[38;2;0;128;132m[48;2;26;173;175m▀[0m[38;2;48;90;91m[48;2;0;15;13m▀[0m[38;2;255;255;255m[48;2;255;255;255m▀[0m[38;2;255;255;255m[48;2;255;255;255m▀[0m[38;2;255;255;255m[48;2;255;255;255m▀[0m[38;2;231;237;236m[48;2;165;164;162m▀[0m[38;2;140;140;141m[48;2;157;157;158m▀[0m[38;2;191;191;191m[48;2;191;195;191m▀[0m[38;2;237;236;237m[48;2;229;230;226m▀[0m[38;2;114;123;123m[48;2;0;0;0m▀[0m[38;2;0;0;0m[48;2;0;0;0m▀[0m
[38;2;132;136;135m[48;2;0;0;0m▀[0m[38;2;17;20;19m[48;2;0;0;0m▀[0m[38;2;0;0;0m[48;2;79;81;81m▀[0m[38;2;0;0;0m[48;2;190;189;189m▀[0m[38;2;32;36;36m[48;2;73;73;73m▀[0m[38;2;195;197;195m[48;2;183;178;183m▀[0m[38;2;202;204;208m[48;2;195;195;197m▀[0m[38;2;168;174;175m[48;2;131;130;131m▀[0m[38;2;130;135;130m[48;2;140;140;136m▀[0m[38;2;255;255;255m[48;2;223;220;218m▀[0m[38;2;255;255;255m[48;2;255;255;255m▀[0m[38;2;255;255;255m[48;2;255;255;255m▀[0m[38;2;0;0;0m[48;2;0;0;0m▀[0m[38;2;63;95;97m[48;2;70;100;98m▀[0m[38;2;163;255;255m[48;2;152;135;135m▀[0m[38;2;0;79;82m[48;2;255;0;0m▀[0m[38;2;255;0;0m[48;2;255;0;0m▀[0m[38;2;255;0;0m[48;2;255;0;0m▀[0m[38;2;255;0;0m[48;2;255;0;0m▀[0m[38;2;255;0;0m[48;2;255;0;0m▀[0m[38;2;255;0;0m[48;2;255;0;0m▀[0m[38;2;255;0;0m[48;2;255;242;239m▀[0m[38;2;165;255;255m[48;2;255;255;255m▀[0m[38;2;255;136;126m[48;2;255;0;0m▀[0m[38;2;255;255;255m[48;2;255;255;255m▀[0m[38;2;255;255;255m[48;2;255;255;255m▀[0m[38;2;255;120;115m[48;2;255;0;0m▀[0m[38;2;255;181;164m[48;2;255;0;0m▀[0m[38;2;255;147;131m[48;2;255;0;0m▀[0m[38;2;255;24;9m[48;2;255;0;0m▀[0m[38;2;255;0;0m[48;2;255;0;0m▀[0m[38;2;255;0;0m[48;2;255;0;0m▀[0m[38;2;255;0;0m[48;2;255;0;0m▀[0m[38;2;79;52;47m[48;2;113;0;0m▀[0m[38;2;0;14;17m[48;2;0;0;0m▀[0m[38;2;255;255;255m[48;2;255;255;255m▀[0m[38;2;255;255;255m[48;2;255;255;255m▀[0m[38;2;255;255;255m[48;2;255;255;255m▀[0m[38;2;131;128;130m[48;2;126;126;123m▀[0m[38;2;173;176;173m[48;2;180;184;180m▀[0m[38;2;201;202;197m[48;2;162;164;170m▀[0m[38;2;193;197;193m[48;2;136;136;134m▀[0m[38;2;0;0;0m[48;2;93;96;97m▀[0m[38;2;85;87;91m[48;2;255;255;255m▀[0m
[38;2;63;63;64m[48;2;68;67;67m▀[0m[38;2;8;13;14m[48;2;0;0;0m▀[0m[38;2;255;255;255m[48;2;183;185;185m▀[0m[38;2;255;255;255m[48;2;251;255;255m▀[0m[38;2;234;234;234m[48;2;90;90;98m▀[0m[38;2;156;156;153m[48;2;170;169;167m▀[0m[38;2;211;209;209m[48;2;211;214;214m▀[0m[38;2;185;185;183m[48;2;184;184;181m▀[0m[38;2;153;153;153m[48;2;164;169;169m▀[0m[38;2;180;180;178m[48;2;154;154;150m▀[0m[38;2;255;255;255m[48;2;255;255;255m▀[0m[38;2;255;255;255m[48;2;255;255;255m▀[0m[38;2;13;41;39m[48;2;132;153;148m▀[0m[38;2;120;201;196m[48;2;106;172;168m▀[0m[38;2;156;168;165m[48;2;165;0;0m▀[0m[38;2;255;0;0m[48;2;255;0;0m▀[0m[38;2;255;0;0m[48;2;255;0;0m▀[0m[38;2;255;0;0m[48;2;255;0;0m▀[0m[38;2;255;0;0m[48;2;255;0;0m▀[0m[38;2;255;0;0m[48;2;172;159;159m▀[0m[38;2;198;50;43m[48;2;230;255;255m▀[0m[38;2;255;255;255m[48;2;255;255;255m▀[0m[38;2;253;255;255m[48;2;255;255;255m▀[0m[38;2;255;0;0m[48;2;255;0;0m▀[0m[38;2;255;0;0m[48;2;255;0;0m▀[0m[38;2;255;0;0m[48;2;255;0;0m▀[0m[38;2;255;0;0m[48;2;206;0;0m▀[0m[38;2;255;0;0m[48;2;255;14;17m▀[0m[38;2;255;0;0m[48;2;255;12;7m▀[0m[38;2;255;0;0m[48;2;255;0;0m▀[0m[38;2;255;0;0m[48;2;255;0;0m▀[0m[38;2;255;0;0m[48;2;255;0;0m▀[0m[38;2;255;0;0m[48;2;255;0;0m▀[0m[38;2;214;0;0m[48;2;255;0;0m▀[0m[38;2;25;167;159m[48;2;2;112;115m▀[0m[38;2;255;255;255m[48;2;255;255;255m▀[0m[38;2;255;255;255m[48;2;255;255;255m▀[0m[38;2;224;228;223m[48;2;179;179;179m▀[0m[38;2;134;134;134m[48;2;151;151;151m▀[0m[38;2;180;185;185m[48;2;184;184;184m▀[0m[38;2;195;195;195m[48;2;220;220;217m▀[0m[38;2;120;120;123m[48;2;108;108;108m▀[0m[38;2;223;229;230m[48;2;207;212;217m▀[0m[38;2;255;255;255m[48;2;255;255;255m▀[0m
[38;2;255;255;255m[48;2;234;234;234m▀[0m[38;2;230;228;231m[48;2;233;231;231m▀[0m[38;2;255;255;255m[48;2;222;224;222m▀[0m[38;2;42;46;47m[48;2;0;0;0m▀[0m[38;2;0;0;0m[48;2;0;0;0m▀[0m[38;2;157;161;157m[48;2;129;128;128m▀[0m[38;2;228;228;228m[48;2;236;248;248m▀[0m[38;2;186;192;189m[48;2;184;180;180m▀[0m[38;2;168;164;169m[48;2;170;131;135m▀[0m[38;2;139;142;141m[48;2;146;153;152m▀[0m[38;2;255;255;255m[48;2;255;255;255m▀[0m[38;2;255;255;255m[48;2;255;255;255m▀[0m[38;2;0;0;0m[48;2;0;35;35m▀[0m[38;2;70;0;0m[48;2;0;0;0m▀[0m[38;2;154;0;0m[48;2;87;0;0m▀[0m[38;2;255;0;0m[48;2;114;25;25m▀[0m[38;2;170;32;20m[48;2;162;106;97m▀[0m[38;2;255;0;0m[48;2;255;0;0m▀[0m[38;2;255;0;0m[48;2;185;0;0m▀[0m[38;2;50;154;161m[48;2;0;68;76m▀[0m[38;2;244;255;255m[48;2;0;48;37m▀[0m[38;2;240;255;255m[48;2;0;0;0m▀[0m[38;2;125;255;255m[48;2;0;46;54m▀[0m[38;2;179;0;0m[48;2;54;143;141m▀[0m[38;2;255;0;0m[48;2;255;0;0m▀[0m[38;2;255;0;0m[48;2;255;0;0m▀[0m[38;2;196;97;92m[48;2;62;67;68m▀[0m[38;2;219;78;85m[48;2;118;113;123m▀[0m[38;2;196;64;65m[48;2;162;191;193m▀[0m[38;2;255;0;0m[48;2;255;0;0m▀[0m[38;2;255;0;0m[48;2;255;0;0m▀[0m[38;2;255;0;0m[48;2;255;0;0m▀[0m[38;2;255;0;0m[48;2;255;0;0m▀[0m[38;2;255;0;0m[48;2;255;0;0m▀[0m[38;2;0;7;7m[48;2;0;30;28m▀[0m[38;2;255;255;255m[48;2;255;255;255m▀[0m[38;2;255;255;255m[48;2;255;255;255m▀[0m[38;2;147;151;147m[48;2;124;128;124m▀[0m[38;2;168;168;168m[48;2;170;170;170m▀[0m[38;2;186;189;189m[48;2;175;183;180m▀[0m[38;2;230;230;230m[48;2;235;235;235m▀[0m[38;2;80;84;84m[48;2;39;42;42m▀[0m[38;2;0;0;0m[48;2;0;0;0m▀[0m[38;2;255;255;255m[48;2;168;168;168m▀[0m
[38;2;0;0;0m[48;2;248;252;248m▀[0m[38;2;0;0;0m[48;2;128;128;129m▀[0m[38;2;0;0;0m[48;2;176;180;180m▀[0m[38;2;0;1;0m[48;2;255;255;255m▀[0m[38;2;0;0;0m[48;2;139;139;139m▀[0m[38;2;53;56;53m[48;2;42;62;62m▀[0m[38;2;233;203;206m[48;2;220;204;204m▀[0m[38;2;184;134;140m[48;2;158;42;50m▀[0m[38;2;183;193;191m[48;2;175;136;140m▀[0m[38;2;167;180;179m[48;2;176;167;167m▀[0m[38;2;208;214;209m[48;2;185;185;185m▀[0m[38;2;255;255;255m[48;2;253;255;255m▀[0m[38;2;91;118;119m[48;2;162;170;176m▀[0m[38;2;0;0;0m[48;2;64;112;117m▀[0m[38;2;51;0;0m[48;2;51;45;42m▀[0m[38;2;46;61;64m[48;2;0;0;0m▀[0m[38;2;255;84;78m[48;2;255;0;0m▀[0m[38;2;255;0;0m[48;2;255;0;0m▀[0m[38;2;255;0;0m[48;2;165;0;0m▀[0m[38;2;255;255;255m[48;2;255;255;255m▀[0m[38;2;255;255;255m[48;2;255;255;255m▀[0m[38;2;135;136;56m[48;2;255;255;255m▀[0m[38;2;217;255;255m[48;2;255;255;255m▀[0m[38;2;255;255;255m[48;2;255;255;255m▀[0m[38;2;215;0;0m[48;2;131;197;195m▀[0m[38;2;255;0;0m[48;2;255;0;0m▀[0m[38;2;18;53;51m[48;2;193;143;114m▀[0m[38;2;0;53;46m[48;2;106;185;101m▀[0m[38;2;17;141;145m[48;2;164;255;255m▀[0m[38;2;154;0;0m[48;2;0;0;7m▀[0m[38;2;255;0;0m[48;2;255;0;0m▀[0m[38;2;255;0;0m[48;2;255;0;0m▀[0m[38;2;255;0;0m[48;2;255;0;0m▀[0m[38;2;255;0;0m[48;2;226;0;0m▀[0m[38;2;122;65;58m[48;2;191;31;21m▀[0m[38;2;255;255;255m[48;2;157;255;255m▀[0m[38;2;255;255;255m[48;2;192;204;202m▀[0m[38;2;112;118;114m[48;2;162;168;168m▀[0m[38;2;161;164;161m[48;2;178;180;178m▀[0m[38;2;191;191;191m[48;2;202;206;206m▀[0m[38;2;183;187;187m[48;2;176;176;176m▀[0m[38;2;45;45;47m[48;2;114;113;113m▀[0m[38;2;15;14;14m[48;2;180;183;183m▀[0m[38;2;9;8;8m[48;2;220;225;224m▀[0m
[38;2;0;0;0m[48;2;18;20;20m▀[0m[38;2;80;76;81m[48;2;0;0;0m▀[0m[38;2;255;255;255m[48;2;255;255;255m▀[0m[38;2;255;255;255m[48;2;113;118;118m▀[0m[38;2;251;251;251m[48;2;143;147;147m▀[0m[38;2;26;36;36m[48;2;23;28;26m▀[0m[38;2;198;197;197m[48;2;175;181;178m▀[0m[38;2;190;189;184m[48;2;214;219;218m▀[0m[38;2;186;169;167m[48;2;192;208;206m▀[0m[38;2;175;148;152m[48;2;191;202;197m▀[0m[38;2;181;179;176m[48;2;191;193;191m▀[0m[38;2;197;203;203m[48;2;169;172;172m▀[0m[38;2;187;193;196m[48;2;195;203;203m▀[0m[38;2;97;123;122m[48;2;63;85;85m▀[0m[38;2;124;183;179m[48;2;141;196;198m▀[0m[38;2;0;0;0m[48;2;0;17;18m▀[0m[38;2;255;0;0m[48;2;255;0;0m▀[0m[38;2;255;0;0m[48;2;255;0;0m▀[0m[38;2;70;3;0m[48;2;87;176;178m▀[0m[38;2;255;255;255m[48;2;255;255;255m▀[0m[38;2;255;255;255m[48;2;255;255;255m▀[0m[38;2;255;255;255m[48;2;255;255;255m▀[0m[38;2;255;255;255m[48;2;255;255;255m▀[0m[38;2;255;255;255m[48;2;255;255;255m▀[0m[38;2;184;255;255m[48;2;255;255;255m▀[0m[38;2;151;0;0m[48;2;253;211;208m▀[0m[38;2;255;255;255m[48;2;255;255;255m▀[0m[38;2;255;255;255m[48;2;255;255;255m▀[0m[38;2;255;255;255m[48;2;255;255;255m▀[0m[38;2;212;201;204m[48;2;255;84;80m▀[0m[38;2;255;0;0m[48;2;222;0;0m▀[0m[38;2;255;0;0m[48;2;255;0;0m▀[0m[38;2;255;0;0m[48;2;213;0;0m▀[0m[38;2;25;0;0m[48;2;0;0;0m▀[0m[38;2;183;1;0m[48;2;142;142;139m▀[0m[38;2;159;247;242m[48;2;193;244;246m▀[0m[38;2;183;187;183m[48;2;187;193;190m▀[0m[38;2;181;190;190m[48;2;181;187;187m▀[0m[38;2;189;187;189m[48;2;189;187;189m▀[0m[38;2;207;211;207m[48;2;211;214;215m▀[0m[38;2;179;178;179m[48;2;152;153;147m▀[0m[38;2;191;190;190m[48;2;14;17;18m▀[0m[38;2;165;168;165m[48;2;0;0;0m▀[0m[38;2;220;230;231m[48;2;179;181;183m▀[0m
[38;2;0;0;0m[48;2;48;51;54m▀[0m[38;2;0;0;0m[48;2;79;81;81m▀[0m[38;2;35;37;37m[48;2;0;0;0m▀[0m[38;2;200;202;204m[48;2;0;0;0m▀[0m[38;2;81;80;80m[48;2;136;137;129m▀[0m[38;2;32;36;36m[48;2;65;68;69m▀[0m[38;2;130;136;132m[48;2;76;81;81m▀[0m[38;2;212;196;201m[48;2;220;217;219m▀[0m[38;2;176;169;170m[48;2;178;159;168m▀[0m[38;2;192;193;190m[48;2;190;191;187m▀[0m[38;2;195;196;192m[48;2;195;195;196m▀[0m[38;2;161;167;165m[48;2;163;167;165m▀[0m[38;2;197;198;195m[48;2;156;158;156m▀[0m[38;2;58;78;78m[48;2;255;255;255m▀[0m[38;2;0;40;45m[48;2;253;255;255m▀[0m[38;2;0;0;0m[48;2;0;0;0m▀[0m[38;2;255;0;0m[48;2;255;0;0m▀[0m[38;2;255;0;0m[48;2;255;0;0m▀[0m[38;2;0;0;0m[48;2;0;0;0m▀[0m[38;2;102;218;223m[48;2;0;7;10m▀[0m[38;2;255;255;255m[48;2;1;81;82m▀[0m[38;2;255;255;255m[48;2;0;25;25m▀[0m[38;2;255;255;255m[48;2;255;0;0m▀[0m[38;2;255;255;255m[48;2;255;0;0m▀[0m[38;2;255;255;255m[48;2;234;0;0m▀[0m[38;2;255;255;255m[48;2;255;255;255m▀[0m[38;2;255;255;255m[48;2;255;255;255m▀[0m[38;2;255;255;255m[48;2;255;255;255m▀[0m[38;2;255;255;255m[48;2;145;253;255m▀[0m[38;2;12;0;0m[48;2;0;0;0m▀[0m[38;2;255;0;0m[48;2;255;0;0m▀[0m[38;2;255;0;0m[48;2;255;0;0m▀[0m[38;2;104;0;0m[48;2;0;0;0m▀[0m[38;2;141;143;145m[48;2;81;91;90m▀[0m[38;2;175;255;255m[48;2;142;184;185m▀[0m[38;2;185;203;198m[48;2;162;175;174m▀[0m[38;2;190;195;191m[48;2;178;189;184m▀[0m[38;2;190;190;190m[48;2;191;191;187m▀[0m[38;2;190;192;190m[48;2;197;201;201m▀[0m[38;2;214;217;214m[48;2;201;198;196m▀[0m[38;2;107;109;109m[48;2;58;61;61m▀[0m[38;2;0;0;0m[48;2;85;90;90m▀[0m[38;2;0;0;0m[48;2;204;209;211m▀[0m[38;2;204;208;212m[48;2;89;93;95m▀[0m
[38;2;103;109;109m[48;2;255;255;255m▀[0m[38;2;58;68;68m[48;2;255;255;255m▀[0m[38;2;90;96;92m[48;2;255;255;255m▀[0m[38;2;255;255;255m[48;2;246;246;246m▀[0m[38;2;240;242;242m[48;2;242;240;244m▀[0m[38;2;52;57;56m[48;2;255;255;255m▀[0m[38;2;23;28;23m[48;2;169;169;169m▀[0m[38;2;184;189;184m[48;2;123;124;120m▀[0m[38;2;203;207;206m[48;2;207;211;209m▀[0m[38;2;189;189;189m[48;2;190;190;186m▀[0m[38;2;193;196;193m[48;2;190;189;186m▀[0m[38;2;132;136;132m[48;2;175;179;175m▀[0m[38;2;118;118;120m[48;2;141;141;139m▀[0m[38;2;255;255;255m[48;2;218;230;230m▀[0m[38;2;255;255;255m[48;2;255;255;255m▀[0m[38;2;79;206;207m[48;2;255;255;255m▀[0m[38;2;151;0;0m[48;2;152;0;0m▀[0m[38;2;255;0;0m[48;2;255;0;0m▀[0m[38;2;57;0;0m[48;2;96;0;0m▀[0m[38;2;0;85;89m[48;2;0;50;52m▀[0m[38;2;252;255;255m[48;2;157;222;220m▀[0m[38;2;162;79;74m[48;2;255;255;255m▀[0m[38;2;255;0;0m[48;2;255;19;17m▀[0m[38;2;255;0;0m[48;2;255;0;0m▀[0m[38;2;255;0;0m[48;2;255;0;0m▀[0m[38;2;29;0;0m[48;2;255;255;255m▀[0m[38;2;0;97;97m[48;2;148;237;237m▀[0m[38;2;0;35;36m[48;2;0;0;0m▀[0m[38;2;0;0;0m[48;2;0;0;0m▀[0m[38;2;151;0;0m[48;2;255;0;0m▀[0m[38;2;255;0;0m[48;2;255;0;0m▀[0m[38;2;162;0;0m[48;2;167;0;0m▀[0m[38;2;137;181;180m[48;2;158;142;140m▀[0m[38;2;114;184;184m[48;2;196;255;255m▀[0m[38;2;168;186;183m[48;2;186;192;195m▀[0m[38;2;187;197;195m[48;2;173;183;180m▀[0m[38;2;187;184;184m[48;2;183;146;150m▀[0m[38;2;189;202;198m[48;2;180;153;157m▀[0m[38;2;208;211;211m[48;2;201;223;223m▀[0m[38;2;141;145;147m[48;2;108;114;113m▀[0m[38;2;23;29;29m[48;2;255;255;255m▀[0m[38;2;69;74;70m[48;2;255;255;255m▀[0m[38;2;231;236;236m[48;2;247;246;246m▀[0m[38;2;178;193;198m[48;2;230;231;228m▀[0m
[38;2;240;242;242m[48;2;229;233;229m▀[0m[38;2;251;254;254m[48;2;247;250;247m▀[0m[38;2;211;215;215m[48;2;234;237;234m▀[0m[38;2;191;193;193m[48;2;164;167;164m▀[0m[38;2;255;255;255m[48;2;255;255;255m▀[0m[38;2;255;255;255m[48;2;191;191;191m▀[0m[38;2;235;237;239m[48;2;237;242;237m▀[0m[38;2;69;71;71m[48;2;0;0;0m▀[0m[38;2;209;214;215m[48;2;189;189;186m▀[0m[38;2;191;191;191m[48;2;209;209;206m▀[0m[38;2;187;187;187m[48;2;190;186;186m▀[0m[38;2;185;185;185m[48;2;180;185;180m▀[0m[38;2;141;141;142m[48;2;113;115;118m▀[0m[38;2;185;195;195m[48;2;178;187;187m▀[0m[38;2;255;255;255m[48;2;255;255;255m▀[0m[38;2;255;255;255m[48;2;255;255;255m▀[0m[38;2;153;113;104m[48;2;204;255;255m▀[0m[38;2;255;0;0m[48;2;212;0;0m▀[0m[38;2;165;0;0m[48;2;255;0;0m▀[0m[38;2;31;134;139m[48;2;20;114;115m▀[0m[38;2;95;151;152m[48;2;234;255;255m▀[0m[38;2;21;87;92m[48;2;139;165;165m▀[0m[38;2;255;255;255m[48;2;0;0;0m▀[0m[38;2;255;255;255m[48;2;0;40;45m▀[0m[38;2;235;255;255m[48;2;0;0;0m▀[0m[38;2;31;132;132m[48;2;1;53;53m▀[0m[38;2;0;0;0m[48;2;0;0;0m▀[0m[38;2;0;0;0m[48;2;63;52;52m▀[0m[38;2;150;0;0m[48;2;255;28;13m▀[0m[38;2;255;0;0m[48;2;187;23;20m▀[0m[38;2;255;0;0m[48;2;114;0;0m▀[0m[38;2;92;0;0m[48;2;242;255;255m▀[0m[38;2;198;233;235m[48;2;255;255;255m▀[0m[38;2;159;192;197m[48;2;114;130;130m▀[0m[38;2;173;178;178m[48;2;192;195;195m▀[0m[38;2;153;164;162m[48;2;191;196;192m▀[0m[38;2;195;202;197m[48;2;190;195;193m▀[0m[38;2;173;123;123m[48;2;215;231;229m▀[0m[38;2;152;79;82m[48;2;101;75;79m▀[0m[38;2;153;158;157m[48;2;242;247;242m▀[0m[38;2;246;250;248m[48;2;193;196;193m▀[0m[38;2;233;235;233m[48;2;231;234;231m▀[0m[38;2;255;255;255m[48;2;255;255;255m▀[0m[38;2;141;140;136m[48;2;141;142;139m▀[0m
[38;2;231;231;231m[48;2;247;247;245m▀[0m[38;2;207;211;209m[48;2;239;239;236m▀[0m[38;2;248;248;246m[48;2;255;255;255m▀[0m[38;2;139;141;139m[48;2;139;139;140m▀[0m[38;2;255;255;255m[48;2;255;255;255m▀[0m[38;2;189;191;189m[48;2;229;233;231m▀[0m[38;2;240;244;240m[48;2;247;247;247m▀[0m[38;2;0;0;0m[48;2;1;4;4m▀[0m[38;2;76;76;76m[48;2;0;0;0m▀[0m[38;2;239;239;235m[48;2;242;242;240m▀[0m[38;2;190;190;186m[48;2;165;170;172m▀[0m[38;2;157;162;163m[48;2;153;165;165m▀[0m[38;2;93;103;108m[48;2;200;220;223m▀[0m[38;2;175;196;196m[48;2;248;255;255m▀[0m[38;2;255;255;255m[48;2;255;255;255m▀[0m[38;2;255;255;255m[48;2;255;70;70m▀[0m[38;2;247;191;184m[48;2;255;0;0m▀[0m[38;2;31;0;0m[48;2;240;180;184m▀[0m[38;2;212;0;0m[48;2;96;100;101m▀[0m[38;2;57;18;17m[48;2;61;0;0m▀[0m[38;2;141;217;213m[48;2;31;101;103m▀[0m[38;2;226;252;248m[48;2;102;157;158m▀[0m[38;2;92;109;109m[48;2;241;255;255m▀[0m[38;2;0;0;0m[48;2;229;255;255m▀[0m[38;2;200;223;219m[48;2;152;218;218m▀[0m[38;2;154;224;224m[48;2;52;96;93m▀[0m[38;2;53;0;1m[48;2;75;0;0m▀[0m[38;2;126;0;0m[48;2;95;61;64m▀[0m[38;2;4;10;9m[48;2;84;0;0m▀[0m[38;2;200;0;0m[48;2;204;0;0m▀[0m[38;2;252;212;208m[48;2;255;255;255m▀[0m[38;2;255;255;255m[48;2;255;255;255m▀[0m[38;2;255;255;255m[48;2;255;255;255m▀[0m[38;2;78;96;87m[48;2;136;156;156m▀[0m[38;2;165;169;165m[48;2;167;175;175m▀[0m[38;2;193;193;193m[48;2;189;189;184m▀[0m[38;2;193;197;196m[48;2;231;230;231m▀[0m[38;2;220;223;224m[48;2;136;136;140m▀[0m[38;2;0;0;0m[48;2;0;0;0m▀[0m[38;2;248;255;255m[48;2;255;255;255m▀[0m[38;2;176;180;179m[48;2;175;179;178m▀[0m[38;2;255;255;255m[48;2;255;255;255m▀[0m[38;2;242;245;242m[48;2;223;223;220m▀[0m[38;2;156;158;156m[48;2;178;180;178m▀[0m
[38;2;246;250;248m[48;2;207;211;209m▀[0m[38;2;252;252;250m[48;2;255;255;255m▀[0m[38;2;255;255;255m[48;2;255;255;255m▀[0m[38;2;151;151;148m[48;2;172;172;169m▀[0m[38;2;252;251;248m[48;2;215;222;220m▀[0m[38;2;225;225;228m[48;2;229;229;226m▀[0m[38;2;225;225;225m[48;2;192;192;192m▀[0m[38;2;85;89;89m[48;2;164;164;165m▀[0m[38;2;0;0;0m[48;2;0;0;0m▀[0m[38;2;132;135;135m[48;2;29;35;35m▀[0m[38;2;178;178;178m[48;2;255;255;255m▀[0m[38;2;245;255;255m[48;2;255;255;255m▀[0m[38;2;255;255;255m[48;2;239;255;255m▀[0m[38;2;255;255;255m[48;2;184;0;0m▀[0m[38;2;255;54;45m[48;2;250;0;0m▀[0m[38;2;234;0;0m[48;2;229;0;0m▀[0m[38;2;255;255;255m[48;2;255;123;118m▀[0m[38;2;255;255;255m[48;2;255;151;142m▀[0m[38;2;252;255;255m[48;2;255;255;255m▀[0m[38;2;226;0;0m[48;2;203;142;137m▀[0m[38;2;240;0;0m[48;2;255;0;0m▀[0m[38;2;82;204;203m[48;2;128;172;170m▀[0m[38;2;175;226;224m[48;2;126;255;255m▀[0m[38;2;136;200;198m[48;2;80;255;255m▀[0m[38;2;106;207;204m[48;2;181;21;17m▀[0m[38;2;198;0;0m[48;2;255;0;0m▀[0m[38;2;241;96;93m[48;2;255;255;255m▀[0m[38;2;255;255;255m[48;2;255;255;255m▀[0m[38;2;162;255;255m[48;2;255;255;252m▀[0m[38;2;255;13;14m[48;2;255;241;242m▀[0m[38;2;255;0;0m[48;2;170;0;0m▀[0m[38;2;255;255;255m[48;2;250;0;0m▀[0m[38;2;255;255;255m[48;2;231;255;255m▀[0m[38;2;220;236;236m[48;2;255;255;255m▀[0m[38;2;225;236;235m[48;2;255;255;255m▀[0m[38;2;147;152;147m[48;2;176;189;187m▀[0m[38;2;242;242;244m[48;2;108;112;114m▀[0m[38;2;0;0;0m[48;2;0;0;0m▀[0m[38;2;0;0;0m[48;2;9;8;8m▀[0m[38;2;255;255;255m[48;2;255;255;255m▀[0m[38;2;178;180;178m[48;2;191;193;191m▀[0m[38;2;255;255;255m[48;2;255;255;255m▀[0m[38;2;193;198;197m[48;2;175;175;173m▀[0m[38;2;192;197;192m[48;2;214;217;214m▀[0m
[38;2;169;168;165m[48;2;153;152;150m▀[0m[38;2;255;255;255m[48;2;231;223;222m▀[0m[38;2;255;255;255m[48;2;255;255;255m▀[0m[38;2;204;204;206m[48;2;223;225;231m▀[0m[38;2;179;179;180m[48;2;162;161;157m▀[0m[38;2;255;255;255m[48;2;255;255;255m▀[0m[38;2;233;235;233m[48;2;255;255;255m▀[0m[38;2;235;235;236m[48;2;255;255;255m▀[0m[38;2;0;0;0m[48;2;0;0;0m▀[0m[38;2;19;29;29m[48;2;7;9;9m▀[0m[38;2;255;255;255m[48;2;229;255;255m▀[0m[38;2;255;255;255m[48;2;208;87;81m▀[0m[38;2;212;0;0m[48;2;186;0;0m▀[0m[38;2;233;0;0m[48;2;255;255;255m▀[0m[38;2;252;0;0m[48;2;255;255;255m▀[0m[38;2;255;0;0m[48;2;255;255;255m▀[0m[38;2;255;0;0m[48;2;255;255;255m▀[0m[38;2;255;0;0m[48;2;255;114;111m▀[0m[38;2;255;0;0m[48;2;255;236;236m▀[0m[38;2;255;0;0m[48;2;255;226;224m▀[0m[38;2;255;0;0m[48;2;198;0;0m▀[0m[38;2;255;0;0m[48;2;255;0;0m▀[0m[38;2;255;32;23m[48;2;233;0;0m▀[0m[38;2;255;0;0m[48;2;255;0;0m▀[0m[38;2;255;0;0m[48;2;126;0;0m▀[0m[38;2;255;0;0m[48;2;178;26;24m▀[0m[38;2;255;0;0m[48;2;239;228;223m▀[0m[38;2;255;0;0m[48;2;211;255;255m▀[0m[38;2;255;0;0m[48;2;255;255;255m▀[0m[38;2;255;0;0m[48;2;255;255;255m▀[0m[38;2;255;0;0m[48;2;255;255;255m▀[0m[38;2;191;0;0m[48;2;255;217;217m▀[0m[38;2;80;0;0m[48;2;181;12;12m▀[0m[38;2;255;255;255m[48;2;90;0;0m▀[0m[38;2;255;255;255m[48;2;255;252;250m▀[0m[38;2;250;255;255m[48;2;255;255;255m▀[0m[38;2;41;47;47m[48;2;3;6;6m▀[0m[38;2;0;0;0m[48;2;0;0;0m▀[0m[38;2;86;90;90m[48;2;195;197;197m▀[0m[38;2;255;255;255m[48;2;246;250;250m▀[0m[38;2;201;203;201m[48;2;218;220;218m▀[0m[38;2;255;255;255m[48;2;255;255;255m▀[0m[38;2;187;190;187m[48;2;237;236;234m▀[0m[38;2;239;237;239m[48;2;246;248;246m▀[0m
[38;2;203;206;207m[48;2;147;151;151m▀[0m[38;2;206;208;206m[48;2;128;126;128m▀[0m[38;2;255;255;255m[48;2;181;181;178m▀[0m[38;2;255;255;255m[48;2;179;178;179m▀[0m[38;2;152;156;152m[48;2;111;113;111m▀[0m[38;2;255;255;255m[48;2;156;161;156m▀[0m[38;2;255;255;255m[48;2;169;172;169m▀[0m[38;2;255;255;255m[48;2;237;242;237m▀[0m[38;2;52;56;52m[48;2;56;59;56m▀[0m[38;2;0;0;0m[48;2;0;0;0m▀[0m[38;2;189;201;201m[48;2;255;255;255m▀[0m[38;2;255;255;255m[48;2;195;217;217m▀[0m[38;2;255;255;255m[48;2;202;208;209m▀[0m[38;2;255;255;255m[48;2;255;255;255m▀[0m[38;2;255;255;255m[48;2;255;255;255m▀[0m[38;2;255;255;255m[48;2;255;255;255m▀[0m[38;2;255;255;255m[48;2;255;255;255m▀[0m[38;2;255;46;40m[48;2;255;255;255m▀[0m[38;2;255;0;0m[48;2;255;135;129m▀[0m[38;2;255;172;167m[48;2;255;0;0m▀[0m[38;2;202;255;255m[48;2;255;225;220m▀[0m[38;2;0;0;0m[48;2;201;255;255m▀[0m[38;2;255;0;0m[48;2;255;0;0m▀[0m[38;2;252;0;0m[48;2;255;0;0m▀[0m[38;2;0;192;197m[48;2;255;255;255m▀[0m[38;2;255;255;255m[48;2;255;0;0m▀[0m[38;2;255;32;21m[48;2;255;0;0m▀[0m[38;2;255;93;81m[48;2;255;125;113m▀[0m[38;2;255;81;76m[48;2;255;255;255m▀[0m[38;2;255;255;255m[48;2;255;255;255m▀[0m[38;2;255;255;255m[48;2;255;255;255m▀[0m[38;2;255;255;255m[48;2;255;255;255m▀[0m[38;2;255;255;255m[48;2;255;255;255m▀[0m[38;2;255;255;255m[48;2;255;255;255m▀[0m[38;2;220;52;56m[48;2;255;255;255m▀[0m[38;2;152;146;141m[48;2;229;223;220m▀[0m[38;2;0;0;0m[48;2;0;0;0m▀[0m[38;2;0;0;0m[48;2;0;2;2m▀[0m[38;2;255;255;255m[48;2;255;255;255m▀[0m[38;2;220;224;223m[48;2;141;145;140m▀[0m[38;2;251;250;251m[48;2;195;197;203m▀[0m[38;2;255;255;255m[48;2;190;193;193m▀[0m[38;2;247;246;247m[48;2;157;157;157m▀[0m[38;2;255;255;255m[48;2;183;185;183m▀[0m
[38;2;255;255;255m[48;2;52;56;57m▀[0m[38;2;255;255;255m[48;2;95;97;97m▀[0m[38;2;255;255;255m[48;2;100;102;102m▀[0m[38;2;255;255;255m[48;2;100;102;103m▀[0m[38;2;255;255;255m[48;2;103;108;111m▀[0m[38;2;255;255;255m[48;2;85;87;90m▀[0m[38;2;255;255;255m[48;2;87;86;87m▀[0m[38;2;255;255;255m[48;2;21;21;21m▀[0m[38;2;0;0;0m[48;2;137;137;137m▀[0m[38;2;183;185;185m[48;2;255;255;255m▀[0m[38;2;135;140;140m[48;2;109;109;109m▀[0m[38;2;215;220;219m[48;2;248;248;246m▀[0m[38;2;255;255;255m[48;2;202;206;202m▀[0m[38;2;255;255;255m[48;2;255;255;255m▀[0m[38;2;255;255;255m[48;2;255;255;255m▀[0m[38;2;255;255;255m[48;2;255;255;255m▀[0m[38;2;255;255;255m[48;2;255;255;255m▀[0m[38;2;255;255;255m[48;2;255;255;255m▀[0m[38;2;255;255;255m[48;2;255;255;255m▀[0m[38;2;255;8;0m[48;2;255;255;255m▀[0m[38;2;255;157;150m[48;2;255;255;255m▀[0m[38;2;255;255;255m[48;2;255;255;255m▀[0m[38;2;255;0;0m[48;2;253;0;0m▀[0m[38;2;255;0;0m[48;2;255;0;0m▀[0m[38;2;255;255;255m[48;2;255;255;255m▀[0m[38;2;255;130;123m[48;2;255;255;255m▀[0m[38;2;255;244;236m[48;2;255;255;255m▀[0m[38;2;255;255;255m[48;2;255;255;255m▀[0m[38;2;255;255;255m[48;2;255;255;255m▀[0m[38;2;255;255;255m[48;2;255;255;255m▀[0m[38;2;255;255;255m[48;2;255;255;255m▀[0m[38;2;255;255;255m[48;2;255;255;255m▀[0m[38;2;255;255;255m[48;2;242;246;245m▀[0m[38;2;186;189;191m[48;2;241;246;246m▀[0m[38;2;145;154;158m[48;2;201;204;207m▀[0m[38;2;255;255;255m[48;2;102;112;112m▀[0m[38;2;41;40;40m[48;2;255;255;255m▀[0m[38;2;0;0;0m[48;2;0;0;0m▀[0m[38;2;255;255;255m[48;2;93;96;96m▀[0m[38;2;255;255;255m[48;2;141;148;142m▀[0m[38;2;255;255;255m[48;2;63;62;63m▀[0m[38;2;255;255;255m[48;2;59;64;64m▀[0m[38;2;255;255;255m[48;2;69;73;75m▀[0m[38;2;255;255;255m[48;2;123;125;126m▀[0m
[38;2;12;15;12m[48;2;255;255;255m▀[0m[38;2;0;0;0m[48;2;0;0;0m▀[0m[38;2;0;0;0m[48;2;0;0;0m▀[0m[38;2;0;0;0m[48;2;0;0;0m▀[0m[38;2;0;0;0m[48;2;85;87;85m▀[0m[38;2;0;0;0m[48;2;255;255;255m▀[0m[38;2;14;15;12m[48;2;255;255;255m▀[0m[38;2;0;0;0m[48;2;174;180;176m▀[0m[38;2;255;255;255m[48;2;255;255;255m▀[0m[38;2;234;234;234m[48;2;255;255;255m▀[0m[38;2;220;223;220m[48;2;255;255;255m▀[0m[38;2;218;222;218m[48;2;255;255;255m▀[0m[38;2;250;250;246m[48;2;255;255;255m▀[0m[38;2;255;255;255m[48;2;255;255;255m▀[0m[38;2;255;255;255m[48;2;255;255;255m▀[0m[38;2;255;255;255m[48;2;255;255;255m▀[0m[38;2;255;255;255m[48;2;255;255;255m▀[0m[38;2;255;255;255m[48;2;255;255;255m▀[0m[38;2;255;255;255m[48;2;255;255;255m▀[0m[38;2;255;255;255m[48;2;255;236;228m▀[0m[38;2;255;255;255m[48;2;255;255;255m▀[0m[38;2;255;255;255m[48;2;255;241;240m▀[0m[38;2;255;0;0m[48;2;255;0;0m▀[0m[38;2;255;0;0m[48;2;255;0;0m▀[0m[38;2;255;255;255m[48;2;255;255;255m▀[0m[38;2;255;255;255m[48;2;255;255;255m▀[0m[38;2;255;255;255m[48;2;255;255;255m▀[0m[38;2;255;255;255m[48;2;255;255;255m▀[0m[38;2;255;255;255m[48;2;255;255;255m▀[0m[38;2;255;255;255m[48;2;255;255;255m▀[0m[38;2;255;255;255m[48;2;255;255;255m▀[0m[38;2;255;255;255m[48;2;255;255;255m▀[0m[38;2;255;255;255m[48;2;255;255;255m▀[0m[38;2;213;222;223m[48;2;255;255;255m▀[0m[38;2;236;255;255m[48;2;197;112;108m▀[0m[38;2;195;217;222m[48;2;172;159;156m▀[0m[38;2;255;255;255m[48;2;255;255;255m▀[0m[38;2;98;103;103m[48;2;255;255;255m▀[0m[38;2;0;0;0m[48;2;106;109;106m▀[0m[38;2;3;4;1m[48;2;26;26;26m▀[0m[38;2;64;63;64m[48;2;0;0;0m▀[0m[38;2;97;96;92m[48;2;0;0;0m▀[0m[38;2;100;98;96m[48;2;0;0;0m▀[0m[38;2;128;123;128m[48;2;163;167;163m▀[0m
[38;2;255;255;255m[48;2;255;255;255m▀[0m[38;2;168;167;167m[48;2;255;255;255m▀[0m[38;2;0;0;0m[48;2;129;134;134m▀[0m[38;2;255;255;255m[48;2;255;255;255m▀[0m[38;2;255;255;255m[48;2;41;48;47m▀[0m[38;2;217;220;222m[48;2;81;87;84m▀[0m[38;2;20;23;23m[48;2;6;6;6m▀[0m[38;2;107;109;109m[48;2;0;0;0m▀[0m[38;2;255;255;255m[48;2;255;255;255m▀[0m[38;2;255;255;255m[48;2;255;255;255m▀[0m[38;2;255;255;255m[48;2;255;255;255m▀[0m[38;2;255;255;255m[48;2;255;255;255m▀[0m[38;2;255;255;255m[48;2;255;255;255m▀[0m[38;2;255;255;255m[48;2;255;255;255m▀[0m[38;2;255;255;255m[48;2;255;255;255m▀[0m[38;2;255;255;255m[48;2;255;255;255m▀[0m[38;2;255;255;255m[48;2;255;255;255m▀[0m[38;2;255;255;255m[48;2;218;230;230m▀[0m[38;2;255;255;255m[48;2;164;191;192m▀[0m[38;2;255;255;255m[48;2;64;104;107m▀[0m[38;2;255;255;255m[48;2;206;255;255m▀[0m[38;2;237;255;255m[48;2;240;222;219m▀[0m[38;2;255;0;0m[48;2;255;0;0m▀[0m[38;2;255;0;0m[48;2;229;0;0m▀[0m[38;2;215;255;255m[48;2;255;255;255m▀[0m[38;2;215;209;217m[48;2;170;248;251m▀[0m[38;2;255;225;225m[48;2;61;100;96m▀[0m[38;2;230;255;255m[48;2;128;131;128m▀[0m[38;2;255;255;255m[48;2;207;211;207m▀[0m[38;2;255;255;255m[48;2;255;255;255m▀[0m[38;2;255;255;255m[48;2;255;255;255m▀[0m[38;2;255;255;255m[48;2;255;255;255m▀[0m[38;2;255;255;255m[48;2;255;255;255m▀[0m[38;2;255;255;255m[48;2;255;255;255m▀[0m[38;2;255;0;0m[48;2;255;255;255m▀[0m[38;2;255;252;248m[48;2;255;255;255m▀[0m[38;2;255;255;255m[48;2;255;255;255m▀[0m[38;2;255;255;255m[48;2;255;255;255m▀[0m[38;2;190;192;192m[48;2;4;7;7m▀[0m[38;2;255;255;255m[48;2;107;109;107m▀[0m[38;2;235;235;235m[48;2;217;217;219m▀[0m[38;2;0;0;0m[48;2;170;175;175m▀[0m[38;2;0;0;0m[48;2;0;0;0m▀[0m[38;2;253;255;253m[48;2;255;255;255m▀[0m
