[38;2;0;0;0m[48;2;0;0;0m▀[0m[38;2;13;10;14m[48;2;0;0;0m▀[0m[38;2;63;63;60m[48;2;10;10;10m▀[0m[38;2;76;78;76m[48;2;46;49;49m▀[0m[38;2;61;56;58m[48;2;73;73;73m▀[0m[38;2;57;54;54m[48;2;70;71;68m▀[0m[38;2;60;62;63m[48;2;48;47;48m▀[0m[38;2;37;40;40m[48;2;47;41;44m▀[0m[38;2;33;36;36m[48;2;65;64;64m▀[0m[38;2;36;36;36m[48;2;65;68;65m▀[0m[38;2;12;12;12m[48;2;53;53;53m▀[0m[38;2;64;67;66m[48;2;63;66;66m▀[0m[38;2;19;21;21m[48;2;61;63;63m▀[0m[38;2;33;31;34m[48;2;12;15;15m▀[0m[38;2;11;11;11m[48;2;59;62;62m▀[0m[38;2;27;31;31m[48;2;41;43;43m▀[0m[38;2;43;53;54m[48;2;26;36;35m▀[0m[38;2;221;211;212m[48;2;50;11;8m▀[0m[38;2;253;221;220m[48;2;145;129;131m▀[0m[38;2;222;249;252m[48;2;149;175;178m▀[0m[38;2;255;196;194m[48;2;255;191;191m▀[0m[38;2;99;76;76m[48;2;255;244;244m▀[0m[38;2;0;0;0m[48;2;0;5;7m▀[0m[38;2;0;0;0m[48;2;0;0;0m▀[0m[38;2;0;0;0m[48;2;0;0;0m▀[0m[38;2;0;0;0m[48;2;0;0;0m▀[0m[38;2;0;0;0m[48;2;0;0;0m▀[0m[38;2;0;0;1m[48;2;0;0;1m▀[0m[38;2;0;0;1m[48;2;0;0;1m▀[0m[38;2;0;0;1m[48;2;0;0;1m▀[0m[38;2;0;0;0m[48;2;0;0;0m▀[0m[38;2;8;10;10m[48;2;10;10;10m▀[0m[38;2;34;36;36m[48;2;33;38;35m▀[0m[38;2;0;0;0m[48;2;0;0;0m▀[0m[38;2;0;0;0m[48;2;0;0;0m▀[0m[38;2;1;1;1m[48;2;1;1;1m▀[0m
[38;2;0;0;0m[48;2;0;0;1m▀[0m[38;2;0;0;0m[48;2;0;0;0m▀[0m[38;2;0;0;0m[48;2;8;8;8m▀[0m[38;2;0;0;0m[48;2;2;2;2m▀[0m[38;2;40;40;42m[48;2;0;0;0m▀[0m[38;2;71;71;71m[48;2;28;30;30m▀[0m[38;2;37;41;38m[48;2;46;48;48m▀[0m[38;2;53;53;53m[48;2;64;67;67m▀[0m[38;2;64;63;63m[48;2;60;62;60m▀[0m[38;2;60;59;60m[48;2;59;56;59m▀[0m[38;2;59;56;59m[48;2;57;61;57m▀[0m[38;2;54;54;54m[48;2;61;63;64m▀[0m[38;2;82;79;82m[48;2;77;76;76m▀[0m[38;2;8;7;7m[48;2;37;37;39m▀[0m[38;2;0;0;0m[48;2;32;34;34m▀[0m[38;2;35;38;38m[48;2;55;55;55m▀[0m[38;2;25;24;21m[48;2;66;70;70m▀[0m[38;2;42;38;36m[48;2;20;25;25m▀[0m[38;2;19;29;30m[48;2;40;45;46m▀[0m[38;2;19;26;26m[48;2;27;27;29m▀[0m[38;2;102;57;54m[48;2;1;1;1m▀[0m[38;2;255;255;255m[48;2;122;128;127m▀[0m[38;2;255;255;255m[48;2;255;255;255m▀[0m[38;2;0;0;0m[48;2;255;255;255m▀[0m[38;2;0;0;0m[48;2;0;0;0m▀[0m[38;2;0;0;0m[48;2;0;0;0m▀[0m[38;2;0;0;0m[48;2;0;0;0m▀[0m[38;2;0;0;0m[48;2;0;0;0m▀[0m[38;2;0;0;0m[48;2;0;0;0m▀[0m[38;2;0;0;0m[48;2;0;0;0m▀[0m[38;2;0;0;0m[48;2;0;0;0m▀[0m[38;2;9;11;13m[48;2;9;11;11m▀[0m[38;2;33;36;33m[48;2;30;33;33m▀[0m[38;2;0;0;0m[48;2;0;0;0m▀[0m[38;2;0;0;0m[48;2;0;0;0m▀[0m[38;2;1;1;1m[48;2;0;1;1m▀[0m
[38;2;0;0;0m[48;2;0;0;0m▀[0m[38;2;0;0;1m[48;2;0;0;1m▀[0m[38;2;0;0;0m[48;2;0;0;1m▀[0m[38;2;11;11;11m[48;2;0;0;0m▀[0m[38;2;0;0;0m[48;2;6;6;6m▀[0m[38;2;0;0;0m[48;2;0;0;0m▀[0m[38;2;9;7;10m[48;2;0;0;0m▀[0m[38;2;55;57;57m[48;2;1;0;2m▀[0m[38;2;69;68;68m[48;2;42;44;44m▀[0m[38;2;60;62;60m[48;2;57;59;59m▀[0m[38;2;59;61;59m[48;2;64;64;64m▀[0m[38;2;61;58;61m[48;2;66;65;66m▀[0m[38;2;62;64;64m[48;2;64;64;64m▀[0m[38;2;59;62;59m[48;2;64;66;66m▀[0m[38;2;43;42;42m[48;2;55;55;55m▀[0m[38;2;38;40;40m[48;2;25;26;23m▀[0m[38;2;148;148;148m[48;2;100;100;100m▀[0m[38;2;51;50;50m[48;2;37;39;39m▀[0m[38;2;33;32;29m[48;2;7;0;0m▀[0m[38;2;36;36;36m[48;2;60;57;57m▀[0m[38;2;24;28;28m[48;2;45;45;45m▀[0m[38;2;0;0;0m[48;2;16;20;20m▀[0m[38;2;135;130;130m[48;2;0;1;0m▀[0m[38;2;255;255;255m[48;2;97;90;90m▀[0m[38;2;255;255;255m[48;2;255;255;255m▀[0m[38;2;2;1;0m[48;2;255;255;255m▀[0m[38;2;0;0;0m[48;2;233;230;235m▀[0m[38;2;48;48;46m[48;2;255;255;255m▀[0m[38;2;0;0;0m[48;2;218;215;217m▀[0m[38;2;0;0;0m[48;2;30;32;33m▀[0m[38;2;0;0;0m[48;2;0;0;0m▀[0m[38;2;5;7;5m[48;2;0;0;0m▀[0m[38;2;25;28;28m[48;2;3;4;1m▀[0m[38;2;0;0;0m[48;2;0;0;0m▀[0m[38;2;0;0;0m[48;2;0;0;0m▀[0m[38;2;1;1;1m[48;2;0;0;0m▀[0m
[38;2;0;0;1m[48;2;0;0;0m▀[0m[38;2;0;0;1m[48;2;0;0;0m▀[0m[38;2;0;1;1m[48;2;0;0;1m▀[0m[38;2;0;0;0m[48;2;0;0;0m▀[0m[38;2;8;10;10m[48;2;0;0;0m▀[0m[38;2;9;12;12m[48;2;36;35;35m▀[0m[38;2;68;68;68m[48;2;54;54;54m▀[0m[38;2;37;37;38m[48;2;45;48;50m▀[0m[38;2;17;16;16m[48;2;61;62;59m▀[0m[38;2;19;18;18m[48;2;47;49;47m▀[0m[38;2;30;33;33m[48;2;54;54;54m▀[0m[38;2;40;42;43m[48;2;52;49;52m▀[0m[38;2;58;61;58m[48;2;23;23;23m▀[0m[38;2;70;72;70m[48;2;31;30;28m▀[0m[38;2;66;68;69m[48;2;67;66;67m▀[0m[38;2;34;37;34m[48;2;52;54;52m▀[0m[38;2;80;83;80m[48;2;75;78;77m▀[0m[38;2;75;75;75m[48;2;89;89;89m▀[0m[38;2;0;0;0m[48;2;0;0;0m▀[0m[38;2;0;0;0m[48;2;0;0;0m▀[0m[38;2;48;48;48m[48;2;0;0;0m▀[0m[38;2;44;44;44m[48;2;50;53;53m▀[0m[38;2;0;2;1m[48;2;28;28;28m▀[0m[38;2;0;0;0m[48;2;4;7;6m▀[0m[38;2;48;52;52m[48;2;0;0;0m▀[0m[38;2;234;236;237m[48;2;0;0;0m▀[0m[38;2;255;255;255m[48;2;114;115;112m▀[0m[38;2;255;255;255m[48;2;239;242;242m▀[0m[38;2;255;255;255m[48;2;216;216;219m▀[0m[38;2;243;240;242m[48;2;215;212;214m▀[0m[38;2;49;49;49m[48;2;255;255;255m▀[0m[38;2;111;111;112m[48;2;255;255;255m▀[0m[38;2;16;18;18m[48;2;255;255;255m▀[0m[38;2;0;0;0m[48;2;50;50;50m▀[0m[38;2;0;0;0m[48;2;0;0;0m▀[0m[38;2;0;0;0m[48;2;0;0;0m▀[0m
[38;2;0;0;0m[48;2;0;0;1m▀[0m[38;2;0;0;0m[48;2;0;0;1m▀[0m[38;2;0;0;1m[48;2;0;1;1m▀[0m[38;2;0;0;0m[48;2;0;0;0m▀[0m[38;2;0;0;0m[48;2;3;6;3m▀[0m[38;2;43;46;46m[48;2;21;23;24m▀[0m[38;2;0;0;0m[48;2;40;42;40m▀[0m[38;2;42;42;43m[48;2;61;61;61m▀[0m[38;2;62;65;65m[48;2;52;52;52m▀[0m[38;2;52;52;52m[48;2;50;54;50m▀[0m[38;2;76;78;78m[48;2;53;52;52m▀[0m[38;2;105;103;106m[48;2;57;59;59m▀[0m[38;2;55;55;55m[48;2;52;54;54m▀[0m[38;2;49;51;49m[48;2;75;74;75m▀[0m[38;2;13;12;13m[48;2;18;20;21m▀[0m[38;2;55;55;55m[48;2;39;40;37m▀[0m[38;2;90;90;88m[48;2;80;80;80m▀[0m[38;2;40;40;40m[48;2;0;2;2m▀[0m[38;2;0;0;0m[48;2;0;0;0m▀[0m[38;2;0;0;0m[48;2;0;0;0m▀[0m[38;2;0;0;0m[48;2;0;0;0m▀[0m[38;2;33;33;33m[48;2;3;3;3m▀[0m[38;2;10;13;12m[48;2;115;115;117m▀[0m[38;2;0;0;0m[48;2;0;0;0m▀[0m[38;2;180;183;182m[48;2;48;51;50m▀[0m[38;2;153;153;153m[48;2;255;255;255m▀[0m[38;2;0;0;0m[48;2;240;238;241m▀[0m[38;2;0;0;0m[48;2;0;0;0m▀[0m[38;2;0;0;0m[48;2;40;43;42m▀[0m[38;2;31;33;34m[48;2;1;3;6m▀[0m[38;2;48;50;52m[48;2;6;8;8m▀[0m[38;2;0;0;0m[48;2;0;0;0m▀[0m[38;2;157;160;160m[48;2;0;0;0m▀[0m[38;2;232;232;232m[48;2;180;180;180m▀[0m[38;2;0;0;0m[48;2;0;0;0m▀[0m[38;2;0;0;0m[48;2;0;0;0m▀[0m
[38;2;0;0;1m[48;2;0;0;1m▀[0m[38;2;0;1;1m[48;2;0;0;1m▀[0m[38;2;0;0;0m[48;2;0;0;0m▀[0m[38;2;0;0;0m[48;2;0;0;0m▀[0m[38;2;15;17;18m[48;2;48;47;48m▀[0m[38;2;58;60;58m[48;2;65;64;65m▀[0m[38;2;66;65;66m[48;2;49;51;49m▀[0m[38;2;54;54;50m[48;2;51;53;53m▀[0m[38;2;51;53;51m[48;2;45;47;45m▀[0m[38;2;47;49;47m[48;2;31;31;31m▀[0m[38;2;39;39;39m[48;2;29;32;32m▀[0m[38;2;24;27;27m[48;2;84;84;84m▀[0m[38;2;44;43;43m[48;2;12;12;9m▀[0m[38;2;61;63;61m[48;2;12;12;12m▀[0m[38;2;42;44;45m[48;2;56;56;56m▀[0m[38;2;35;37;37m[48;2;26;28;26m▀[0m[38;2;61;61;61m[48;2;31;33;33m▀[0m[38;2;0;0;0m[48;2;0;0;0m▀[0m[38;2;0;0;0m[48;2;0;0;0m▀[0m[38;2;0;0;0m[48;2;0;0;0m▀[0m[38;2;1;1;1m[48;2;0;0;0m▀[0m[38;2;65;67;67m[48;2;0;0;0m▀[0m[38;2;83;81;84m[48;2;32;42;47m▀[0m[38;2;115;117;119m[48;2;255;255;255m▀[0m[38;2;166;168;169m[48;2;193;192;193m▀[0m[38;2;80;80;78m[48;2;81;83;85m▀[0m[38;2;255;255;255m[48;2;77;77;78m▀[0m[38;2;115;115;116m[48;2;56;56;59m▀[0m[38;2;42;41;42m[48;2;0;0;0m▀[0m[38;2;0;0;0m[48;2;22;24;25m▀[0m[38;2;193;191;194m[48;2;96;99;98m▀[0m[38;2;230;230;231m[48;2;186;186;184m▀[0m[38;2;56;56;56m[48;2;94;94;94m▀[0m[38;2;93;90;93m[48;2;0;0;0m▀[0m[38;2;0;0;0m[48;2;0;0;0m▀[0m[38;2;0;0;0m[48;2;0;0;0m▀[0m
[38;2;0;0;0m[48;2;0;0;1m▀[0m[38;2;0;0;0m[48;2;0;0;0m▀[0m[38;2;0;0;0m[48;2;0;0;0m▀[0m[38;2;11;11;11m[48;2;27;27;27m▀[0m[38;2;62;63;60m[48;2;60;62;62m▀[0m[38;2;49;51;49m[48;2;26;29;29m▀[0m[38;2;38;39;36m[48;2;63;62;62m▀[0m[38;2;23;23;23m[48;2;77;77;77m▀[0m[38;2;36;37;34m[48;2;0;0;0m▀[0m[38;2;27;27;27m[48;2;14;16;14m▀[0m[38;2;199;199;199m[48;2;188;185;188m▀[0m[38;2;255;255;255m[48;2;255;255;255m▀[0m[38;2;255;252;255m[48;2;255;255;255m▀[0m[38;2;86;83;83m[48;2;255;255;255m▀[0m[38;2;20;23;20m[48;2;112;112;112m▀[0m[38;2;37;40;40m[48;2;11;14;11m▀[0m[38;2;0;0;0m[48;2;0;0;0m▀[0m[38;2;0;0;0m[48;2;0;0;0m▀[0m[38;2;0;0;0m[48;2;85;88;88m▀[0m[38;2;0;0;0m[48;2;16;37;34m▀[0m[38;2;37;39;39m[48;2;255;255;255m▀[0m[38;2;0;0;0m[48;2;255;224;215m▀[0m[38;2;217;221;223m[48;2;255;214;216m▀[0m[38;2;191;170;171m[48;2;255;228;230m▀[0m[38;2;130;151;154m[48;2;177;181;183m▀[0m[38;2;0;0;0m[48;2;81;85;87m▀[0m[38;2;0;0;0m[48;2;167;170;169m▀[0m[38;2;0;1;0m[48;2;0;0;0m▀[0m[38;2;99;97;100m[48;2;82;81;81m▀[0m[38;2;105;105;103m[48;2;0;0;0m▀[0m[38;2;0;0;0m[48;2;0;0;0m▀[0m[38;2;192;192;193m[48;2;0;0;0m▀[0m[38;2;255;255;255m[48;2;255;255;255m▀[0m[38;2;0;0;0m[48;2;167;167;168m▀[0m[38;2;0;0;0m[48;2;0;0;0m▀[0m[38;2;0;0;0m[48;2;0;0;0m▀[0m
[38;2;0;0;1m[48;2;0;0;1m▀[0m[38;2;0;0;0m[48;2;0;0;0m▀[0m[38;2;0;0;0m[48;2;0;0;0m▀[0m[38;2;36;38;38m[48;2;49;51;51m▀[0m[38;2;57;56;56m[48;2;42;43;40m▀[0m[38;2;7;7;7m[48;2;41;41;41m▀[0m[38;2;167;166;166m[48;2;245;245;247m▀[0m[38;2;255;255;255m[48;2;255;255;255m▀[0m[38;2;5;8;8m[48;2;141;141;141m▀[0m[38;2;0;0;0m[48;2;0;0;0m▀[0m[38;2;89;89;90m[48;2;32;32;32m▀[0m[38;2;243;243;243m[48;2;214;214;214m▀[0m[38;2;255;255;255m[48;2;255;255;255m▀[0m[38;2;255;255;255m[48;2;255;255;255m▀[0m[38;2;184;184;184m[48;2;165;165;165m▀[0m[38;2;68;68;66m[48;2;190;189;189m▀[0m[38;2;0;4;3m[48;2;49;64;60m▀[0m[38;2;51;32;35m[48;2;28;15;17m▀[0m[38;2;135;68;70m[48;2;158;49;46m▀[0m[38;2;144;131;133m[48;2;138;77;81m▀[0m[38;2;255;255;255m[48;2;255;255;255m▀[0m[38;2;255;216;206m[48;2;255;255;255m▀[0m[38;2;255;145;131m[48;2;255;223;222m▀[0m[38;2;255;204;191m[48;2;217;165;165m▀[0m[38;2;255;203;201m[48;2;0;0;0m▀[0m[38;2;108;122;125m[48;2;0;0;0m▀[0m[38;2;94;96;98m[48;2;1;4;5m▀[0m[38;2;0;0;0m[48;2;0;0;0m▀[0m[38;2;37;39;39m[48;2;24;24;26m▀[0m[38;2;0;0;0m[48;2;0;0;0m▀[0m[38;2;0;0;0m[48;2;0;0;0m▀[0m[38;2;113;113;113m[48;2;255;255;255m▀[0m[38;2;255;255;255m[48;2;79;82;82m▀[0m[38;2;109;109;111m[48;2;52;52;55m▀[0m[38;2;0;0;0m[48;2;0;0;0m▀[0m[38;2;0;0;0m[48;2;0;0;0m▀[0m
[38;2;0;0;1m[48;2;0;1;1m▀[0m[38;2;0;0;0m[48;2;0;0;0m▀[0m[38;2;0;0;0m[48;2;0;0;0m▀[0m[38;2;46;45;45m[48;2;17;19;19m▀[0m[38;2;46;48;48m[48;2;61;60;61m▀[0m[38;2;33;36;36m[48;2;21;21;21m▀[0m[38;2;194;194;194m[48;2;76;76;76m▀[0m[38;2;255;255;255m[48;2;255;255;255m▀[0m[38;2;129;132;132m[48;2;51;54;54m▀[0m[38;2;0;0;0m[48;2;0;0;0m▀[0m[38;2;87;87;87m[48;2;207;204;207m▀[0m[38;2;232;229;232m[48;2;235;237;235m▀[0m[38;2;233;232;233m[48;2;219;219;220m▀[0m[38;2;227;229;230m[48;2;208;208;210m▀[0m[38;2;188;191;190m[48;2;216;216;218m▀[0m[38;2;212;212;212m[48;2;246;250;252m▀[0m[38;2;160;170;169m[48;2;219;225;224m▀[0m[38;2;0;0;0m[48;2;0;0;0m▀[0m[38;2;43;0;0m[48;2;32;54;53m▀[0m[38;2;155;83;89m[48;2;232;217;223m▀[0m[38;2;255;255;255m[48;2;255;255;255m▀[0m[38;2;255;255;255m[48;2;255;255;255m▀[0m[38;2;248;255;255m[48;2;255;255;255m▀[0m[38;2;0;0;0m[48;2;255;255;255m▀[0m[38;2;0;0;0m[48;2;47;49;49m▀[0m[38;2;0;0;0m[48;2;0;0;0m▀[0m[38;2;36;38;40m[48;2;43;43;43m▀[0m[38;2;0;0;0m[48;2;0;0;0m▀[0m[38;2;0;0;0m[48;2;0;0;0m▀[0m[38;2;0;0;0m[48;2;0;0;0m▀[0m[38;2;0;0;0m[48;2;0;0;0m▀[0m[38;2;159;159;157m[48;2;155;155;153m▀[0m[38;2;0;0;0m[48;2;48;45;45m▀[0m[38;2;90;90;92m[48;2;69;69;70m▀[0m[38;2;0;0;0m[48;2;0;0;0m▀[0m[38;2;0;0;0m[48;2;0;0;0m▀[0m
[38;2;0;0;1m[48;2;0;0;1m▀[0m[38;2;0;0;1m[48;2;0;0;1m▀[0m[38;2;0;0;0m[48;2;0;0;0m▀[0m[38;2;0;0;0m[48;2;0;0;0m▀[0m[38;2;55;56;53m[48;2;14;13;13m▀[0m[38;2;44;48;44m[48;2;65;65;65m▀[0m[38;2;26;28;28m[48;2;46;48;48m▀[0m[38;2;90;88;91m[48;2;23;25;25m▀[0m[38;2;0;0;0m[48;2;0;0;0m▀[0m[38;2;95;98;98m[48;2;150;150;150m▀[0m[38;2;254;252;255m[48;2;255;255;255m▀[0m[38;2;187;174;176m[48;2;207;207;207m▀[0m[38;2;210;209;210m[48;2;174;154;157m▀[0m[38;2;211;221;221m[48;2;187;167;170m▀[0m[38;2;213;217;217m[48;2;218;244;247m▀[0m[38;2;233;237;239m[48;2;183;148;146m▀[0m[38;2;204;183;183m[48;2;228;217;217m▀[0m[38;2;5;13;13m[48;2;103;108;108m▀[0m[38;2;0;0;0m[48;2;19;22;22m▀[0m[38;2;122;129;131m[48;2;0;1;3m▀[0m[38;2;128;116;112m[48;2;0;0;0m▀[0m[38;2;104;94;91m[48;2;0;0;0m▀[0m[38;2;219;216;219m[48;2;229;234;235m▀[0m[38;2;243;253;254m[48;2;205;210;211m▀[0m[38;2;30;34;36m[48;2;36;36;37m▀[0m[38;2;0;0;0m[48;2;55;55;56m▀[0m[38;2;36;36;36m[48;2;26;24;27m▀[0m[38;2;0;0;0m[48;2;0;0;0m▀[0m[38;2;16;18;18m[48;2;21;18;18m▀[0m[38;2;0;0;0m[48;2;28;28;28m▀[0m[38;2;0;0;0m[48;2;0;0;0m▀[0m[38;2;148;148;149m[48;2;133;136;136m▀[0m[38;2;71;71;73m[48;2;92;92;92m▀[0m[38;2;34;34;35m[48;2;3;5;5m▀[0m[38;2;0;0;0m[48;2;0;0;0m▀[0m[38;2;0;0;0m[48;2;0;0;0m▀[0m
[38;2;0;0;0m[48;2;0;0;1m▀[0m[38;2;0;0;1m[48;2;0;0;1m▀[0m[38;2;0;1;0m[48;2;0;1;1m▀[0m[38;2;0;0;0m[48;2;0;0;0m▀[0m[38;2;0;0;0m[48;2;0;0;0m▀[0m[38;2;31;33;33m[48;2;0;0;0m▀[0m[38;2;48;50;50m[48;2;3;2;2m▀[0m[38;2;13;15;15m[48;2;40;43;43m▀[0m[38;2;6;8;8m[48;2;46;48;48m▀[0m[38;2;99;101;101m[48;2;38;41;41m▀[0m[38;2;212;210;213m[48;2;161;163;163m▀[0m[38;2;218;220;221m[48;2;223;225;227m▀[0m[38;2;209;219;220m[48;2;216;230;233m▀[0m[38;2;185;145;142m[48;2;199;210;209m▀[0m[38;2;193;114;112m[48;2;187;55;47m▀[0m[38;2;203;162;158m[48;2;213;181;181m▀[0m[38;2;255;255;255m[48;2;247;251;252m▀[0m[38;2;62;66;66m[48;2;65;68;70m▀[0m[38;2;0;0;0m[48;2;3;5;5m▀[0m[38;2;0;0;0m[48;2;0;0;0m▀[0m[38;2;0;0;0m[48;2;0;0;0m▀[0m[38;2;0;0;0m[48;2;0;0;0m▀[0m[38;2;205;205;206m[48;2;90;93;94m▀[0m[38;2;201;206;206m[48;2;187;185;188m▀[0m[38;2;0;0;0m[48;2;0;0;0m▀[0m[38;2;33;33;34m[48;2;66;66;67m▀[0m[38;2;61;64;64m[48;2;29;29;27m▀[0m[38;2;8;8;9m[48;2;87;87;85m▀[0m[38;2;0;0;0m[48;2;0;0;0m▀[0m[38;2;68;68;68m[48;2;96;96;96m▀[0m[38;2;0;0;0m[48;2;0;0;0m▀[0m[38;2;110;113;113m[48;2;77;77;79m▀[0m[38;2;112;112;112m[48;2;127;124;127m▀[0m[38;2;0;0;0m[48;2;0;0;0m▀[0m[38;2;0;0;0m[48;2;0;0;0m▀[0m[38;2;0;0;0m[48;2;0;0;0m▀[0m
[38;2;0;0;0m[48;2;0;0;0m▀[0m[38;2;0;0;1m[48;2;0;0;1m▀[0m[38;2;0;0;1m[48;2;0;0;0m▀[0m[38;2;0;1;1m[48;2;0;1;1m▀[0m[38;2;0;0;0m[48;2;0;0;0m▀[0m[38;2;0;0;0m[48;2;0;0;0m▀[0m[38;2;8;7;7m[48;2;21;23;23m▀[0m[38;2;45;48;48m[48;2;35;38;35m▀[0m[38;2;116;119;118m[48;2;140;143;142m▀[0m[38;2;54;53;53m[48;2;134;131;134m▀[0m[38;2;124;126;126m[48;2;99;102;102m▀[0m[38;2;226;226;228m[48;2;235;235;235m▀[0m[38;2;185;174;179m[48;2;166;132;132m▀[0m[38;2;174;128;124m[48;2;172;138;139m▀[0m[38;2;217;226;224m[48;2;180;166;166m▀[0m[38;2;165;104;104m[48;2;175;155;154m▀[0m[38;2;255;247;248m[48;2;255;255;255m▀[0m[38;2;83;91;91m[48;2;63;71;71m▀[0m[38;2;0;0;0m[48;2;0;0;0m▀[0m[38;2;0;0;0m[48;2;61;61;59m▀[0m[38;2;34;34;35m[48;2;93;93;94m▀[0m[38;2;0;0;0m[48;2;0;0;0m▀[0m[38;2;111;109;112m[48;2;205;207;207m▀[0m[38;2;113;113;111m[48;2;81;81;82m▀[0m[38;2;0;0;0m[48;2;0;0;0m▀[0m[38;2;117;117;118m[48;2;142;142;144m▀[0m[38;2;47;47;48m[48;2;255;255;255m▀[0m[38;2;141;141;142m[48;2;232;232;230m▀[0m[38;2;22;20;23m[48;2;246;245;245m▀[0m[38;2;41;41;43m[48;2;56;56;57m▀[0m[38;2;11;14;14m[48;2;68;71;73m▀[0m[38;2;22;22;23m[48;2;0;0;0m▀[0m[38;2;167;164;167m[48;2;226;226;228m▀[0m[38;2;0;0;0m[48;2;47;47;47m▀[0m[38;2;0;0;0m[48;2;0;0;0m▀[0m[38;2;0;0;0m[48;2;0;0;0m▀[0m
