[38;2;3;7;7m[48;2;33;70;84m▀[0m[38;2;2;6;6m[48;2;30;69;83m▀[0m[38;2;1;5;5m[48;2;32;67;82m▀[0m[38;2;0;0;0m[48;2;15;45;65m▀[0m[38;2;19;31;42m[48;2;17;65;85m▀[0m[38;2;73;55;33m[48;2;0;0;0m▀[0m[38;2;255;255;255m[48;2;255;255;255m▀[0m[38;2;192;182;156m[48;2;255;211;107m▀[0m[38;2;0;0;16m[48;2;143;100;16m▀[0m[38;2;69;77;100m[48;2;131;122;93m▀[0m[38;2;0;0;16m[48;2;0;0;0m▀[0m[38;2;0;0;0m[48;2;0;0;0m▀[0m[38;2;105;53;0m[48;2;0;0;0m▀[0m[38;2;115;61;0m[48;2;0;0;0m▀[0m[38;2;128;64;0m[48;2;0;0;0m▀[0m[38;2;137;68;0m[48;2;15;0;0m▀[0m[38;2;106;20;0m[48;2;0;0;0m▀[0m[38;2;255;252;216m[48;2;183;166;144m▀[0m[38;2;255;255;238m[48;2;185;177;167m▀[0m[38;2;89;11;0m[48;2;0;0;0m▀[0m[38;2;135;64;0m[48;2;7;0;0m▀[0m[38;2;128;63;0m[48;2;0;0;0m▀[0m[38;2;81;43;0m[48;2;0;0;0m▀[0m[38;2;4;47;30m[48;2;0;42;71m▀[0m[38;2;181;0;0m[48;2;208;15;18m▀[0m[38;2;71;0;0m[48;2;159;72;54m▀[0m[38;2;0;0;0m[48;2;159;181;107m▀[0m[38;2;0;5;19m[48;2;193;172;94m▀[0m[38;2;97;82;71m[48;2;62;82;88m▀[0m[38;2;255;255;153m[48;2;240;210;104m▀[0m[38;2;137;138;133m[48;2;55;77;100m▀[0m[38;2;35;30;11m[48;2;5;41;69m▀[0m[38;2;0;0;0m[48;2;20;52;75m▀[0m[38;2;3;3;4m[48;2;28;63;82m▀[0m[38;2;3;5;7m[48;2;31;70;87m▀[0m[38;2;2;5;5m[48;2;33;68;87m▀[0m
[38;2;6;14;14m[48;2;0;0;0m▀[0m[38;2;4;12;11m[48;2;0;0;0m▀[0m[38;2;3;13;14m[48;2;0;0;0m▀[0m[38;2;0;0;0m[48;2;0;0;0m▀[0m[38;2;13;40;56m[48;2;14;25;39m▀[0m[38;2;0;0;0m[48;2;0;0;0m▀[0m[38;2;255;255;255m[48;2;255;255;255m▀[0m[38;2;198;167;98m[48;2;218;185;115m▀[0m[38;2;0;0;0m[48;2;0;0;0m▀[0m[38;2;156;91;0m[48;2;7;0;0m▀[0m[38;2;255;247;116m[48;2;255;255;255m▀[0m[38;2;161;118;14m[48;2;79;49;0m▀[0m[38;2;110;80;11m[48;2;66;40;0m▀[0m[38;2;92;66;15m[48;2;91;66;13m▀[0m[38;2;76;51;7m[48;2;116;85;16m▀[0m[38;2;74;45;0m[48;2;143;104;16m▀[0m[38;2;52;12;0m[48;2;156;100;0m▀[0m[38;2;175;147;102m[48;2;200;163;75m▀[0m[38;2;182;161;128m[48;2;199;168;97m▀[0m[38;2;36;0;0m[48;2;129;84;0m▀[0m[38;2;53;36;2m[48;2;144;104;16m▀[0m[38;2;48;38;5m[48;2;127;93;15m▀[0m[38;2;80;67;13m[48;2;98;80;11m▀[0m[38;2;75;104;17m[48;2;20;53;10m▀[0m[38;2;255;6;0m[48;2;255;0;0m▀[0m[38;2;219;63;0m[48;2;78;0;0m▀[0m[38;2;54;69;0m[48;2;0;0;0m▀[0m[38;2;0;0;0m[48;2;0;0;0m▀[0m[38;2;0;0;0m[48;2;0;0;0m▀[0m[38;2;176;145;61m[48;2;0;0;0m▀[0m[38;2;45;69;84m[48;2;54;67;71m▀[0m[38;2;0;7;15m[48;2;0;0;0m▀[0m[38;2;0;0;5m[48;2;0;0;0m▀[0m[38;2;1;12;12m[48;2;0;0;0m▀[0m[38;2;6;14;14m[48;2;0;0;0m▀[0m[38;2;6;14;14m[48;2;0;0;0m▀[0m
[38;2;1;0;0m[48;2;0;2;1m▀[0m[38;2;0;0;0m[48;2;1;1;1m▀[0m[38;2;0;0;0m[48;2;0;0;0m▀[0m[38;2;0;0;0m[48;2;0;0;0m▀[0m[38;2;20;35;49m[48;2;25;41;56m▀[0m[38;2;0;0;0m[48;2;0;0;0m▀[0m[38;2;255;255;255m[48;2;255;255;195m▀[0m[38;2;218;181;113m[48;2;212;173;91m▀[0m[38;2;0;0;0m[48;2;0;0;0m▀[0m[38;2;33;6;0m[48;2;24;7;0m▀[0m[38;2;56;30;0m[48;2;126;110;89m▀[0m[38;2;19;0;0m[48;2;31;11;0m▀[0m[38;2;0;0;0m[48;2;11;2;0m▀[0m[38;2;0;0;0m[48;2;0;0;0m▀[0m[38;2;0;0;0m[48;2;0;2;4m▀[0m[38;2;0;0;0m[48;2;0;0;0m▀[0m[38;2;0;0;0m[48;2;0;0;0m▀[0m[38;2;20;18;23m[48;2;29;26;15m▀[0m[38;2;24;26;26m[48;2;36;34;21m▀[0m[38;2;0;0;0m[48;2;0;0;0m▀[0m[38;2;0;0;0m[48;2;0;0;0m▀[0m[38;2;0;0;0m[48;2;0;0;5m▀[0m[38;2;0;0;0m[48;2;0;0;0m▀[0m[38;2;0;0;0m[48;2;0;0;0m▀[0m[38;2;246;0;0m[48;2;255;0;0m▀[0m[38;2;107;0;0m[48;2;105;0;0m▀[0m[38;2;0;0;0m[48;2;0;0;0m▀[0m[38;2;0;0;0m[48;2;0;0;0m▀[0m[38;2;0;0;0m[48;2;0;0;0m▀[0m[38;2;0;0;0m[48;2;82;69;25m▀[0m[38;2;63;77;84m[48;2;66;80;86m▀[0m[38;2;0;0;1m[48;2;0;0;2m▀[0m[38;2;0;0;0m[48;2;0;0;0m▀[0m[38;2;0;0;0m[48;2;0;2;0m▀[0m[38;2;1;2;0m[48;2;1;1;1m▀[0m[38;2;1;2;0m[48;2;1;1;1m▀[0m
[38;2;0;2;1m[48;2;1;1;1m▀[0m[38;2;1;1;1m[48;2;1;1;1m▀[0m[38;2;0;0;0m[48;2;0;0;1m▀[0m[38;2;0;0;0m[48;2;0;0;0m▀[0m[38;2;32;46;59m[48;2;39;53;64m▀[0m[38;2;0;0;0m[48;2;0;0;0m▀[0m[38;2;255;255;124m[48;2;255;212;91m▀[0m[38;2;208;153;57m[48;2;144;95;28m▀[0m[38;2;0;0;0m[48;2;0;0;0m▀[0m[38;2;0;0;0m[48;2;75;80;84m▀[0m[38;2;13;4;0m[48;2;0;0;0m▀[0m[38;2;2;0;0m[48;2;0;0;0m▀[0m[38;2;0;0;0m[48;2;0;0;0m▀[0m[38;2;0;0;0m[48;2;0;0;0m▀[0m[38;2;0;0;0m[48;2;0;0;0m▀[0m[38;2;0;0;0m[48;2;1;1;0m▀[0m[38;2;0;0;0m[48;2;0;0;0m▀[0m[38;2;28;29;20m[48;2;28;31;22m▀[0m[38;2;33;33;22m[48;2;40;41;30m▀[0m[38;2;0;0;0m[48;2;0;0;0m▀[0m[38;2;13;13;7m[48;2;8;8;4m▀[0m[38;2;0;6;5m[48;2;0;4;3m▀[0m[38;2;0;0;0m[48;2;0;4;3m▀[0m[38;2;0;0;0m[48;2;0;0;0m▀[0m[38;2;255;14;6m[48;2;255;88;75m▀[0m[38;2;102;11;9m[48;2;97;30;30m▀[0m[38;2;0;0;0m[48;2;0;0;0m▀[0m[38;2;0;0;0m[48;2;0;0;0m▀[0m[38;2;0;0;0m[48;2;0;0;0m▀[0m[38;2;147;125;59m[48;2;167;141;64m▀[0m[38;2;63;77;88m[48;2;62;73;83m▀[0m[38;2;0;0;1m[48;2;0;0;0m▀[0m[38;2;0;0;0m[48;2;0;0;0m▀[0m[38;2;0;0;0m[48;2;0;0;0m▀[0m[38;2;1;1;1m[48;2;1;1;1m▀[0m[38;2;1;1;1m[48;2;1;1;1m▀[0m
[38;2;1;1;1m[48;2;1;1;1m▀[0m[38;2;1;1;1m[48;2;1;1;1m▀[0m[38;2;0;0;0m[48;2;0;1;0m▀[0m[38;2;0;0;0m[48;2;0;0;0m▀[0m[38;2;50;58;67m[48;2;55;63;71m▀[0m[38;2;0;0;2m[48;2;0;0;10m▀[0m[38;2;170;113;35m[48;2;57;31;0m▀[0m[38;2;56;24;0m[48;2;0;0;0m▀[0m[38;2;0;0;0m[48;2;0;0;0m▀[0m[38;2;255;255;255m[48;2;134;147;154m▀[0m[38;2;0;0;0m[48;2;161;175;187m▀[0m[38;2;0;0;0m[48;2;148;162;171m▀[0m[38;2;0;0;0m[48;2;165;168;170m▀[0m[38;2;0;0;0m[48;2;26;24;28m▀[0m[38;2;0;0;0m[48;2;0;0;0m▀[0m[38;2;0;0;0m[48;2;87;91;90m▀[0m[38;2;0;0;0m[48;2;24;30;46m▀[0m[38;2;50;45;24m[48;2;59;45;12m▀[0m[38;2;77;68;38m[48;2;100;84;35m▀[0m[38;2;0;0;0m[48;2;0;0;0m▀[0m[38;2;0;0;0m[48;2;12;13;5m▀[0m[38;2;0;5;3m[48;2;0;5;2m▀[0m[38;2;0;0;0m[48;2;0;1;0m▀[0m[38;2;0;0;0m[48;2;0;0;0m▀[0m[38;2;255;0;0m[48;2;255;17;0m▀[0m[38;2;107;0;0m[48;2;93;7;2m▀[0m[38;2;0;0;0m[48;2;0;0;0m▀[0m[38;2;0;0;0m[48;2;0;0;0m▀[0m[38;2;0;0;0m[48;2;0;0;0m▀[0m[38;2;193;169;86m[48;2;220;204;142m▀[0m[38;2;63;75;83m[48;2;69;79;87m▀[0m[38;2;0;0;0m[48;2;0;0;0m▀[0m[38;2;0;0;0m[48;2;0;0;0m▀[0m[38;2;0;0;0m[48;2;1;0;0m▀[0m[38;2;1;1;1m[48;2;1;1;1m▀[0m[38;2;1;1;1m[48;2;1;1;1m▀[0m
[38;2;1;1;1m[48;2;1;1;1m▀[0m[38;2;1;1;1m[48;2;1;1;1m▀[0m[38;2;0;0;0m[48;2;0;0;0m▀[0m[38;2;0;0;0m[48;2;0;0;0m▀[0m[38;2;55;63;67m[48;2;53;58;60m▀[0m[38;2;0;1;8m[48;2;1;4;7m▀[0m[38;2;0;0;0m[48;2;0;0;0m▀[0m[38;2;0;0;0m[48;2;153;168;171m▀[0m[38;2;148;169;177m[48;2;255;255;255m▀[0m[38;2;255;255;255m[48;2;18;36;42m▀[0m[38;2;255;255;255m[48;2;75;90;67m▀[0m[38;2;255;255;255m[48;2;255;255;255m▀[0m[38;2;255;255;255m[48;2;255;255;204m▀[0m[38;2;255;255;255m[48;2;255;255;236m▀[0m[38;2;185;185;190m[48;2;255;255;255m▀[0m[38;2;163;172;167m[48;2;111;115;108m▀[0m[38;2;0;0;0m[48;2;0;0;0m▀[0m[38;2;96;78;24m[48;2;118;99;43m▀[0m[38;2;138;120;61m[48;2;143;135;95m▀[0m[38;2;0;0;0m[48;2;0;0;0m▀[0m[38;2;0;0;0m[48;2;0;0;0m▀[0m[38;2;0;0;0m[48;2;0;0;0m▀[0m[38;2;0;0;0m[48;2;0;0;0m▀[0m[38;2;0;0;0m[48;2;0;0;0m▀[0m[38;2;135;33;0m[48;2;74;102;94m▀[0m[38;2;31;7;0m[48;2;7;25;17m▀[0m[38;2;0;0;0m[48;2;0;0;0m▀[0m[38;2;0;0;0m[48;2;0;0;0m▀[0m[38;2;0;0;0m[48;2;0;0;0m▀[0m[38;2;231;216;164m[48;2;233;219;171m▀[0m[38;2;66;78;89m[48;2;70;78;87m▀[0m[38;2;0;0;0m[48;2;0;0;0m▀[0m[38;2;0;0;0m[48;2;0;0;0m▀[0m[38;2;1;0;0m[48;2;1;0;0m▀[0m[38;2;1;1;1m[48;2;1;1;1m▀[0m[38;2;1;1;1m[48;2;1;1;1m▀[0m
[38;2;1;1;1m[48;2;0;1;1m▀[0m[38;2;0;2;1m[48;2;1;1;1m▀[0m[38;2;0;0;1m[48;2;0;0;1m▀[0m[38;2;0;0;0m[48;2;0;0;0m▀[0m[38;2;53;58;60m[48;2;52;60;63m▀[0m[38;2;0;0;0m[48;2;0;0;0m▀[0m[38;2;116;118;118m[48;2;112;121;122m▀[0m[38;2;255;255;255m[48;2;255;255;255m▀[0m[38;2;173;216;227m[48;2;143;57;52m▀[0m[38;2;66;93;97m[48;2;79;85;113m▀[0m[38;2;0;0;0m[48;2;250;130;141m▀[0m[38;2;208;220;235m[48;2;253;189;189m▀[0m[38;2;251;255;255m[48;2;212;235;243m▀[0m[38;2;222;250;255m[48;2;193;231;248m▀[0m[38;2;214;253;255m[48;2;119;159;193m▀[0m[38;2;255;255;255m[48;2;255;255;255m▀[0m[38;2;0;0;0m[48;2;149;149;150m▀[0m[38;2;0;0;0m[48;2;0;0;0m▀[0m[38;2;7;2;0m[48;2;0;0;0m▀[0m[38;2;0;0;0m[48;2;0;0;0m▀[0m[38;2;0;0;0m[48;2;0;0;25m▀[0m[38;2;0;0;0m[48;2;0;0;31m▀[0m[38;2;0;0;0m[48;2;25;45;71m▀[0m[38;2;0;0;0m[48;2;200;255;255m▀[0m[38;2;65;78;80m[48;2;137;112;60m▀[0m[38;2;70;80;83m[48;2;243;175;59m▀[0m[38;2;111;113;99m[48;2;255;187;0m▀[0m[38;2;0;10;27m[48;2;164;122;53m▀[0m[38;2;0;0;0m[48;2;0;0;0m▀[0m[38;2;239;226;175m[48;2;244;226;175m▀[0m[38;2;69;82;88m[48;2;71;83;88m▀[0m[38;2;0;0;0m[48;2;0;0;0m▀[0m[38;2;0;0;0m[48;2;0;0;0m▀[0m[38;2;1;0;0m[48;2;0;0;0m▀[0m[38;2;1;1;1m[48;2;1;1;1m▀[0m[38;2;1;1;1m[48;2;1;1;1m▀[0m
[38;2;1;1;1m[48;2;0;2;1m▀[0m[38;2;1;1;1m[48;2;1;1;1m▀[0m[38;2;0;0;0m[48;2;0;0;0m▀[0m[38;2;0;0;0m[48;2;0;0;0m▀[0m[38;2;44;52;57m[48;2;40;49;54m▀[0m[38;2;0;0;0m[48;2;0;0;0m▀[0m[38;2;0;0;0m[48;2;0;3;8m▀[0m[38;2;120;156;190m[48;2;185;228;251m▀[0m[38;2;126;37;42m[48;2;188;78;0m▀[0m[38;2;108;34;0m[48;2;255;45;0m▀[0m[38;2;166;36;0m[48;2;255;106;0m▀[0m[38;2;109;14;10m[48;2;123;121;118m▀[0m[38;2;248;255;255m[48;2;240;255;255m▀[0m[38;2;191;154;150m[48;2;52;52;70m▀[0m[38;2;161;133;131m[48;2;65;100;154m▀[0m[38;2;255;255;255m[48;2;207;255;255m▀[0m[38;2;194;216;231m[48;2;108;118;122m▀[0m[38;2;0;0;0m[48;2;48;62;61m▀[0m[38;2;20;34;50m[48;2;21;48;87m▀[0m[38;2;163;160;145m[48;2;237;133;0m▀[0m[38;2;198;173;137m[48;2;255;121;0m▀[0m[38;2;214;160;88m[48;2;201;79;0m▀[0m[38;2;171;121;67m[48;2;197;110;0m▀[0m[38;2;71;104;141m[48;2;148;146;128m▀[0m[38;2;0;0;2m[48;2;144;131;99m▀[0m[38;2;56;13;0m[48;2;108;88;45m▀[0m[38;2;188;86;0m[48;2;3;4;0m▀[0m[38;2;207;138;29m[48;2;9;0;0m▀[0m[38;2;0;0;0m[48;2;0;0;0m▀[0m[38;2;240;224;174m[48;2;250;233;169m▀[0m[38;2;75;82;88m[48;2;72;81;86m▀[0m[38;2;0;0;0m[48;2;0;0;0m▀[0m[38;2;0;0;0m[48;2;0;0;0m▀[0m[38;2;0;0;0m[48;2;0;0;0m▀[0m[38;2;1;1;1m[48;2;1;1;1m▀[0m[38;2;1;1;1m[48;2;1;1;1m▀[0m
[38;2;1;1;1m[48;2;1;1;1m▀[0m[38;2;1;1;1m[48;2;1;1;1m▀[0m[38;2;0;0;0m[48;2;0;0;0m▀[0m[38;2;0;0;0m[48;2;0;0;0m▀[0m[38;2;26;36;41m[48;2;29;40;42m▀[0m[38;2;105;110;112m[48;2;255;255;255m▀[0m[38;2;122;126;125m[48;2;142;147;149m▀[0m[38;2;171;235;255m[48;2;0;0;0m▀[0m[38;2;170;165;67m[48;2;0;17;65m▀[0m[38;2;255;149;0m[48;2;51;88;106m▀[0m[38;2;255;171;95m[48;2;0;0;41m▀[0m[38;2;175;169;154m[48;2;31;25;2m▀[0m[38;2;253;238;208m[48;2;189;118;45m▀[0m[38;2;203;169;135m[48;2;131;56;0m▀[0m[38;2;215;167;82m[48;2;159;71;0m▀[0m[38;2;205;117;0m[48;2;183;90;0m▀[0m[38;2;216;106;0m[48;2;164;97;0m▀[0m[38;2;89;43;0m[48;2;206;150;28m▀[0m[38;2;0;0;0m[48;2;255;255;136m▀[0m[38;2;150;54;0m[48;2;255;255;255m▀[0m[38;2;175;152;96m[48;2;173;196;225m▀[0m[38;2;255;255;255m[48;2;100;116;141m▀[0m[38;2;255;255;255m[48;2;0;0;0m▀[0m[38;2;47;55;59m[48;2;0;0;0m▀[0m[38;2;0;0;0m[48;2;0;0;0m▀[0m[38;2;0;0;0m[48;2;0;0;0m▀[0m[38;2;0;0;0m[48;2;0;0;0m▀[0m[38;2;0;0;0m[48;2;0;0;0m▀[0m[38;2;0;0;0m[48;2;0;0;0m▀[0m[38;2;252;233;165m[48;2;254;232;166m▀[0m[38;2;69;79;83m[48;2;76;84;88m▀[0m[38;2;0;0;0m[48;2;0;0;0m▀[0m[38;2;0;0;0m[48;2;0;0;0m▀[0m[38;2;0;0;0m[48;2;0;0;0m▀[0m[38;2;1;1;1m[48;2;1;1;1m▀[0m[38;2;0;2;1m[48;2;1;1;1m▀[0m
[38;2;1;1;1m[48;2;1;1;1m▀[0m[38;2;1;1;1m[48;2;1;1;1m▀[0m[38;2;0;0;0m[48;2;0;0;0m▀[0m[38;2;0;0;0m[48;2;0;0;0m▀[0m[38;2;36;44;48m[48;2;53;58;63m▀[0m[38;2;0;0;0m[48;2;0;0;0m▀[0m[38;2;0;0;0m[48;2;71;72;68m▀[0m[38;2;215;218;220m[48;2;255;255;255m▀[0m[38;2;83;87;84m[48;2;255;255;255m▀[0m[38;2;0;0;0m[48;2;0;0;0m▀[0m[38;2;0;0;0m[48;2;0;0;0m▀[0m[38;2;0;0;0m[48;2;0;1;26m▀[0m[38;2;172;80;0m[48;2;0;0;20m▀[0m[38;2;36;0;0m[48;2;43;50;39m▀[0m[38;2;0;0;0m[48;2;223;153;24m▀[0m[38;2;198;178;135m[48;2;82;48;22m▀[0m[38;2;212;186;156m[48;2;243;198;106m▀[0m[38;2;206;186;149m[48;2;8;9;4m▀[0m[38;2;215;228;242m[48;2;0;0;0m▀[0m[38;2;0;30;79m[48;2;0;0;0m▀[0m[38;2;0;0;0m[48;2;192;186;162m▀[0m[38;2;0;0;0m[48;2;255;255;255m▀[0m[38;2;26;30;34m[48;2;255;255;255m▀[0m[38;2;0;0;0m[48;2;202;177;135m▀[0m[38;2;0;0;0m[48;2;119;119;108m▀[0m[38;2;0;0;0m[48;2;66;54;36m▀[0m[38;2;0;0;0m[48;2;36;55;70m▀[0m[38;2;0;0;0m[48;2;0;0;0m▀[0m[38;2;0;0;0m[48;2;0;0;0m▀[0m[38;2;248;223;144m[48;2;254;208;99m▀[0m[38;2;75;85;85m[48;2;79;84;81m▀[0m[38;2;0;0;0m[48;2;0;0;0m▀[0m[38;2;0;0;0m[48;2;0;0;0m▀[0m[38;2;0;0;0m[48;2;0;0;0m▀[0m[38;2;1;1;1m[48;2;1;1;1m▀[0m[38;2;0;2;1m[48;2;1;1;1m▀[0m
[38;2;1;1;1m[48;2;1;1;1m▀[0m[38;2;1;1;1m[48;2;1;1;1m▀[0m[38;2;0;0;1m[48;2;0;0;1m▀[0m[38;2;0;0;0m[48;2;0;0;0m▀[0m[38;2;52;61;62m[48;2;55;64;71m▀[0m[38;2;8;13;10m[48;2;8;11;11m▀[0m[38;2;0;0;0m[48;2;0;0;0m▀[0m[38;2;0;0;0m[48;2;0;0;0m▀[0m[38;2;0;0;0m[48;2;0;0;0m▀[0m[38;2;0;0;0m[48;2;0;0;0m▀[0m[38;2;0;0;0m[48;2;0;0;0m▀[0m[38;2;0;0;15m[48;2;0;0;0m▀[0m[38;2;75;59;16m[48;2;156;110;0m▀[0m[38;2;181;113;0m[48;2;209;106;0m▀[0m[38;2;255;226;103m[48;2;93;13;0m▀[0m[38;2;255;255;255m[48;2;142;101;60m▀[0m[38;2;255;255;74m[48;2;241;230;198m▀[0m[38;2;182;115;6m[48;2;255;231;142m▀[0m[38;2;108;108;91m[48;2;149;93;23m▀[0m[38;2;164;120;73m[48;2;79;0;0m▀[0m[38;2;255;241;223m[48;2;9;0;0m▀[0m[38;2;255;255;255m[48;2;139;104;60m▀[0m[38;2;255;255;255m[48;2;123;93;57m▀[0m[38;2;162;122;83m[48;2;18;0;0m▀[0m[38;2;96;17;0m[48;2;182;89;0m▀[0m[38;2;255;250;200m[48;2;255;255;255m▀[0m[38;2;140;115;71m[48;2;255;255;220m▀[0m[38;2;24;46;61m[48;2;28;18;0m▀[0m[38;2;0;11;29m[48;2;0;0;6m▀[0m[38;2;195;147;57m[48;2;127;86;29m▀[0m[38;2;78;85;86m[48;2;75;84;87m▀[0m[38;2;0;0;0m[48;2;0;0;0m▀[0m[38;2;0;0;0m[48;2;0;0;0m▀[0m[38;2;1;0;0m[48;2;1;0;0m▀[0m[38;2;1;1;1m[48;2;1;1;1m▀[0m[38;2;1;1;1m[48;2;1;1;1m▀[0m
[38;2;1;1;1m[48;2;1;1;1m▀[0m[38;2;1;1;1m[48;2;1;1;1m▀[0m[38;2;0;0;1m[48;2;0;0;1m▀[0m[38;2;0;0;0m[48;2;0;0;0m▀[0m[38;2;57;66;69m[48;2;57;66;70m▀[0m[38;2;13;17;17m[48;2;15;17;19m▀[0m[38;2;0;0;0m[48;2;13;3;0m▀[0m[38;2;0;0;0m[48;2;7;6;2m▀[0m[38;2;0;0;0m[48;2;1;0;1m▀[0m[38;2;0;0;0m[48;2;1;1;1m▀[0m[38;2;0;0;0m[48;2;0;0;1m▀[0m[38;2;0;0;0m[48;2;0;0;0m▀[0m[38;2;88;68;0m[48;2;0;0;2m▀[0m[38;2;255;176;3m[48;2;0;0;11m▀[0m[38;2;96;31;0m[48;2;32;28;0m▀[0m[38;2;27;0;0m[48;2;218;175;74m▀[0m[38;2;66;0;0m[48;2;255;255;151m▀[0m[38;2;83;14;0m[48;2;232;192;61m▀[0m[38;2;93;28;0m[48;2;97;60;0m▀[0m[38;2;255;170;0m[48;2;214;140;0m▀[0m[38;2;62;6;0m[48;2;62;13;0m▀[0m[38;2;143;117;83m[48;2;109;87;54m▀[0m[38;2;25;0;0m[48;2;80;8;0m▀[0m[38;2;255;160;0m[48;2;255;224;0m▀[0m[38;2;255;243;87m[48;2;219;193;91m▀[0m[38;2;157;133;79m[48;2;122;85;31m▀[0m[38;2;130;73;19m[48;2;50;0;0m▀[0m[38;2;82;37;0m[48;2;111;58;0m▀[0m[38;2;0;0;0m[48;2;0;0;0m▀[0m[38;2;78;49;18m[48;2;50;34;11m▀[0m[38;2;72;79;84m[48;2;69;81;86m▀[0m[38;2;0;0;0m[48;2;0;0;3m▀[0m[38;2;0;0;0m[48;2;0;0;0m▀[0m[38;2;0;0;0m[48;2;0;0;0m▀[0m[38;2;0;2;0m[48;2;1;3;3m▀[0m[38;2;1;3;1m[48;2;2;6;12m▀[0m
