[38;2;54;58;59m[48;2;57;65;69m▀[0m[38;2;0;0;0m[48;2;1;0;1m▀[0m[38;2;0;0;0m[48;2;0;0;0m▀[0m[38;2;0;0;0m[48;2;0;0;0m▀[0m[38;2;50;59;62m[48;2;0;0;0m▀[0m[38;2;84;104;113m[48;2;86;128;142m▀[0m[38;2;1;0;0m[48;2;0;0;0m▀[0m[38;2;21;36;43m[48;2;0;0;0m▀[0m[38;2;31;53;56m[48;2;50;80;91m▀[0m[38;2;28;43;50m[48;2;0;0;0m▀[0m[38;2;37;58;63m[48;2;0;0;0m▀[0m[38;2;33;50;54m[48;2;0;0;0m▀[0m[38;2;12;22;26m[48;2;0;0;0m▀[0m[38;2;0;0;0m[48;2;0;0;0m▀[0m[38;2;0;0;0m[48;2;0;0;0m▀[0m[38;2;88;130;147m[48;2;39;55;63m▀[0m[38;2;127;182;201m[48;2;57;78;87m▀[0m[38;2;105;149;166m[48;2;46;60;68m▀[0m[38;2;52;73;84m[48;2;12;16;21m▀[0m[38;2;132;184;206m[48;2;55;76;86m▀[0m[38;2;145;201;222m[48;2;69;95;105m▀[0m[38;2;18;32;36m[48;2;7;14;15m▀[0m[38;2;0;0;0m[48;2;0;0;0m▀[0m[38;2;0;0;0m[48;2;0;4;3m▀[0m[38;2;16;23;24m[48;2;0;0;0m▀[0m[38;2;38;53;60m[48;2;0;0;0m▀[0m[38;2;41;63;71m[48;2;0;0;0m▀[0m[38;2;27;42;46m[48;2;0;0;0m▀[0m[38;2;40;66;72m[48;2;42;67;79m▀[0m[38;2;0;0;2m[48;2;0;0;0m▀[0m[38;2;35;39;39m[48;2;21;26;28m▀[0m[38;2;98;110;114m[48;2;88;113;127m▀[0m[38;2;14;13;14m[48;2;0;0;0m▀[0m[38;2;0;0;0m[48;2;0;0;0m▀[0m[38;2;0;0;0m[48;2;0;0;0m▀[0m[38;2;10;17;19m[48;2;28;36;40m▀[0m
[38;2;75;85;93m[48;2;85;103;108m▀[0m[38;2;54;59;63m[48;2;74;76;77m▀[0m[38;2;0;0;0m[48;2;3;0;0m▀[0m[38;2;0;0;0m[48;2;0;0;0m▀[0m[38;2;0;0;0m[48;2;0;0;0m▀[0m[38;2;68;105;115m[48;2;20;33;36m▀[0m[38;2;4;9;9m[48;2;47;72;80m▀[0m[38;2;0;0;0m[48;2;0;0;0m▀[0m[38;2;46;72;80m[48;2;19;29;34m▀[0m[38;2;11;19;20m[48;2;25;41;47m▀[0m[38;2;12;17;19m[48;2;5;2;2m▀[0m[38;2;15;20;21m[48;2;9;13;14m▀[0m[38;2;11;15;16m[48;2;9;12;12m▀[0m[38;2;7;10;9m[48;2;5;9;8m▀[0m[38;2;0;0;0m[48;2;0;0;0m▀[0m[38;2;41;54;61m[48;2;28;37;44m▀[0m[38;2;58;73;83m[48;2;46;62;72m▀[0m[38;2;42;55;64m[48;2;36;49;55m▀[0m[38;2;17;22;26m[48;2;11;18;18m▀[0m[38;2;49;67;77m[48;2;36;48;53m▀[0m[38;2;45;60;67m[48;2;31;40;43m▀[0m[38;2;0;0;0m[48;2;0;0;0m▀[0m[38;2;1;1;1m[48;2;0;2;0m▀[0m[38;2;9;13;14m[48;2;2;6;5m▀[0m[38;2;10;15;16m[48;2;4;8;7m▀[0m[38;2;14;23;26m[48;2;8;7;8m▀[0m[38;2;6;10;14m[48;2;0;0;1m▀[0m[38;2;13;21;27m[48;2;26;41;47m▀[0m[38;2;27;45;53m[48;2;3;5;6m▀[0m[38;2;0;0;0m[48;2;0;0;0m▀[0m[38;2;8;16;19m[48;2;57;83;91m▀[0m[38;2;30;54;65m[48;2;26;40;46m▀[0m[38;2;0;0;0m[48;2;0;0;0m▀[0m[38;2;0;0;0m[48;2;0;0;0m▀[0m[38;2;32;35;37m[48;2;61;61;68m▀[0m[38;2;48;53;57m[48;2;62;62;65m▀[0m
[38;2;115;150;161m[48;2;154;196;210m▀[0m[38;2;61;64;66m[48;2;61;75;83m▀[0m[38;2;0;0;0m[48;2;0;0;0m▀[0m[38;2;0;0;0m[48;2;0;0;0m▀[0m[38;2;29;47;58m[48;2;32;48;59m▀[0m[38;2;0;0;0m[48;2;0;0;0m▀[0m[38;2;55;86;94m[48;2;29;43;49m▀[0m[38;2;0;0;0m[48;2;24;36;39m▀[0m[38;2;0;0;0m[48;2;0;0;0m▀[0m[38;2;28;43;49m[48;2;17;27;27m▀[0m[38;2;4;8;7m[48;2;10;15;16m▀[0m[38;2;9;13;14m[48;2;13;22;23m▀[0m[38;2;5;10;9m[48;2;10;18;19m▀[0m[38;2;0;1;1m[48;2;0;2;1m▀[0m[38;2;0;0;0m[48;2;0;0;0m▀[0m[38;2;0;0;0m[48;2;0;0;0m▀[0m[38;2;0;0;0m[48;2;70;103;104m▀[0m[38;2;0;0;0m[48;2;166;188;188m▀[0m[38;2;0;0;0m[48;2;138;157;156m▀[0m[38;2;0;0;0m[48;2;148;168;168m▀[0m[38;2;0;0;0m[48;2;0;18;19m▀[0m[38;2;0;0;0m[48;2;0;0;0m▀[0m[38;2;7;12;16m[48;2;0;10;12m▀[0m[38;2;14;19;24m[48;2;13;22;25m▀[0m[38;2;14;21;21m[48;2;20;29;36m▀[0m[38;2;10;15;16m[48;2;19;28;31m▀[0m[38;2;5;5;6m[48;2;10;20;21m▀[0m[38;2;24;36;40m[48;2;10;15;16m▀[0m[38;2;0;0;0m[48;2;0;0;0m▀[0m[38;2;5;8;8m[48;2;31;54;62m▀[0m[38;2;40;67;75m[48;2;3;6;8m▀[0m[38;2;17;29;37m[48;2;21;33;38m▀[0m[38;2;0;0;0m[48;2;0;0;0m▀[0m[38;2;0;0;0m[48;2;0;0;0m▀[0m[38;2;58;58;63m[48;2;81;111;123m▀[0m[38;2;97;129;144m[48;2;154;217;238m▀[0m
[38;2;189;236;253m[48;2;172;214;227m▀[0m[38;2;109;156;177m[48;2;175;254;255m▀[0m[38;2;0;0;0m[48;2;0;0;0m▀[0m[38;2;0;0;0m[48;2;0;0;0m▀[0m[38;2;28;43;55m[48;2;49;76;92m▀[0m[38;2;0;0;0m[48;2;0;0;0m▀[0m[38;2;0;0;0m[48;2;0;0;0m▀[0m[38;2;41;61;71m[48;2;20;28;37m▀[0m[38;2;0;0;0m[48;2;6;6;7m▀[0m[38;2;8;11;12m[48;2;0;0;0m▀[0m[38;2;11;14;15m[48;2;12;19;20m▀[0m[38;2;0;0;0m[48;2;0;0;0m▀[0m[38;2;0;0;0m[48;2;0;0;0m▀[0m[38;2;0;0;0m[48;2;69;93;93m▀[0m[38;2;15;48;52m[48;2;255;255;255m▀[0m[38;2;255;255;255m[48;2;255;135;126m▀[0m[38;2;255;206;203m[48;2;186;48;42m▀[0m[38;2;114;97;97m[48;2;237;128;124m▀[0m[38;2;104;95;92m[48;2;237;140;130m▀[0m[38;2;196;191;190m[48;2;246;55;44m▀[0m[38;2;255;255;255m[48;2;145;0;0m▀[0m[38;2;128;137;135m[48;2;255;202;195m▀[0m[38;2;0;0;0m[48;2;155;158;154m▀[0m[38;2;0;0;0m[48;2;0;0;0m▀[0m[38;2;0;1;0m[48;2;0;0;0m▀[0m[38;2;0;0;0m[48;2;0;0;0m▀[0m[38;2;9;13;18m[48;2;12;20;24m▀[0m[38;2;0;0;0m[48;2;0;0;0m▀[0m[38;2;0;0;0m[48;2;17;24;29m▀[0m[38;2;34;57;66m[48;2;10;15;17m▀[0m[38;2;0;0;0m[48;2;0;0;0m▀[0m[38;2;26;46;51m[48;2;44;70;76m▀[0m[38;2;0;0;0m[48;2;0;0;0m▀[0m[38;2;0;0;0m[48;2;0;0;0m▀[0m[38;2;87;126;140m[48;2;90;151;163m▀[0m[38;2;197;255;255m[48;2;211;255;255m▀[0m
[38;2;49;73;73m[48;2;0;0;0m▀[0m[38;2;160;144;151m[48;2;98;43;40m▀[0m[38;2;0;0;0m[48;2;87;0;0m▀[0m[38;2;0;0;0m[48;2;0;0;0m▀[0m[38;2;61;95;104m[48;2;62;101;114m▀[0m[38;2;18;18;18m[48;2;27;31;31m▀[0m[38;2;0;0;0m[48;2;4;14;17m▀[0m[38;2;1;0;1m[48;2;0;2;1m▀[0m[38;2;15;20;24m[48;2;7;10;11m▀[0m[38;2;0;0;0m[48;2;0;0;0m▀[0m[38;2;1;6;7m[48;2;0;0;0m▀[0m[38;2;0;0;0m[48;2;0;0;0m▀[0m[38;2;6;21;18m[48;2;241;249;250m▀[0m[38;2;255;255;255m[48;2;199;159;158m▀[0m[38;2;49;1;0m[48;2;0;0;0m▀[0m[38;2;0;0;0m[48;2;0;0;0m▀[0m[38;2;0;0;0m[48;2;0;0;0m▀[0m[38;2;0;0;0m[48;2;82;133;135m▀[0m[38;2;0;0;0m[48;2;0;0;0m▀[0m[38;2;0;0;0m[48;2;0;2;3m▀[0m[38;2;0;0;0m[48;2;0;0;0m▀[0m[38;2;0;0;0m[48;2;0;0;0m▀[0m[38;2;255;255;255m[48;2;90;30;34m▀[0m[38;2;42;60;60m[48;2;224;207;207m▀[0m[38;2;0;0;0m[48;2;0;0;0m▀[0m[38;2;0;2;2m[48;2;0;0;0m▀[0m[38;2;5;8;8m[48;2;0;0;0m▀[0m[38;2;0;0;0m[48;2;5;8;9m▀[0m[38;2;23;31;39m[48;2;9;13;18m▀[0m[38;2;0;0;0m[48;2;0;0;0m▀[0m[38;2;5;4;4m[48;2;12;19;19m▀[0m[38;2;61;94;104m[48;2;64;99;106m▀[0m[38;2;0;0;0m[48;2;0;0;0m▀[0m[38;2;0;0;0m[48;2;121;0;0m▀[0m[38;2;137;109;115m[48;2;122;36;32m▀[0m[38;2;70;106;105m[48;2;0;0;0m▀[0m
[38;2;0;0;0m[48;2;29;69;78m▀[0m[38;2;110;0;0m[48;2;255;255;255m▀[0m[38;2;255;0;0m[48;2;255;42;40m▀[0m[38;2;0;0;0m[48;2;131;0;0m▀[0m[38;2;44;105;120m[48;2;119;247;255m▀[0m[38;2;2;10;9m[48;2;75;91;97m▀[0m[38;2;4;24;29m[48;2;0;1;6m▀[0m[38;2;0;3;4m[48;2;14;22;30m▀[0m[38;2;0;0;0m[48;2;0;0;0m▀[0m[38;2;0;0;0m[48;2;0;0;0m▀[0m[38;2;0;0;0m[48;2;0;0;0m▀[0m[38;2;0;0;0m[48;2;25;67;67m▀[0m[38;2;255;255;255m[48;2;255;181;175m▀[0m[38;2;55;0;0m[48;2;0;0;0m▀[0m[38;2;0;0;0m[48;2;73;103;104m▀[0m[38;2;13;92;93m[48;2;172;27;25m▀[0m[38;2;80;141;142m[48;2;100;0;0m▀[0m[38;2;190;187;187m[48;2;255;0;0m▀[0m[38;2;159;229;227m[48;2;255;255;255m▀[0m[38;2;104;187;185m[48;2;146;50;49m▀[0m[38;2;73;155;151m[48;2;112;0;0m▀[0m[38;2;7;20;20m[48;2;85;101;101m▀[0m[38;2;0;0;0m[48;2;0;26;30m▀[0m[38;2;242;163;159m[48;2;244;94;89m▀[0m[38;2;0;21;23m[48;2;73;94;95m▀[0m[38;2;0;0;0m[48;2;0;0;0m▀[0m[38;2;0;0;0m[48;2;0;0;0m▀[0m[38;2;0;0;0m[48;2;0;0;0m▀[0m[38;2;0;0;0m[48;2;11;20;24m▀[0m[38;2;0;0;0m[48;2;0;0;0m▀[0m[38;2;0;2;4m[48;2;23;43;48m▀[0m[38;2;50;81;90m[48;2;139;252;255m▀[0m[38;2;0;0;0m[48;2;62;0;0m▀[0m[38;2;214;0;0m[48;2;255;36;34m▀[0m[38;2;205;0;0m[48;2;199;158;159m▀[0m[38;2;0;0;0m[48;2;0;0;0m▀[0m
[38;2;78;99;99m[48;2;0;0;0m▀[0m[38;2;131;188;188m[48;2;0;0;0m▀[0m[38;2;38;114;115m[48;2;75;98;99m▀[0m[38;2;153;0;0m[48;2;95;148;147m▀[0m[38;2;255;235;231m[48;2;255;42;37m▀[0m[38;2;132;201;200m[48;2;85;29;29m▀[0m[38;2;0;0;0m[48;2;0;3;9m▀[0m[38;2;7;22;29m[48;2;6;21;25m▀[0m[38;2;0;0;0m[48;2;0;0;0m▀[0m[38;2;0;0;0m[48;2;0;0;0m▀[0m[38;2;0;0;0m[48;2;0;0;0m▀[0m[38;2;21;66;63m[48;2;38;67;67m▀[0m[38;2;255;156;154m[48;2;255;127;127m▀[0m[38;2;30;40;49m[48;2;0;0;0m▀[0m[38;2;170;0;0m[48;2;255;0;0m▀[0m[38;2;83;0;0m[48;2;221;24;9m▀[0m[38;2;177;0;0m[48;2;221;0;0m▀[0m[38;2;255;0;0m[48;2;255;3;0m▀[0m[38;2;255;41;40m[48;2;255;0;0m▀[0m[38;2;208;0;0m[48;2;255;0;0m▀[0m[38;2;71;0;0m[48;2;194;0;0m▀[0m[38;2;143;0;0m[48;2;255;0;0m▀[0m[38;2;22;62;66m[48;2;0;6;10m▀[0m[38;2;255;87;87m[48;2;159;53;56m▀[0m[38;2;174;166;162m[48;2;229;168;167m▀[0m[38;2;0;0;0m[48;2;0;0;0m▀[0m[38;2;0;0;0m[48;2;0;0;0m▀[0m[38;2;0;0;0m[48;2;0;1;4m▀[0m[38;2;10;30;34m[48;2;20;41;50m▀[0m[38;2;0;0;0m[48;2;0;0;0m▀[0m[38;2;55;137;145m[48;2;24;65;74m▀[0m[38;2;255;255;255m[48;2;255;7;3m▀[0m[38;2;255;0;0m[48;2;239;195;191m▀[0m[38;2;255;255;255m[48;2;87;142;142m▀[0m[38;2;218;255;255m[48;2;10;19;22m▀[0m[38;2;32;56;56m[48;2;0;3;4m▀[0m
[38;2;2;10;11m[48;2;16;34;44m▀[0m[38;2;0;0;0m[48;2;0;0;0m▀[0m[38;2;0;0;0m[48;2;6;11;10m▀[0m[38;2;0;35;33m[48;2;50;55;52m▀[0m[38;2;207;215;214m[48;2;30;89;86m▀[0m[38;2;255;0;0m[48;2;187;158;168m▀[0m[38;2;0;0;5m[48;2;249;0;0m▀[0m[38;2;0;25;36m[48;2;0;18;21m▀[0m[38;2;0;0;0m[48;2;0;0;0m▀[0m[38;2;0;0;0m[48;2;0;0;0m▀[0m[38;2;0;0;0m[48;2;0;0;0m▀[0m[38;2;95;140;142m[48;2;239;255;255m▀[0m[38;2;255;212;208m[48;2;255;255;255m▀[0m[38;2;0;0;0m[48;2;60;89;89m▀[0m[38;2;125;0;0m[48;2;0;0;0m▀[0m[38;2;255;0;0m[48;2;113;201;203m▀[0m[38;2;223;106;109m[48;2;181;255;255m▀[0m[38;2;54;214;221m[48;2;65;119;124m▀[0m[38;2;47;216;225m[48;2;46;83;85m▀[0m[38;2;206;149;150m[48;2;176;255;255m▀[0m[38;2;255;0;0m[48;2;141;245;255m▀[0m[38;2;210;1;0m[48;2;0;47;55m▀[0m[38;2;0;0;0m[48;2;0;33;32m▀[0m[38;2;255;246;243m[48;2;255;255;255m▀[0m[38;2;255;255;255m[48;2;255;255;255m▀[0m[38;2;0;4;12m[48;2;142;169;169m▀[0m[38;2;0;0;0m[48;2;0;0;0m▀[0m[38;2;0;0;2m[48;2;0;4;6m▀[0m[38;2;0;45;52m[48;2;0;30;39m▀[0m[38;2;0;0;0m[48;2;219;0;0m▀[0m[38;2;242;0;0m[48;2;160;43;46m▀[0m[38;2;156;36;34m[48;2;0;79;84m▀[0m[38;2;0;15;13m[48;2;87;93;89m▀[0m[38;2;0;0;0m[48;2;0;0;0m▀[0m[38;2;0;0;0m[48;2;0;0;0m▀[0m[38;2;35;63;72m[48;2;48;81;88m▀[0m
[38;2;6;16;20m[48;2;0;0;0m▀[0m[38;2;0;0;0m[48;2;112;110;108m▀[0m[38;2;198;197;193m[48;2;150;162;166m▀[0m[38;2;223;245;246m[48;2;48;69;72m▀[0m[38;2;255;255;255m[48;2;215;226;224m▀[0m[38;2;73;177;194m[48;2;131;156;161m▀[0m[38;2;32;0;0m[48;2;0;0;0m▀[0m[38;2;255;0;0m[48;2;97;30;36m▀[0m[38;2;0;0;0m[48;2;255;0;0m▀[0m[38;2;0;0;0m[48;2;0;0;0m▀[0m[38;2;97;111;115m[48;2;42;94;93m▀[0m[38;2;255;255;255m[48;2;255;255;255m▀[0m[38;2;255;255;255m[48;2;255;236;232m▀[0m[38;2;132;164;164m[48;2;88;157;157m▀[0m[38;2;2;1;0m[48;2;0;0;0m▀[0m[38;2;196;226;230m[48;2;0;0;0m▀[0m[38;2;121;173;181m[48;2;0;0;0m▀[0m[38;2;0;9;4m[48;2;25;28;29m▀[0m[38;2;0;0;0m[48;2;23;30;32m▀[0m[38;2;105;142;155m[48;2;0;0;0m▀[0m[38;2;135;192;201m[48;2;0;0;0m▀[0m[38;2;140;144;145m[48;2;4;0;0m▀[0m[38;2;42;35;34m[48;2;0;0;3m▀[0m[38;2;255;255;255m[48;2;255;255;255m▀[0m[38;2;255;255;255m[48;2;255;159;150m▀[0m[38;2;255;255;255m[48;2;245;188;184m▀[0m[38;2;0;17;20m[48;2;0;0;0m▀[0m[38;2;0;0;0m[48;2;179;0;0m▀[0m[38;2;239;1;6m[48;2;184;13;20m▀[0m[38;2;87;0;0m[48;2;0;0;0m▀[0m[38;2;0;95;109m[48;2;81;95;98m▀[0m[38;2;204;255;255m[48;2;172;204;210m▀[0m[38;2;255;255;255m[48;2;88;120;132m▀[0m[38;2;2;0;0m[48;2;223;236;240m▀[0m[38;2;0;0;0m[48;2;72;65;65m▀[0m[38;2;0;0;0m[48;2;0;0;0m▀[0m
[38;2;123;124;120m[48;2;140;157;161m▀[0m[38;2;16;14;10m[48;2;44;54;53m▀[0m[38;2;170;186;196m[48;2;14;18;18m▀[0m[38;2;0;0;0m[48;2;8;20;27m▀[0m[38;2;0;0;0m[48;2;33;17;24m▀[0m[38;2;43;46;43m[48;2;125;102;103m▀[0m[38;2;0;24;29m[48;2;0;11;17m▀[0m[38;2;0;31;41m[48;2;14;42;54m▀[0m[38;2;59;0;0m[48;2;0;0;0m▀[0m[38;2;227;0;0m[48;2;0;0;0m▀[0m[38;2;66;36;35m[48;2;119;0;0m▀[0m[38;2;206;179;167m[48;2;147;0;0m▀[0m[38;2;255;0;0m[48;2;121;0;0m▀[0m[38;2;199;112;110m[48;2;106;0;0m▀[0m[38;2;0;0;0m[48;2;169;0;0m▀[0m[38;2;26;17;20m[48;2;110;0;0m▀[0m[38;2;0;0;0m[48;2;0;0;0m▀[0m[38;2;0;0;0m[48;2;9;34;42m▀[0m[38;2;40;45;44m[48;2;75;92;96m▀[0m[38;2;67;71;68m[48;2;48;53;49m▀[0m[38;2;0;0;0m[48;2;0;0;0m▀[0m[38;2;0;5;6m[48;2;61;0;0m▀[0m[38;2;15;45;45m[48;2;73;0;0m▀[0m[38;2;255;179;181m[48;2;117;0;0m▀[0m[38;2;255;0;0m[48;2;96;0;0m▀[0m[38;2;59;42;41m[48;2;131;0;0m▀[0m[38;2;150;0;0m[48;2;39;0;0m▀[0m[38;2;150;4;7m[48;2;0;15;17m▀[0m[38;2;0;51;63m[48;2;21;52;64m▀[0m[38;2;6;28;32m[48;2;0;21;28m▀[0m[38;2;103;114;113m[48;2;92;65;65m▀[0m[38;2;0;0;0m[48;2;22;0;0m▀[0m[38;2;0;0;0m[48;2;29;47;48m▀[0m[38;2;196;217;227m[48;2;0;0;0m▀[0m[38;2;24;19;17m[48;2;89;93;90m▀[0m[38;2;171;177;175m[48;2;186;193;193m▀[0m
[38;2;14;49;58m[48;2;0;6;14m▀[0m[38;2;75;85;84m[48;2;173;91;90m▀[0m[38;2;0;0;0m[48;2;178;51;42m▀[0m[38;2;32;47;49m[48;2;16;51;51m▀[0m[38;2;34;44;47m[48;2;67;72;74m▀[0m[38;2;72;64;63m[48;2;1;5;4m▀[0m[38;2;0;16;22m[48;2;19;26;30m▀[0m[38;2;16;51;60m[48;2;43;39;38m▀[0m[38;2;0;0;0m[48;2;0;0;0m▀[0m[38;2;0;0;0m[48;2;0;0;0m▀[0m[38;2;0;0;0m[48;2;14;36;36m▀[0m[38;2;13;0;0m[48;2;255;255;255m▀[0m[38;2;159;0;0m[48;2;255;255;255m▀[0m[38;2;36;0;0m[48;2;255;255;255m▀[0m[38;2;0;0;0m[48;2;255;255;255m▀[0m[38;2;0;0;0m[48;2;255;255;255m▀[0m[38;2;0;6;7m[48;2;255;255;255m▀[0m[38;2;0;19;19m[48;2;154;173;170m▀[0m[38;2;14;34;38m[48;2;100;127;129m▀[0m[38;2;43;68;72m[48;2;255;255;255m▀[0m[38;2;0;0;0m[48;2;255;255;255m▀[0m[38;2;0;0;0m[48;2;255;255;255m▀[0m[38;2;110;0;0m[48;2;255;250;252m▀[0m[38;2;119;0;0m[48;2;255;255;255m▀[0m[38;2;46;0;0m[48;2;255;255;255m▀[0m[38;2;0;0;0m[48;2;146;170;170m▀[0m[38;2;0;0;0m[48;2;0;0;0m▀[0m[38;2;0;11;14m[48;2;0;5;7m▀[0m[38;2;19;47;58m[48;2;18;43;52m▀[0m[38;2;32;52;61m[48;2;48;69;77m▀[0m[38;2;70;56;56m[48;2;0;0;0m▀[0m[38;2;74;71;83m[48;2;86;95;93m▀[0m[38;2;25;46;47m[48;2;0;0;0m▀[0m[38;2;0;0;0m[48;2;165;66;56m▀[0m[38;2;82;92;92m[48;2;74;59;62m▀[0m[38;2;55;65;65m[48;2;56;77;77m▀[0m
[38;2;0;0;0m[48;2;0;0;0m▀[0m[38;2;163;98;95m[48;2;123;76;75m▀[0m[38;2;255;122;117m[48;2;255;174;165m▀[0m[38;2;0;0;0m[48;2;0;0;0m▀[0m[38;2;0;0;0m[48;2;25;53;59m▀[0m[38;2;50;53;49m[48;2;42;55;54m▀[0m[38;2;79;81;82m[48;2;20;18;16m▀[0m[38;2;42;33;30m[48;2;29;32;33m▀[0m[38;2;0;0;0m[48;2;0;0;0m▀[0m[38;2;0;0;0m[48;2;0;0;0m▀[0m[38;2;183;194;194m[48;2;226;231;231m▀[0m[38;2;255;255;255m[48;2;255;255;255m▀[0m[38;2;255;255;255m[48;2;230;248;245m▀[0m[38;2;232;255;255m[48;2;255;235;234m▀[0m[38;2;255;255;255m[48;2;255;255;255m▀[0m[38;2;255;255;255m[48;2;255;255;255m▀[0m[38;2;255;255;255m[48;2;255;129;123m▀[0m[38;2;132;169;167m[48;2;73;0;0m▀[0m[38;2;115;116;113m[48;2;67;29;34m▀[0m[38;2;255;255;255m[48;2;255;126;125m▀[0m[38;2;255;255;255m[48;2;255;181;170m▀[0m[38;2;255;255;255m[48;2;255;255;255m▀[0m[38;2;244;255;255m[48;2;255;255;255m▀[0m[38;2;255;255;255m[48;2;235;248;248m▀[0m[38;2;255;255;255m[48;2;255;255;255m▀[0m[38;2;255;255;255m[48;2;255;255;255m▀[0m[38;2;0;0;0m[48;2;0;0;0m▀[0m[38;2;0;0;0m[48;2;0;0;0m▀[0m[38;2;9;35;45m[48;2;9;19;24m▀[0m[38;2;59;83;98m[48;2;74;83;88m▀[0m[38;2;69;77;77m[48;2;19;24;24m▀[0m[38;2;0;9;11m[48;2;0;0;0m▀[0m[38;2;15;0;0m[48;2;68;21;21m▀[0m[38;2;255;137;132m[48;2;255;126;128m▀[0m[38;2;0;5;5m[48;2;0;0;0m▀[0m[38;2;0;0;0m[48;2;0;21;24m▀[0m
