[38;2;121;124;125m[48;2;144;147;146m▀[0m[38;2;171;174;167m[48;2;170;176;171m▀[0m[38;2;152;155;154m[48;2;170;173;172m▀[0m[38;2;90;93;94m[48;2;42;42;43m▀[0m[38;2;199;203;200m[48;2;0;0;0m▀[0m[38;2;119;121;121m[48;2;0;0;0m▀[0m[38;2;0;0;0m[48;2;166;167;164m▀[0m[38;2;0;0;0m[48;2;0;0;0m▀[0m[38;2;0;0;0m[48;2;0;0;0m▀[0m[38;2;0;0;0m[48;2;0;0;0m▀[0m[38;2;0;0;0m[48;2;0;0;0m▀[0m[38;2;20;22;22m[48;2;11;13;13m▀[0m[38;2;68;67;67m[48;2;255;255;255m▀[0m[38;2;142;144;144m[48;2;58;56;59m▀[0m[38;2;255;255;255m[48;2;0;0;0m▀[0m[38;2;96;97;94m[48;2;0;0;0m▀[0m[38;2;14;17;18m[48;2;0;0;0m▀[0m[38;2;0;0;0m[48;2;0;0;0m▀[0m[38;2;0;0;0m[48;2;0;0;0m▀[0m[38;2;0;0;0m[48;2;0;0;0m▀[0m[38;2;0;0;0m[48;2;0;0;0m▀[0m[38;2;0;0;0m[48;2;0;0;0m▀[0m[38;2;10;11;8m[48;2;0;0;0m▀[0m[38;2;3;3;3m[48;2;64;68;68m▀[0m[38;2;0;0;0m[48;2;149;153;153m▀[0m[38;2;194;198;195m[48;2;189;193;190m▀[0m[38;2;150;152;152m[48;2;0;0;0m▀[0m[38;2;0;0;0m[48;2;0;0;0m▀[0m[38;2;13;12;12m[48;2;23;23;23m▀[0m[38;2;16;18;18m[48;2;16;18;18m▀[0m[38;2;5;4;4m[48;2;4;2;5m▀[0m[38;2;2;1;1m[48;2;0;0;1m▀[0m[38;2;23;25;25m[48;2;27;26;26m▀[0m[38;2;12;14;14m[48;2;13;15;13m▀[0m[38;2;0;0;0m[48;2;0;0;0m▀[0m[38;2;28;30;30m[48;2;31;33;33m▀[0m
[38;2;118;121;122m[48;2;86;89;90m▀[0m[38;2;179;185;180m[48;2;217;221;218m▀[0m[38;2;178;181;178m[48;2;138;138;138m▀[0m[38;2;41;43;43m[48;2;0;0;0m▀[0m[38;2;44;46;46m[48;2;204;208;205m▀[0m[38;2;136;137;134m[48;2;255;255;255m▀[0m[38;2;255;255;255m[48;2;255;255;255m▀[0m[38;2;0;0;0m[48;2;98;101;97m▀[0m[38;2;0;0;0m[48;2;100;103;100m▀[0m[38;2;204;207;207m[48;2;251;254;251m▀[0m[38;2;0;0;0m[48;2;0;0;0m▀[0m[38;2;0;0;0m[48;2;255;255;255m▀[0m[38;2;255;255;255m[48;2;187;189;187m▀[0m[38;2;0;1;1m[48;2;0;0;0m▀[0m[38;2;0;0;0m[48;2;0;0;0m▀[0m[38;2;28;28;28m[48;2;70;73;74m▀[0m[38;2;105;105;103m[48;2;229;233;230m▀[0m[38;2;0;0;0m[48;2;176;181;176m▀[0m[38;2;108;110;111m[48;2;255;255;255m▀[0m[38;2;154;146;170m[48;2;35;75;0m▀[0m[38;2;255;255;255m[48;2;255;255;251m▀[0m[38;2;15;12;15m[48;2;255;255;255m▀[0m[38;2;0;0;0m[48;2;0;0;0m▀[0m[38;2;160;163;164m[48;2;195;202;203m▀[0m[38;2;80;84;81m[48;2;59;63;60m▀[0m[38;2;0;0;0m[48;2;0;0;0m▀[0m[38;2;21;23;23m[48;2;27;29;29m▀[0m[38;2;13;12;12m[48;2;15;15;15m▀[0m[38;2;23;25;25m[48;2;31;31;31m▀[0m[38;2;16;18;18m[48;2;17;19;19m▀[0m[38;2;5;4;4m[48;2;7;7;5m▀[0m[38;2;0;0;0m[48;2;0;0;0m▀[0m[38;2;26;29;29m[48;2;35;35;37m▀[0m[38;2;13;15;13m[48;2;16;18;18m▀[0m[38;2;0;0;0m[48;2;0;0;0m▀[0m[38;2;33;37;34m[48;2;45;47;47m▀[0m
[38;2;90;93;92m[48;2;92;95;96m▀[0m[38;2;212;218;216m[48;2;255;255;255m▀[0m[38;2;52;57;59m[48;2;135;137;137m▀[0m[38;2;75;77;77m[48;2;53;55;55m▀[0m[38;2;241;245;242m[48;2;228;228;226m▀[0m[38;2;255;255;255m[48;2;255;255;255m▀[0m[38;2;255;255;255m[48;2;255;255;255m▀[0m[38;2;255;255;255m[48;2;255;255;255m▀[0m[38;2;255;255;255m[48;2;255;255;255m▀[0m[38;2;22;22;22m[48;2;0;0;0m▀[0m[38;2;0;0;0m[48;2;0;0;0m▀[0m[38;2;47;49;49m[48;2;0;0;0m▀[0m[38;2;160;163;163m[48;2;205;205;205m▀[0m[38;2;0;0;0m[48;2;80;79;79m▀[0m[38;2;0;0;0m[48;2;0;0;0m▀[0m[38;2;0;0;0m[48;2;0;0;0m▀[0m[38;2;204;208;209m[48;2;0;0;0m▀[0m[38;2;225;229;225m[48;2;98;107;108m▀[0m[38;2;137;132;154m[48;2;251;255;255m▀[0m[38;2;0;14;0m[48;2;156;161;185m▀[0m[38;2;0;18;0m[48;2;113;124;155m▀[0m[38;2;143;142;167m[48;2;189;218;216m▀[0m[38;2;28;36;32m[48;2;194;239;242m▀[0m[38;2;58;63;65m[48;2;167;199;199m▀[0m[38;2;160;168;167m[48;2;84;98;97m▀[0m[38;2;12;15;15m[48;2;0;0;0m▀[0m[38;2;20;23;23m[48;2;20;26;24m▀[0m[38;2;21;21;21m[48;2;23;27;27m▀[0m[38;2;36;36;36m[48;2;33;37;37m▀[0m[38;2;18;20;20m[48;2;19;17;20m▀[0m[38;2;5;5;3m[48;2;10;13;12m▀[0m[38;2;0;0;0m[48;2;18;18;19m▀[0m[38;2;34;37;37m[48;2;38;41;41m▀[0m[38;2;20;20;20m[48;2;21;21;21m▀[0m[38;2;0;0;0m[48;2;0;0;1m▀[0m[38;2;42;44;44m[48;2;38;41;40m▀[0m
[38;2;138;142;139m[48;2;99;99;99m▀[0m[38;2;255;255;255m[48;2;16;15;15m▀[0m[38;2;97;96;96m[48;2;0;0;0m▀[0m[38;2;0;0;0m[48;2;0;0;0m▀[0m[38;2;0;0;0m[48;2;0;0;0m▀[0m[38;2;242;243;240m[48;2;233;238;235m▀[0m[38;2;255;255;255m[48;2;255;255;255m▀[0m[38;2;255;255;255m[48;2;103;105;105m▀[0m[38;2;0;0;0m[48;2;0;0;0m▀[0m[38;2;0;0;0m[48;2;173;174;171m▀[0m[38;2;0;0;0m[48;2;118;119;116m▀[0m[38;2;0;0;0m[48;2;11;13;13m▀[0m[38;2;150;153;150m[48;2;0;0;0m▀[0m[38;2;227;230;227m[48;2;121;126;126m▀[0m[38;2;69;71;71m[48;2;84;95;95m▀[0m[38;2;0;0;0m[48;2;3;24;25m▀[0m[38;2;87;96;97m[48;2;32;82;84m▀[0m[38;2;255;255;255m[48;2;255;255;255m▀[0m[38;2;40;104;110m[48;2;11;6;5m▀[0m[38;2;130;238;244m[48;2;184;36;28m▀[0m[38;2;255;255;255m[48;2;255;38;31m▀[0m[38;2;255;255;255m[48;2;240;26;17m▀[0m[38;2;255;255;252m[48;2;255;0;0m▀[0m[38;2;255;255;255m[48;2;255;8;2m▀[0m[38;2;250;255;255m[48;2;255;255;255m▀[0m[38;2;108;127;126m[48;2;255;255;255m▀[0m[38;2;0;0;0m[48;2;138;177;176m▀[0m[38;2;10;17;17m[48;2;21;38;36m▀[0m[38;2;38;40;38m[48;2;29;34;35m▀[0m[38;2;20;19;19m[48;2;21;21;21m▀[0m[38;2;6;9;10m[48;2;16;14;17m▀[0m[38;2;18;18;15m[48;2;0;0;0m▀[0m[38;2;43;46;46m[48;2;44;44;44m▀[0m[38;2;22;22;22m[48;2;28;28;26m▀[0m[38;2;9;9;9m[48;2;13;13;13m▀[0m[38;2;13;15;15m[48;2;12;14;14m▀[0m
[38;2;45;45;45m[48;2;22;21;21m▀[0m[38;2;0;0;0m[48;2;0;0;0m▀[0m[38;2;81;84;84m[48;2;231;233;231m▀[0m[38;2;119;121;121m[48;2;115;114;114m▀[0m[38;2;0;0;0m[48;2;0;0;0m▀[0m[38;2;255;255;255m[48;2;255;255;255m▀[0m[38;2;255;255;255m[48;2;255;255;255m▀[0m[38;2;52;54;54m[48;2;0;0;0m▀[0m[38;2;30;33;32m[48;2;0;0;0m▀[0m[38;2;255;255;255m[48;2;195;195;195m▀[0m[38;2;193;197;194m[48;2;179;181;181m▀[0m[38;2;0;0;0m[48;2;0;0;0m▀[0m[38;2;0;0;0m[48;2;0;0;0m▀[0m[38;2;0;0;0m[48;2;0;0;0m▀[0m[38;2;0;0;0m[48;2;0;0;0m▀[0m[38;2;0;0;0m[48;2;0;0;0m▀[0m[38;2;0;0;0m[48;2;160;0;0m▀[0m[38;2;255;15;9m[48;2;255;0;0m▀[0m[38;2;255;0;0m[48;2;191;163;160m▀[0m[38;2;255;0;0m[48;2;253;34;24m▀[0m[38;2;255;0;0m[48;2;255;0;0m▀[0m[38;2;255;0;0m[48;2;255;0;0m▀[0m[38;2;255;26;7m[48;2;227;114;105m▀[0m[38;2;255;0;0m[48;2;255;0;0m▀[0m[38;2;255;0;0m[48;2;238;0;0m▀[0m[38;2;198;68;61m[48;2;255;0;0m▀[0m[38;2;0;93;95m[48;2;156;0;0m▀[0m[38;2;122;162;164m[48;2;44;164;166m▀[0m[38;2;20;36;34m[48;2;18;48;52m▀[0m[38;2;11;15;17m[48;2;0;9;9m▀[0m[38;2;16;19;19m[48;2;12;16;15m▀[0m[38;2;0;0;0m[48;2;0;0;0m▀[0m[38;2;41;44;41m[48;2;38;41;38m▀[0m[38;2;30;33;30m[48;2;33;36;36m▀[0m[38;2;15;14;14m[48;2;16;20;16m▀[0m[38;2;13;15;15m[48;2;14;16;16m▀[0m
[38;2;0;0;0m[48;2;0;0;0m▀[0m[38;2;0;2;2m[48;2;0;0;0m▀[0m[38;2;138;140;141m[48;2;0;0;0m▀[0m[38;2;0;0;0m[48;2;0;0;0m▀[0m[38;2;85;88;88m[48;2;234;239;234m▀[0m[38;2;255;255;255m[48;2;255;255;255m▀[0m[38;2;255;255;255m[48;2;255;255;255m▀[0m[38;2;0;0;0m[48;2;0;0;0m▀[0m[38;2;0;0;0m[48;2;0;0;0m▀[0m[38;2;216;218;218m[48;2;41;39;42m▀[0m[38;2;255;255;255m[48;2;77;77;78m▀[0m[38;2;32;35;35m[48;2;87;92;89m▀[0m[38;2;86;89;89m[48;2;127;129;130m▀[0m[38;2;0;0;0m[48;2;0;2;2m▀[0m[38;2;61;0;0m[48;2;0;0;0m▀[0m[38;2;208;0;0m[48;2;254;110;104m▀[0m[38;2;236;0;0m[48;2;255;255;255m▀[0m[38;2;64;94;51m[48;2;255;255;255m▀[0m[38;2;73;66;14m[48;2;255;0;0m▀[0m[38;2;255;0;0m[48;2;255;30;28m▀[0m[38;2;255;14;5m[48;2;149;255;255m▀[0m[38;2;232;255;255m[48;2;236;255;255m▀[0m[38;2;222;255;253m[48;2;255;24;15m▀[0m[38;2;255;56;40m[48;2;255;0;0m▀[0m[38;2;231;1;0m[48;2;239;29;5m▀[0m[38;2;255;0;0m[48;2;255;0;0m▀[0m[38;2;255;0;0m[48;2;255;0;0m▀[0m[38;2;255;198;190m[48;2;255;23;0m▀[0m[38;2;0;82;87m[48;2;137;206;206m▀[0m[38;2;2;22;26m[48;2;0;27;32m▀[0m[38;2;19;26;31m[48;2;25;36;36m▀[0m[38;2;0;0;0m[48;2;0;0;0m▀[0m[38;2;44;47;47m[48;2;42;46;46m▀[0m[38;2;33;36;36m[48;2;35;37;37m▀[0m[38;2;18;22;22m[48;2;19;22;22m▀[0m[38;2;15;17;17m[48;2;21;25;25m▀[0m
[38;2;108;107;107m[48;2;0;0;0m▀[0m[38;2;74;74;74m[48;2;40;42;42m▀[0m[38;2;0;0;0m[48;2;0;0;0m▀[0m[38;2;0;0;0m[48;2;54;56;56m▀[0m[38;2;255;255;255m[48;2;255;255;255m▀[0m[38;2;255;255;255m[48;2;255;255;255m▀[0m[38;2;255;255;255m[48;2;255;255;255m▀[0m[38;2;0;0;0m[48;2;39;41;41m▀[0m[38;2;0;0;0m[48;2;57;59;59m▀[0m[38;2;0;0;0m[48;2;46;46;46m▀[0m[38;2;0;0;0m[48;2;75;77;77m▀[0m[38;2;34;38;35m[48;2;0;0;0m▀[0m[38;2;31;35;39m[48;2;15;18;19m▀[0m[38;2;0;10;10m[48;2;0;0;0m▀[0m[38;2;0;0;0m[48;2;102;122;123m▀[0m[38;2;204;255;255m[48;2;168;129;120m▀[0m[38;2;213;255;255m[48;2;0;0;0m▀[0m[38;2;255;255;255m[48;2;255;255;255m▀[0m[38;2;255;99;99m[48;2;255;255;255m▀[0m[38;2;255;255;255m[48;2;255;255;255m▀[0m[38;2;0;141;27m[48;2;210;255;255m▀[0m[38;2;37;131;122m[48;2;0;152;146m▀[0m[38;2;255;0;0m[48;2;173;0;0m▀[0m[38;2;255;0;0m[48;2;255;0;0m▀[0m[38;2;255;0;0m[48;2;255;0;0m▀[0m[38;2;255;0;0m[48;2;253;0;0m▀[0m[38;2;255;0;0m[48;2;255;0;0m▀[0m[38;2;255;0;0m[48;2;255;0;0m▀[0m[38;2;255;134;122m[48;2;255;45;27m▀[0m[38;2;0;95;95m[48;2;55;146;148m▀[0m[38;2;7;23;23m[48;2;0;22;22m▀[0m[38;2;0;0;0m[48;2;0;0;0m▀[0m[38;2;44;46;46m[48;2;45;49;49m▀[0m[38;2;37;39;39m[48;2;39;41;41m▀[0m[38;2;16;19;19m[48;2;16;19;16m▀[0m[38;2;41;41;41m[48;2;51;51;51m▀[0m
[38;2;0;2;2m[48;2;168;173;170m▀[0m[38;2;84;87;87m[48;2;216;221;218m▀[0m[38;2;110;115;119m[48;2;108;113;110m▀[0m[38;2;103;103;104m[48;2;129;131;129m▀[0m[38;2;255;255;255m[48;2;255;255;255m▀[0m[38;2;255;255;255m[48;2;255;255;255m▀[0m[38;2;255;255;255m[48;2;255;255;255m▀[0m[38;2;51;53;54m[48;2;0;0;0m▀[0m[38;2;15;18;20m[48;2;0;0;0m▀[0m[38;2;30;30;30m[48;2;0;0;0m▀[0m[38;2;102;105;104m[48;2;0;0;0m▀[0m[38;2;39;44;44m[48;2;0;0;0m▀[0m[38;2;81;88;89m[48;2;0;0;0m▀[0m[38;2;0;0;0m[48;2;0;0;0m▀[0m[38;2;202;242;244m[48;2;69;24;22m▀[0m[38;2;255;255;255m[48;2;220;237;239m▀[0m[38;2;210;34;24m[48;2;255;255;255m▀[0m[38;2;255;255;255m[48;2;255;255;255m▀[0m[38;2;255;255;255m[48;2;244;231;224m▀[0m[38;2;253;255;255m[48;2;255;111;103m▀[0m[38;2;255;255;255m[48;2;255;0;0m▀[0m[38;2;231;218;215m[48;2;255;0;0m▀[0m[38;2;255;0;0m[48;2;255;0;0m▀[0m[38;2;255;0;0m[48;2;255;0;0m▀[0m[38;2;255;0;0m[48;2;171;0;0m▀[0m[38;2;236;0;0m[48;2;255;0;0m▀[0m[38;2;255;0;0m[48;2;255;0;0m▀[0m[38;2;255;0;0m[48;2;255;0;0m▀[0m[38;2;255;6;0m[48;2;255;0;0m▀[0m[38;2;128;168;167m[48;2;209;144;141m▀[0m[38;2;0;32;36m[48;2;0;53;53m▀[0m[38;2;0;0;0m[48;2;0;0;0m▀[0m[38;2;48;51;51m[48;2;47;51;53m▀[0m[38;2;47;46;46m[48;2;50;51;48m▀[0m[38;2;17;20;17m[48;2;19;22;22m▀[0m[38;2;33;33;34m[48;2;30;32;32m▀[0m
[38;2;154;159;158m[48;2;13;16;15m▀[0m[38;2;212;218;213m[48;2;175;179;176m▀[0m[38;2;79;84;83m[48;2;78;82;82m▀[0m[38;2;185;187;185m[48;2;255;255;255m▀[0m[38;2;255;255;255m[48;2;255;255;255m▀[0m[38;2;255;255;255m[48;2;255;255;255m▀[0m[38;2;255;255;255m[48;2;255;255;255m▀[0m[38;2;181;181;182m[48;2;255;255;255m▀[0m[38;2;0;0;0m[48;2;255;255;255m▀[0m[38;2;0;0;0m[48;2;220;239;238m▀[0m[38;2;0;0;0m[48;2;170;14;5m▀[0m[38;2;0;0;0m[48;2;2;0;0m▀[0m[38;2;0;0;0m[48;2;0;0;0m▀[0m[38;2;0;0;0m[48;2;0;0;0m▀[0m[38;2;20;0;0m[48;2;9;0;0m▀[0m[38;2;20;0;0m[48;2;204;0;0m▀[0m[38;2;199;88;75m[48;2;209;0;0m▀[0m[38;2;229;255;255m[48;2;65;153;151m▀[0m[38;2;255;255;255m[48;2;192;255;255m▀[0m[38;2;254;251;244m[48;2;191;173;161m▀[0m[38;2;213;45;41m[48;2;255;0;0m▀[0m[38;2;255;0;0m[48;2;255;0;0m▀[0m[38;2;255;0;0m[48;2;242;16;12m▀[0m[38;2;255;24;18m[48;2;140;217;222m▀[0m[38;2;140;16;10m[48;2;255;3;0m▀[0m[38;2;255;0;0m[48;2;255;0;0m▀[0m[38;2;241;0;0m[48;2;214;0;0m▀[0m[38;2;255;0;0m[48;2;255;0;0m▀[0m[38;2;255;0;0m[48;2;255;20;0m▀[0m[38;2;255;173;166m[48;2;255;255;255m▀[0m[38;2;0;56;59m[48;2;0;51;51m▀[0m[38;2;0;0;0m[48;2;0;0;0m▀[0m[38;2;49;53;53m[48;2;49;53;53m▀[0m[38;2;46;48;48m[48;2;45;47;47m▀[0m[38;2;22;25;25m[48;2;23;26;26m▀[0m[38;2;32;34;34m[48;2;34;36;36m▀[0m
[38;2;0;0;0m[48;2;0;0;0m▀[0m[38;2;77;79;77m[48;2;0;0;0m▀[0m[38;2;174;174;174m[48;2;237;241;238m▀[0m[38;2;0;0;0m[48;2;53;53;53m▀[0m[38;2;246;248;246m[48;2;0;0;0m▀[0m[38;2;255;255;255m[48;2;92;92;92m▀[0m[38;2;255;255;255m[48;2;255;255;255m▀[0m[38;2;243;248;244m[48;2;255;255;255m▀[0m[38;2;221;226;225m[48;2;255;255;255m▀[0m[38;2;255;255;255m[48;2;252;255;255m▀[0m[38;2;255;255;255m[48;2;255;255;255m▀[0m[38;2;255;0;0m[48;2;255;82;73m▀[0m[38;2;255;255;255m[48;2;255;65;50m▀[0m[38;2;215;187;178m[48;2;255;255;255m▀[0m[38;2;243;192;187m[48;2;255;161;144m▀[0m[38;2;241;255;255m[48;2;255;193;182m▀[0m[38;2;214;223;222m[48;2;244;255;255m▀[0m[38;2;123;204;208m[48;2;255;255;255m▀[0m[38;2;142;41;38m[48;2;229;255;255m▀[0m[38;2;255;0;0m[48;2;233;42;40m▀[0m[38;2;231;0;0m[48;2;255;0;0m▀[0m[38;2;211;0;0m[48;2;255;0;0m▀[0m[38;2;105;4;2m[48;2;255;0;0m▀[0m[38;2;181;7;0m[48;2;254;0;0m▀[0m[38;2;255;0;0m[48;2;255;0;0m▀[0m[38;2;255;0;0m[48;2;255;0;0m▀[0m[38;2;212;0;0m[48;2;238;0;0m▀[0m[38;2;215;0;0m[48;2;100;0;0m▀[0m[38;2;255;28;15m[48;2;255;188;180m▀[0m[38;2;255;255;255m[48;2;255;194;181m▀[0m[38;2;20;59;61m[48;2;24;76;75m▀[0m[38;2;0;0;0m[48;2;0;0;0m▀[0m[38;2;51;54;56m[48;2;53;58;58m▀[0m[38;2;48;50;50m[48;2;52;50;53m▀[0m[38;2;23;25;25m[48;2;20;22;22m▀[0m[38;2;33;35;35m[48;2;34;36;36m▀[0m
[38;2;0;0;0m[48;2;0;0;0m▀[0m[38;2;0;0;0m[48;2;0;0;0m▀[0m[38;2;84;88;88m[48;2;0;0;0m▀[0m[38;2;216;219;219m[48;2;0;0;0m▀[0m[38;2;0;0;0m[48;2;0;0;0m▀[0m[38;2;0;0;0m[48;2;0;0;0m▀[0m[38;2;0;0;0m[48;2;0;0;0m▀[0m[38;2;118;122;122m[48;2;0;0;0m▀[0m[38;2;255;255;255m[48;2;0;1;1m▀[0m[38;2;255;255;255m[48;2;88;92;92m▀[0m[38;2;255;255;255m[48;2;215;227;230m▀[0m[38;2;255;255;255m[48;2;255;255;255m▀[0m[38;2;239;0;0m[48;2;255;255;255m▀[0m[38;2;255;127;114m[48;2;255;143;132m▀[0m[38;2;255;255;255m[48;2;255;221;211m▀[0m[38;2;255;39;22m[48;2;255;255;255m▀[0m[38;2;255;0;0m[48;2;255;158;150m▀[0m[38;2;255;0;0m[48;2;255;78;70m▀[0m[38;2;255;0;0m[48;2;255;115;104m▀[0m[38;2;255;0;0m[48;2;252;255;255m▀[0m[38;2;255;65;55m[48;2;255;255;255m▀[0m[38;2;243;28;16m[48;2;238;255;255m▀[0m[38;2;74;0;0m[48;2;127;58;55m▀[0m[38;2;255;0;0m[48;2;255;0;0m▀[0m[38;2;255;0;0m[48;2;255;0;0m▀[0m[38;2;255;0;0m[48;2;210;0;0m▀[0m[38;2;255;0;0m[48;2;255;0;0m▀[0m[38;2;2;20;22m[48;2;106;5;0m▀[0m[38;2;123;214;216m[48;2;33;191;197m▀[0m[38;2;255;136;124m[48;2;255;208;190m▀[0m[38;2;40;79;78m[48;2;194;180;166m▀[0m[38;2;0;0;0m[48;2;0;0;0m▀[0m[38;2;50;55;55m[48;2;43;45;45m▀[0m[38;2;48;50;50m[48;2;52;56;56m▀[0m[38;2;22;24;24m[48;2;24;26;26m▀[0m[38;2;35;37;35m[48;2;33;35;35m▀[0m
[38;2;0;0;0m[48;2;1;1;1m▀[0m[38;2;0;0;0m[48;2;1;1;1m▀[0m[38;2;0;0;0m[48;2;1;1;1m▀[0m[38;2;0;0;0m[48;2;2;2;2m▀[0m[38;2;0;0;0m[48;2;0;0;2m▀[0m[38;2;0;0;0m[48;2;0;0;0m▀[0m[38;2;0;0;0m[48;2;13;13;13m▀[0m[38;2;2;1;1m[48;2;17;19;19m▀[0m[38;2;89;92;92m[48;2;29;31;31m▀[0m[38;2;0;0;0m[48;2;0;0;0m▀[0m[38;2;0;0;0m[48;2;0;0;0m▀[0m[38;2;0;0;0m[48;2;0;0;0m▀[0m[38;2;51;81;81m[48;2;0;0;0m▀[0m[38;2;123;201;207m[48;2;0;0;0m▀[0m[38;2;221;216;215m[48;2;243;0;0m▀[0m[38;2;255;245;240m[48;2;97;0;0m▀[0m[38;2;255;255;255m[48;2;213;255;255m▀[0m[38;2;252;255;255m[48;2;255;255;255m▀[0m[38;2;255;255;255m[48;2;255;255;255m▀[0m[38;2;255;255;255m[48;2;241;255;255m▀[0m[38;2;232;255;255m[48;2;255;255;255m▀[0m[38;2;255;249;244m[48;2;251;255;255m▀[0m[38;2;217;173;166m[48;2;147;255;255m▀[0m[38;2;221;0;0m[48;2;175;13;0m▀[0m[38;2;255;0;0m[48;2;212;0;0m▀[0m[38;2;255;0;0m[48;2;255;0;0m▀[0m[38;2;255;0;0m[48;2;204;0;0m▀[0m[38;2;255;0;0m[48;2;255;0;0m▀[0m[38;2;255;123;111m[48;2;255;140;124m▀[0m[38;2;202;203;199m[48;2;57;182;186m▀[0m[38;2;42;85;82m[48;2;4;27;30m▀[0m[38;2;0;0;0m[48;2;0;0;0m▀[0m[38;2;29;36;36m[48;2;35;40;40m▀[0m[38;2;56;60;61m[48;2;57;59;60m▀[0m[38;2;28;31;28m[48;2;35;35;35m▀[0m[38;2;27;30;30m[48;2;26;26;26m▀[0m
