[38;2;42;44;44m[48;2;9;9;9m▀[0m[38;2;65;65;65m[48;2;45;47;47m▀[0m[38;2;58;58;58m[48;2;64;67;64m▀[0m[38;2;47;49;49m[48;2;57;60;57m▀[0m[38;2;36;35;36m[48;2;41;44;41m▀[0m[38;2;60;59;60m[48;2;42;44;46m▀[0m[38;2;58;58;58m[48;2;39;39;39m▀[0m[38;2;53;56;53m[48;2;46;43;46m▀[0m[38;2;52;52;52m[48;2;44;44;44m▀[0m[38;2;52;52;52m[48;2;42;45;45m▀[0m[38;2;51;51;52m[48;2;45;44;44m▀[0m[38;2;53;53;54m[48;2;47;47;47m▀[0m[38;2;59;59;61m[48;2;67;70;70m▀[0m[38;2;72;74;74m[48;2;29;29;29m▀[0m[38;2;11;13;13m[48;2;0;0;0m▀[0m[38;2;0;0;0m[48;2;0;0;0m▀[0m[38;2;0;0;0m[48;2;0;2;2m▀[0m[38;2;2;17;20m[48;2;14;0;0m▀[0m[38;2;38;15;15m[48;2;81;0;0m▀[0m[38;2;2;9;10m[48;2;0;0;0m▀[0m[38;2;0;7;7m[48;2;0;0;0m▀[0m[38;2;7;9;9m[48;2;0;0;0m▀[0m[38;2;0;0;0m[48;2;12;12;12m▀[0m[38;2;0;0;0m[48;2;0;0;0m▀[0m[38;2;8;11;11m[48;2;0;0;0m▀[0m[38;2;73;76;76m[48;2;43;46;46m▀[0m[38;2;60;60;60m[48;2;64;67;67m▀[0m[38;2;57;57;55m[48;2;47;47;47m▀[0m[38;2;53;53;53m[48;2;45;45;45m▀[0m[38;2;53;53;53m[48;2;42;45;45m▀[0m[38;2;56;56;56m[48;2;45;45;45m▀[0m[38;2;57;57;57m[48;2;44;44;47m▀[0m[38;2;56;56;56m[48;2;34;37;37m▀[0m[38;2;32;32;32m[48;2;47;47;47m▀[0m[38;2;51;55;55m[48;2;60;60;60m▀[0m[38;2;57;57;57m[48;2;55;53;56m▀[0m
[38;2;57;56;56m[48;2;47;51;47m▀[0m[38;2;7;10;7m[48;2;54;54;54m▀[0m[38;2;47;47;47m[48;2;5;7;7m▀[0m[38;2;61;63;64m[48;2;47;49;51m▀[0m[38;2;59;59;59m[48;2;66;66;66m▀[0m[38;2;37;37;37m[48;2;54;54;54m▀[0m[38;2;42;42;45m[48;2;14;14;16m▀[0m[38;2;62;61;62m[48;2;35;37;38m▀[0m[38;2;56;56;56m[48;2;43;43;43m▀[0m[38;2;52;52;52m[48;2;39;42;39m▀[0m[38;2;52;52;52m[48;2;30;29;29m▀[0m[38;2;55;57;57m[48;2;82;84;84m▀[0m[38;2;77;80;80m[48;2;65;69;69m▀[0m[38;2;0;0;0m[48;2;0;0;0m▀[0m[38;2;0;0;0m[48;2;0;0;0m▀[0m[38;2;21;0;2m[48;2;38;0;0m▀[0m[38;2;45;56;56m[48;2;11;27;24m▀[0m[38;2;71;0;0m[48;2;58;53;55m▀[0m[38;2;87;0;0m[48;2;228;175;172m▀[0m[38;2;0;0;0m[48;2;100;122;119m▀[0m[38;2;0;0;0m[48;2;179;190;190m▀[0m[38;2;0;0;0m[48;2;81;91;89m▀[0m[38;2;17;21;21m[48;2;15;15;15m▀[0m[38;2;14;18;18m[48;2;13;15;15m▀[0m[38;2;0;0;0m[48;2;0;0;0m▀[0m[38;2;0;0;0m[48;2;0;0;0m▀[0m[38;2;71;71;71m[48;2;36;39;39m▀[0m[38;2;62;62;64m[48;2;58;61;61m▀[0m[38;2;58;58;58m[48;2;47;47;47m▀[0m[38;2;56;59;59m[48;2;47;49;49m▀[0m[38;2;55;58;58m[48;2;46;48;46m▀[0m[38;2;32;34;34m[48;2;32;34;34m▀[0m[38;2;41;41;41m[48;2;54;57;54m▀[0m[38;2;63;63;63m[48;2;66;67;64m▀[0m[38;2;59;61;61m[48;2;33;35;35m▀[0m[38;2;22;24;24m[48;2;38;40;41m▀[0m
[38;2;57;57;57m[48;2;51;51;51m▀[0m[38;2;48;48;48m[48;2;58;58;58m▀[0m[38;2;51;51;51m[48;2;48;48;48m▀[0m[38;2;8;11;11m[48;2;48;48;48m▀[0m[38;2;55;55;55m[48;2;18;21;21m▀[0m[38;2;68;68;68m[48;2;62;62;62m▀[0m[38;2;35;35;35m[48;2;65;65;65m▀[0m[38;2;46;48;46m[48;2;41;40;40m▀[0m[38;2;63;62;62m[48;2;51;53;53m▀[0m[38;2;57;57;57m[48;2;41;41;41m▀[0m[38;2;39;39;39m[48;2;61;65;66m▀[0m[38;2;167;173;172m[48;2;141;142;139m▀[0m[38;2;60;71;73m[48;2;9;0;0m▀[0m[38;2;0;0;0m[48;2;0;0;0m▀[0m[38;2;0;0;0m[48;2;4;0;0m▀[0m[38;2;24;0;0m[48;2;0;0;0m▀[0m[38;2;0;0;0m[48;2;36;46;47m▀[0m[38;2;0;0;0m[48;2;0;10;10m▀[0m[38;2;246;138;133m[48;2;72;0;0m▀[0m[38;2;255;255;255m[48;2;61;0;0m▀[0m[38;2;96;110;110m[48;2;0;0;0m▀[0m[38;2;0;0;0m[48;2;0;0;0m▀[0m[38;2;0;0;0m[48;2;0;0;0m▀[0m[38;2;7;7;9m[48;2;0;0;0m▀[0m[38;2;0;0;0m[48;2;0;1;0m▀[0m[38;2;0;0;0m[48;2;0;0;0m▀[0m[38;2;10;10;10m[48;2;9;13;10m▀[0m[38;2;72;75;75m[48;2;80;85;85m▀[0m[38;2;53;56;56m[48;2;64;63;60m▀[0m[38;2;60;60;60m[48;2;64;64;64m▀[0m[38;2;49;49;49m[48;2;42;42;42m▀[0m[38;2;36;35;35m[48;2;66;69;69m▀[0m[38;2;73;72;72m[48;2;57;56;56m▀[0m[38;2;43;45;43m[48;2;22;24;24m▀[0m[38;2;28;30;30m[48;2;47;49;49m▀[0m[38;2;49;51;49m[48;2;40;42;42m▀[0m
[38;2;40;39;40m[48;2;82;85;82m▀[0m[38;2;49;49;49m[48;2;48;47;47m▀[0m[38;2;61;61;61m[48;2;38;41;41m▀[0m[38;2;47;47;48m[48;2;16;19;19m▀[0m[38;2;46;46;46m[48;2;64;63;64m▀[0m[38;2;21;23;24m[48;2;40;42;40m▀[0m[38;2;63;63;63m[48;2;25;28;28m▀[0m[38;2;62;62;62m[48;2;40;43;40m▀[0m[38;2;45;44;44m[48;2;34;34;34m▀[0m[38;2;22;22;22m[48;2;29;29;29m▀[0m[38;2;39;48;49m[48;2;0;9;13m▀[0m[38;2;122;131;131m[48;2;146;157;159m▀[0m[38;2;206;107;94m[48;2;255;255;255m▀[0m[38;2;0;0;0m[48;2;0;0;0m▀[0m[38;2;0;0;0m[48;2;0;0;0m▀[0m[38;2;0;0;0m[48;2;90;81;78m▀[0m[38;2;246;255;255m[48;2;255;255;255m▀[0m[38;2;22;43;43m[48;2;79;99;100m▀[0m[38;2;0;0;0m[48;2;0;0;0m▀[0m[38;2;98;0;0m[48;2;0;0;0m▀[0m[38;2;0;0;0m[48;2;0;0;0m▀[0m[38;2;153;168;165m[48;2;233;255;255m▀[0m[38;2;0;0;0m[48;2;130;160;160m▀[0m[38;2;0;0;0m[48;2;37;41;42m▀[0m[38;2;0;0;0m[48;2;0;0;0m▀[0m[38;2;0;0;0m[48;2;0;0;0m▀[0m[38;2;12;15;15m[48;2;0;0;0m▀[0m[38;2;81;83;83m[48;2;126;132;131m▀[0m[38;2;34;34;34m[48;2;6;6;6m▀[0m[38;2;33;33;33m[48;2;4;7;7m▀[0m[38;2;50;46;46m[48;2;8;8;8m▀[0m[38;2;59;59;59m[48;2;0;0;0m▀[0m[38;2;14;13;13m[48;2;42;42;42m▀[0m[38;2;41;43;43m[48;2;43;45;45m▀[0m[38;2;41;43;43m[48;2;0;0;1m▀[0m[38;2;64;66;64m[48;2;47;49;51m▀[0m
[38;2;77;76;77m[48;2;61;63;61m▀[0m[38;2;66;65;65m[48;2;53;54;51m▀[0m[38;2;45;44;45m[48;2;66;68;69m▀[0m[38;2;27;27;27m[48;2;50;52;52m▀[0m[38;2;66;65;66m[48;2;34;37;34m▀[0m[38;2;67;66;66m[48;2;59;58;58m▀[0m[38;2;49;49;49m[48;2;67;66;67m▀[0m[38;2;46;46;46m[48;2;61;64;64m▀[0m[38;2;41;43;43m[48;2;48;51;51m▀[0m[38;2;8;16;16m[48;2;28;35;35m▀[0m[38;2;0;20;20m[48;2;240;255;255m▀[0m[38;2;255;255;253m[48;2;255;255;255m▀[0m[38;2;255;255;255m[48;2;255;144;142m▀[0m[38;2;226;207;200m[48;2;255;255;255m▀[0m[38;2;0;0;0m[48;2;210;202;198m▀[0m[38;2;3;33;34m[48;2;129;184;186m▀[0m[38;2;91;39;39m[48;2;208;48;44m▀[0m[38;2;77;56;55m[48;2;190;32;27m▀[0m[38;2;0;1;1m[48;2;174;217;214m▀[0m[38;2;0;0;0m[48;2;135;134;132m▀[0m[38;2;0;0;0m[48;2;148;184;185m▀[0m[38;2;89;85;85m[48;2;177;55;54m▀[0m[38;2;102;48;53m[48;2;255;42;40m▀[0m[38;2;34;48;56m[48;2;142;189;191m▀[0m[38;2;0;0;0m[48;2;0;0;0m▀[0m[38;2;0;0;0m[48;2;6;15;13m▀[0m[38;2;0;0;0m[48;2;0;0;0m▀[0m[38;2;145;155;154m[48;2;20;44;46m▀[0m[38;2;68;73;73m[48;2;76;122;122m▀[0m[38;2;49;56;56m[48;2;49;54;56m▀[0m[38;2;56;59;59m[48;2;67;71;71m▀[0m[38;2;55;57;55m[48;2;68;68;68m▀[0m[38;2;72;71;71m[48;2;51;48;48m▀[0m[38;2;41;41;41m[48;2;30;33;33m▀[0m[38;2;21;23;23m[48;2;55;57;57m▀[0m[38;2;55;57;58m[48;2;71;73;73m▀[0m
[38;2;21;24;25m[48;2;83;86;89m▀[0m[38;2;55;56;53m[48;2;56;57;54m▀[0m[38;2;52;55;55m[48;2;57;57;58m▀[0m[38;2;69;72;72m[48;2;60;65;65m▀[0m[38;2;37;37;37m[48;2;50;50;50m▀[0m[38;2;51;52;48m[48;2;20;20;20m▀[0m[38;2;68;68;68m[48;2;0;0;0m▀[0m[38;2;69;69;69m[48;2;0;0;0m▀[0m[38;2;42;46;46m[48;2;0;0;0m▀[0m[38;2;78;89;91m[48;2;47;57;58m▀[0m[38;2;162;173;172m[48;2;14;17;16m▀[0m[38;2;204;0;0m[48;2;0;0;0m▀[0m[38;2;208;175;175m[48;2;189;224;225m▀[0m[38;2;242;240;236m[48;2;215;254;246m▀[0m[38;2;170;129;126m[48;2;187;0;0m▀[0m[38;2;133;212;212m[48;2;87;0;0m▀[0m[38;2;186;226;226m[48;2;178;255;255m▀[0m[38;2;219;250;246m[48;2;196;215;214m▀[0m[38;2;239;252;250m[48;2;204;221;218m▀[0m[38;2;255;255;255m[48;2;213;223;220m▀[0m[38;2;235;244;243m[48;2;203;219;216m▀[0m[38;2;230;252;251m[48;2;215;236;232m▀[0m[38;2;239;255;255m[48;2;217;255;255m▀[0m[38;2;80;138;141m[48;2;155;53;49m▀[0m[38;2;0;0;0m[48;2;0;0;0m▀[0m[38;2;73;0;0m[48;2;147;0;0m▀[0m[38;2;88;0;0m[48;2;255;0;0m▀[0m[38;2;119;0;0m[48;2;165;13;8m▀[0m[38;2;114;39;38m[48;2;132;0;0m▀[0m[38;2;36;47;47m[48;2;11;22;22m▀[0m[38;2;53;58;58m[48;2;10;17;17m▀[0m[38;2;59;61;59m[48;2;39;39;39m▀[0m[38;2;62;62;60m[48;2;11;11;9m▀[0m[38;2;57;55;58m[48;2;42;40;43m▀[0m[38;2;54;56;54m[48;2;52;54;52m▀[0m[38;2;72;71;72m[48;2;91;90;88m▀[0m
[38;2;251;255;255m[48;2;217;228;227m▀[0m[38;2;118;125;125m[48;2;86;90;91m▀[0m[38;2;43;58;55m[48;2;54;24;21m▀[0m[38;2;61;63;61m[48;2;27;43;43m▀[0m[38;2;51;53;53m[48;2;0;0;0m▀[0m[38;2;0;0;0m[48;2;76;81;81m▀[0m[38;2;0;0;0m[48;2;139;142;142m▀[0m[38;2;10;12;14m[48;2;125;129;131m▀[0m[38;2;0;0;0m[48;2;36;25;23m▀[0m[38;2;61;66;68m[48;2;131;98;92m▀[0m[38;2;54;62;63m[48;2;69;76;76m▀[0m[38;2;72;137;138m[48;2;127;168;170m▀[0m[38;2;255;184;184m[48;2;182;49;45m▀[0m[38;2;255;151;148m[48;2;170;95;94m▀[0m[38;2;220;168;163m[48;2;255;255;255m▀[0m[38;2;242;0;0m[48;2;250;0;0m▀[0m[38;2;237;181;181m[48;2;255;0;0m▀[0m[38;2;220;255;255m[48;2;178;52;48m▀[0m[38;2;189;205;203m[48;2;182;236;235m▀[0m[38;2;156;167;166m[48;2;246;251;250m▀[0m[38;2;191;201;201m[48;2;182;230;229m▀[0m[38;2;223;255;255m[48;2;146;89;87m▀[0m[38;2;229;133;126m[48;2;255;0;0m▀[0m[38;2;255;0;0m[48;2;225;0;0m▀[0m[38;2;0;0;0m[48;2;0;19;19m▀[0m[38;2;254;0;0m[48;2;255;0;0m▀[0m[38;2;240;0;0m[48;2;229;0;0m▀[0m[38;2;0;11;14m[48;2;0;0;0m▀[0m[38;2;0;19;23m[48;2;0;4;4m▀[0m[38;2;12;29;30m[48;2;46;52;51m▀[0m[38;2;12;15;17m[48;2;51;55;57m▀[0m[38;2;41;46;46m[48;2;51;53;55m▀[0m[38;2;0;0;0m[48;2;70;72;70m▀[0m[38;2;31;29;32m[48;2;56;58;60m▀[0m[38;2;59;58;55m[48;2;24;26;26m▀[0m[38;2;88;90;88m[48;2;81;83;83m▀[0m
[38;2;150;154;155m[48;2;113;118;119m▀[0m[38;2;55;78;79m[48;2;52;73;74m▀[0m[38;2;255;130;117m[48;2;255;255;255m▀[0m[38;2;31;0;0m[48;2;120;64;56m▀[0m[38;2;53;66;69m[48;2;0;0;0m▀[0m[38;2;25;28;30m[48;2;5;8;8m▀[0m[38;2;66;70;67m[48;2;0;0;0m▀[0m[38;2;65;67;69m[48;2;0;0;0m▀[0m[38;2;0;0;0m[48;2;60;64;66m▀[0m[38;2;149;142;138m[48;2;48;52;53m▀[0m[38;2;38;45;47m[48;2;28;31;31m▀[0m[38;2;14;21;25m[48;2;0;0;0m▀[0m[38;2;0;0;0m[48;2;0;0;0m▀[0m[38;2;45;20;17m[48;2;0;0;0m▀[0m[38;2;255;255;255m[48;2;14;52;55m▀[0m[38;2;135;0;0m[48;2;0;3;5m▀[0m[38;2;93;0;0m[48;2;0;0;0m▀[0m[38;2;124;110;108m[48;2;157;77;78m▀[0m[38;2;48;116;117m[48;2;65;19;21m▀[0m[38;2;47;67;71m[48;2;0;0;0m▀[0m[38;2;9;94;92m[48;2;96;0;0m▀[0m[38;2;89;24;18m[48;2;39;14;10m▀[0m[38;2;130;0;0m[48;2;0;0;0m▀[0m[38;2;94;0;0m[48;2;0;0;0m▀[0m[38;2;0;46;46m[48;2;0;20;20m▀[0m[38;2;153;6;4m[48;2;0;0;0m▀[0m[38;2;62;0;0m[48;2;0;0;0m▀[0m[38;2;0;1;2m[48;2;0;0;0m▀[0m[38;2;22;31;32m[48;2;15;23;24m▀[0m[38;2;21;25;26m[48;2;71;74;74m▀[0m[38;2;18;21;20m[48;2;51;51;48m▀[0m[38;2;30;32;32m[48;2;0;0;0m▀[0m[38;2;35;37;37m[48;2;0;0;0m▀[0m[38;2;12;14;14m[48;2;12;15;15m▀[0m[38;2;25;25;27m[48;2;0;0;0m▀[0m[38;2;61;64;64m[48;2;60;63;63m▀[0m
[38;2;78;82;83m[48;2;7;9;10m▀[0m[38;2;95;99;98m[48;2;170;175;172m▀[0m[38;2;255;255;255m[48;2;255;255;255m▀[0m[38;2;121;132;134m[48;2;203;206;205m▀[0m[38;2;0;0;0m[48;2;0;3;6m▀[0m[38;2;1;4;4m[48;2;0;0;0m▀[0m[38;2;0;0;0m[48;2;0;0;0m▀[0m[38;2;30;26;24m[48;2;255;255;255m▀[0m[38;2;75;82;84m[48;2;100;63;57m▀[0m[38;2;47;49;49m[48;2;0;4;4m▀[0m[38;2;101;105;102m[48;2;255;255;255m▀[0m[38;2;221;221;222m[48;2;255;255;255m▀[0m[38;2;177;181;182m[48;2;211;219;217m▀[0m[38;2;116;124;125m[48;2;255;255;255m▀[0m[38;2;117;125;124m[48;2;255;255;255m▀[0m[38;2;64;99;100m[48;2;139;62;59m▀[0m[38;2;154;147;139m[48;2;153;138;136m▀[0m[38;2;19;0;0m[48;2;0;21;24m▀[0m[38;2;146;0;0m[48;2;107;0;0m▀[0m[38;2;62;0;0m[48;2;209;0;0m▀[0m[38;2;146;0;0m[48;2;44;0;0m▀[0m[38;2;0;22;25m[48;2;106;0;0m▀[0m[38;2;0;0;0m[48;2;72;0;0m▀[0m[38;2;72;85;88m[48;2;6;23;23m▀[0m[38;2;48;62;64m[48;2;243;250;251m▀[0m[38;2;0;4;1m[48;2;255;255;255m▀[0m[38;2;0;3;4m[48;2;255;255;255m▀[0m[38;2;0;0;0m[48;2;255;255;255m▀[0m[38;2;0;2;2m[48;2;85;87;88m▀[0m[38;2;109;112;109m[48;2;77;76;76m▀[0m[38;2;104;104;104m[48;2;72;74;74m▀[0m[38;2;101;101;101m[48;2;131;134;134m▀[0m[38;2;0;0;0m[48;2;0;0;0m▀[0m[38;2;8;10;10m[48;2;1;0;0m▀[0m[38;2;32;32;32m[48;2;166;170;170m▀[0m[38;2;48;48;48m[48;2;59;51;51m▀[0m
[38;2;0;0;0m[48;2;11;13;14m▀[0m[38;2;247;248;245m[48;2;255;255;255m▀[0m[38;2;255;255;255m[48;2;230;234;231m▀[0m[38;2;105;109;109m[48;2;10;12;15m▀[0m[38;2;0;0;0m[48;2;0;0;0m▀[0m[38;2;16;18;18m[48;2;0;0;0m▀[0m[38;2;0;0;0m[48;2;22;26;23m▀[0m[38;2;255;255;255m[48;2;255;255;255m▀[0m[38;2;203;189;186m[48;2;198;203;203m▀[0m[38;2;24;27;24m[48;2;81;84;84m▀[0m[38;2;255;255;255m[48;2;255;255;255m▀[0m[38;2;176;180;176m[48;2;255;255;255m▀[0m[38;2;237;241;240m[48;2;255;255;255m▀[0m[38;2;255;255;255m[48;2;238;242;241m▀[0m[38;2;149;173;168m[48;2;78;91;93m▀[0m[38;2;255;226;223m[48;2;255;255;255m▀[0m[38;2;255;255;255m[48;2;255;255;255m▀[0m[38;2;88;153;153m[48;2;255;255;255m▀[0m[38;2;69;0;0m[48;2;217;217;217m▀[0m[38;2;196;0;0m[48;2;255;87;83m▀[0m[38;2;78;0;0m[48;2;0;0;0m▀[0m[38;2;0;0;0m[48;2;0;0;0m▀[0m[38;2;0;0;0m[48;2;0;0;0m▀[0m[38;2;0;0;0m[48;2;0;0;0m▀[0m[38;2;121;126;127m[48;2;0;0;0m▀[0m[38;2;255;255;255m[48;2;230;236;235m▀[0m[38;2;255;255;255m[48;2;224;228;224m▀[0m[38;2;255;255;255m[48;2;237;239;237m▀[0m[38;2;129;133;132m[48;2;160;160;158m▀[0m[38;2;9;8;8m[48;2;0;0;0m▀[0m[38;2;79;81;82m[48;2;79;80;77m▀[0m[38;2;120;119;120m[48;2;104;106;107m▀[0m[38;2;31;32;29m[48;2;65;67;68m▀[0m[38;2;0;0;0m[48;2;0;0;0m▀[0m[38;2;136;139;139m[48;2;122;125;125m▀[0m[38;2;53;56;58m[48;2;80;83;85m▀[0m
[38;2;46;49;50m[48;2;182;193;193m▀[0m[38;2;255;255;255m[48;2;247;252;251m▀[0m[38;2;0;0;0m[48;2;0;0;0m▀[0m[38;2;0;0;0m[48;2;126;126;126m▀[0m[38;2;21;21;21m[48;2;11;13;13m▀[0m[38;2;0;0;0m[48;2;0;0;0m▀[0m[38;2;78;81;81m[48;2;123;127;124m▀[0m[38;2;255;255;255m[48;2;255;255;255m▀[0m[38;2;154;155;152m[48;2;142;146;146m▀[0m[38;2;110;112;112m[48;2;149;149;147m▀[0m[38;2;255;255;255m[48;2;255;255;255m▀[0m[38;2;242;248;246m[48;2;213;221;220m▀[0m[38;2;255;255;255m[48;2;166;175;174m▀[0m[38;2;76;91;93m[48;2;39;0;0m▀[0m[38;2;54;47;46m[48;2;255;255;255m▀[0m[38;2;255;218;211m[48;2;149;129;128m▀[0m[38;2;231;130;123m[48;2;0;0;0m▀[0m[38;2;93;86;82m[48;2;18;0;0m▀[0m[38;2;23;68;70m[48;2;0;0;0m▀[0m[38;2;0;34;37m[48;2;1;35;36m▀[0m[38;2;51;64;67m[48;2;255;248;243m▀[0m[38;2;208;76;72m[48;2;255;198;190m▀[0m[38;2;14;0;0m[48;2;255;220;220m▀[0m[38;2;0;0;0m[48;2;228;177;178m▀[0m[38;2;0;0;0m[48;2;36;0;0m▀[0m[38;2;120;130;130m[48;2;0;0;0m▀[0m[38;2;244;247;243m[48;2;208;218;217m▀[0m[38;2;210;215;211m[48;2;188;193;189m▀[0m[38;2;209;211;209m[48;2;247;249;247m▀[0m[38;2;0;0;0m[48;2;0;0;0m▀[0m[38;2;57;60;59m[48;2;72;70;66m▀[0m[38;2;81;84;83m[48;2;114;112;108m▀[0m[38;2;100;99;100m[48;2;118;122;123m▀[0m[38;2;0;0;0m[48;2;0;0;0m▀[0m[38;2;40;42;42m[48;2;64;66;66m▀[0m[38;2;83;86;83m[48;2;104;106;106m▀[0m
[38;2;255;244;242m[48;2;0;0;0m▀[0m[38;2;237;242;239m[48;2;0;0;0m▀[0m[38;2;101;105;107m[48;2;106;110;110m▀[0m[38;2;119;122;122m[48;2;76;78;76m▀[0m[38;2;50;53;53m[48;2;53;55;55m▀[0m[38;2;0;0;0m[48;2;0;0;0m▀[0m[38;2;148;149;146m[48;2;151;155;150m▀[0m[38;2;255;255;255m[48;2;255;255;255m▀[0m[38;2;63;67;67m[48;2;0;0;0m▀[0m[38;2;178;178;179m[48;2;177;179;179m▀[0m[38;2;255;255;255m[48;2;255;255;255m▀[0m[38;2;214;223;222m[48;2;185;189;186m▀[0m[38;2;45;50;50m[48;2;247;255;255m▀[0m[38;2;255;255;255m[48;2;243;209;210m▀[0m[38;2;255;255;255m[48;2;19;0;0m▀[0m[38;2;19;43;45m[48;2;24;43;42m▀[0m[38;2;0;0;0m[48;2;0;0;0m▀[0m[38;2;0;0;0m[48;2;0;1;2m▀[0m[38;2;26;0;0m[48;2;0;0;0m▀[0m[38;2;130;17;8m[48;2;58;48;52m▀[0m[38;2;255;216;212m[48;2;255;255;255m▀[0m[38;2;255;255;255m[48;2;255;255;255m▀[0m[38;2;255;255;255m[48;2;255;255;255m▀[0m[38;2;255;255;255m[48;2;255;212;206m▀[0m[38;2;255;255;255m[48;2;255;68;55m▀[0m[38;2;32;64;62m[48;2;235;109;103m▀[0m[38;2;56;74;72m[48;2;79;109;105m▀[0m[38;2;237;243;242m[48;2;231;239;238m▀[0m[38;2;255;255;255m[48;2;255;255;255m▀[0m[38;2;0;0;0m[48;2;0;0;0m▀[0m[38;2;82;74;70m[48;2;5;5;6m▀[0m[38;2;197;197;193m[48;2;176;179;180m▀[0m[38;2;107;109;110m[48;2;84;84;84m▀[0m[38;2;0;0;0m[48;2;0;0;0m▀[0m[38;2;77;79;79m[48;2;62;65;65m▀[0m[38;2;91;90;90m[48;2;88;88;88m▀[0m
