[38;2;13;18;20m[48;2;15;20;22m▀[0m[38;2;13;18;20m[48;2;15;20;24m▀[0m[38;2;14;18;20m[48;2;16;21;25m▀[0m[38;2;14;19;21m[48;2;16;21;23m▀[0m[38;2;14;19;21m[48;2;14;21;25m▀[0m[38;2;14;19;21m[48;2;15;20;24m▀[0m[38;2;15;19;23m[48;2;16;21;25m▀[0m[38;2;12;17;19m[48;2;15;20;24m▀[0m[38;2;12;16;18m[48;2;12;17;17m▀[0m[38;2;13;18;20m[48;2;14;19;21m▀[0m[38;2;4;6;7m[48;2;4;7;8m▀[0m[38;2;10;14;16m[48;2;4;4;6m▀[0m[38;2;17;27;32m[48;2;18;31;37m▀[0m[38;2;0;2;2m[48;2;0;0;0m▀[0m[38;2;0;0;0m[48;2;24;28;29m▀[0m[38;2;0;0;0m[48;2;30;37;41m▀[0m[38;2;0;1;3m[48;2;0;0;0m▀[0m[38;2;0;0;0m[48;2;10;15;20m▀[0m[38;2;9;13;15m[48;2;22;31;39m▀[0m[38;2;10;14;16m[48;2;6;14;17m▀[0m[38;2;8;12;11m[48;2;11;16;18m▀[0m[38;2;7;9;10m[48;2;10;13;15m▀[0m[38;2;8;11;13m[48;2;11;15;16m▀[0m[38;2;7;9;10m[48;2;9;13;15m▀[0m[38;2;5;4;5m[48;2;7;6;7m▀[0m[38;2;5;7;8m[48;2;7;9;10m▀[0m[38;2;4;6;6m[48;2;5;7;7m▀[0m[38;2;0;0;0m[48;2;4;1;5m▀[0m[38;2;5;7;8m[48;2;4;1;3m▀[0m[38;2;7;10;11m[48;2;8;13;15m▀[0m[38;2;6;9;10m[48;2;5;8;7m▀[0m[38;2;9;13;14m[48;2;8;12;13m▀[0m[38;2;9;12;14m[48;2;11;18;22m▀[0m[38;2;11;15;17m[48;2;9;12;12m▀[0m[38;2;8;12;14m[48;2;12;17;19m▀[0m[38;2;5;5;5m[48;2;10;15;17m▀[0m
[38;2;15;20;24m[48;2;6;16;17m▀[0m[38;2;13;18;23m[48;2;0;5;10m▀[0m[38;2;15;20;22m[48;2;0;0;0m▀[0m[38;2;13;18;22m[48;2;0;0;0m▀[0m[38;2;12;17;21m[48;2;0;0;0m▀[0m[38;2;13;18;22m[48;2;0;0;0m▀[0m[38;2;15;20;26m[48;2;0;0;0m▀[0m[38;2;16;21;25m[48;2;6;15;22m▀[0m[38;2;11;15;20m[48;2;5;14;19m▀[0m[38;2;10;17;21m[48;2;5;14;18m▀[0m[38;2;0;7;11m[48;2;0;0;0m▀[0m[38;2;0;0;0m[48;2;0;0;0m▀[0m[38;2;0;1;10m[48;2;113;101;97m▀[0m[38;2;0;7;11m[48;2;181;154;150m▀[0m[38;2;154;145;144m[48;2;208;180;175m▀[0m[38;2;143;139;142m[48;2;251;207;198m▀[0m[38;2;6;16;21m[48;2;85;88;90m▀[0m[38;2;5;13;19m[48;2;0;0;0m▀[0m[38;2;9;16;16m[48;2;0;0;0m▀[0m[38;2;11;16;18m[48;2;35;45;53m▀[0m[38;2;13;22;25m[48;2;15;24;27m▀[0m[38;2;12;17;19m[48;2;13;18;20m▀[0m[38;2;12;16;18m[48;2;12;16;18m▀[0m[38;2;12;20;24m[48;2;14;19;24m▀[0m[38;2;9;13;14m[48;2;12;16;18m▀[0m[38;2;7;10;11m[48;2;8;11;13m▀[0m[38;2;8;10;11m[48;2;8;11;13m▀[0m[38;2;5;7;8m[48;2;7;9;11m▀[0m[38;2;0;0;0m[48;2;5;1;0m▀[0m[38;2;7;10;11m[48;2;6;9;10m▀[0m[38;2;6;8;10m[48;2;7;10;12m▀[0m[38;2;8;8;8m[48;2;4;6;6m▀[0m[38;2;17;29;33m[48;2;16;24;29m▀[0m[38;2;11;15;19m[48;2;15;23;27m▀[0m[38;2;10;17;21m[48;2;10;15;17m▀[0m[38;2;15;25;33m[48;2;17;27;32m▀[0m
[38;2;0;0;0m[48;2;82;86;87m▀[0m[38;2;0;0;3m[48;2;255;184;175m▀[0m[38;2;64;77;80m[48;2;243;210;204m▀[0m[38;2;119;123;123m[48;2;132;141;139m▀[0m[38;2;156;156;158m[48;2;147;146;147m▀[0m[38;2;133;133;135m[48;2;206;205;206m▀[0m[38;2;37;41;46m[48;2;255;255;255m▀[0m[38;2;0;0;0m[48;2;110;114;119m▀[0m[38;2;0;12;17m[48;2;0;0;0m▀[0m[38;2;0;0;0m[48;2;0;0;5m▀[0m[38;2;0;0;0m[48;2;171;149;149m▀[0m[38;2;124;110;111m[48;2;255;255;255m▀[0m[38;2;255;255;255m[48;2;255;255;255m▀[0m[38;2;195;200;202m[48;2;50;57;57m▀[0m[38;2;57;63;62m[48;2;78;81;81m▀[0m[38;2;99;98;98m[48;2;105;108;108m▀[0m[38;2;49;54;54m[48;2;81;83;83m▀[0m[38;2;0;3;4m[48;2;0;0;0m▀[0m[38;2;15;25;28m[48;2;0;0;0m▀[0m[38;2;41;49;54m[48;2;0;0;0m▀[0m[38;2;15;24;29m[48;2;0;0;0m▀[0m[38;2;15;20;24m[48;2;6;13;14m▀[0m[38;2;12;17;21m[48;2;13;20;22m▀[0m[38;2;18;23;28m[48;2;15;20;24m▀[0m[38;2;14;19;21m[48;2;15;20;26m▀[0m[38;2;9;13;15m[48;2;11;15;14m▀[0m[38;2;11;15;17m[48;2;12;22;25m▀[0m[38;2;8;10;12m[48;2;12;15;21m▀[0m[38;2;6;5;3m[48;2;7;4;8m▀[0m[38;2;3;3;4m[48;2;2;2;0m▀[0m[38;2;9;12;14m[48;2;13;16;15m▀[0m[38;2;8;8;9m[48;2;8;11;13m▀[0m[38;2;10;17;22m[48;2;5;9;9m▀[0m[38;2;26;36;43m[48;2;13;21;26m▀[0m[38;2;9;13;13m[48;2;7;11;13m▀[0m[38;2;8;13;12m[48;2;8;8;9m▀[0m
[38;2;222;182;170m[48;2;90;92;95m▀[0m[38;2;138;130;130m[48;2;49;69;71m▀[0m[38;2;165;120;118m[48;2;89;98;97m▀[0m[38;2;75;73;71m[48;2;112;118;117m▀[0m[38;2;54;59;64m[48;2;63;68;70m▀[0m[38;2;10;13;14m[48;2;44;49;51m▀[0m[38;2;122;125;126m[48;2;0;0;0m▀[0m[38;2;253;255;255m[48;2;137;118;113m▀[0m[38;2;55;57;58m[48;2;97;60;58m▀[0m[38;2;158;135;136m[48;2;49;52;53m▀[0m[38;2;238;228;232m[48;2;241;246;247m▀[0m[38;2;218;226;230m[48;2;36;45;44m▀[0m[38;2;218;216;219m[48;2;146;136;136m▀[0m[38;2;80;80;81m[48;2;140;127;127m▀[0m[38;2;80;83;83m[48;2;76;78;78m▀[0m[38;2;97;96;97m[48;2;98;98;98m▀[0m[38;2;106;106;106m[48;2;108;108;106m▀[0m[38;2;18;23;27m[48;2;77;76;77m▀[0m[38;2;0;0;0m[48;2;12;21;24m▀[0m[38;2;16;21;25m[48;2;5;10;15m▀[0m[38;2;13;17;21m[48;2;20;25;30m▀[0m[38;2;12;16;16m[48;2;13;18;20m▀[0m[38;2;15;20;24m[48;2;16;21;25m▀[0m[38;2;15;19;23m[48;2;15;20;24m▀[0m[38;2;15;19;24m[48;2;15;20;24m▀[0m[38;2;12;16;18m[48;2;14;18;22m▀[0m[38;2;12;17;19m[48;2;9;13;14m▀[0m[38;2;16;24;29m[48;2;20;25;33m▀[0m[38;2;10;13;15m[48;2;13;17;21m▀[0m[38;2;1;4;4m[48;2;10;10;12m▀[0m[38;2;15;22;22m[48;2;18;22;27m▀[0m[38;2;9;12;14m[48;2;14;21;26m▀[0m[38;2;8;12;14m[48;2;3;7;7m▀[0m[38;2;10;15;17m[48;2;0;0;0m▀[0m[38;2;2;5;5m[48;2;0;0;0m▀[0m[38;2;0;0;0m[48;2;13;20;25m▀[0m
[38;2;109;117;120m[48;2;94;97;98m▀[0m[38;2;20;27;27m[48;2;10;32;32m▀[0m[38;2;0;21;21m[48;2;81;0;0m▀[0m[38;2;69;84;86m[48;2;109;56;52m▀[0m[38;2;68;76;79m[48;2;80;108;112m▀[0m[38;2;0;6;9m[48;2;234;212;209m▀[0m[38;2;172;153;152m[48;2;198;156;154m▀[0m[38;2;159;91;88m[48;2;0;14;14m▀[0m[38;2;123;131;134m[48;2;79;89;89m▀[0m[38;2;146;151;151m[48;2;98;101;100m▀[0m[38;2;13;17;17m[48;2;111;114;113m▀[0m[38;2;52;57;56m[48;2;90;94;93m▀[0m[38;2;32;29;29m[48;2;0;0;0m▀[0m[38;2;109;90;88m[48;2;0;0;1m▀[0m[38;2;94;96;97m[48;2;107;106;106m▀[0m[38;2;93;96;95m[48;2;92;95;94m▀[0m[38;2;114;113;111m[48;2;112;114;112m▀[0m[38;2;55;57;58m[48;2;58;60;60m▀[0m[38;2;2;12;17m[48;2;0;0;0m▀[0m[38;2;4;8;12m[48;2;4;14;18m▀[0m[38;2;15;22;26m[48;2;12;19;23m▀[0m[38;2;14;19;23m[48;2;11;16;20m▀[0m[38;2;15;22;26m[48;2;11;18;20m▀[0m[38;2;15;20;24m[48;2;13;18;22m▀[0m[38;2;19;26;30m[48;2;16;23;27m▀[0m[38;2;15;22;26m[48;2;18;26;31m▀[0m[38;2;1;4;5m[48;2;0;0;0m▀[0m[38;2;18;22;29m[48;2;0;0;0m▀[0m[38;2;14;19;23m[48;2;10;15;20m▀[0m[38;2;11;15;15m[48;2;4;7;9m▀[0m[38;2;13;18;20m[48;2;9;13;15m▀[0m[38;2;13;21;26m[48;2;25;33;36m▀[0m[38;2;2;4;4m[48;2;11;13;15m▀[0m[38;2;16;20;25m[48;2;14;23;26m▀[0m[38;2;10;10;12m[48;2;12;17;19m▀[0m[38;2;13;18;24m[48;2;14;21;23m▀[0m
[38;2;13;41;45m[48;2;8;0;0m▀[0m[38;2;29;38;37m[48;2;91;83;79m▀[0m[38;2;170;93;87m[48;2;105;139;140m▀[0m[38;2;106;116;111m[48;2;90;107;107m▀[0m[38;2;173;170;172m[48;2;159;137;136m▀[0m[38;2;221;171;166m[48;2;106;97;90m▀[0m[38;2;45;59;61m[48;2;76;87;89m▀[0m[38;2;59;67;67m[48;2;97;103;101m▀[0m[38;2;93;96;98m[48;2;94;115;116m▀[0m[38;2;101;119;119m[48;2;96;62;62m▀[0m[38;2;82;102;102m[48;2;6;0;0m▀[0m[38;2;28;33;34m[48;2;0;30;32m▀[0m[38;2;58;63;71m[48;2;99;120;120m▀[0m[38;2;0;0;1m[48;2;113;125;130m▀[0m[38;2;51;54;56m[48;2;20;27;27m▀[0m[38;2;110;110;108m[48;2;103;107;107m▀[0m[38;2;108;111;110m[48;2;105;109;108m▀[0m[38;2;73;75;73m[48;2;79;82;81m▀[0m[38;2;7;11;16m[48;2;2;1;2m▀[0m[38;2;1;11;16m[48;2;41;41;43m▀[0m[38;2;0;7;12m[48;2;32;35;37m▀[0m[38;2;0;0;1m[48;2;84;92;93m▀[0m[38;2;4;9;13m[48;2;38;50;54m▀[0m[38;2;11;16;22m[48;2;0;0;2m▀[0m[38;2;10;14;19m[48;2;4;8;13m▀[0m[38;2;19;29;33m[48;2;0;0;1m▀[0m[38;2;0;0;0m[48;2;85;94;98m▀[0m[38;2;134;137;137m[48;2;225;220;220m▀[0m[38;2;25;30;34m[48;2;0;0;1m▀[0m[38;2;0;0;0m[48;2;5;5;7m▀[0m[38;2;2;4;6m[48;2;3;7;9m▀[0m[38;2;27;32;34m[48;2;20;22;24m▀[0m[38;2;14;19;21m[48;2;24;32;36m▀[0m[38;2;15;25;25m[48;2;11;20;24m▀[0m[38;2;16;23;31m[48;2;18;28;33m▀[0m[38;2;13;21;25m[48;2;15;19;26m▀[0m
[38;2;147;30;23m[48;2;137;72;73m▀[0m[38;2;163;124;123m[48;2;176;171;170m▀[0m[38;2;25;46;50m[48;2;0;0;0m▀[0m[38;2;51;61;65m[48;2;11;26;30m▀[0m[38;2;110;109;110m[48;2;59;59;59m▀[0m[38;2;118;114;114m[48;2;152;133;133m▀[0m[38;2;69;80;80m[48;2;99;110;110m▀[0m[38;2;86;95;98m[48;2;54;72;76m▀[0m[38;2;24;38;41m[48;2;29;50;54m▀[0m[38;2;54;0;0m[48;2;123;80;71m▀[0m[38;2;110;0;0m[48;2;64;0;0m▀[0m[38;2;50;0;0m[48;2;46;0;0m▀[0m[38;2;32;23;24m[48;2;126;53;49m▀[0m[38;2;51;81;82m[48;2;41;0;0m▀[0m[38;2;0;23;23m[48;2;0;0;0m▀[0m[38;2;80;85;87m[48;2;52;70;70m▀[0m[38;2;104;109;108m[48;2;100;108;108m▀[0m[38;2;91;91;91m[48;2;97;99;99m▀[0m[38;2;64;50;46m[48;2;37;40;41m▀[0m[38;2;126;116;118m[48;2;38;48;52m▀[0m[38;2;37;31;35m[48;2;36;44;45m▀[0m[38;2;100;93;91m[48;2;92;91;92m▀[0m[38;2;120;122;123m[48;2;102;98;100m▀[0m[38;2;50;60;60m[48;2;111;108;108m▀[0m[38;2;0;0;3m[48;2;63;67;68m▀[0m[38;2;0;0;0m[48;2;6;15;20m▀[0m[38;2;110;115;119m[48;2;23;33;38m▀[0m[38;2;7;10;12m[48;2;0;0;0m▀[0m[38;2;0;4;9m[48;2;0;7;10m▀[0m[38;2;7;9;11m[48;2;0;0;0m▀[0m[38;2;0;0;0m[48;2;33;35;37m▀[0m[38;2;8;11;11m[48;2;1;4;4m▀[0m[38;2;34;43;47m[48;2;29;39;44m▀[0m[38;2;0;1;2m[48;2;2;9;11m▀[0m[38;2;18;26;30m[48;2;12;21;24m▀[0m[38;2;21;28;32m[48;2;42;50;56m▀[0m
[38;2;129;105;106m[48;2;147;147;150m▀[0m[38;2;106;115;116m[48;2;150;139;137m▀[0m[38;2;164;131;128m[48;2;149;79;74m▀[0m[38;2;101;140;144m[48;2;0;11;18m▀[0m[38;2;139;101;99m[48;2;150;110;110m▀[0m[38;2;242;116;107m[48;2;190;63;56m▀[0m[38;2;131;142;142m[48;2;66;92;92m▀[0m[38;2;69;81;84m[48;2;77;88;88m▀[0m[38;2;59;87;91m[48;2;73;97;99m▀[0m[38;2;76;110;113m[48;2;119;104;107m▀[0m[38;2;255;0;0m[48;2;255;73;60m▀[0m[38;2;108;2;0m[48;2;19;36;36m▀[0m[38;2;255;213;209m[48;2;104;62;47m▀[0m[38;2;255;174;169m[48;2;255;255;255m▀[0m[38;2;15;0;0m[48;2;103;17;10m▀[0m[38;2;58;67;66m[48;2;0;25;21m▀[0m[38;2;96;110;110m[48;2;108;117;120m▀[0m[38;2;107;111;110m[48;2;122;124;126m▀[0m[38;2;37;41;40m[48;2;68;68;69m▀[0m[38;2;9;9;9m[48;2;10;10;7m▀[0m[38;2;43;43;44m[48;2;0;0;0m▀[0m[38;2;36;36;37m[48;2;99;98;99m▀[0m[38;2;96;98;99m[48;2;51;59;58m▀[0m[38;2;90;86;88m[48;2;53;57;58m▀[0m[38;2;82;81;82m[48;2;88;85;87m▀[0m[38;2;147;146;146m[48;2;226;223;223m▀[0m[38;2;52;59;63m[48;2;129;125;127m▀[0m[38;2;0;0;0m[48;2;78;76;79m▀[0m[38;2;0;0;0m[48;2;47;51;52m▀[0m[38;2;101;104;107m[48;2;160;164;163m▀[0m[38;2;121;117;119m[48;2;0;0;0m▀[0m[38;2;0;0;0m[48;2;0;0;0m▀[0m[38;2;24;36;39m[48;2;15;19;19m▀[0m[38;2;9;16;21m[48;2;21;29;33m▀[0m[38;2;13;20;24m[48;2;24;31;35m▀[0m[38;2;49;63;69m[48;2;48;58;67m▀[0m
[38;2;208;164;160m[48;2;255;226;216m▀[0m[38;2;80;28;28m[48;2;0;11;15m▀[0m[38;2;20;23;22m[48;2;136;99;98m▀[0m[38;2;0;0;0m[48;2;0;0;0m▀[0m[38;2;146;90;87m[48;2;187;74;71m▀[0m[38;2;209;21;7m[48;2;255;115;106m▀[0m[38;2;58;94;99m[48;2;101;137;141m▀[0m[38;2;73;84;83m[48;2;64;71;72m▀[0m[38;2;68;86;86m[48;2;88;88;88m▀[0m[38;2;103;90;91m[48;2;70;83;83m▀[0m[38;2;119;116;119m[48;2;65;83;83m▀[0m[38;2;36;83;83m[48;2;75;85;85m▀[0m[38;2;0;5;9m[48;2;58;85;88m▀[0m[38;2;205;131;119m[48;2;32;13;9m▀[0m[38;2;255;202;197m[48;2;248;110;104m▀[0m[38;2;142;98;99m[48;2;255;250;248m▀[0m[38;2;29;46;48m[48;2;0;0;0m▀[0m[38;2;35;38;39m[48;2;0;0;0m▀[0m[38;2;125;125;126m[48;2;8;11;12m▀[0m[38;2;100;108;111m[48;2;0;0;0m▀[0m[38;2;103;84;83m[48;2;21;19;22m▀[0m[38;2;139;112;113m[48;2;119;114;116m▀[0m[38;2;33;23;24m[48;2;193;183;183m▀[0m[38;2;98;94;94m[48;2;177;174;174m▀[0m[38;2;255;255;255m[48;2;76;73;73m▀[0m[38;2;255;255;255m[48;2;0;0;0m▀[0m[38;2;68;72;73m[48;2;0;0;0m▀[0m[38;2;78;76;79m[48;2;102;106;106m▀[0m[38;2;199;178;168m[48;2;77;74;74m▀[0m[38;2;126;117;114m[48;2;255;255;255m▀[0m[38;2;0;0;0m[48;2;162;160;157m▀[0m[38;2;0;0;0m[48;2;25;27;29m▀[0m[38;2;0;0;0m[48;2;0;0;0m▀[0m[38;2;30;42;49m[48;2;23;28;30m▀[0m[38;2;22;24;27m[48;2;18;23;27m▀[0m[38;2;55;64;74m[48;2;58;67;75m▀[0m
[38;2;255;221;212m[48;2;255;199;199m▀[0m[38;2;0;0;0m[48;2;0;0;0m▀[0m[38;2;173;89;86m[48;2;196;113;109m▀[0m[38;2;106;0;0m[48;2;220;4;0m▀[0m[38;2;220;179;179m[48;2;162;173;171m▀[0m[38;2;208;175;172m[48;2;42;69;71m▀[0m[38;2;67;76;77m[48;2;116;129;131m▀[0m[38;2;73;81;82m[48;2;88;88;88m▀[0m[38;2;67;70;72m[48;2;64;66;68m▀[0m[38;2;84;83;84m[48;2;81;81;81m▀[0m[38;2;85;82;84m[48;2;82;81;82m▀[0m[38;2;76;79;81m[48;2;66;64;67m▀[0m[38;2;65;69;71m[48;2;90;97;101m▀[0m[38;2;68;86;91m[48;2;251;244;242m▀[0m[38;2;125;133;132m[48;2;127;110;108m▀[0m[38;2;62;82;82m[48;2;50;58;58m▀[0m[38;2;0;0;0m[48;2;130;133;133m▀[0m[38;2;0;0;0m[48;2;49;49;49m▀[0m[38;2;0;0;0m[48;2;101;101;101m▀[0m[38;2;19;19;19m[48;2;22;25;25m▀[0m[38;2;89;92;94m[48;2;60;60;60m▀[0m[38;2;2;7;7m[48;2;5;5;5m▀[0m[38;2;219;223;222m[48;2;255;255;255m▀[0m[38;2;151;153;154m[48;2;88;90;88m▀[0m[38;2;18;21;21m[48;2;0;0;0m▀[0m[38;2;22;22;23m[48;2;0;0;0m▀[0m[38;2;0;0;0m[48;2;33;33;33m▀[0m[38;2;38;40;41m[48;2;0;0;0m▀[0m[38;2;113;113;115m[48;2;12;15;15m▀[0m[38;2;230;233;235m[48;2;204;207;208m▀[0m[38;2;80;78;76m[48;2;7;14;16m▀[0m[38;2;0;0;0m[48;2;96;98;98m▀[0m[38;2;18;17;15m[48;2;58;60;58m▀[0m[38;2;0;0;0m[48;2;18;18;18m▀[0m[38;2;21;29;35m[48;2;0;0;0m▀[0m[38;2;43;51;54m[48;2;0;4;8m▀[0m
[38;2;255;220;229m[48;2;255;166;164m▀[0m[38;2;0;0;0m[48;2;0;0;0m▀[0m[38;2;123;66;63m[48;2;208;111;106m▀[0m[38;2;255;40;27m[48;2;225;0;0m▀[0m[38;2;82;105;105m[48;2;37;106;110m▀[0m[38;2;53;77;79m[48;2;74;82;87m▀[0m[38;2;126;133;133m[48;2;69;73;74m▀[0m[38;2;86;86;86m[48;2;87;87;89m▀[0m[38;2;74;71;73m[48;2;83;80;84m▀[0m[38;2;77;76;77m[48;2;70;70;71m▀[0m[38;2;82;82;82m[48;2;95;94;95m▀[0m[38;2;45;48;49m[48;2;15;23;24m▀[0m[38;2;77;80;82m[48;2;138;123;120m▀[0m[38;2;217;192;188m[48;2;245;231;229m▀[0m[38;2;20;25;26m[48;2;76;86;90m▀[0m[38;2;37;41;42m[48;2;73;72;73m▀[0m[38;2;70;73;74m[48;2;0;0;0m▀[0m[38;2;110;110;108m[48;2;69;69;67m▀[0m[38;2;232;235;232m[48;2;117;114;116m▀[0m[38;2;49;49;51m[48;2;102;102;104m▀[0m[38;2;0;0;0m[48;2;38;41;41m▀[0m[38;2;0;0;0m[48;2;0;0;0m▀[0m[38;2;254;249;247m[48;2;255;255;255m▀[0m[38;2;0;0;0m[48;2;255;255;255m▀[0m[38;2;56;56;61m[48;2;163;163;165m▀[0m[38;2;54;54;56m[48;2;169;172;175m▀[0m[38;2;0;0;0m[48;2;46;46;48m▀[0m[38;2;0;0;0m[48;2;152;152;154m▀[0m[38;2;124;124;122m[48;2;86;86;89m▀[0m[38;2;193;193;194m[48;2;121;121;122m▀[0m[38;2;121;123;125m[48;2;149;152;155m▀[0m[38;2;39;41;41m[48;2;0;0;0m▀[0m[38;2;0;0;0m[48;2;0;0;0m▀[0m[38;2;48;45;47m[48;2;88;86;89m▀[0m[38;2;51;55;57m[48;2;78;86;99m▀[0m[38;2;88;88;91m[48;2;55;64;72m▀[0m
[38;2;94;62;61m[48;2;209;159;158m▀[0m[38;2;0;20;24m[48;2;0;27;31m▀[0m[38;2;255;255;247m[48;2;226;209;203m▀[0m[38;2;184;0;0m[48;2;114;6;0m▀[0m[38;2;58;37;37m[48;2;19;0;0m▀[0m[38;2;70;95;98m[48;2;39;69;73m▀[0m[38;2;79;83;84m[48;2;109;122;131m▀[0m[38;2;80;79;79m[48;2;71;80;88m▀[0m[38;2;88;85;89m[48;2;0;0;0m▀[0m[38;2;34;37;38m[48;2;0;0;0m▀[0m[38;2;72;69;71m[48;2;0;0;0m▀[0m[38;2;42;52;53m[48;2;113;93;89m▀[0m[38;2;236;217;213m[48;2;247;228;227m▀[0m[38;2;42;44;47m[48;2;0;0;0m▀[0m[38;2;142;150;151m[48;2;255;255;255m▀[0m[38;2;148;148;149m[48;2;149;149;150m▀[0m[38;2;6;3;6m[48;2;61;59;62m▀[0m[38;2;0;0;0m[48;2;0;0;0m▀[0m[38;2;128;125;127m[48;2;72;74;74m▀[0m[38;2;72;69;72m[48;2;76;73;76m▀[0m[38;2;116;113;115m[48;2;151;151;152m▀[0m[38;2;96;96;97m[48;2;108;108;108m▀[0m[38;2;80;80;82m[48;2;31;31;33m▀[0m[38;2;173;175;175m[48;2;85;83;86m▀[0m[38;2;255;255;255m[48;2;93;95;97m▀[0m[38;2;167;154;142m[48;2;56;51;45m▀[0m[38;2;205;198;197m[48;2;52;44;39m▀[0m[38;2;160;156;154m[48;2;94;96;98m▀[0m[38;2;90;92;90m[48;2;255;255;255m▀[0m[38;2;96;96;97m[48;2;116;113;115m▀[0m[38;2;48;51;52m[48;2;58;58;59m▀[0m[38;2;37;40;41m[48;2;77;77;78m▀[0m[38;2;52;54;54m[48;2;94;93;94m▀[0m[38;2;119;118;118m[48;2;148;148;148m▀[0m[38;2;31;36;41m[48;2;100;102;102m▀[0m[38;2;25;34;41m[48;2;25;32;38m▀[0m
