[38;2;183;188;184m[48;2;27;27;25m▀[0m[38;2;72;76;72m[48;2;108;108;106m▀[0m[38;2;41;43;41m[48;2;107;106;104m▀[0m[38;2;64;68;69m[48;2;68;70;68m▀[0m[38;2;121;127;125m[48;2;40;42;42m▀[0m[38;2;78;80;80m[48;2;81;83;81m▀[0m[38;2;0;0;0m[48;2;39;40;37m▀[0m[38;2;103;105;105m[48;2;0;0;0m▀[0m[38;2;36;35;36m[48;2;62;64;66m▀[0m[38;2;46;47;44m[48;2;58;57;54m▀[0m[38;2;119;121;119m[48;2;122;123;120m▀[0m[38;2;128;130;130m[48;2;161;163;163m▀[0m[38;2;76;77;74m[48;2;213;214;211m▀[0m[38;2;20;21;17m[48;2;154;156;154m▀[0m[38;2;47;49;47m[48;2;113;113;113m▀[0m[38;2;120;122;120m[48;2;181;183;181m▀[0m[38;2;118;121;120m[48;2;207;212;211m▀[0m[38;2;138;144;140m[48;2;189;193;192m▀[0m[38;2;81;83;81m[48;2;100;101;97m▀[0m[38;2;111;111;113m[48;2;81;81;79m▀[0m[38;2;120;122;123m[48;2;45;47;48m▀[0m[38;2;33;33;31m[48;2;76;78;76m▀[0m[38;2;48;51;48m[48;2;0;0;0m▀[0m[38;2;76;75;73m[48;2;120;122;123m▀[0m[38;2;0;0;0m[48;2;0;0;0m▀[0m[38;2;0;0;0m[48;2;0;0;0m▀[0m[38;2;82;84;82m[48;2;72;74;75m▀[0m[38;2;72;74;76m[48;2;68;72;71m▀[0m[38;2;35;39;36m[48;2;82;84;84m▀[0m[38;2;152;155;155m[48;2;196;196;196m▀[0m[38;2;255;255;255m[48;2;255;255;255m▀[0m[38;2;202;204;202m[48;2;206;208;209m▀[0m[38;2;255;255;255m[48;2;163;164;160m▀[0m[38;2;252;255;254m[48;2;255;255;255m▀[0m[38;2;232;231;232m[48;2;248;247;245m▀[0m[38;2;6;5;6m[48;2;197;199;197m▀[0m
[38;2;0;0;0m[48;2;173;175;173m▀[0m[38;2;111;111;109m[48;2;0;0;0m▀[0m[38;2;255;255;255m[48;2;94;103;102m▀[0m[38;2;189;194;193m[48;2;115;125;124m▀[0m[38;2;0;0;0m[48;2;132;140;135m▀[0m[38;2;210;210;208m[48;2;83;91;90m▀[0m[38;2;58;61;58m[48;2;145;152;152m▀[0m[38;2;0;0;0m[48;2;37;39;39m▀[0m[38;2;63;67;67m[48;2;0;0;0m▀[0m[38;2;116;117;112m[48;2;120;121;118m▀[0m[38;2;150;154;151m[48;2;96;98;98m▀[0m[38;2;160;160;161m[48;2;0;0;0m▀[0m[38;2;78;77;77m[48;2;0;0;0m▀[0m[38;2;19;22;19m[48;2;0;0;0m▀[0m[38;2;0;0;0m[48;2;0;0;0m▀[0m[38;2;0;0;0m[48;2;0;0;0m▀[0m[38;2;41;40;41m[48;2;0;0;0m▀[0m[38;2;211;213;211m[48;2;0;0;0m▀[0m[38;2;230;231;227m[48;2;144;146;144m▀[0m[38;2;124;128;127m[48;2;212;213;209m▀[0m[38;2;63;65;63m[48;2;155;157;155m▀[0m[38;2;43;45;43m[48;2;82;81;79m▀[0m[38;2;148;152;151m[48;2;32;34;32m▀[0m[38;2;147;149;147m[48;2;51;53;54m▀[0m[38;2;28;30;28m[48;2;118;120;118m▀[0m[38;2;0;0;0m[48;2;0;0;0m▀[0m[38;2;86;87;84m[48;2;100;101;98m▀[0m[38;2;52;56;55m[48;2;67;69;70m▀[0m[38;2;88;92;89m[48;2;43;46;45m▀[0m[38;2;223;222;220m[48;2;240;242;240m▀[0m[38;2;255;255;255m[48;2;255;255;255m▀[0m[38;2;193;195;193m[48;2;136;141;137m▀[0m[38;2;91;93;91m[48;2;152;156;155m▀[0m[38;2;157;158;154m[48;2;155;158;154m▀[0m[38;2;137;136;134m[48;2;150;152;152m▀[0m[38;2;252;251;249m[48;2;238;237;237m▀[0m
[38;2;55;57;58m[48;2;0;0;0m▀[0m[38;2;84;86;84m[48;2;181;184;185m▀[0m[38;2;255;255;255m[48;2;163;176;175m▀[0m[38;2;138;156;150m[48;2;0;0;0m▀[0m[38;2;25;62;62m[48;2;129;0;0m▀[0m[38;2;0;0;0m[48;2;228;120;110m▀[0m[38;2;0;0;0m[48;2;213;147;139m▀[0m[38;2;20;27;31m[48;2;138;161;162m▀[0m[38;2;69;73;77m[48;2;120;124;125m▀[0m[38;2;73;74;71m[48;2;0;4;5m▀[0m[38;2;0;0;0m[48;2;0;0;0m▀[0m[38;2;0;0;0m[48;2;3;2;3m▀[0m[38;2;0;0;0m[48;2;2;5;2m▀[0m[38;2;0;0;0m[48;2;0;0;0m▀[0m[38;2;0;0;0m[48;2;0;0;0m▀[0m[38;2;0;0;0m[48;2;0;1;0m▀[0m[38;2;0;0;0m[48;2;0;0;0m▀[0m[38;2;0;0;0m[48;2;0;0;0m▀[0m[38;2;0;0;0m[48;2;0;0;0m▀[0m[38;2;43;45;43m[48;2;0;0;0m▀[0m[38;2;198;203;199m[48;2;177;182;181m▀[0m[38;2;153;154;151m[48;2;119;120;116m▀[0m[38;2;71;70;68m[48;2;93;93;91m▀[0m[38;2;45;47;45m[48;2;49;49;47m▀[0m[38;2;147;149;147m[48;2;117;116;117m▀[0m[38;2;21;22;18m[48;2;65;67;69m▀[0m[38;2;39;41;39m[48;2;5;9;8m▀[0m[38;2;65;69;68m[48;2;95;99;96m▀[0m[38;2;27;29;30m[48;2;34;38;37m▀[0m[38;2;237;236;234m[48;2;210;211;207m▀[0m[38;2;254;253;254m[48;2;255;255;255m▀[0m[38;2;116;119;116m[48;2;212;211;207m▀[0m[38;2;163;162;160m[48;2;149;148;148m▀[0m[38;2;181;183;181m[48;2;184;184;182m▀[0m[38;2;161;163;163m[48;2;203;206;202m▀[0m[38;2;190;191;188m[48;2;178;180;178m▀[0m
[38;2;50;52;53m[48;2;56;58;59m▀[0m[38;2;0;0;0m[48;2;0;0;0m▀[0m[38;2;0;0;0m[48;2;34;38;39m▀[0m[38;2;255;255;255m[48;2;30;36;34m▀[0m[38;2;255;255;255m[48;2;255;255;255m▀[0m[38;2;255;255;247m[48;2;255;255;255m▀[0m[38;2;255;255;255m[48;2;255;255;255m▀[0m[38;2;255;255;255m[48;2;255;255;255m▀[0m[38;2;231;231;232m[48;2;229;232;231m▀[0m[38;2;0;0;0m[48;2;91;91;89m▀[0m[38;2;23;22;23m[48;2;3;3;1m▀[0m[38;2;0;0;0m[48;2;67;66;67m▀[0m[38;2;14;17;14m[48;2;31;33;31m▀[0m[38;2;0;0;0m[48;2;0;0;0m▀[0m[38;2;0;3;0m[48;2;0;0;1m▀[0m[38;2;6;6;4m[48;2;13;15;13m▀[0m[38;2;0;0;0m[48;2;0;0;0m▀[0m[38;2;0;0;0m[48;2;0;0;0m▀[0m[38;2;0;0;0m[48;2;3;3;1m▀[0m[38;2;13;13;10m[48;2;12;15;12m▀[0m[38;2;186;189;188m[48;2;145;145;143m▀[0m[38;2;111;110;110m[48;2;224;228;225m▀[0m[38;2;27;27;25m[48;2;170;173;169m▀[0m[38;2;29;29;30m[48;2;32;33;30m▀[0m[38;2;51;50;48m[48;2;0;0;0m▀[0m[38;2;111;113;111m[48;2;115;114;112m▀[0m[38;2;41;45;44m[48;2;18;20;18m▀[0m[38;2;136;137;134m[48;2;105;107;107m▀[0m[38;2;36;39;38m[48;2;75;79;75m▀[0m[38;2;150;152;150m[48;2;115;117;115m▀[0m[38;2;224;223;221m[48;2;188;190;188m▀[0m[38;2;164;168;164m[48;2;173;175;173m▀[0m[38;2;182;184;185m[48;2;193;193;193m▀[0m[38;2;185;185;181m[48;2;255;255;255m▀[0m[38;2;156;159;155m[48;2;130;133;129m▀[0m[38;2;250;249;250m[48;2;255;255;255m▀[0m
[38;2;54;53;51m[48;2;67;69;70m▀[0m[38;2;0;0;0m[48;2;15;15;15m▀[0m[38;2;0;0;0m[48;2;0;0;0m▀[0m[38;2;149;154;153m[48;2;132;135;134m▀[0m[38;2;82;85;85m[48;2;0;0;0m▀[0m[38;2;0;0;0m[48;2;0;0;0m▀[0m[38;2;86;109;112m[48;2;166;103;98m▀[0m[38;2;107;113;109m[48;2;0;7;10m▀[0m[38;2;0;0;0m[48;2;93;99;98m▀[0m[38;2;137;137;135m[48;2;255;255;255m▀[0m[38;2;0;0;0m[48;2;0;0;0m▀[0m[38;2;113;116;113m[48;2;89;89;89m▀[0m[38;2;178;178;175m[48;2;171;171;171m▀[0m[38;2;0;0;0m[48;2;0;0;0m▀[0m[38;2;0;0;0m[48;2;0;0;0m▀[0m[38;2;28;30;28m[48;2;30;33;32m▀[0m[38;2;6;4;2m[48;2;12;14;12m▀[0m[38;2;0;0;0m[48;2;0;0;0m▀[0m[38;2;0;0;0m[48;2;0;0;0m▀[0m[38;2;0;0;0m[48;2;7;7;8m▀[0m[38;2;250;250;251m[48;2;255;255;255m▀[0m[38;2;207;208;205m[48;2;220;219;219m▀[0m[38;2;175;177;177m[48;2;174;175;172m▀[0m[38;2;116;117;114m[48;2;165;169;165m▀[0m[38;2;41;40;38m[48;2;79;81;82m▀[0m[38;2;95;97;95m[48;2;67;69;67m▀[0m[38;2;85;87;87m[48;2;117;119;117m▀[0m[38;2;43;44;41m[48;2;22;24;24m▀[0m[38;2;114;116;114m[48;2;98;100;101m▀[0m[38;2;120;123;119m[48;2;102;105;104m▀[0m[38;2;216;218;216m[48;2;246;245;243m▀[0m[38;2;224;223;221m[48;2;255;255;255m▀[0m[38;2;194;194;191m[48;2;156;157;152m▀[0m[38;2;255;255;255m[48;2;174;177;173m▀[0m[38;2;154;157;153m[48;2;153;155;155m▀[0m[38;2;164;163;161m[48;2;158;159;154m▀[0m
[38;2;19;22;22m[48;2;2;5;2m▀[0m[38;2;0;0;0m[48;2;25;27;28m▀[0m[38;2;125;129;130m[48;2;159;158;156m▀[0m[38;2;255;255;255m[48;2;187;192;191m▀[0m[38;2;235;249;249m[48;2;66;83;81m▀[0m[38;2;255;255;255m[48;2;27;15;12m▀[0m[38;2;255;143;122m[48;2;255;161;141m▀[0m[38;2;116;140;140m[48;2;255;255;255m▀[0m[38;2;159;164;165m[48;2;200;206;205m▀[0m[38;2;255;255;255m[48;2;222;224;224m▀[0m[38;2;22;24;22m[48;2;90;89;89m▀[0m[38;2;34;36;34m[48;2;0;0;0m▀[0m[38;2;125;127;127m[48;2;125;129;129m▀[0m[38;2;0;0;0m[48;2;0;0;0m▀[0m[38;2;0;0;0m[48;2;9;12;9m▀[0m[38;2;17;19;17m[48;2;0;0;0m▀[0m[38;2;34;37;37m[48;2;57;60;57m▀[0m[38;2;0;0;0m[48;2;0;0;0m▀[0m[38;2;0;0;0m[48;2;0;0;0m▀[0m[38;2;49;51;49m[48;2;51;53;54m▀[0m[38;2;255;255;255m[48;2;213;215;216m▀[0m[38;2;235;234;234m[48;2;227;229;227m▀[0m[38;2;154;156;154m[48;2;165;165;163m▀[0m[38;2;197;198;195m[48;2;216;217;213m▀[0m[38;2;105;107;105m[48;2;192;193;189m▀[0m[38;2;21;23;21m[48;2;37;39;37m▀[0m[38;2;104;106;104m[48;2;95;98;97m▀[0m[38;2;98;100;100m[48;2;79;81;82m▀[0m[38;2;121;123;121m[48;2;77;76;74m▀[0m[38;2;93;96;95m[48;2;138;140;138m▀[0m[38;2;168;170;168m[48;2;129;131;131m▀[0m[38;2;170;173;172m[48;2;228;229;226m▀[0m[38;2;150;152;152m[48;2;255;255;255m▀[0m[38;2;194;197;193m[48;2;184;187;183m▀[0m[38;2;255;255;255m[48;2;255;255;255m▀[0m[38;2;214;214;211m[48;2;245;245;241m▀[0m
[38;2;48;49;46m[48;2;37;36;36m▀[0m[38;2;21;24;24m[48;2;13;16;16m▀[0m[38;2;0;0;0m[48;2;0;0;0m▀[0m[38;2;48;48;51m[48;2;0;0;0m▀[0m[38;2;93;98;93m[48;2;255;255;255m▀[0m[38;2;0;0;0m[48;2;116;92;92m▀[0m[38;2;108;95;95m[48;2;255;255;255m▀[0m[38;2;224;237;236m[48;2;255;255;255m▀[0m[38;2;242;246;247m[48;2;255;255;255m▀[0m[38;2;145;145;142m[48;2;151;151;148m▀[0m[38;2;147;146;146m[48;2;121;119;122m▀[0m[38;2;0;0;0m[48;2;17;20;20m▀[0m[38;2;184;187;187m[48;2;97;98;95m▀[0m[38;2;27;27;27m[48;2;90;93;90m▀[0m[38;2;8;5;5m[48;2;13;13;10m▀[0m[38;2;10;12;10m[48;2;32;34;32m▀[0m[38;2;48;51;48m[48;2;16;16;13m▀[0m[38;2;39;39;36m[48;2;117;120;115m▀[0m[38;2;0;0;0m[48;2;0;0;0m▀[0m[38;2;61;65;64m[48;2;43;43;41m▀[0m[38;2;66;68;69m[48;2;57;61;60m▀[0m[38;2;223;225;223m[48;2;141;140;138m▀[0m[38;2;187;190;189m[48;2;244;247;246m▀[0m[38;2;147;149;149m[48;2;203;206;205m▀[0m[38;2;119;120;117m[48;2;66;68;66m▀[0m[38;2;65;67;65m[48;2;55;55;52m▀[0m[38;2;54;58;57m[48;2;48;50;48m▀[0m[38;2;118;122;123m[48;2;167;167;167m▀[0m[38;2;44;45;41m[48;2;49;50;46m▀[0m[38;2;141;142;139m[48;2;127;128;125m▀[0m[38;2;117;118;115m[48;2;110;112;110m▀[0m[38;2;227;230;229m[48;2;199;195;198m▀[0m[38;2;246;243;245m[48;2;255;255;255m▀[0m[38;2;191;194;193m[48;2;243;243;241m▀[0m[38;2;238;238;234m[48;2;176;179;175m▀[0m[38;2;255;255;255m[48;2;225;225;219m▀[0m
[38;2;0;0;0m[48;2;15;15;15m▀[0m[38;2;19;22;22m[48;2;58;61;61m▀[0m[38;2;47;50;49m[48;2;12;15;16m▀[0m[38;2;0;0;0m[48;2;0;0;0m▀[0m[38;2;245;255;255m[48;2;31;36;35m▀[0m[38;2;214;153;149m[48;2;0;0;0m▀[0m[38;2;193;128;127m[48;2;0;0;0m▀[0m[38;2;201;222;226m[48;2;0;0;0m▀[0m[38;2;35;35;33m[48;2;0;0;0m▀[0m[38;2;0;0;0m[48;2;18;20;18m▀[0m[38;2;35;34;34m[48;2;0;0;0m▀[0m[38;2;115;115;115m[48;2;34;34;34m▀[0m[38;2;16;18;18m[48;2;66;66;66m▀[0m[38;2;38;41;38m[48;2;93;93;95m▀[0m[38;2;61;60;58m[48;2;0;0;0m▀[0m[38;2;0;2;0m[48;2;31;33;31m▀[0m[38;2;12;12;13m[48;2;0;2;0m▀[0m[38;2;43;43;40m[48;2;27;27;27m▀[0m[38;2;35;35;33m[48;2;0;0;0m▀[0m[38;2;0;0;0m[48;2;7;10;9m▀[0m[38;2;62;64;64m[48;2;29;32;29m▀[0m[38;2;98;98;99m[48;2;43;43;44m▀[0m[38;2;144;147;142m[48;2;42;42;39m▀[0m[38;2;76;75;73m[48;2;0;0;0m▀[0m[38;2;135;137;135m[48;2;94;93;94m▀[0m[38;2;120;124;123m[48;2;13;15;13m▀[0m[38;2;109;113;110m[48;2;139;143;140m▀[0m[38;2;86;88;86m[48;2;87;89;90m▀[0m[38;2;105;107;105m[48;2;202;203;198m▀[0m[38;2;99;100;96m[48;2;54;56;56m▀[0m[38;2;144;143;141m[48;2;170;172;170m▀[0m[38;2;148;147;148m[48;2;130;131;128m▀[0m[38;2;233;233;231m[48;2;186;188;186m▀[0m[38;2;152;155;154m[48;2;233;233;231m▀[0m[38;2;134;137;133m[48;2;220;220;218m▀[0m[38;2;226;226;224m[48;2;255;255;255m▀[0m
[38;2;21;24;24m[48;2;24;23;24m▀[0m[38;2;12;12;12m[48;2;0;0;0m▀[0m[38;2;34;36;34m[48;2;12;11;12m▀[0m[38;2;0;0;0m[48;2;0;0;0m▀[0m[38;2;152;157;156m[48;2;138;142;139m▀[0m[38;2;3;5;5m[48;2;136;139;136m▀[0m[38;2;51;51;49m[48;2;22;24;22m▀[0m[38;2;0;0;0m[48;2;0;0;0m▀[0m[38;2;101;101;101m[48;2;0;0;0m▀[0m[38;2;255;255;255m[48;2;35;38;38m▀[0m[38;2;181;184;184m[48;2;61;66;65m▀[0m[38;2;148;153;150m[48;2;172;177;174m▀[0m[38;2;116;117;114m[48;2;211;213;213m▀[0m[38;2;121;120;118m[48;2;127;129;130m▀[0m[38;2;126;128;126m[48;2;92;91;92m▀[0m[38;2;6;9;9m[48;2;68;71;71m▀[0m[38;2;39;41;39m[48;2;11;10;11m▀[0m[38;2;15;17;15m[48;2;0;0;0m▀[0m[38;2;22;22;20m[48;2;24;27;26m▀[0m[38;2;0;0;0m[48;2;0;0;0m▀[0m[38;2;69;72;71m[48;2;71;74;70m▀[0m[38;2;55;57;55m[48;2;56;57;54m▀[0m[38;2;20;22;20m[48;2;42;44;42m▀[0m[38;2;0;0;0m[48;2;0;0;0m▀[0m[38;2;168;167;168m[48;2;158;157;155m▀[0m[38;2;1;3;4m[48;2;98;97;95m▀[0m[38;2;17;17;15m[48;2;16;16;13m▀[0m[38;2;76;78;79m[48;2;22;25;25m▀[0m[38;2;223;224;221m[48;2;207;209;209m▀[0m[38;2;75;74;75m[48;2;143;143;143m▀[0m[38;2;151;153;153m[48;2;98;100;98m▀[0m[38;2;182;183;179m[48;2;202;203;199m▀[0m[38;2;199;199;197m[48;2;172;173;169m▀[0m[38;2;255;255;255m[48;2;249;249;247m▀[0m[38;2;220;220;218m[48;2;246;246;244m▀[0m[38;2;203;203;201m[48;2;191;191;189m▀[0m
[38;2;0;0;0m[48;2;8;7;8m▀[0m[38;2;83;85;83m[48;2;255;255;255m▀[0m[38;2;104;106;107m[48;2;106;109;110m▀[0m[38;2;1;0;0m[48;2;0;0;0m▀[0m[38;2;0;0;0m[48;2;80;80;77m▀[0m[38;2;152;153;148m[48;2;125;121;123m▀[0m[38;2;58;57;57m[48;2;38;42;38m▀[0m[38;2;0;0;0m[48;2;0;0;0m▀[0m[38;2;0;0;0m[48;2;0;0;0m▀[0m[38;2;20;25;22m[48;2;31;35;35m▀[0m[38;2;0;0;0m[48;2;0;0;0m▀[0m[38;2;12;15;15m[48;2;35;37;37m▀[0m[38;2;157;159;159m[48;2;0;0;0m▀[0m[38;2;0;0;0m[48;2;0;0;0m▀[0m[38;2;17;18;15m[48;2;0;0;0m▀[0m[38;2;87;90;87m[48;2;111;113;111m▀[0m[38;2;18;20;18m[48;2;115;117;115m▀[0m[38;2;25;24;25m[48;2;116;118;116m▀[0m[38;2;13;16;15m[48;2;41;45;44m▀[0m[38;2;0;0;0m[48;2;0;0;0m▀[0m[38;2;59;62;58m[48;2;72;75;71m▀[0m[38;2;69;69;66m[48;2;118;118;114m▀[0m[38;2;154;158;157m[48;2;252;251;252m▀[0m[38;2;0;0;0m[48;2;0;0;1m▀[0m[38;2;160;159;157m[48;2;196;198;196m▀[0m[38;2;213;214;210m[48;2;230;230;226m▀[0m[38;2;24;26;26m[48;2;0;0;0m▀[0m[38;2;211;214;214m[48;2;102;104;104m▀[0m[38;2;255;255;255m[48;2;177;179;179m▀[0m[38;2;166;164;168m[48;2;205;206;203m▀[0m[38;2;88;87;84m[48;2;143;146;146m▀[0m[38;2;177;178;175m[48;2;149;150;146m▀[0m[38;2;180;182;180m[48;2;213;216;215m▀[0m[38;2;237;237;235m[48;2;218;221;217m▀[0m[38;2;241;241;239m[48;2;247;247;245m▀[0m[38;2;227;227;228m[48;2;242;242;240m▀[0m
[38;2;107;113;109m[48;2;95;108;110m▀[0m[38;2;0;0;0m[48;2;54;65;64m▀[0m[38;2;17;20;19m[48;2;138;141;138m▀[0m[38;2;0;0;0m[48;2;154;160;156m▀[0m[38;2;0;0;0m[48;2;71;67;63m▀[0m[38;2;0;0;0m[48;2;11;3;0m▀[0m[38;2;38;42;41m[48;2;39;41;39m▀[0m[38;2;0;0;0m[48;2;0;0;0m▀[0m[38;2;16;19;18m[48;2;0;0;0m▀[0m[38;2;54;57;54m[48;2;125;128;123m▀[0m[38;2;17;19;17m[48;2;72;72;73m▀[0m[38;2;14;13;14m[48;2;0;0;0m▀[0m[38;2;0;0;0m[48;2;0;0;0m▀[0m[38;2;0;0;0m[48;2;0;0;0m▀[0m[38;2;65;64;65m[48;2;76;78;79m▀[0m[38;2;73;75;73m[48;2;0;0;0m▀[0m[38;2;93;95;95m[48;2;0;0;0m▀[0m[38;2;110;112;110m[48;2;69;73;73m▀[0m[38;2;78;81;80m[48;2;84;87;84m▀[0m[38;2;0;0;0m[48;2;56;58;56m▀[0m[38;2;60;63;59m[48;2;44;47;42m▀[0m[38;2;187;186;184m[48;2;180;182;180m▀[0m[38;2;170;172;173m[48;2;78;80;81m▀[0m[38;2;0;0;0m[48;2;45;47;45m▀[0m[38;2;190;192;190m[48;2;194;195;191m▀[0m[38;2;133;135;133m[48;2;0;0;0m▀[0m[38;2;0;0;0m[48;2;0;0;0m▀[0m[38;2;0;0;0m[48;2;7;8;4m▀[0m[38;2;112;114;112m[48;2;15;17;15m▀[0m[38;2;247;246;243m[48;2;185;186;183m▀[0m[38;2;179;178;179m[48;2;255;255;255m▀[0m[38;2;149;148;149m[48;2;116;116;117m▀[0m[38;2;220;223;222m[48;2;215;217;215m▀[0m[38;2;206;207;204m[48;2;213;216;212m▀[0m[38;2;222;225;224m[48;2;244;245;242m▀[0m[38;2;206;207;204m[48;2;237;238;235m▀[0m
[38;2;209;184;179m[48;2;203;119;112m▀[0m[38;2;206;196;192m[48;2;158;93;93m▀[0m[38;2;213;226;225m[48;2;37;64;70m▀[0m[38;2;185;189;188m[48;2;142;145;144m▀[0m[38;2;166;165;163m[48;2;181;187;185m▀[0m[38;2;144;111;104m[48;2;203;202;199m▀[0m[38;2;0;1;0m[48;2;4;5;1m▀[0m[38;2;0;2;1m[48;2;5;5;6m▀[0m[38;2;0;0;0m[48;2;0;0;0m▀[0m[38;2;46;46;43m[48;2;0;0;0m▀[0m[38;2;93;96;95m[48;2;49;52;49m▀[0m[38;2;0;0;0m[48;2;0;0;0m▀[0m[38;2;0;0;0m[48;2;0;0;0m▀[0m[38;2;0;1;0m[48;2;0;0;0m▀[0m[38;2;71;73;71m[48;2;132;136;132m▀[0m[38;2;0;0;0m[48;2;87;89;87m▀[0m[38;2;0;0;0m[48;2;0;0;0m▀[0m[38;2;52;55;57m[48;2;0;0;0m▀[0m[38;2;117;120;120m[48;2;90;89;90m▀[0m[38;2;17;17;15m[48;2;7;9;7m▀[0m[38;2;36;36;36m[48;2;37;37;37m▀[0m[38;2;110;109;107m[48;2;10;12;13m▀[0m[38;2;173;172;168m[48;2;80;79;77m▀[0m[38;2;154;156;154m[48;2;19;21;19m▀[0m[38;2;116;118;116m[48;2;36;36;33m▀[0m[38;2;0;0;0m[48;2;0;0;0m▀[0m[38;2;0;0;0m[48;2;0;0;0m▀[0m[38;2;16;18;16m[48;2;73;75;73m▀[0m[38;2;0;0;0m[48;2;0;0;0m▀[0m[38;2;0;0;0m[48;2;0;0;0m▀[0m[38;2;210;211;207m[48;2;0;0;0m▀[0m[38;2;247;243;245m[48;2;144;144;146m▀[0m[38;2;151;150;148m[48;2;166;166;164m▀[0m[38;2;240;242;240m[48;2;199;204;203m▀[0m[38;2;220;222;222m[48;2;214;214;214m▀[0m[38;2;255;255;255m[48;2;246;246;244m▀[0m
