[38;2;255;255;255m[48;2;255;255;255m▀[0m[38;2;199;209;209m[48;2;227;237;238m▀[0m[38;2;255;255;255m[48;2;255;255;255m▀[0m[38;2;3;39;47m[48;2;145;160;164m▀[0m[38;2;0;0;0m[48;2;0;0;0m▀[0m[38;2;0;0;0m[48;2;0;0;0m▀[0m[38;2;0;0;0m[48;2;0;0;0m▀[0m[38;2;255;255;255m[48;2;255;255;255m▀[0m[38;2;233;239;238m[48;2;255;255;255m▀[0m[38;2;0;0;0m[48;2;0;0;0m▀[0m[38;2;0;0;0m[48;2;90;87;89m▀[0m[38;2;135;136;131m[48;2;255;255;255m▀[0m[38;2;255;255;255m[48;2;204;209;209m▀[0m[38;2;172;172;174m[48;2;0;0;0m▀[0m[38;2;0;0;0m[48;2;0;0;0m▀[0m[38;2;0;0;0m[48;2;0;0;0m▀[0m[38;2;9;9;9m[48;2;0;0;0m▀[0m[38;2;76;76;76m[48;2;0;0;0m▀[0m[38;2;0;0;0m[48;2;0;0;0m▀[0m[38;2;0;0;0m[48;2;0;0;0m▀[0m[38;2;51;50;50m[48;2;0;0;0m▀[0m[38;2;255;255;255m[48;2;64;68;65m▀[0m[38;2;213;213;213m[48;2;41;43;43m▀[0m[38;2;49;46;46m[48;2;255;255;255m▀[0m[38;2;255;255;255m[48;2;243;254;254m▀[0m[38;2;255;255;255m[48;2;255;255;255m▀[0m[38;2;77;76;73m[48;2;15;14;11m▀[0m[38;2;0;0;0m[48;2;0;0;0m▀[0m[38;2;0;0;0m[48;2;0;0;0m▀[0m[38;2;0;0;0m[48;2;0;4;5m▀[0m[38;2;0;0;0m[48;2;0;0;0m▀[0m[38;2;35;71;79m[48;2;180;196;196m▀[0m[38;2;255;255;255m[48;2;255;255;255m▀[0m[38;2;213;227;229m[48;2;255;255;255m▀[0m[38;2;255;255;255m[48;2;255;255;255m▀[0m[38;2;40;68;72m[48;2;0;0;0m▀[0m
[38;2;82;99;100m[48;2;0;0;0m▀[0m[38;2;255;255;255m[48;2;255;255;255m▀[0m[38;2;255;255;255m[48;2;230;243;245m▀[0m[38;2;255;255;255m[48;2;255;255;255m▀[0m[38;2;0;0;0m[48;2;43;65;73m▀[0m[38;2;0;0;0m[48;2;0;0;0m▀[0m[38;2;0;0;0m[48;2;0;0;0m▀[0m[38;2;255;255;255m[48;2;243;245;245m▀[0m[38;2;255;255;255m[48;2;255;255;255m▀[0m[38;2;206;203;203m[48;2;255;255;255m▀[0m[38;2;255;255;255m[48;2;216;216;217m▀[0m[38;2;37;39;41m[48;2;0;0;0m▀[0m[38;2;89;90;87m[48;2;255;255;255m▀[0m[38;2;0;0;0m[48;2;0;0;0m▀[0m[38;2;0;0;0m[48;2;0;0;0m▀[0m[38;2;0;0;0m[48;2;0;0;0m▀[0m[38;2;0;0;0m[48;2;0;0;0m▀[0m[38;2;0;0;0m[48;2;0;0;0m▀[0m[38;2;0;0;0m[48;2;0;0;0m▀[0m[38;2;0;0;0m[48;2;0;0;0m▀[0m[38;2;25;24;25m[48;2;183;184;180m▀[0m[38;2;101;103;103m[48;2;255;255;255m▀[0m[38;2;16;13;13m[48;2;0;0;0m▀[0m[38;2;255;255;255m[48;2;139;155;152m▀[0m[38;2;231;250;247m[48;2;255;255;255m▀[0m[38;2;167;170;170m[48;2;45;44;44m▀[0m[38;2;0;0;0m[48;2;0;0;0m▀[0m[38;2;0;0;0m[48;2;0;0;0m▀[0m[38;2;0;0;0m[48;2;0;0;0m▀[0m[38;2;0;0;0m[48;2;0;0;0m▀[0m[38;2;0;19;24m[48;2;68;90;94m▀[0m[38;2;255;255;255m[48;2;255;255;255m▀[0m[38;2;255;255;255m[48;2;255;255;255m▀[0m[38;2;255;255;255m[48;2;255;255;255m▀[0m[38;2;95;116;120m[48;2;0;0;3m▀[0m[38;2;0;0;0m[48;2;0;0;0m▀[0m
[38;2;0;0;0m[48;2;0;0;0m▀[0m[38;2;0;0;5m[48;2;0;15;17m▀[0m[38;2;0;8;15m[48;2;6;29;33m▀[0m[38;2;0;24;30m[48;2;10;33;40m▀[0m[38;2;0;23;30m[48;2;1;19;23m▀[0m[38;2;0;0;0m[48;2;0;0;0m▀[0m[38;2;0;0;0m[48;2;0;0;0m▀[0m[38;2;0;0;0m[48;2;0;0;0m▀[0m[38;2;236;238;238m[48;2;73;70;70m▀[0m[38;2;255;255;255m[48;2;255;255;255m▀[0m[38;2;82;92;90m[48;2;0;3;0m▀[0m[38;2;0;0;0m[48;2;0;0;0m▀[0m[38;2;151;153;153m[48;2;0;0;0m▀[0m[38;2;185;186;183m[48;2;143;149;145m▀[0m[38;2;193;195;193m[48;2;255;255;255m▀[0m[38;2;108;110;110m[48;2;255;255;255m▀[0m[38;2;138;137;138m[48;2;255;255;255m▀[0m[38;2;44;45;41m[48;2;152;156;151m▀[0m[38;2;127;128;124m[48;2;54;56;54m▀[0m[38;2;255;255;255m[48;2;79;81;81m▀[0m[38;2;38;40;38m[48;2;0;0;0m▀[0m[38;2;0;0;0m[48;2;0;0;0m▀[0m[38;2;0;0;0m[48;2;0;0;0m▀[0m[38;2;31;33;33m[48;2;0;0;0m▀[0m[38;2;77;74;74m[48;2;0;0;0m▀[0m[38;2;166;166;166m[48;2;199;202;202m▀[0m[38;2;0;0;0m[48;2;1;1;1m▀[0m[38;2;0;0;0m[48;2;0;0;0m▀[0m[38;2;0;0;0m[48;2;0;0;0m▀[0m[38;2;0;4;5m[48;2;0;3;4m▀[0m[38;2;3;28;32m[48;2;6;27;28m▀[0m[38;2;0;18;22m[48;2;3;31;35m▀[0m[38;2;0;10;14m[48;2;0;24;28m▀[0m[38;2;0;12;16m[48;2;0;15;19m▀[0m[38;2;0;1;4m[48;2;0;0;0m▀[0m[38;2;0;0;0m[48;2;0;0;0m▀[0m
[38;2;0;0;0m[48;2;5;6;3m▀[0m[38;2;0;0;0m[48;2;6;9;6m▀[0m[38;2;0;3;3m[48;2;7;9;7m▀[0m[38;2;0;4;5m[48;2;4;4;4m▀[0m[38;2;0;0;0m[48;2;3;3;1m▀[0m[38;2;0;0;0m[48;2;0;0;0m▀[0m[38;2;0;0;0m[48;2;19;24;24m▀[0m[38;2;18;18;18m[48;2;255;255;255m▀[0m[38;2;255;255;255m[48;2;255;255;255m▀[0m[38;2;13;11;14m[48;2;0;0;0m▀[0m[38;2;0;0;0m[48;2;0;0;0m▀[0m[38;2;0;0;0m[48;2;0;0;0m▀[0m[38;2;0;0;0m[48;2;0;0;0m▀[0m[38;2;0;0;0m[48;2;0;0;0m▀[0m[38;2;0;0;0m[48;2;0;0;0m▀[0m[38;2;12;14;15m[48;2;0;0;0m▀[0m[38;2;0;0;0m[48;2;0;0;0m▀[0m[38;2;0;0;0m[48;2;0;0;0m▀[0m[38;2;0;0;0m[48;2;0;0;0m▀[0m[38;2;0;0;0m[48;2;0;0;0m▀[0m[38;2;0;0;0m[48;2;0;0;0m▀[0m[38;2;0;0;0m[48;2;0;0;0m▀[0m[38;2;0;0;0m[48;2;0;0;0m▀[0m[38;2;4;6;8m[48;2;17;19;20m▀[0m[38;2;0;0;0m[48;2;0;0;0m▀[0m[38;2;159;160;157m[48;2;98;97;94m▀[0m[38;2;69;69;69m[48;2;145;145;142m▀[0m[38;2;0;0;0m[48;2;0;0;0m▀[0m[38;2;0;0;0m[48;2;0;0;0m▀[0m[38;2;0;0;0m[48;2;0;0;0m▀[0m[38;2;0;3;0m[48;2;1;0;0m▀[0m[38;2;2;11;14m[48;2;5;2;2m▀[0m[38;2;0;7;8m[48;2;2;0;0m▀[0m[38;2;0;0;0m[48;2;0;0;0m▀[0m[38;2;0;0;0m[48;2;0;0;0m▀[0m[38;2;0;0;0m[48;2;0;2;2m▀[0m
[38;2;30;41;36m[48;2;55;72;68m▀[0m[38;2;22;26;25m[48;2;48;61;59m▀[0m[38;2;7;7;7m[48;2;33;44;42m▀[0m[38;2;27;35;34m[48;2;49;70;66m▀[0m[38;2;40;53;52m[48;2;46;65;62m▀[0m[38;2;14;31;27m[48;2;32;54;51m▀[0m[38;2;94;98;97m[48;2;13;31;28m▀[0m[38;2;255;255;255m[48;2;203;206;205m▀[0m[38;2;191;190;190m[48;2;199;198;196m▀[0m[38;2;0;0;0m[48;2;0;0;0m▀[0m[38;2;0;0;0m[48;2;0;0;0m▀[0m[38;2;0;0;0m[48;2;0;0;0m▀[0m[38;2;0;0;0m[48;2;0;0;0m▀[0m[38;2;0;0;0m[48;2;3;5;5m▀[0m[38;2;0;0;0m[48;2;0;0;0m▀[0m[38;2;13;17;17m[48;2;55;58;58m▀[0m[38;2;0;0;0m[48;2;12;12;10m▀[0m[38;2;0;0;0m[48;2;0;0;0m▀[0m[38;2;0;4;3m[48;2;117;120;122m▀[0m[38;2;0;0;0m[48;2;6;8;8m▀[0m[38;2;0;0;0m[48;2;75;79;79m▀[0m[38;2;0;0;0m[48;2;0;0;0m▀[0m[38;2;0;0;0m[48;2;0;0;0m▀[0m[38;2;6;8;10m[48;2;0;0;0m▀[0m[38;2;0;0;0m[48;2;0;0;0m▀[0m[38;2;33;28;31m[48;2;0;0;0m▀[0m[38;2;209;217;215m[48;2;223;227;227m▀[0m[38;2;0;16;13m[48;2;24;53;47m▀[0m[38;2;34;44;42m[48;2;43;60;57m▀[0m[38;2;34;44;42m[48;2;47;64;64m▀[0m[38;2;37;50;49m[48;2;53;71;67m▀[0m[38;2;20;28;29m[48;2;40;56;53m▀[0m[38;2;26;35;34m[48;2;45;61;57m▀[0m[38;2;26;35;33m[48;2;55;72;67m▀[0m[38;2;31;37;36m[48;2;53;71;68m▀[0m[38;2;15;20;19m[48;2;47;63;60m▀[0m
[38;2;42;61;57m[48;2;44;68;66m▀[0m[38;2;43;59;56m[48;2;37;54;51m▀[0m[38;2;35;48;46m[48;2;28;38;38m▀[0m[38;2;46;63;60m[48;2;41;65;60m▀[0m[38;2;39;57;53m[48;2;38;66;60m▀[0m[38;2;31;49;46m[48;2;34;63;56m▀[0m[38;2;1;23;20m[48;2;16;47;42m▀[0m[38;2;212;212;210m[48;2;62;77;74m▀[0m[38;2;156;153;153m[48;2;219;211;208m▀[0m[38;2;0;0;0m[48;2;0;0;0m▀[0m[38;2;0;0;0m[48;2;0;0;0m▀[0m[38;2;0;0;0m[48;2;0;0;0m▀[0m[38;2;0;0;0m[48;2;0;0;0m▀[0m[38;2;19;19;20m[48;2;20;28;32m▀[0m[38;2;33;29;25m[48;2;117;148;157m▀[0m[38;2;66;70;71m[48;2;59;75;83m▀[0m[38;2;53;57;57m[48;2;138;143;147m▀[0m[38;2;0;0;0m[48;2;56;55;55m▀[0m[38;2;94;96;94m[48;2;140;146;145m▀[0m[38;2;0;0;0m[48;2;155;163;163m▀[0m[38;2;115;115;115m[48;2;106;126;126m▀[0m[38;2;170;180;181m[48;2;120;140;141m▀[0m[38;2;42;45;45m[48;2;38;45;46m▀[0m[38;2;0;0;0m[48;2;0;0;0m▀[0m[38;2;108;115;115m[48;2;72;80;80m▀[0m[38;2;0;0;0m[48;2;0;0;0m▀[0m[38;2;202;201;201m[48;2;186;183;183m▀[0m[38;2;50;74;72m[48;2;105;128;127m▀[0m[38;2;21;42;39m[48;2;3;35;32m▀[0m[38;2;37;55;52m[48;2;42;63;60m▀[0m[38;2;43;62;59m[48;2;40;69;63m▀[0m[38;2;37;53;50m[48;2;32;53;52m▀[0m[38;2;39;52;50m[48;2;33;54;51m▀[0m[38;2;44;61;58m[48;2;42;72;66m▀[0m[38;2;42;56;56m[48;2;42;70;64m▀[0m[38;2;43;61;58m[48;2;40;68;62m▀[0m
[38;2;35;54;53m[48;2;37;65;59m▀[0m[38;2;22;32;35m[48;2;27;37;37m▀[0m[38;2;19;28;28m[48;2;27;38;36m▀[0m[38;2;32;54;51m[48;2;43;65;60m▀[0m[38;2;34;52;49m[48;2;44;66;63m▀[0m[38;2;29;47;47m[48;2;35;64;61m▀[0m[38;2;25;49;44m[48;2;35;65;59m▀[0m[38;2;0;20;18m[48;2;7;48;44m▀[0m[38;2;94;109;106m[48;2;85;119;115m▀[0m[38;2;111;108;110m[48;2;156;143;147m▀[0m[38;2;0;0;0m[48;2;0;0;0m▀[0m[38;2;34;30;35m[48;2;73;76;76m▀[0m[38;2;0;0;0m[48;2;0;0;0m▀[0m[38;2;84;125;136m[48;2;76;90;99m▀[0m[38;2;217;158;63m[48;2;77;53;18m▀[0m[38;2;164;153;120m[48;2;84;81;70m▀[0m[38;2;217;236;248m[48;2;212;226;233m▀[0m[38;2;255;255;255m[48;2;237;249;252m▀[0m[38;2;255;255;255m[48;2;227;240;242m▀[0m[38;2;204;215;217m[48;2;251;255;255m▀[0m[38;2;66;74;73m[48;2;255;255;255m▀[0m[38;2;88;92;92m[48;2;227;248;251m▀[0m[38;2;91;101;102m[48;2;55;66;66m▀[0m[38;2;0;0;0m[48;2;0;0;0m▀[0m[38;2;13;13;13m[48;2;11;15;15m▀[0m[38;2;0;0;0m[48;2;0;0;0m▀[0m[38;2;186;179;178m[48;2;147;139;140m▀[0m[38;2;173;183;180m[48;2;255;255;255m▀[0m[38;2;0;2;0m[48;2;0;31;26m▀[0m[38;2;26;45;42m[48;2;30;65;62m▀[0m[38;2;28;47;44m[48;2;35;72;70m▀[0m[38;2;18;31;33m[48;2;28;49;49m▀[0m[38;2;17;27;27m[48;2;23;41;38m▀[0m[38;2;29;47;44m[48;2;33;57;56m▀[0m[38;2;27;46;43m[48;2;35;59;55m▀[0m[38;2;30;47;47m[48;2;35;58;56m▀[0m
[38;2;44;74;68m[48;2;47;75;71m▀[0m[38;2;40;56;54m[48;2;24;27;26m▀[0m[38;2;31;30;31m[48;2;0;75;67m▀[0m[38;2;44;34;35m[48;2;5;122;115m▀[0m[38;2;44;34;35m[48;2;5;108;105m▀[0m[38;2;37;30;30m[48;2;0;112;108m▀[0m[38;2;41;32;31m[48;2;0;108;102m▀[0m[38;2;0;8;5m[48;2;0;121;116m▀[0m[38;2;197;207;207m[48;2;213;239;239m▀[0m[38;2;59;45;46m[48;2;33;12;13m▀[0m[38;2;0;0;0m[48;2;0;0;0m▀[0m[38;2;0;0;0m[48;2;2;5;5m▀[0m[38;2;0;0;0m[48;2;0;1;3m▀[0m[38;2;55;59;63m[48;2;0;0;0m▀[0m[38;2;207;240;255m[48;2;87;93;92m▀[0m[38;2;195;222;231m[48;2;217;244;246m▀[0m[38;2;255;255;255m[48;2;255;255;255m▀[0m[38;2;170;178;179m[48;2;206;217;216m▀[0m[38;2;190;200;201m[48;2;172;186;188m▀[0m[38;2;246;255;255m[48;2;195;206;208m▀[0m[38;2;247;255;255m[48;2;255;255;255m▀[0m[38;2;255;255;255m[48;2;164;174;175m▀[0m[38;2;0;0;0m[48;2;0;0;0m▀[0m[38;2;0;0;0m[48;2;0;0;0m▀[0m[38;2;27;27;29m[48;2;44;44;44m▀[0m[38;2;0;0;0m[48;2;0;0;0m▀[0m[38;2;57;54;56m[48;2;0;0;0m▀[0m[38;2;255;255;255m[48;2;183;160;159m▀[0m[38;2;74;97;95m[48;2;185;218;215m▀[0m[38;2;8;12;11m[48;2;0;72;69m▀[0m[38;2;38;34;33m[48;2;0;105;105m▀[0m[38;2;28;28;28m[48;2;0;80;81m▀[0m[38;2;31;53;48m[48;2;29;39;36m▀[0m[38;2;48;77;74m[48;2;47;70;70m▀[0m[38;2;41;69;62m[48;2;36;67;63m▀[0m[38;2;38;66;63m[48;2;37;67;63m▀[0m
[38;2;47;75;71m[48;2;47;73;69m▀[0m[38;2;23;2;2m[48;2;21;0;0m▀[0m[38;2;0;171;159m[48;2;0;180;167m▀[0m[38;2;0;188;170m[48;2;0;147;130m▀[0m[38;2;0;149;139m[48;2;0;120;105m▀[0m[38;2;0;150;142m[48;2;0;121;108m▀[0m[38;2;0;147;130m[48;2;0;117;104m▀[0m[38;2;0;183;169m[48;2;138;200;196m▀[0m[38;2;255;241;241m[48;2;255;233;235m▀[0m[38;2;9;0;0m[48;2;0;0;0m▀[0m[38;2;0;0;0m[48;2;0;0;0m▀[0m[38;2;14;18;20m[48;2;0;0;0m▀[0m[38;2;37;41;41m[48;2;88;87;87m▀[0m[38;2;0;0;0m[48;2;0;0;0m▀[0m[38;2;0;0;0m[48;2;0;0;0m▀[0m[38;2;136;145;145m[48;2;0;0;0m▀[0m[38;2;255;255;255m[48;2;0;0;0m▀[0m[38;2;255;255;255m[48;2;74;77;77m▀[0m[38;2;227;250;249m[48;2;146;153;155m▀[0m[38;2;255;255;255m[48;2;28;28;30m▀[0m[38;2;179;189;190m[48;2;164;174;177m▀[0m[38;2;0;0;0m[48;2;31;30;28m▀[0m[38;2;0;0;0m[48;2;0;0;0m▀[0m[38;2;22;21;21m[48;2;255;255;255m▀[0m[38;2;81;84;84m[48;2;82;87;87m▀[0m[38;2;0;0;0m[48;2;0;0;0m▀[0m[38;2;0;0;0m[48;2;0;0;0m▀[0m[38;2;48;32;32m[48;2;0;0;0m▀[0m[38;2;255;255;255m[48;2;134;92;93m▀[0m[38;2;0;177;160m[48;2;106;209;195m▀[0m[38;2;0;160;142m[48;2;0;122;101m▀[0m[38;2;0;167;163m[48;2;0;149;145m▀[0m[38;2;28;35;35m[48;2;18;37;36m▀[0m[38;2;45;73;69m[48;2;44;74;68m▀[0m[38;2;35;71;67m[48;2;38;74;69m▀[0m[38;2;35;70;66m[48;2;36;73;68m▀[0m
[38;2;46;74;70m[48;2;47;66;63m▀[0m[38;2;17;0;0m[48;2;11;7;5m▀[0m[38;2;0;189;179m[48;2;0;205;198m▀[0m[38;2;0;142;126m[48;2;0;137;122m▀[0m[38;2;0;126;113m[48;2;0;129;114m▀[0m[38;2;0;127;112m[48;2;0;143;127m▀[0m[38;2;0;162;148m[48;2;117;199;195m▀[0m[38;2;227;204;203m[48;2;131;75;79m▀[0m[38;2;0;0;0m[48;2;40;24;24m▀[0m[38;2;129;119;121m[48;2;255;255;255m▀[0m[38;2;255;255;255m[48;2;255;255;255m▀[0m[38;2;226;226;226m[48;2;208;231;234m▀[0m[38;2;254;253;253m[48;2;130;130;128m▀[0m[38;2;0;0;0m[48;2;0;0;0m▀[0m[38;2;45;47;48m[48;2;215;248;248m▀[0m[38;2;72;72;74m[48;2;253;255;255m▀[0m[38;2;134;142;143m[48;2;224;245;246m▀[0m[38;2;89;97;96m[48;2;197;214;215m▀[0m[38;2;0;0;0m[48;2;241;255;255m▀[0m[38;2;142;151;154m[48;2;220;241;241m▀[0m[38;2;255;255;255m[48;2;157;170;174m▀[0m[38;2;190;203;202m[48;2;255;255;255m▀[0m[38;2;19;28;28m[48;2;126;144;146m▀[0m[38;2;59;58;56m[48;2;0;0;0m▀[0m[38;2;37;36;36m[48;2;50;55;54m▀[0m[38;2;69;64;64m[48;2;102;113;113m▀[0m[38;2;54;44;45m[48;2;109;117;120m▀[0m[38;2;136;120;120m[48;2;255;255;255m▀[0m[38;2;153;109;111m[48;2;255;255;255m▀[0m[38;2;145;168;161m[48;2;245;194;194m▀[0m[38;2;0;161;139m[48;2;0;142;129m▀[0m[38;2;0;150;141m[48;2;0;178;165m▀[0m[38;2;10;38;34m[48;2;3;46;40m▀[0m[38;2;42;73;68m[48;2;40;73;68m▀[0m[38;2;33;76;72m[48;2;32;80;75m▀[0m[38;2;34;75;69m[48;2;33;77;72m▀[0m
[38;2;47;58;58m[48;2;44;55;53m▀[0m[38;2;9;19;18m[48;2;7;27;28m▀[0m[38;2;0;220;211m[48;2;0;228;216m▀[0m[38;2;0;135;119m[48;2;0;134;116m▀[0m[38;2;0;141;128m[48;2;0;171;153m▀[0m[38;2;0;156;145m[48;2;101;195;180m▀[0m[38;2;215;184;188m[48;2;141;109;109m▀[0m[38;2;0;0;0m[48;2;0;0;0m▀[0m[38;2;169;158;159m[48;2;225;220;220m▀[0m[38;2;255;255;255m[48;2;239;255;255m▀[0m[38;2;204;252;253m[48;2;220;255;255m▀[0m[38;2;166;201;204m[48;2;195;223;227m▀[0m[38;2;0;0;0m[48;2;0;0;0m▀[0m[38;2;0;0;0m[48;2;0;0;0m▀[0m[38;2;199;236;236m[48;2;222;254;255m▀[0m[38;2;212;253;255m[48;2;202;236;236m▀[0m[38;2;196;232;231m[48;2;163;203;205m▀[0m[38;2;161;191;189m[48;2;184;218;215m▀[0m[38;2;171;195;197m[48;2;187;219;220m▀[0m[38;2;180;201;205m[48;2;183;215;219m▀[0m[38;2;182;208;210m[48;2;178;214;215m▀[0m[38;2;221;255;255m[48;2;219;247;249m▀[0m[38;2;159;192;193m[48;2;198;234;239m▀[0m[38;2;0;0;0m[48;2;0;0;0m▀[0m[38;2;0;3;3m[48;2;0;0;0m▀[0m[38;2;194;237;239m[48;2;255;255;255m▀[0m[38;2;183;219;222m[48;2;214;244;246m▀[0m[38;2;188;231;232m[48;2;190;231;233m▀[0m[38;2;240;255;255m[48;2;229;255;255m▀[0m[38;2;218;171;175m[48;2;183;172;173m▀[0m[38;2;25;78;72m[48;2;15;0;0m▀[0m[38;2;0;220;210m[48;2;46;249;240m▀[0m[38;2;0;55;52m[48;2;0;65;60m▀[0m[38;2;32;72;70m[48;2;31;77;72m▀[0m[38;2;31;84;81m[48;2;30;89;84m▀[0m[38;2;32;80;75m[48;2;30;84;81m▀[0m
[38;2;42;51;51m[48;2;34;40;39m▀[0m[38;2;3;43;42m[48;2;0;58;58m▀[0m[38;2;0;240;227m[48;2;0;255;240m▀[0m[38;2;0;154;129m[48;2;0;141;120m▀[0m[38;2;8;175;158m[48;2;64;193;182m▀[0m[38;2;151;211;204m[48;2;110;71;73m▀[0m[38;2;0;0;0m[48;2;0;0;0m▀[0m[38;2;0;0;0m[48;2;0;0;0m▀[0m[38;2;239;244;244m[48;2;236;254;254m▀[0m[38;2;222;255;255m[48;2;201;255;255m▀[0m[38;2;208;254;255m[48;2;213;255;255m▀[0m[38;2;178;196;197m[48;2;92;124;125m▀[0m[38;2;0;0;0m[48;2;0;0;0m▀[0m[38;2;38;59;60m[48;2;165;175;174m▀[0m[38;2;255;255;255m[48;2;255;255;255m▀[0m[38;2;255;255;255m[48;2;255;255;255m▀[0m[38;2;214;235;238m[48;2;245;236;233m▀[0m[38;2;164;206;202m[48;2;255;255;255m▀[0m[38;2;157;197;200m[48;2;236;244;247m▀[0m[38;2;165;205;207m[48;2;255;252;252m▀[0m[38;2;220;237;238m[48;2;235;224;224m▀[0m[38;2;255;255;255m[48;2;249;245;243m▀[0m[38;2;255;255;255m[48;2;255;255;255m▀[0m[38;2;56;72;78m[48;2;255;255;255m▀[0m[38;2;0;0;0m[48;2;0;0;0m▀[0m[38;2;255;255;255m[48;2;38;28;29m▀[0m[38;2;255;255;255m[48;2;231;255;255m▀[0m[38;2;164;209;210m[48;2;156;209;212m▀[0m[38;2;222;255;255m[48;2;205;255;255m▀[0m[38;2;214;213;214m[48;2;233;236;239m▀[0m[38;2;0;0;0m[48;2;0;0;0m▀[0m[38;2;130;224;215m[48;2;60;49;49m▀[0m[38;2;0;112;101m[48;2;51;169;161m▀[0m[38;2;19;71;69m[48;2;10;76;71m▀[0m[38;2;28;89;85m[48;2;26;92;88m▀[0m[38;2;30;85;82m[48;2;27;88;84m▀[0m
