[38;2;255;255;255m[48;2;216;218;216m▀[0m[38;2;255;255;255m[48;2;255;255;251m▀[0m[38;2;255;255;255m[48;2;103;99;99m▀[0m[38;2;189;187;185m[48;2;0;0;0m▀[0m[38;2;0;0;0m[48;2;0;0;0m▀[0m[38;2;0;0;0m[48;2;135;150;163m▀[0m[38;2;0;0;0m[48;2;74;90;98m▀[0m[38;2;0;0;1m[48;2;0;0;0m▀[0m[38;2;39;71;84m[48;2;51;71;91m▀[0m[38;2;33;51;56m[48;2;134;181;218m▀[0m[38;2;50;68;89m[48;2;71;95;116m▀[0m[38;2;0;0;0m[48;2;1;13;17m▀[0m[38;2;0;0;0m[48;2;21;42;47m▀[0m[38;2;0;0;0m[48;2;0;0;0m▀[0m[38;2;16;18;16m[48;2;0;0;0m▀[0m[38;2;127;130;130m[48;2;113;113;113m▀[0m[38;2;191;191;191m[48;2;155;157;157m▀[0m[38;2;88;87;88m[48;2;62;66;65m▀[0m[38;2;106;110;110m[48;2;61;65;65m▀[0m[38;2;187;189;189m[48;2;206;206;206m▀[0m[38;2;110;113;112m[48;2;60;62;67m▀[0m[38;2;0;0;0m[48;2;0;0;0m▀[0m[38;2;0;0;0m[48;2;0;0;0m▀[0m[38;2;0;0;0m[48;2;25;40;50m▀[0m[38;2;2;4;7m[48;2;4;3;4m▀[0m[38;2;57;81;95m[48;2;153;203;238m▀[0m[38;2;42;57;68m[48;2;121;165;192m▀[0m[38;2;30;49;64m[48;2;35;61;78m▀[0m[38;2;0;0;0m[48;2;0;0;0m▀[0m[38;2;0;0;0m[48;2;95;114;126m▀[0m[38;2;0;0;0m[48;2;118;133;146m▀[0m[38;2;0;0;0m[48;2;0;0;0m▀[0m[38;2;208;208;208m[48;2;0;0;0m▀[0m[38;2;255;255;255m[48;2;142;139;139m▀[0m[38;2;255;255;255m[48;2;255;255;255m▀[0m[38;2;255;255;255m[48;2;209;211;209m▀[0m
[38;2;0;0;0m[48;2;0;18;32m▀[0m[38;2;3;7;8m[48;2;0;20;30m▀[0m[38;2;0;0;0m[48;2;0;0;0m▀[0m[38;2;0;0;0m[48;2;0;0;0m▀[0m[38;2;0;0;0m[48;2;0;0;0m▀[0m[38;2;46;41;37m[48;2;48;45;45m▀[0m[38;2;255;255;255m[48;2;124;124;121m▀[0m[38;2;196;210;214m[48;2;180;176;175m▀[0m[38;2;12;16;21m[48;2;45;42;36m▀[0m[38;2;0;0;0m[48;2;0;0;0m▀[0m[38;2;7;19;22m[48;2;0;0;0m▀[0m[38;2;66;120;147m[48;2;0;0;0m▀[0m[38;2;57;101;122m[48;2;0;15;22m▀[0m[38;2;0;0;0m[48;2;6;32;42m▀[0m[38;2;0;0;0m[48;2;0;0;0m▀[0m[38;2;35;42;46m[48;2;0;0;0m▀[0m[38;2;74;81;81m[48;2;0;31;35m▀[0m[38;2;122;130;130m[48;2;122;203;204m▀[0m[38;2;86;97;97m[48;2;112;183;183m▀[0m[38;2;39;46;48m[48;2;0;14;15m▀[0m[38;2;0;1;2m[48;2;0;0;0m▀[0m[38;2;0;0;0m[48;2;0;0;0m▀[0m[38;2;0;0;0m[48;2;3;31;37m▀[0m[38;2;73;122;147m[48;2;3;26;31m▀[0m[38;2;37;69;85m[48;2;0;0;0m▀[0m[38;2;0;0;0m[48;2;0;0;0m▀[0m[38;2;0;0;0m[48;2;0;0;0m▀[0m[38;2;51;63;76m[48;2;93;91;85m▀[0m[38;2;255;255;255m[48;2;188;183;182m▀[0m[38;2;255;255;255m[48;2;111;110;110m▀[0m[38;2;9;4;3m[48;2;11;7;7m▀[0m[38;2;0;0;0m[48;2;0;0;0m▀[0m[38;2;0;0;0m[48;2;0;0;0m▀[0m[38;2;0;0;0m[48;2;0;0;0m▀[0m[38;2;0;0;0m[48;2;17;42;59m▀[0m[38;2;0;0;0m[48;2;0;0;0m▀[0m
[38;2;66;91;113m[48;2;119;160;190m▀[0m[38;2;62;81;100m[48;2;151;198;234m▀[0m[38;2;0;0;0m[48;2;105;142;170m▀[0m[38;2;0;0;0m[48;2;72;101;118m▀[0m[38;2;0;7;11m[48;2;5;13;16m▀[0m[38;2;0;0;0m[48;2;0;0;0m▀[0m[38;2;0;0;0m[48;2;0;0;0m▀[0m[38;2;0;0;0m[48;2;0;0;0m▀[0m[38;2;113;113;113m[48;2;16;15;11m▀[0m[38;2;187;189;187m[48;2;67;67;68m▀[0m[38;2;116;115;112m[48;2;101;105;107m▀[0m[38;2;23;25;23m[48;2;76;93;93m▀[0m[38;2;0;0;0m[48;2;20;52;54m▀[0m[38;2;0;0;0m[48;2;0;0;0m▀[0m[38;2;0;0;0m[48;2;168;0;0m▀[0m[38;2;0;0;0m[48;2;255;0;0m▀[0m[38;2;43;0;0m[48;2;255;0;0m▀[0m[38;2;147;105;102m[48;2;255;0;0m▀[0m[38;2;134;139;139m[48;2;255;0;0m▀[0m[38;2;24;0;0m[48;2;255;0;0m▀[0m[38;2;0;0;0m[48;2;255;0;0m▀[0m[38;2;0;0;0m[48;2;136;0;0m▀[0m[38;2;0;0;0m[48;2;0;0;0m▀[0m[38;2;0;0;0m[48;2;26;59;63m▀[0m[38;2;34;34;34m[48;2;98;113;115m▀[0m[38;2;165;167;167m[48;2;111;115;116m▀[0m[38;2;178;180;178m[48;2;38;38;36m▀[0m[38;2;34;32;30m[48;2;0;0;0m▀[0m[38;2;0;0;0m[48;2;0;0;0m▀[0m[38;2;0;0;0m[48;2;0;0;0m▀[0m[38;2;0;0;0m[48;2;0;0;0m▀[0m[38;2;0;6;10m[48;2;42;58;71m▀[0m[38;2;0;0;0m[48;2;88;119;141m▀[0m[38;2;0;0;0m[48;2;118;159;190m▀[0m[38;2;78;108;130m[48;2;160;213;252m▀[0m[38;2;56;76;93m[48;2;74;100;118m▀[0m
[38;2;139;184;217m[48;2;85;116;142m▀[0m[38;2;145;192;227m[48;2;80;109;129m▀[0m[38;2;139;186;216m[48;2;131;173;205m▀[0m[38;2;137;183;209m[48;2;143;179;213m▀[0m[38;2;131;173;203m[48;2;147;192;223m▀[0m[38;2;37;50;59m[48;2;159;210;248m▀[0m[38;2;20;29;39m[48;2;67;87;103m▀[0m[38;2;0;0;0m[48;2;85;116;137m▀[0m[38;2;0;0;0m[48;2;93;126;150m▀[0m[38;2;0;0;0m[48;2;0;0;0m▀[0m[38;2;0;0;0m[48;2;0;0;0m▀[0m[38;2;0;0;0m[48;2;0;0;0m▀[0m[38;2;0;0;0m[48;2;79;0;0m▀[0m[38;2;199;0;0m[48;2;255;63;42m▀[0m[38;2;255;0;0m[48;2;246;48;40m▀[0m[38;2;250;98;88m[48;2;189;255;255m▀[0m[38;2;252;85;70m[48;2;216;102;93m▀[0m[38;2;255;29;18m[48;2;249;0;0m▀[0m[38;2;255;114;102m[48;2;255;69;56m▀[0m[38;2;255;69;61m[48;2;134;34;32m▀[0m[38;2;255;87;69m[48;2;255;106;94m▀[0m[38;2;255;0;0m[48;2;255;135;122m▀[0m[38;2;181;0;0m[48;2;255;9;2m▀[0m[38;2;0;0;0m[48;2;24;0;0m▀[0m[38;2;0;0;0m[48;2;0;0;0m▀[0m[38;2;0;0;0m[48;2;0;0;0m▀[0m[38;2;0;0;0m[48;2;0;0;2m▀[0m[38;2;0;0;0m[48;2;102;138;166m▀[0m[38;2;3;3;6m[48;2;66;83;103m▀[0m[38;2;13;21;29m[48;2;95;128;153m▀[0m[38;2;82;112;135m[48;2;167;218;255m▀[0m[38;2;146;188;219m[48;2;138;182;212m▀[0m[38;2;137;178;208m[48;2;148;188;221m▀[0m[38;2;142;190;220m[48;2;109;144;173m▀[0m[38;2;150;195;234m[48;2;74;99;117m▀[0m[38;2;136;178;209m[48;2;57;79;99m▀[0m
[38;2;26;37;47m[48;2;0;0;0m▀[0m[38;2;10;19;22m[48;2;50;74;88m▀[0m[38;2;133;180;214m[48;2;78;109;126m▀[0m[38;2;157;205;240m[48;2;107;140;164m▀[0m[38;2;150;196;230m[48;2;83;109;130m▀[0m[38;2;87;115;139m[48;2;83;115;132m▀[0m[38;2;113;152;176m[48;2;89;119;140m▀[0m[38;2;145;188;219m[48;2;103;135;157m▀[0m[38;2;73;101;122m[48;2;126;165;195m▀[0m[38;2;18;31;38m[48;2;150;208;245m▀[0m[38;2;0;0;0m[48;2;0;43;57m▀[0m[38;2;0;0;0m[48;2;0;0;0m▀[0m[38;2;255;0;0m[48;2;255;0;0m▀[0m[38;2;255;13;0m[48;2;255;0;0m▀[0m[38;2;193;26;18m[48;2;131;164;163m▀[0m[38;2;251;255;255m[48;2;200;255;255m▀[0m[38;2;181;46;42m[48;2;209;235;238m▀[0m[38;2;147;0;0m[48;2;155;84;81m▀[0m[38;2;255;0;0m[48;2;216;146;142m▀[0m[38;2;188;0;0m[48;2;255;59;57m▀[0m[38;2;246;0;0m[48;2;144;169;181m▀[0m[38;2;255;0;0m[48;2;244;0;0m▀[0m[38;2;255;36;10m[48;2;255;0;0m▀[0m[38;2;231;46;35m[48;2;255;0;0m▀[0m[38;2;0;0;0m[48;2;0;0;0m▀[0m[38;2;0;0;2m[48;2;4;72;90m▀[0m[38;2;39;64;77m[48;2;148;207;246m▀[0m[38;2;100;134;161m[48;2;126;165;194m▀[0m[38;2;148;189;227m[48;2;97;128;153m▀[0m[38;2;98;128;149m[48;2;87;125;142m▀[0m[38;2;120;155;181m[48;2;91;124;141m▀[0m[38;2;153;199;235m[48;2;88;120;142m▀[0m[38;2;160;209;248m[48;2;102;136;162m▀[0m[38;2;106;141;166m[48;2;84;110;132m▀[0m[38;2;0;0;0m[48;2;15;27;31m▀[0m[38;2;11;20;24m[48;2;0;0;0m▀[0m
[38;2;0;0;0m[48;2;0;0;0m▀[0m[38;2;24;33;41m[48;2;0;0;0m▀[0m[38;2;0;0;0m[48;2;0;0;0m▀[0m[38;2;0;0;0m[48;2;0;0;0m▀[0m[38;2;29;44;52m[48;2;26;38;45m▀[0m[38;2;66;95;109m[48;2;15;22;24m▀[0m[38;2;111;152;180m[48;2;114;153;179m▀[0m[38;2;140;188;220m[48;2;139;182;217m▀[0m[38;2;132;179;208m[48;2;121;169;198m▀[0m[38;2;133;192;231m[48;2;120;184;219m▀[0m[38;2;33;156;192m[48;2;79;223;255m▀[0m[38;2;42;0;0m[48;2;184;7;0m▀[0m[38;2;255;0;0m[48;2;255;0;0m▀[0m[38;2;187;0;0m[48;2;148;0;0m▀[0m[38;2;19;142;149m[48;2;41;143;149m▀[0m[38;2;0;40;27m[48;2;47;124;91m▀[0m[38;2;130;182;182m[48;2;207;211;204m▀[0m[38;2;255;255;255m[48;2;255;255;253m▀[0m[38;2;255;255;255m[48;2;255;255;255m▀[0m[38;2;111;212;212m[48;2;115;150;141m▀[0m[38;2;0;120;99m[48;2;0;91;49m▀[0m[38;2;0;113;118m[48;2;33;139;151m▀[0m[38;2;239;0;0m[48;2;164;0;0m▀[0m[38;2;255;0;0m[48;2;255;0;0m▀[0m[38;2;19;5;6m[48;2;116;33;26m▀[0m[38;2;62;177;216m[48;2;92;239;255m▀[0m[38;2;132;186;217m[48;2;129;184;215m▀[0m[38;2;133;179;209m[48;2;129;178;204m▀[0m[38;2;142;181;218m[48;2;148;183;222m▀[0m[38;2;83;107;137m[48;2;43;21;60m▀[0m[38;2;61;86;95m[48;2;25;38;41m▀[0m[38;2;0;0;0m[48;2;8;15;19m▀[0m[38;2;0;0;0m[48;2;0;0;0m▀[0m[38;2;0;0;0m[48;2;0;0;0m▀[0m[38;2;18;22;27m[48;2;0;0;0m▀[0m[38;2;0;0;0m[48;2;0;0;0m▀[0m
[38;2;0;0;0m[48;2;0;0;0m▀[0m[38;2;0;0;0m[48;2;1;16;24m▀[0m[38;2;0;0;0m[48;2;60;105;136m▀[0m[38;2;0;0;0m[48;2;22;40;51m▀[0m[38;2;52;67;80m[48;2;0;0;0m▀[0m[38;2;137;184;218m[48;2;0;0;0m▀[0m[38;2;172;224;255m[48;2;7;4;7m▀[0m[38;2;155;201;233m[48;2;74;101;118m▀[0m[38;2;140;195;227m[48;2;122;180;213m▀[0m[38;2;144;236;255m[48;2;27;100;122m▀[0m[38;2;54;157;184m[48;2;0;0;0m▀[0m[38;2;214;0;0m[48;2;255;0;0m▀[0m[38;2;255;0;0m[48;2;255;0;0m▀[0m[38;2;204;7;0m[48;2;180;0;0m▀[0m[38;2;222;255;255m[48;2;208;255;255m▀[0m[38;2;255;255;255m[48;2;255;255;255m▀[0m[38;2;255;255;255m[48;2;255;255;255m▀[0m[38;2;255;255;255m[48;2;255;255;255m▀[0m[38;2;255;255;255m[48;2;255;255;255m▀[0m[38;2;255;255;255m[48;2;255;255;255m▀[0m[38;2;89;63;71m[48;2;255;255;255m▀[0m[38;2;0;0;0m[48;2;148;255;255m▀[0m[38;2;215;0;0m[48;2;246;24;13m▀[0m[38;2;255;0;0m[48;2;255;0;0m▀[0m[38;2;175;0;0m[48;2;253;0;0m▀[0m[38;2;35;162;196m[48;2;0;0;0m▀[0m[38;2;156;234;255m[48;2;33;104;124m▀[0m[38;2;142;197;230m[48;2;113;163;196m▀[0m[38;2;162;216;247m[48;2;52;68;81m▀[0m[38;2;166;216;250m[48;2;0;0;0m▀[0m[38;2;113;150;178m[48;2;0;0;0m▀[0m[38;2;24;33;37m[48;2;0;0;0m▀[0m[38;2;0;0;0m[48;2;36;66;82m▀[0m[38;2;0;0;0m[48;2;42;75;95m▀[0m[38;2;0;0;0m[48;2;0;0;0m▀[0m[38;2;0;0;0m[48;2;0;0;0m▀[0m
[38;2;59;85;97m[48;2;152;197;230m▀[0m[38;2;91;138;172m[48;2;138;173;202m▀[0m[38;2;51;104;138m[48;2;26;56;68m▀[0m[38;2;142;187;219m[48;2;178;231;255m▀[0m[38;2;24;29;33m[48;2;89;118;140m▀[0m[38;2;0;0;0m[48;2;0;0;0m▀[0m[38;2;0;0;0m[48;2;0;0;0m▀[0m[38;2;0;0;0m[48;2;0;0;0m▀[0m[38;2;0;0;0m[48;2;0;0;0m▀[0m[38;2;0;0;0m[48;2;0;0;0m▀[0m[38;2;160;0;0m[48;2;255;0;0m▀[0m[38;2;255;0;0m[48;2;54;0;0m▀[0m[38;2;255;0;0m[48;2;255;0;0m▀[0m[38;2;175;8;0m[48;2;147;10;6m▀[0m[38;2;217;255;255m[48;2;96;198;204m▀[0m[38;2;255;255;255m[48;2;255;255;255m▀[0m[38;2;46;54;57m[48;2;193;197;197m▀[0m[38;2;154;162;160m[48;2;255;255;255m▀[0m[38;2;151;156;156m[48;2;255;255;255m▀[0m[38;2;115;125;125m[48;2;248;253;253m▀[0m[38;2;228;239;239m[48;2;255;255;255m▀[0m[38;2;148;255;255m[48;2;38;158;165m▀[0m[38;2;202;0;0m[48;2;214;5;1m▀[0m[38;2;255;0;0m[48;2;238;0;0m▀[0m[38;2;255;0;0m[48;2;255;0;0m▀[0m[38;2;39;0;0m[48;2;223;0;0m▀[0m[38;2;0;0;0m[48;2;0;0;0m▀[0m[38;2;0;0;0m[48;2;0;0;0m▀[0m[38;2;0;0;0m[48;2;0;0;0m▀[0m[38;2;0;0;0m[48;2;0;0;0m▀[0m[38;2;0;0;0m[48;2;0;0;0m▀[0m[38;2;76;102;120m[48;2;154;202;238m▀[0m[38;2;120;175;208m[48;2;82;121;147m▀[0m[38;2;64;112;136m[48;2;100;138;160m▀[0m[38;2;126;167;198m[48;2;169;217;252m▀[0m[38;2;2;2;3m[48;2;96;125;151m▀[0m
[38;2;131;167;193m[48;2;129;168;195m▀[0m[38;2;148;191;223m[48;2;150;195;227m▀[0m[38;2;40;64;75m[48;2;59;88;109m▀[0m[38;2;135;179;209m[48;2;115;159;189m▀[0m[38;2;103;134;155m[48;2;103;132;152m▀[0m[38;2;0;0;0m[48;2;0;0;0m▀[0m[38;2;0;0;0m[48;2;12;5;20m▀[0m[38;2;0;0;0m[48;2;0;0;0m▀[0m[38;2;0;0;0m[48;2;0;0;0m▀[0m[38;2;19;0;0m[48;2;20;0;0m▀[0m[38;2;245;0;0m[48;2;135;2;0m▀[0m[38;2;0;0;0m[48;2;67;0;0m▀[0m[38;2;255;0;0m[48;2;255;0;0m▀[0m[38;2;99;0;0m[48;2;179;0;0m▀[0m[38;2;0;0;0m[48;2;0;0;0m▀[0m[38;2;150;164;168m[48;2;0;0;0m▀[0m[38;2;255;255;255m[48;2;87;95;98m▀[0m[38;2;255;255;255m[48;2;88;92;91m▀[0m[38;2;255;255;255m[48;2;124;124;125m▀[0m[38;2;255;255;255m[48;2;154;164;164m▀[0m[38;2;130;144;147m[48;2;0;0;0m▀[0m[38;2;0;0;0m[48;2;0;0;0m▀[0m[38;2;158;0;0m[48;2;164;0;0m▀[0m[38;2;255;0;0m[48;2;255;0;0m▀[0m[38;2;210;0;0m[48;2;178;0;0m▀[0m[38;2;252;0;0m[48;2;153;2;0m▀[0m[38;2;0;4;1m[48;2;0;0;0m▀[0m[38;2;0;0;0m[48;2;0;0;0m▀[0m[38;2;0;0;0m[48;2;0;0;0m▀[0m[38;2;0;0;0m[48;2;0;0;0m▀[0m[38;2;0;0;0m[48;2;0;0;0m▀[0m[38;2;140;186;218m[48;2;116;158;186m▀[0m[38;2;56;87;104m[48;2;70;109;129m▀[0m[38;2;126;168;195m[48;2;156;201;236m▀[0m[38;2;133;174;204m[48;2;131;170;200m▀[0m[38;2;134;175;206m[48;2;130;169;196m▀[0m
[38;2;157;206;245m[48;2;77;106;126m▀[0m[38;2;176;224;255m[48;2;28;37;46m▀[0m[38;2;70;105;127m[48;2;0;0;0m▀[0m[38;2;31;57;69m[48;2;0;0;0m▀[0m[38;2;0;0;0m[48;2;0;0;0m▀[0m[38;2;0;0;0m[48;2;0;0;0m▀[0m[38;2;8;0;23m[48;2;41;50;40m▀[0m[38;2;93;37;147m[48;2;169;138;182m▀[0m[38;2;41;24;76m[48;2;3;0;22m▀[0m[38;2;0;0;0m[48;2;0;0;0m▀[0m[38;2;0;0;0m[48;2;0;0;0m▀[0m[38;2;0;0;0m[48;2;0;0;0m▀[0m[38;2;255;0;0m[48;2;228;0;0m▀[0m[38;2;200;0;0m[48;2;159;0;0m▀[0m[38;2;0;0;0m[48;2;0;0;0m▀[0m[38;2;0;0;0m[48;2;17;15;13m▀[0m[38;2;255;255;255m[48;2;255;255;255m▀[0m[38;2;83;85;83m[48;2;255;255;255m▀[0m[38;2;195;195;197m[48;2;255;255;255m▀[0m[38;2;255;255;255m[48;2;255;255;255m▀[0m[38;2;0;0;0m[48;2;0;0;0m▀[0m[38;2;0;0;0m[48;2;0;0;0m▀[0m[38;2;150;0;0m[48;2;135;0;0m▀[0m[38;2;255;0;0m[48;2;91;0;0m▀[0m[38;2;31;0;0m[48;2;0;0;0m▀[0m[38;2;0;0;0m[48;2;0;0;0m▀[0m[38;2;0;0;0m[48;2;0;0;0m▀[0m[38;2;39;23;75m[48;2;19;0;43m▀[0m[38;2;76;27;128m[48;2;183;155;187m▀[0m[38;2;0;0;0m[48;2;25;34;21m▀[0m[38;2;0;0;0m[48;2;0;0;0m▀[0m[38;2;0;3;4m[48;2;0;0;0m▀[0m[38;2;58;91;110m[48;2;0;0;0m▀[0m[38;2;139;178;210m[48;2;0;0;0m▀[0m[38;2;169;220;255m[48;2;59;81;95m▀[0m[38;2;150;196;231m[48;2;79;112;129m▀[0m
[38;2;0;0;0m[48;2;0;0;0m▀[0m[38;2;0;0;0m[48;2;0;0;0m▀[0m[38;2;0;0;0m[48;2;0;0;0m▀[0m[38;2;0;0;0m[48;2;0;0;0m▀[0m[38;2;0;0;0m[48;2;45;48;47m▀[0m[38;2;0;0;0m[48;2;0;0;0m▀[0m[38;2;152;146;134m[48;2;103;82;76m▀[0m[38;2;132;134;119m[48;2;25;17;13m▀[0m[38;2;0;0;0m[48;2;0;0;0m▀[0m[38;2;115;125;123m[48;2;255;255;255m▀[0m[38;2;255;255;255m[48;2;255;255;255m▀[0m[38;2;226;253;253m[48;2;255;255;255m▀[0m[38;2;199;86;78m[48;2;255;255;255m▀[0m[38;2;176;0;0m[48;2;59;19;15m▀[0m[38;2;149;206;205m[48;2;197;217;218m▀[0m[38;2;237;251;250m[48;2;214;224;224m▀[0m[38;2;179;182;182m[48;2;175;177;177m▀[0m[38;2;255;255;255m[48;2;176;178;178m▀[0m[38;2;255;255;255m[48;2;179;187;185m▀[0m[38;2;196;200;200m[48;2;141;146;146m▀[0m[38;2;206;228;229m[48;2;233;243;243m▀[0m[38;2;153;180;184m[48;2;167;170;169m▀[0m[38;2;133;0;0m[48;2;119;109;105m▀[0m[38;2;136;135;131m[48;2;255;255;255m▀[0m[38;2;234;246;250m[48;2;255;255;255m▀[0m[38;2;255;255;255m[48;2;255;255;255m▀[0m[38;2;61;74;67m[48;2;255;255;255m▀[0m[38;2;0;0;0m[48;2;0;0;0m▀[0m[38;2;203;198;182m[48;2;102;81;71m▀[0m[38;2;70;73;69m[48;2;1;0;0m▀[0m[38;2;0;0;0m[48;2;0;3;4m▀[0m[38;2;0;0;0m[48;2;0;0;0m▀[0m[38;2;0;0;0m[48;2;0;0;0m▀[0m[38;2;0;0;0m[48;2;0;0;0m▀[0m[38;2;0;0;0m[48;2;0;0;0m▀[0m[38;2;0;0;0m[48;2;0;0;0m▀[0m
[38;2;0;0;0m[48;2;6;9;11m▀[0m[38;2;0;0;0m[48;2;0;0;0m▀[0m[38;2;0;0;0m[48;2;0;0;0m▀[0m[38;2;29;32;28m[48;2;255;255;255m▀[0m[38;2;255;255;255m[48;2;255;255;255m▀[0m[38;2;144;148;147m[48;2;255;255;255m▀[0m[38;2;0;0;0m[48;2;96;100;100m▀[0m[38;2;0;0;0m[48;2;0;0;0m▀[0m[38;2;142;147;147m[48;2;255;255;255m▀[0m[38;2;255;255;255m[48;2;255;255;255m▀[0m[38;2;238;238;235m[48;2;163;168;168m▀[0m[38;2;205;215;216m[48;2;255;255;255m▀[0m[38;2;0;0;0m[48;2;142;145;145m▀[0m[38;2;34;56;59m[48;2;226;225;223m▀[0m[38;2;236;248;252m[48;2;255;255;255m▀[0m[38;2;198;203;204m[48;2;177;177;178m▀[0m[38;2;251;251;251m[48;2;161;163;163m▀[0m[38;2;26;28;28m[48;2;105;103;106m▀[0m[38;2;0;0;0m[48;2;33;36;36m▀[0m[38;2;212;214;214m[48;2;173;175;175m▀[0m[38;2;203;206;206m[48;2;200;200;200m▀[0m[38;2;246;255;255m[48;2;255;255;255m▀[0m[38;2;26;39;43m[48;2;206;206;207m▀[0m[38;2;0;0;0m[48;2;177;181;181m▀[0m[38;2;195;201;200m[48;2;255;255;255m▀[0m[38;2;254;249;251m[48;2;177;180;180m▀[0m[38;2;255;255;255m[48;2;255;255;255m▀[0m[38;2;77;79;77m[48;2;206;203;203m▀[0m[38;2;0;0;0m[48;2;0;0;0m▀[0m[38;2;0;0;0m[48;2;255;255;255m▀[0m[38;2;255;255;255m[48;2;255;255;255m▀[0m[38;2;255;255;255m[48;2;255;255;255m▀[0m[38;2;0;0;0m[48;2;135;139;141m▀[0m[38;2;0;0;0m[48;2;0;0;0m▀[0m[38;2;0;0;0m[48;2;0;0;0m▀[0m[38;2;8;12;14m[48;2;38;56;71m▀[0m
