[38;2;174;188;190m[48;2;78;85;85m▀[0m[38;2;159;172;174m[48;2;141;154;156m▀[0m[38;2;151;165;165m[48;2;176;195;194m▀[0m[38;2;145;158;158m[48;2;168;185;185m▀[0m[38;2;125;138;138m[48;2;147;161;161m▀[0m[38;2;103;111;114m[48;2;136;148;151m▀[0m[38;2;128;140;143m[48;2;124;138;142m▀[0m[38;2;217;226;227m[48;2;127;143;143m▀[0m[38;2;215;209;212m[48;2;255;255;255m▀[0m[38;2;0;0;0m[48;2;183;179;179m▀[0m[38;2;0;0;0m[48;2;0;0;0m▀[0m[38;2;0;0;0m[48;2;0;0;0m▀[0m[38;2;0;0;0m[48;2;0;0;0m▀[0m[38;2;0;0;0m[48;2;0;0;0m▀[0m[38;2;0;0;0m[48;2;0;0;0m▀[0m[38;2;0;0;0m[48;2;0;0;1m▀[0m[38;2;0;0;1m[48;2;0;0;0m▀[0m[38;2;0;1;1m[48;2;0;0;1m▀[0m[38;2;0;0;0m[48;2;0;0;0m▀[0m[38;2;0;0;1m[48;2;0;0;0m▀[0m[38;2;0;0;0m[48;2;0;0;0m▀[0m[38;2;0;0;0m[48;2;0;0;0m▀[0m[38;2;0;0;0m[48;2;0;0;0m▀[0m[38;2;0;0;0m[48;2;0;0;0m▀[0m[38;2;0;0;0m[48;2;0;0;0m▀[0m[38;2;0;0;0m[48;2;0;0;0m▀[0m[38;2;35;35;35m[48;2;153;156;157m▀[0m[38;2;237;238;235m[48;2;0;0;0m▀[0m[38;2;104;107;107m[48;2;58;61;58m▀[0m[38;2;0;0;0m[48;2;151;154;154m▀[0m[38;2;157;154;157m[48;2;231;231;234m▀[0m[38;2;148;150;151m[48;2;59;59;60m▀[0m[38;2;8;0;0m[48;2;77;79;77m▀[0m[38;2;50;114;127m[48;2;238;230;229m▀[0m[38;2;233;247;247m[48;2;255;255;255m▀[0m[38;2;210;203;202m[48;2;0;0;0m▀[0m
[38;2;0;0;0m[48;2;0;0;0m▀[0m[38;2;0;0;0m[48;2;0;0;0m▀[0m[38;2;40;44;46m[48;2;0;0;0m▀[0m[38;2;146;162;162m[48;2;0;0;0m▀[0m[38;2;190;206;206m[48;2;67;70;73m▀[0m[38;2;161;177;175m[48;2;170;185;187m▀[0m[38;2;147;162;165m[48;2;177;195;195m▀[0m[38;2;144;160;160m[48;2;151;166;172m▀[0m[38;2;132;149;151m[48;2;141;155;157m▀[0m[38;2;203;220;222m[48;2;146;163;163m▀[0m[38;2;169;174;176m[48;2;199;219;220m▀[0m[38;2;0;0;0m[48;2;224;223;220m▀[0m[38;2;0;0;0m[48;2;0;0;0m▀[0m[38;2;0;0;0m[48;2;0;0;0m▀[0m[38;2;0;0;0m[48;2;0;0;0m▀[0m[38;2;0;0;0m[48;2;0;0;0m▀[0m[38;2;0;0;0m[48;2;0;0;0m▀[0m[38;2;0;0;0m[48;2;0;0;0m▀[0m[38;2;0;0;0m[48;2;0;0;0m▀[0m[38;2;0;0;0m[48;2;0;0;0m▀[0m[38;2;0;0;0m[48;2;0;0;0m▀[0m[38;2;0;0;0m[48;2;0;0;0m▀[0m[38;2;0;0;0m[48;2;0;0;0m▀[0m[38;2;0;0;0m[48;2;53;53;53m▀[0m[38;2;0;0;0m[48;2;250;250;250m▀[0m[38;2;129;131;129m[48;2;245;245;245m▀[0m[38;2;135;138;139m[48;2;239;239;237m▀[0m[38;2;139;138;136m[48;2;189;192;188m▀[0m[38;2;230;232;230m[48;2;150;152;150m▀[0m[38;2;198;198;195m[48;2;214;213;214m▀[0m[38;2;152;154;155m[48;2;175;174;172m▀[0m[38;2;0;0;0m[48;2;126;125;126m▀[0m[38;2;140;142;142m[48;2;161;161;159m▀[0m[38;2;255;255;255m[48;2;215;218;218m▀[0m[38;2;144;147;147m[48;2;143;134;134m▀[0m[38;2;15;5;4m[48;2;89;125;125m▀[0m
[38;2;0;0;0m[48;2;0;0;0m▀[0m[38;2;0;0;0m[48;2;0;0;0m▀[0m[38;2;0;0;0m[48;2;0;0;0m▀[0m[38;2;0;0;0m[48;2;0;0;0m▀[0m[38;2;0;0;0m[48;2;0;0;0m▀[0m[38;2;0;0;0m[48;2;0;0;0m▀[0m[38;2;89;98;101m[48;2;0;0;0m▀[0m[38;2;126;143;147m[48;2;52;56;56m▀[0m[38;2;75;86;88m[48;2;84;93;94m▀[0m[38;2;84;93;92m[48;2;83;99;97m▀[0m[38;2;114;131;129m[48;2;122;136;135m▀[0m[38;2;255;255;255m[48;2;135;152;152m▀[0m[38;2;244;240;240m[48;2;201;214;216m▀[0m[38;2;0;0;0m[48;2;232;236;236m▀[0m[38;2;0;0;0m[48;2;22;18;17m▀[0m[38;2;0;0;0m[48;2;0;0;0m▀[0m[38;2;0;0;0m[48;2;0;0;0m▀[0m[38;2;0;0;0m[48;2;0;0;0m▀[0m[38;2;0;0;0m[48;2;0;0;0m▀[0m[38;2;0;0;0m[48;2;0;0;0m▀[0m[38;2;0;0;0m[48;2;97;96;94m▀[0m[38;2;0;0;0m[48;2;177;176;174m▀[0m[38;2;59;59;59m[48;2;255;255;255m▀[0m[38;2;255;255;255m[48;2;76;78;79m▀[0m[38;2;199;199;196m[48;2;140;144;140m▀[0m[38;2;154;153;154m[48;2;134;137;136m▀[0m[38;2;146;146;144m[48;2;159;158;156m▀[0m[38;2;145;148;147m[48;2;152;152;150m▀[0m[38;2;153;151;149m[48;2;153;153;151m▀[0m[38;2;180;182;180m[48;2;144;147;146m▀[0m[38;2;160;160;157m[48;2;151;153;151m▀[0m[38;2;150;150;150m[48;2;163;163;160m▀[0m[38;2;187;186;186m[48;2;168;170;170m▀[0m[38;2;160;163;163m[48;2;147;150;147m▀[0m[38;2;156;142;142m[48;2;82;81;82m▀[0m[38;2;138;208;214m[48;2;127;126;123m▀[0m
[38;2;0;0;0m[48;2;0;0;0m▀[0m[38;2;0;0;0m[48;2;0;0;0m▀[0m[38;2;0;0;0m[48;2;0;0;0m▀[0m[38;2;0;0;0m[48;2;0;0;0m▀[0m[38;2;0;0;0m[48;2;0;0;0m▀[0m[38;2;0;0;0m[48;2;0;0;0m▀[0m[38;2;0;0;0m[48;2;0;0;0m▀[0m[38;2;87;86;86m[48;2;46;43;43m▀[0m[38;2;22;25;27m[48;2;85;85;85m▀[0m[38;2;0;6;9m[48;2;24;20;20m▀[0m[38;2;169;189;191m[48;2;105;109;109m▀[0m[38;2;162;176;179m[48;2;132;141;142m▀[0m[38;2;154;171;169m[48;2;110;119;120m▀[0m[38;2;169;189;189m[48;2;126;143;145m▀[0m[38;2;222;231;230m[48;2;130;153;152m▀[0m[38;2;129;128;126m[48;2;186;199;201m▀[0m[38;2;0;0;0m[48;2;146;156;155m▀[0m[38;2;0;0;0m[48;2;86;94;95m▀[0m[38;2;17;14;16m[48;2;159;159;159m▀[0m[38;2;244;244;240m[48;2;181;185;182m▀[0m[38;2;255;255;255m[48;2;169;171;171m▀[0m[38;2;255;255;255m[48;2;152;154;152m▀[0m[38;2;172;174;172m[48;2;151;151;149m▀[0m[38;2;106;108;106m[48;2;168;167;168m▀[0m[38;2;110;113;110m[48;2;120;120;120m▀[0m[38;2;148;148;146m[48;2;154;153;154m▀[0m[38;2;157;156;157m[48;2;163;165;163m▀[0m[38;2;165;167;165m[48;2;136;135;136m▀[0m[38;2;152;152;150m[48;2;149;151;149m▀[0m[38;2;151;153;151m[48;2;162;162;160m▀[0m[38;2;148;148;148m[48;2;145;147;145m▀[0m[38;2;172;171;168m[48;2;154;153;151m▀[0m[38;2;152;152;152m[48;2;128;125;125m▀[0m[38;2;168;172;172m[48;2;72;60;56m▀[0m[38;2;168;166;163m[48;2;186;162;162m▀[0m[38;2;86;72;72m[48;2;172;151;152m▀[0m
[38;2;51;50;48m[48;2;207;224;225m▀[0m[38;2;6;1;1m[48;2;226;241;243m▀[0m[38;2;0;0;0m[48;2;115;117;119m▀[0m[38;2;0;0;0m[48;2;0;0;0m▀[0m[38;2;0;0;0m[48;2;0;0;0m▀[0m[38;2;0;0;0m[48;2;58;57;57m▀[0m[38;2;38;40;40m[48;2;255;255;255m▀[0m[38;2;204;205;202m[48;2;190;193;190m▀[0m[38;2;219;220;217m[48;2;177;179;179m▀[0m[38;2;233;232;229m[48;2;74;65;62m▀[0m[38;2;106;99;99m[48;2;0;0;0m▀[0m[38;2;0;0;0m[48;2;34;82;84m▀[0m[38;2;0;0;0m[48;2;173;172;172m▀[0m[38;2;101;104;106m[48;2;168;163;161m▀[0m[38;2;80;79;75m[48;2;200;192;189m▀[0m[38;2;129;146;150m[48;2;85;78;78m▀[0m[38;2;138;147;148m[48;2;79;94;97m▀[0m[38;2;189;193;195m[48;2;156;156;154m▀[0m[38;2;48;61;67m[48;2;219;218;219m▀[0m[38;2;112;112;115m[48;2;99;104;104m▀[0m[38;2;164;163;161m[48;2;225;224;225m▀[0m[38;2;138;141;138m[48;2;172;171;172m▀[0m[38;2;154;154;152m[48;2;144;146;144m▀[0m[38;2;150;150;150m[48;2;149;146;149m▀[0m[38;2;147;147;147m[48;2;135;135;135m▀[0m[38;2;145;145;145m[48;2;145;145;143m▀[0m[38;2;172;175;172m[48;2;161;163;161m▀[0m[38;2;98;100;98m[48;2;158;158;155m▀[0m[38;2;86;88;89m[48;2;54;53;54m▀[0m[38;2;174;176;174m[48;2;175;174;174m▀[0m[38;2;165;162;162m[48;2;145;173;175m▀[0m[38;2;143;136;132m[48;2;156;164;159m▀[0m[38;2;108;121;127m[48;2;215;201;199m▀[0m[38;2;0;0;0m[48;2;78;205;214m▀[0m[38;2;0;0;0m[48;2;0;28;29m▀[0m[38;2;0;10;12m[48;2;44;59;56m▀[0m
[38;2;162;172;173m[48;2;145;159;158m▀[0m[38;2;96;105;108m[48;2;133;146;148m▀[0m[38;2;189;194;194m[48;2;61;66;68m▀[0m[38;2;223;226;223m[48;2;70;79;79m▀[0m[38;2;192;196;195m[48;2;146;148;146m▀[0m[38;2;250;255;255m[48;2;191;132;120m▀[0m[38;2;182;188;186m[48;2;153;161;159m▀[0m[38;2;169;171;169m[48;2;108;121;120m▀[0m[38;2;83;86;86m[48;2;139;143;142m▀[0m[38;2;97;100;97m[48;2;166;168;166m▀[0m[38;2;170;165;164m[48;2;255;255;255m▀[0m[38;2;118;147;145m[48;2;255;255;255m▀[0m[38;2;68;123;125m[48;2;159;154;153m▀[0m[38;2;113;96;98m[48;2;66;52;53m▀[0m[38;2;128;132;125m[48;2;0;21;24m▀[0m[38;2;27;80;80m[48;2;153;193;196m▀[0m[38;2;111;116;113m[48;2;180;167;168m▀[0m[38;2;69;84;81m[48;2;63;68;69m▀[0m[38;2;133;136;135m[48;2;96;99;98m▀[0m[38;2;216;214;211m[48;2;154;152;150m▀[0m[38;2;236;235;236m[48;2;219;218;219m▀[0m[38;2;225;224;225m[48;2;145;147;148m▀[0m[38;2;139;141;139m[48;2;134;136;134m▀[0m[38;2;159;159;159m[48;2;154;154;154m▀[0m[38;2;122;122;122m[48;2;157;157;154m▀[0m[38;2;146;146;144m[48;2;158;158;155m▀[0m[38;2;165;165;162m[48;2;155;155;155m▀[0m[38;2;166;166;163m[48;2;178;178;178m▀[0m[38;2;11;13;14m[48;2;72;71;72m▀[0m[38;2;167;163;163m[48;2;134;136;134m▀[0m[38;2;124;148;143m[48;2;140;139;139m▀[0m[38;2;123;140;138m[48;2;149;141;141m▀[0m[38;2;234;208;205m[48;2;183;176;175m▀[0m[38;2;88;110;111m[48;2;168;127;124m▀[0m[38;2;0;1;4m[48;2;0;0;0m▀[0m[38;2;98;79;77m[48;2;8;117;125m▀[0m
[38;2;79;88;87m[48;2;85;103;101m▀[0m[38;2;52;60;63m[48;2;85;98;101m▀[0m[38;2;142;138;141m[48;2;24;21;23m▀[0m[38;2;104;108;108m[48;2;9;9;7m▀[0m[38;2;0;0;0m[48;2;26;35;39m▀[0m[38;2;144;83;75m[48;2;0;0;0m▀[0m[38;2;179;69;58m[48;2;179;44;32m▀[0m[38;2;137;152;154m[48;2;163;159;161m▀[0m[38;2;162;167;164m[48;2;143;151;150m▀[0m[38;2;142;142;140m[48;2;148;150;148m▀[0m[38;2;218;216;214m[48;2;135;134;132m▀[0m[38;2;242;239;239m[48;2;135;134;135m▀[0m[38;2;160;159;160m[48;2;127;129;127m▀[0m[38;2;137;135;138m[48;2;140;140;141m▀[0m[38;2;117;116;116m[48;2;178;177;177m▀[0m[38;2;130;123;121m[48;2;137;136;136m▀[0m[38;2;177;177;177m[48;2;134;131;133m▀[0m[38;2;157;155;153m[48;2;166;165;163m▀[0m[38;2;152;150;148m[48;2;153;155;153m▀[0m[38;2;141;143;141m[48;2;153;155;153m▀[0m[38;2;173;175;173m[48;2;132;134;132m▀[0m[38;2;238;238;238m[48;2;217;220;217m▀[0m[38;2;75;77;75m[48;2;196;196;196m▀[0m[38;2;150;150;148m[48;2;101;104;101m▀[0m[38;2;162;159;159m[48;2;177;180;177m▀[0m[38;2;148;148;148m[48;2;102;105;102m▀[0m[38;2;148;148;146m[48;2;160;160;158m▀[0m[38;2;163;163;160m[48;2;180;180;178m▀[0m[38;2;141;143;141m[48;2;158;161;160m▀[0m[38;2;119;122;119m[48;2;109;112;109m▀[0m[38;2;130;132;133m[48;2;144;144;145m▀[0m[38;2;160;159;157m[48;2;162;162;160m▀[0m[38;2;161;152;149m[48;2;165;157;154m▀[0m[38;2;196;184;181m[48;2;215;201;197m▀[0m[38;2;0;48;50m[48;2;21;0;0m▀[0m[38;2;0;54;58m[48;2;0;89;98m▀[0m
[38;2;102;122;123m[48;2;90;112;116m▀[0m[38;2;92;114;115m[48;2;27;41;40m▀[0m[38;2;0;9;12m[48;2;0;0;0m▀[0m[38;2;0;0;0m[48;2;0;0;0m▀[0m[38;2;4;13;16m[48;2;0;8;8m▀[0m[38;2;0;0;0m[48;2;251;249;247m▀[0m[38;2;245;157;155m[48;2;245;182;177m▀[0m[38;2;255;255;255m[48;2;151;172;173m▀[0m[38;2;149;158;159m[48;2;154;157;156m▀[0m[38;2;148;152;154m[48;2;125;128;129m▀[0m[38;2;144;143;144m[48;2;185;187;188m▀[0m[38;2;160;160;160m[48;2;234;234;234m▀[0m[38;2;142;145;142m[48;2;133;133;130m▀[0m[38;2;152;156;155m[48;2;153;155;153m▀[0m[38;2;153;153;153m[48;2;151;153;151m▀[0m[38;2;165;164;161m[48;2;156;157;153m▀[0m[38;2;77;76;74m[48;2;141;144;143m▀[0m[38;2;142;141;139m[48;2;147;146;144m▀[0m[38;2;158;157;155m[48;2;154;154;152m▀[0m[38;2;152;152;152m[48;2;152;154;152m▀[0m[38;2;154;152;150m[48;2;150;149;150m▀[0m[38;2;134;133;131m[48;2;155;155;153m▀[0m[38;2;201;200;198m[48;2;136;136;134m▀[0m[38;2;210;213;212m[48;2;199;202;201m▀[0m[38;2;25;25;27m[48;2;130;130;130m▀[0m[38;2;56;58;56m[48;2;109;109;109m▀[0m[38;2;180;180;181m[48;2;169;169;170m▀[0m[38;2;207;207;207m[48;2;148;148;148m▀[0m[38;2;169;172;169m[48;2;177;176;176m▀[0m[38;2;110;113;113m[48;2;135;133;131m▀[0m[38;2;134;134;132m[48;2;20;22;20m▀[0m[38;2;179;179;177m[48;2;200;197;197m▀[0m[38;2;157;156;153m[48;2;164;163;160m▀[0m[38;2;250;209;206m[48;2;218;188;185m▀[0m[38;2;62;138;142m[48;2;174;224;224m▀[0m[38;2;0;119;130m[48;2;0;8;15m▀[0m
[38;2;71;79;80m[48;2;202;201;197m▀[0m[38;2;76;85;81m[48;2;255;255;255m▀[0m[38;2;1;4;0m[48;2;210;212;210m▀[0m[38;2;0;0;0m[48;2;214;220;218m▀[0m[38;2;119;129;130m[48;2;255;255;255m▀[0m[38;2;255;229;226m[48;2;209;121;117m▀[0m[38;2;160;83;72m[48;2;111;98;96m▀[0m[38;2;148;163;166m[48;2;131;145;145m▀[0m[38;2;151;150;148m[48;2;159;163;162m▀[0m[38;2;143;147;146m[48;2;162;162;160m▀[0m[38;2;157;157;157m[48;2;138;138;135m▀[0m[38;2;240;240;240m[48;2;167;167;164m▀[0m[38;2;144;144;141m[48;2;186;186;186m▀[0m[38;2;151;151;149m[48;2;142;145;144m▀[0m[38;2;150;150;147m[48;2;153;155;153m▀[0m[38;2;155;155;153m[48;2;139;140;136m▀[0m[38;2;194;194;195m[48;2;193;196;195m▀[0m[38;2;146;145;143m[48;2;255;255;255m▀[0m[38;2;138;141;140m[48;2;150;153;152m▀[0m[38;2;152;151;149m[48;2;135;137;135m▀[0m[38;2;150;149;147m[48;2;150;150;147m▀[0m[38;2;152;152;152m[48;2;153;153;151m▀[0m[38;2;155;155;153m[48;2;153;153;151m▀[0m[38;2;142;142;140m[48;2;154;154;154m▀[0m[38;2;202;202;199m[48;2;145;145;145m▀[0m[38;2;156;156;156m[48;2;180;180;177m▀[0m[38;2;139;139;139m[48;2;134;136;137m▀[0m[38;2;166;168;166m[48;2;159;159;156m▀[0m[38;2;180;176;175m[48;2;222;215;211m▀[0m[38;2;173;172;170m[48;2;115;124;125m▀[0m[38;2;0;0;0m[48;2;0;0;0m▀[0m[38;2;109;101;102m[48;2;33;36;33m▀[0m[38;2;203;201;199m[48;2;142;134;133m▀[0m[38;2;110;105;103m[48;2;97;93;93m▀[0m[38;2;231;205;202m[48;2;128;119;118m▀[0m[38;2;36;54;56m[48;2;215;207;206m▀[0m
[38;2;157;158;155m[48;2;146;150;146m▀[0m[38;2;150;150;150m[48;2;153;155;153m▀[0m[38;2;178;180;181m[48;2;133;135;133m▀[0m[38;2;189;193;192m[48;2;134;136;137m▀[0m[38;2;135;139;138m[48;2;216;220;221m▀[0m[38;2;112;128;126m[48;2;220;225;226m▀[0m[38;2;30;24;27m[48;2;236;245;246m▀[0m[38;2;161;155;156m[48;2;177;132;125m▀[0m[38;2;111;120;121m[48;2;145;148;149m▀[0m[38;2;149;146;148m[48;2;11;16;16m▀[0m[38;2;174;177;174m[48;2;108;111;111m▀[0m[38;2;146;146;142m[48;2;183;184;181m▀[0m[38;2;163;163;160m[48;2;144;145;142m▀[0m[38;2;152;152;148m[48;2;200;200;200m▀[0m[38;2;150;149;147m[48;2;153;153;151m▀[0m[38;2;150;153;152m[48;2;151;151;149m▀[0m[38;2;125;128;127m[48;2;152;152;150m▀[0m[38;2;202;202;200m[48;2;128;128;126m▀[0m[38;2;255;255;255m[48;2;174;174;171m▀[0m[38;2;157;157;154m[48;2;233;236;235m▀[0m[38;2;140;140;140m[48;2;153;150;150m▀[0m[38;2;154;154;152m[48;2;148;148;146m▀[0m[38;2;153;153;151m[48;2;153;153;151m▀[0m[38;2;153;153;151m[48;2;151;153;151m▀[0m[38;2;152;154;152m[48;2;153;154;151m▀[0m[38;2;153;153;151m[48;2;152;152;150m▀[0m[38;2;175;175;172m[48;2;166;168;166m▀[0m[38;2;116;118;119m[48;2;168;167;168m▀[0m[38;2;185;181;181m[48;2;0;0;0m▀[0m[38;2;0;0;0m[48;2;0;0;0m▀[0m[38;2;0;79;85m[48;2;0;28;29m▀[0m[38;2;43;77;80m[48;2;12;34;34m▀[0m[38;2;126;109;108m[48;2;205;188;184m▀[0m[38;2;169;168;166m[48;2;173;168;167m▀[0m[38;2;146;144;142m[48;2;164;162;160m▀[0m[38;2;177;178;174m[48;2;148;150;148m▀[0m
[38;2;121;121;122m[48;2;151;151;149m▀[0m[38;2;149;150;146m[48;2;153;153;151m▀[0m[38;2;129;128;129m[48;2;131;130;128m▀[0m[38;2;213;215;213m[48;2;198;197;195m▀[0m[38;2;255;255;255m[48;2;169;169;170m▀[0m[38;2;101;115;115m[48;2;68;78;78m▀[0m[38;2;214;186;182m[48;2;57;34;30m▀[0m[38;2;255;241;235m[48;2;255;255;255m▀[0m[38;2;97;95;92m[48;2;255;255;255m▀[0m[38;2;126;133;133m[48;2;81;85;85m▀[0m[38;2;50;50;50m[48;2;0;0;0m▀[0m[38;2;164;163;164m[48;2;0;0;0m▀[0m[38;2;171;172;168m[48;2;200;200;197m▀[0m[38;2;158;158;158m[48;2;155;158;155m▀[0m[38;2;133;133;134m[48;2;153;153;154m▀[0m[38;2;153;155;153m[48;2;153;153;153m▀[0m[38;2;150;150;147m[48;2;153;153;153m▀[0m[38;2;153;153;151m[48;2;151;149;147m▀[0m[38;2;139;139;137m[48;2;155;155;155m▀[0m[38;2;155;154;152m[48;2;149;149;147m▀[0m[38;2;194;194;194m[48;2;151;155;154m▀[0m[38;2;158;157;157m[48;2;160;163;164m▀[0m[38;2;149;153;149m[48;2;153;153;149m▀[0m[38;2;153;153;153m[48;2;151;153;151m▀[0m[38;2;151;153;151m[48;2;153;153;151m▀[0m[38;2;153;153;151m[48;2;152;152;152m▀[0m[38;2;152;154;152m[48;2;155;157;155m▀[0m[38;2;208;206;204m[48;2;166;165;165m▀[0m[38;2;85;84;81m[48;2;226;219;219m▀[0m[38;2;0;0;0m[48;2;0;0;0m▀[0m[38;2;0;10;14m[48;2;0;0;0m▀[0m[38;2;0;17;23m[48;2;22;100;106m▀[0m[38;2;153;133;131m[48;2;127;136;135m▀[0m[38;2;191;183;184m[48;2;196;187;187m▀[0m[38;2;158;154;156m[48;2;157;156;157m▀[0m[38;2;158;160;158m[48;2;139;139;139m▀[0m
[38;2;153;153;151m[48;2;153;153;151m▀[0m[38;2;153;155;153m[48;2;152;152;152m▀[0m[38;2;134;136;134m[48;2;149;151;149m▀[0m[38;2;188;187;185m[48;2;152;154;152m▀[0m[38;2;169;171;172m[48;2;149;148;149m▀[0m[38;2;152;155;154m[48;2;145;148;145m▀[0m[38;2;126;136;135m[48;2;140;143;142m▀[0m[38;2;255;255;255m[48;2;179;181;181m▀[0m[38;2;255;255;255m[48;2;0;0;0m▀[0m[38;2;169;172;173m[48;2;197;199;199m▀[0m[38;2;0;0;0m[48;2;215;217;217m▀[0m[38;2;0;0;0m[48;2;0;0;0m▀[0m[38;2;112;112;112m[48;2;29;29;29m▀[0m[38;2;195;195;192m[48;2;104;104;104m▀[0m[38;2;165;165;163m[48;2;166;166;167m▀[0m[38;2;153;156;153m[48;2;154;157;154m▀[0m[38;2;156;156;156m[48;2;152;152;152m▀[0m[38;2;143;146;145m[48;2;157;159;157m▀[0m[38;2;132;132;132m[48;2;122;122;122m▀[0m[38;2;159;158;156m[48;2;144;146;144m▀[0m[38;2;151;153;151m[48;2;155;155;153m▀[0m[38;2;145;148;147m[48;2;153;153;151m▀[0m[38;2;172;169;171m[48;2;152;154;152m▀[0m[38;2;161;160;158m[48;2;155;155;153m▀[0m[38;2;152;152;150m[48;2;153;153;151m▀[0m[38;2;153;153;151m[48;2;153;153;151m▀[0m[38;2;152;152;152m[48;2;151;153;151m▀[0m[38;2;158;159;156m[48;2;159;158;155m▀[0m[38;2;189;185;183m[48;2;161;160;157m▀[0m[38;2;187;196;194m[48;2;232;224;220m▀[0m[38;2;0;0;0m[48;2;99;90;95m▀[0m[38;2;23;38;41m[48;2;0;0;0m▀[0m[38;2;49;108;116m[48;2;0;0;0m▀[0m[38;2;147;139;136m[48;2;22;19;19m▀[0m[38;2;189;185;184m[48;2;196;196;194m▀[0m[38;2;141;141;139m[48;2;162;164;162m▀[0m
