[38;2;199;204;204m[48;2;34;34;34m▀[0m[38;2;6;6;6m[48;2;0;0;0m▀[0m[38;2;1;1;1m[48;2;20;24;24m▀[0m[38;2;40;46;44m[48;2;0;0;0m▀[0m[38;2;32;37;37m[48;2;0;0;0m▀[0m[38;2;3;5;7m[48;2;0;0;0m▀[0m[38;2;6;6;6m[48;2;46;50;51m▀[0m[38;2;49;58;57m[48;2;34;37;37m▀[0m[38;2;21;24;24m[48;2;60;65;66m▀[0m[38;2;50;59;59m[48;2;53;62;62m▀[0m[38;2;62;67;68m[48;2;1;3;3m▀[0m[38;2;0;0;0m[48;2;21;23;24m▀[0m[38;2;8;12;9m[48;2;27;30;31m▀[0m[38;2;33;36;36m[48;2;38;46;46m▀[0m[38;2;51;59;59m[48;2;56;63;63m▀[0m[38;2;50;58;56m[48;2;23;30;30m▀[0m[38;2;24;29;26m[48;2;15;19;19m▀[0m[38;2;18;18;18m[48;2;31;40;38m▀[0m[38;2;52;61;59m[48;2;60;67;68m▀[0m[38;2;48;55;57m[48;2;0;0;0m▀[0m[38;2;0;0;0m[48;2;0;0;0m▀[0m[38;2;63;72;70m[48;2;55;60;60m▀[0m[38;2;39;43;43m[48;2;27;31;31m▀[0m[38;2;21;24;26m[48;2;31;38;39m▀[0m[38;2;0;0;0m[48;2;0;0;0m▀[0m[38;2;27;30;30m[48;2;23;26;26m▀[0m[38;2;29;33;32m[48;2;59;64;63m▀[0m[38;2;29;36;36m[48;2;51;57;55m▀[0m[38;2;0;0;0m[48;2;17;19;19m▀[0m[38;2;0;0;0m[48;2;0;0;0m▀[0m[38;2;109;110;107m[48;2;40;39;39m▀[0m[38;2;20;25;26m[48;2;90;93;94m▀[0m[38;2;19;19;19m[48;2;9;15;14m▀[0m[38;2;0;0;0m[48;2;24;27;27m▀[0m[38;2;0;0;0m[48;2;0;0;0m▀[0m[38;2;29;34;34m[48;2;14;16;16m▀[0m
[38;2;0;0;0m[48;2;37;42;44m▀[0m[38;2;32;37;36m[48;2;0;0;0m▀[0m[38;2;0;0;0m[48;2;0;0;0m▀[0m[38;2;0;0;0m[48;2;0;0;0m▀[0m[38;2;1;1;1m[48;2;51;58;58m▀[0m[38;2;48;56;54m[48;2;15;18;17m▀[0m[38;2;25;29;28m[48;2;49;55;53m▀[0m[38;2;64;72;70m[48;2;60;68;66m▀[0m[38;2;57;66;66m[48;2;3;5;3m▀[0m[38;2;10;12;13m[48;2;11;15;15m▀[0m[38;2;32;34;36m[48;2;0;0;0m▀[0m[38;2;11;15;16m[48;2;0;0;0m▀[0m[38;2;5;7;9m[48;2;118;121;118m▀[0m[38;2;59;63;63m[48;2;68;71;71m▀[0m[38;2;4;11;11m[48;2;46;51;51m▀[0m[38;2;6;13;13m[48;2;201;205;205m▀[0m[38;2;69;74;73m[48;2;255;255;255m▀[0m[38;2;122;126;128m[48;2;218;219;214m▀[0m[38;2;46;51;50m[48;2;0;0;0m▀[0m[38;2;0;0;0m[48;2;102;102;102m▀[0m[38;2;21;31;31m[48;2;255;255;255m▀[0m[38;2;70;78;78m[48;2;255;255;255m▀[0m[38;2;66;70;69m[48;2;209;210;207m▀[0m[38;2;9;14;14m[48;2;57;59;60m▀[0m[38;2;0;0;0m[48;2;0;0;0m▀[0m[38;2;8;12;12m[48;2;0;0;0m▀[0m[38;2;54;65;63m[48;2;73;82;80m▀[0m[38;2;47;54;54m[48;2;44;55;55m▀[0m[38;2;56;63;63m[48;2;30;38;38m▀[0m[38;2;0;0;0m[48;2;36;38;38m▀[0m[38;2;0;0;0m[48;2;0;0;0m▀[0m[38;2;78;78;78m[48;2;29;32;29m▀[0m[38;2;46;49;51m[48;2;91;94;96m▀[0m[38;2;27;31;31m[48;2;26;31;30m▀[0m[38;2;35;39;39m[48;2;50;58;58m▀[0m[38;2;0;0;0m[48;2;3;6;5m▀[0m
[38;2;0;0;0m[48;2;0;0;0m▀[0m[38;2;0;0;0m[48;2;0;0;0m▀[0m[38;2;0;0;0m[48;2;31;40;39m▀[0m[38;2;43;51;51m[48;2;11;19;19m▀[0m[38;2;9;11;11m[48;2;0;0;0m▀[0m[38;2;16;21;21m[48;2;146;151;153m▀[0m[38;2;61;70;69m[48;2;73;75;76m▀[0m[38;2;4;2;5m[48;2;0;0;0m▀[0m[38;2;5;9;8m[48;2;28;34;33m▀[0m[38;2;73;75;76m[48;2;92;99;99m▀[0m[38;2;233;229;232m[48;2;206;211;213m▀[0m[38;2;255;255;255m[48;2;96;97;94m▀[0m[38;2;105;108;103m[48;2;12;15;15m▀[0m[38;2;128;131;130m[48;2;91;101;100m▀[0m[38;2;92;100;103m[48;2;6;11;11m▀[0m[38;2;141;144;146m[48;2;0;0;0m▀[0m[38;2;109;114;114m[48;2;0;0;0m▀[0m[38;2;0;0;0m[48;2;0;0;0m▀[0m[38;2;0;0;0m[48;2;0;2;2m▀[0m[38;2;84;89;91m[48;2;39;51;54m▀[0m[38;2;255;255;255m[48;2;48;56;56m▀[0m[38;2;255;255;255m[48;2;40;47;47m▀[0m[38;2;115;122;122m[48;2;0;0;0m▀[0m[38;2;73;65;66m[48;2;120;103;106m▀[0m[38;2;0;0;0m[48;2;27;26;24m▀[0m[38;2;30;22;22m[48;2;210;193;196m▀[0m[38;2;114;113;110m[48;2;0;0;0m▀[0m[38;2;231;233;235m[48;2;137;144;146m▀[0m[38;2;75;83;81m[48;2;192;192;193m▀[0m[38;2;32;39;39m[48;2;90;90;92m▀[0m[38;2;0;0;0m[48;2;28;33;33m▀[0m[38;2;3;6;8m[48;2;0;0;0m▀[0m[38;2;70;73;73m[48;2;25;28;28m▀[0m[38;2;65;70;69m[48;2;60;68;66m▀[0m[38;2;28;37;37m[48;2;45;52;52m▀[0m[38;2;32;36;36m[48;2;29;36;36m▀[0m
[38;2;0;0;0m[48;2;3;5;6m▀[0m[38;2;26;29;32m[48;2;187;192;192m▀[0m[38;2;64;74;74m[48;2;57;60;60m▀[0m[38;2;47;51;51m[48;2;70;77;78m▀[0m[38;2;255;255;255m[48;2;196;198;199m▀[0m[38;2;199;198;195m[48;2;0;0;0m▀[0m[38;2;0;0;0m[48;2;18;26;27m▀[0m[38;2;48;55;55m[48;2;24;27;27m▀[0m[38;2;44;49;49m[48;2;0;0;0m▀[0m[38;2;26;33;33m[48;2;5;5;7m▀[0m[38;2;15;25;25m[48;2;29;32;32m▀[0m[38;2;0;0;0m[48;2;27;30;31m▀[0m[38;2;39;44;44m[48;2;17;25;25m▀[0m[38;2;8;13;12m[48;2;0;0;0m▀[0m[38;2;0;0;0m[48;2;0;0;0m▀[0m[38;2;0;0;0m[48;2;0;0;0m▀[0m[38;2;6;10;10m[48;2;0;0;0m▀[0m[38;2;0;0;0m[48;2;0;0;0m▀[0m[38;2;31;35;35m[48;2;0;0;0m▀[0m[38;2;61;69;72m[48;2;1;3;5m▀[0m[38;2;28;33;35m[48;2;36;41;43m▀[0m[38;2;7;14;14m[48;2;0;0;0m▀[0m[38;2;0;0;0m[48;2;21;20;20m▀[0m[38;2;21;12;12m[48;2;186;186;188m▀[0m[38;2;0;0;0m[48;2;0;0;0m▀[0m[38;2;235;230;232m[48;2;95;97;95m▀[0m[38;2;7;2;5m[48;2;3;2;3m▀[0m[38;2;0;0;0m[48;2;0;0;0m▀[0m[38;2;53;61;60m[48;2;17;22;22m▀[0m[38;2;112;111;111m[48;2;18;23;20m▀[0m[38;2;210;210;212m[48;2;80;85;82m▀[0m[38;2;124;124;124m[48;2;250;248;252m▀[0m[38;2;0;0;0m[48;2;26;26;28m▀[0m[38;2;24;27;27m[48;2;14;19;16m▀[0m[38;2;46;51;51m[48;2;47;47;47m▀[0m[38;2;33;42;42m[48;2;136;139;144m▀[0m
[38;2;51;58;58m[48;2;65;76;74m▀[0m[38;2;80;86;84m[48;2;1;3;3m▀[0m[38;2;0;0;0m[48;2;6;9;9m▀[0m[38;2;27;34;36m[48;2;28;31;32m▀[0m[38;2;0;0;0m[48;2;0;0;0m▀[0m[38;2;0;0;0m[48;2;5;7;7m▀[0m[38;2;3;5;5m[48;2;0;0;0m▀[0m[38;2;0;0;0m[48;2;0;0;0m▀[0m[38;2;0;0;0m[48;2;28;33;34m▀[0m[38;2;43;46;48m[48;2;13;15;16m▀[0m[38;2;1;0;0m[48;2;0;0;0m▀[0m[38;2;0;0;0m[48;2;0;0;0m▀[0m[38;2;0;0;0m[48;2;0;0;0m▀[0m[38;2;0;0;0m[48;2;17;16;16m▀[0m[38;2;0;2;2m[48;2;104;94;94m▀[0m[38;2;0;0;0m[48;2;0;0;0m▀[0m[38;2;4;4;5m[48;2;159;144;141m▀[0m[38;2;67;63;63m[48;2;102;94;91m▀[0m[38;2;0;0;0m[48;2;0;0;0m▀[0m[38;2;11;15;15m[48;2;22;26;27m▀[0m[38;2;22;24;25m[48;2;0;0;0m▀[0m[38;2;0;0;0m[48;2;0;0;0m▀[0m[38;2;75;77;77m[48;2;0;0;0m▀[0m[38;2;193;196;196m[48;2;0;0;0m▀[0m[38;2;32;34;36m[48;2;92;95;95m▀[0m[38;2;255;255;255m[48;2;227;227;227m▀[0m[38;2;97;101;100m[48;2;200;203;202m▀[0m[38;2;0;0;0m[48;2;0;0;0m▀[0m[38;2;0;0;0m[48;2;0;0;0m▀[0m[38;2;27;32;32m[48;2;26;30;30m▀[0m[38;2;4;8;8m[48;2;22;25;25m▀[0m[38;2;80;87;87m[48;2;19;24;21m▀[0m[38;2;30;33;33m[48;2;8;11;8m▀[0m[38;2;51;56;53m[48;2;16;19;21m▀[0m[38;2;19;23;20m[48;2;16;20;24m▀[0m[38;2;186;186;186m[48;2;22;25;25m▀[0m
[38;2;58;65;65m[48;2;35;40;40m▀[0m[38;2;0;0;0m[48;2;4;4;4m▀[0m[38;2;25;32;32m[48;2;18;24;23m▀[0m[38;2;4;4;4m[48;2;8;11;11m▀[0m[38;2;3;7;7m[48;2;5;7;7m▀[0m[38;2;3;1;4m[48;2;0;0;0m▀[0m[38;2;0;0;0m[48;2;0;0;0m▀[0m[38;2;1;4;3m[48;2;0;1;0m▀[0m[38;2;35;40;41m[48;2;11;13;14m▀[0m[38;2;0;0;0m[48;2;11;8;10m▀[0m[38;2;0;0;0m[48;2;0;0;0m▀[0m[38;2;0;0;0m[48;2;0;0;0m▀[0m[38;2;0;0;0m[48;2;86;78;78m▀[0m[38;2;207;185;186m[48;2;223;203;198m▀[0m[38;2;21;20;20m[48;2;0;0;0m▀[0m[38;2;0;0;0m[48;2;181;159;158m▀[0m[38;2;255;255;255m[48;2;243;217;214m▀[0m[38;2;0;0;0m[48;2;0;0;0m▀[0m[38;2;0;0;0m[48;2;0;0;0m▀[0m[38;2;12;18;17m[48;2;0;0;0m▀[0m[38;2;0;0;0m[48;2;0;0;0m▀[0m[38;2;6;9;11m[48;2;0;0;0m▀[0m[38;2;255;255;255m[48;2;123;126;125m▀[0m[38;2;167;167;169m[48;2;47;50;50m▀[0m[38;2;167;166;166m[48;2;237;236;236m▀[0m[38;2;210;212;212m[48;2;131;130;130m▀[0m[38;2;242;241;238m[48;2;248;247;244m▀[0m[38;2;99;98;98m[48;2;238;234;237m▀[0m[38;2;0;0;0m[48;2;142;142;142m▀[0m[38;2;0;0;0m[48;2;4;2;5m▀[0m[38;2;17;21;21m[48;2;0;0;0m▀[0m[38;2;0;0;0m[48;2;0;0;0m▀[0m[38;2;1;1;3m[48;2;0;0;0m▀[0m[38;2;15;15;15m[48;2;14;17;17m▀[0m[38;2;23;22;22m[48;2;1;1;0m▀[0m[38;2;13;16;16m[48;2;38;41;42m▀[0m
[38;2;0;0;0m[48;2;0;0;0m▀[0m[38;2;10;9;9m[48;2;5;5;5m▀[0m[38;2;9;12;12m[48;2;11;13;13m▀[0m[38;2;14;13;13m[48;2;11;13;16m▀[0m[38;2;0;1;1m[48;2;0;2;2m▀[0m[38;2;0;0;0m[48;2;0;0;0m▀[0m[38;2;0;0;0m[48;2;0;0;0m▀[0m[38;2;0;0;0m[48;2;3;7;6m▀[0m[38;2;54;51;54m[48;2;105;98;98m▀[0m[38;2;11;13;13m[48;2;0;0;0m▀[0m[38;2;0;0;0m[48;2;0;0;0m▀[0m[38;2;0;0;0m[48;2;85;70;68m▀[0m[38;2;255;248;247m[48;2;255;255;255m▀[0m[38;2;44;43;44m[48;2;0;0;0m▀[0m[38;2;0;0;0m[48;2;46;29;27m▀[0m[38;2;255;255;255m[48;2;255;255;255m▀[0m[38;2;113;112;110m[48;2;12;22;22m▀[0m[38;2;0;0;0m[48;2;0;0;0m▀[0m[38;2;0;0;0m[48;2;0;0;0m▀[0m[38;2;0;0;0m[48;2;0;0;0m▀[0m[38;2;38;29;26m[48;2;163;154;149m▀[0m[38;2;221;217;217m[48;2;255;255;255m▀[0m[38;2;134;136;136m[48;2;255;255;255m▀[0m[38;2;0;0;0m[48;2;195;194;194m▀[0m[38;2;1;1;1m[48;2;255;255;255m▀[0m[38;2;0;0;0m[48;2;255;255;255m▀[0m[38;2;255;255;255m[48;2;255;255;255m▀[0m[38;2;255;255;255m[48;2;255;255;255m▀[0m[38;2;192;192;194m[48;2;120;123;123m▀[0m[38;2;223;220;220m[48;2;246;246;246m▀[0m[38;2;5;7;7m[48;2;178;179;176m▀[0m[38;2;0;0;0m[48;2;0;0;0m▀[0m[38;2;0;0;0m[48;2;0;0;0m▀[0m[38;2;11;14;14m[48;2;7;7;12m▀[0m[38;2;0;0;0m[48;2;10;12;12m▀[0m[38;2;11;13;13m[48;2;0;0;0m▀[0m
[38;2;0;0;0m[48;2;8;8;10m▀[0m[38;2;10;12;12m[48;2;12;15;15m▀[0m[38;2;16;18;18m[48;2;31;35;34m▀[0m[38;2;13;15;15m[48;2;5;7;8m▀[0m[38;2;0;0;0m[48;2;0;0;0m▀[0m[38;2;0;0;0m[48;2;46;42;45m▀[0m[38;2;0;0;0m[48;2;0;0;0m▀[0m[38;2;62;58;58m[48;2;136;123;123m▀[0m[38;2;90;82;79m[48;2;67;62;62m▀[0m[38;2;0;0;0m[48;2;0;0;0m▀[0m[38;2;0;0;0m[48;2;35;22;24m▀[0m[38;2;254;225;227m[48;2;255;255;255m▀[0m[38;2;255;255;255m[48;2;255;255;255m▀[0m[38;2;0;0;0m[48;2;0;0;0m▀[0m[38;2;184;159;156m[48;2;255;255;255m▀[0m[38;2;255;255;255m[48;2;184;188;189m▀[0m[38;2;0;0;0m[48;2;0;0;0m▀[0m[38;2;0;0;0m[48;2;55;50;48m▀[0m[38;2;89;76;76m[48;2;114;97;91m▀[0m[38;2;28;19;19m[48;2;141;138;138m▀[0m[38;2;255;255;255m[48;2;255;255;255m▀[0m[38;2;255;255;255m[48;2;255;255;255m▀[0m[38;2;135;135;136m[48;2;130;127;127m▀[0m[38;2;213;212;212m[48;2;246;245;245m▀[0m[38;2;255;255;255m[48;2;255;255;255m▀[0m[38;2;99;99;99m[48;2;250;250;247m▀[0m[38;2;168;170;170m[48;2;255;255;255m▀[0m[38;2;255;255;255m[48;2;255;255;255m▀[0m[38;2;84;86;84m[48;2;255;255;255m▀[0m[38;2;46;46;46m[48;2;54;53;54m▀[0m[38;2;255;255;255m[48;2;196;196;198m▀[0m[38;2;0;0;0m[48;2;0;0;0m▀[0m[38;2;0;0;0m[48;2;0;0;0m▀[0m[38;2;0;0;0m[48;2;0;0;0m▀[0m[38;2;20;25;25m[48;2;18;21;23m▀[0m[38;2;0;0;0m[48;2;0;0;0m▀[0m
[38;2;14;17;17m[48;2;16;19;16m▀[0m[38;2;18;21;21m[48;2;30;35;35m▀[0m[38;2;31;38;38m[48;2;24;27;27m▀[0m[38;2;0;0;0m[48;2;0;0;0m▀[0m[38;2;0;0;0m[48;2;51;44;44m▀[0m[38;2;102;91;93m[48;2;173;156;156m▀[0m[38;2;0;0;0m[48;2;2;1;2m▀[0m[38;2;103;93;90m[48;2;198;172;169m▀[0m[38;2;17;17;17m[48;2;47;49;49m▀[0m[38;2;0;0;0m[48;2;0;0;0m▀[0m[38;2;185;174;172m[48;2;20;23;23m▀[0m[38;2;255;255;255m[48;2;178;182;182m▀[0m[38;2;231;231;231m[48;2;145;147;149m▀[0m[38;2;9;14;15m[48;2;105;108;105m▀[0m[38;2;255;255;255m[48;2;255;255;255m▀[0m[38;2;16;20;20m[48;2;0;0;0m▀[0m[38;2;0;0;0m[48;2;45;48;48m▀[0m[38;2;171;172;167m[48;2;32;35;35m▀[0m[38;2;22;23;20m[48;2;162;162;162m▀[0m[38;2;255;255;255m[48;2;255;255;255m▀[0m[38;2;255;255;255m[48;2;242;239;239m▀[0m[38;2;150;147;147m[48;2;140;140;137m▀[0m[38;2;218;218;216m[48;2;255;255;255m▀[0m[38;2;255;255;255m[48;2;255;255;255m▀[0m[38;2;255;255;255m[48;2;255;255;255m▀[0m[38;2;255;255;255m[48;2;255;255;255m▀[0m[38;2;255;255;255m[48;2;255;255;255m▀[0m[38;2;255;255;255m[48;2;255;255;255m▀[0m[38;2;255;255;255m[48;2;255;255;255m▀[0m[38;2;255;255;255m[48;2;255;255;255m▀[0m[38;2;31;31;31m[48;2;183;186;183m▀[0m[38;2;40;43;45m[48;2;6;9;9m▀[0m[38;2;101;91;88m[48;2;219;215;215m▀[0m[38;2;0;0;0m[48;2;40;30;30m▀[0m[38;2;0;4;6m[48;2;0;0;0m▀[0m[38;2;0;0;0m[48;2;0;0;0m▀[0m
[38;2;20;23;24m[48;2;26;29;26m▀[0m[38;2;30;35;35m[48;2;25;28;29m▀[0m[38;2;8;12;12m[48;2;0;0;0m▀[0m[38;2;0;0;0m[48;2;0;0;0m▀[0m[38;2;138;122;122m[48;2;210;193;196m▀[0m[38;2;201;178;178m[48;2;237;216;215m▀[0m[38;2;14;13;10m[48;2;80;65;63m▀[0m[38;2;255;240;240m[48;2;255;255;255m▀[0m[38;2;98;103;103m[48;2;143;141;144m▀[0m[38;2;36;42;40m[48;2;63;67;67m▀[0m[38;2;173;177;177m[48;2;246;245;245m▀[0m[38;2;32;34;36m[48;2;255;255;255m▀[0m[38;2;0;0;0m[48;2;172;152;152m▀[0m[38;2;0;0;0m[48;2;63;49;49m▀[0m[38;2;0;0;0m[48;2;0;0;0m▀[0m[38;2;0;0;0m[48;2;84;76;75m▀[0m[38;2;107;111;108m[48;2;250;253;250m▀[0m[38;2;192;195;195m[48;2;255;255;255m▀[0m[38;2;255;255;255m[48;2;206;206;204m▀[0m[38;2;255;255;255m[48;2;171;171;168m▀[0m[38;2;135;132;132m[48;2;233;233;231m▀[0m[38;2;252;254;254m[48;2;255;255;255m▀[0m[38;2;202;202;202m[48;2;158;161;158m▀[0m[38;2;188;195;196m[48;2;15;7;6m▀[0m[38;2;166;174;174m[48;2;0;0;0m▀[0m[38;2;114;123;124m[48;2;0;0;0m▀[0m[38;2;53;61;62m[48;2;0;0;0m▀[0m[38;2;46;60;60m[48;2;83;57;54m▀[0m[38;2;39;44;44m[48;2;194;182;178m▀[0m[38;2;66;69;66m[48;2;255;255;255m▀[0m[38;2;80;83;82m[48;2;255;255;255m▀[0m[38;2;0;0;0m[48;2;38;41;41m▀[0m[38;2;222;220;223m[48;2;255;255;255m▀[0m[38;2;7;5;8m[48;2;181;157;162m▀[0m[38;2;0;0;0m[48;2;0;0;0m▀[0m[38;2;0;0;0m[48;2;0;0;0m▀[0m
[38;2;22;26;25m[48;2;22;27;27m▀[0m[38;2;18;25;29m[48;2;0;7;10m▀[0m[38;2;0;0;0m[48;2;41;50;49m▀[0m[38;2;0;0;0m[48;2;0;14;15m▀[0m[38;2;253;244;249m[48;2;253;254;251m▀[0m[38;2;255;255;255m[48;2;255;241;241m▀[0m[38;2;189;190;187m[48;2;181;112;108m▀[0m[38;2;255;255;255m[48;2;188;158;156m▀[0m[38;2;255;255;255m[48;2;255;250;246m▀[0m[38;2;193;193;194m[48;2;240;224;226m▀[0m[38;2;255;255;255m[48;2;255;255;255m▀[0m[38;2;255;255;255m[48;2;255;255;255m▀[0m[38;2;169;166;166m[48;2;255;255;255m▀[0m[38;2;0;0;0m[48;2;177;173;176m▀[0m[38;2;133;112;109m[48;2;255;225;228m▀[0m[38;2;112;91;90m[48;2;208;193;191m▀[0m[38;2;236;227;228m[48;2;189;174;168m▀[0m[38;2;255;255;255m[48;2;255;255;255m▀[0m[38;2;147;147;144m[48;2;234;234;234m▀[0m[38;2;249;249;250m[48;2;255;255;255m▀[0m[38;2;255;255;255m[48;2;255;255;255m▀[0m[38;2;255;255;255m[48;2;255;255;255m▀[0m[38;2;219;198;195m[48;2;255;250;250m▀[0m[38;2;244;198;194m[48;2;223;182;178m▀[0m[38;2;255;242;238m[48;2;145;119;115m▀[0m[38;2;250;210;206m[48;2;131;134;133m▀[0m[38;2;243;203;198m[48;2;192;196;195m▀[0m[38;2;255;239;237m[48;2;225;229;226m▀[0m[38;2;255;255;255m[48;2;248;250;252m▀[0m[38;2;255;255;255m[48;2;255;255;255m▀[0m[38;2;255;255;255m[48;2;255;255;255m▀[0m[38;2;85;87;87m[48;2;94;94;96m▀[0m[38;2;255;255;255m[48;2;204;207;207m▀[0m[38;2;255;255;255m[48;2;201;200;200m▀[0m[38;2;35;26;29m[48;2;99;92;92m▀[0m[38;2;0;0;0m[48;2;0;0;0m▀[0m
[38;2;29;31;31m[48;2;22;29;29m▀[0m[38;2;0;0;0m[48;2;0;0;0m▀[0m[38;2;191;141;132m[48;2;131;86;83m▀[0m[38;2;254;146;140m[48;2;144;51;47m▀[0m[38;2;120;51;47m[48;2;0;0;0m▀[0m[38;2;104;35;32m[48;2;0;0;0m▀[0m[38;2;0;0;0m[48;2;0;0;0m▀[0m[38;2;0;0;0m[48;2;16;24;24m▀[0m[38;2;30;35;39m[48;2;84;87;87m▀[0m[38;2;0;0;0m[48;2;139;142;142m▀[0m[38;2;0;0;0m[48;2;165;169;168m▀[0m[38;2;8;4;7m[48;2;123;126;128m▀[0m[38;2;132;113;116m[48;2;14;22;18m▀[0m[38;2;255;255;255m[48;2;141;143;143m▀[0m[38;2;255;255;255m[48;2;255;255;255m▀[0m[38;2;255;254;252m[48;2;255;255;255m▀[0m[38;2;227;224;218m[48;2;255;255;255m▀[0m[38;2;244;240;240m[48;2;255;255;255m▀[0m[38;2;242;245;245m[48;2;255;255;255m▀[0m[38;2;254;254;252m[48;2;255;252;254m▀[0m[38;2;255;255;255m[48;2;251;254;250m▀[0m[38;2;255;255;255m[48;2;255;255;252m▀[0m[38;2;255;255;255m[48;2;255;255;255m▀[0m[38;2;255;252;252m[48;2;255;255;255m▀[0m[38;2;255;255;255m[48;2;227;205;206m▀[0m[38;2;255;255;255m[48;2;120;109;109m▀[0m[38;2;255;255;255m[48;2;136;138;138m▀[0m[38;2;255;255;255m[48;2;179;178;175m▀[0m[38;2;255;255;255m[48;2;212;198;192m▀[0m[38;2;255;255;255m[48;2;252;202;201m▀[0m[38;2;255;255;255m[48;2;180;136;138m▀[0m[38;2;32;36;36m[48;2;0;0;0m▀[0m[38;2;255;255;255m[48;2;255;255;255m▀[0m[38;2;159;163;163m[48;2;239;244;245m▀[0m[38;2;170;162;161m[48;2;222;220;218m▀[0m[38;2;0;0;0m[48;2;0;0;0m▀[0m
