[38;2;0;0;0m[48;2;0;0;0m▀[0m[38;2;0;0;0m[48;2;150;152;150m▀[0m[38;2;9;6;6m[48;2;166;174;174m▀[0m[38;2;65;62;64m[48;2;41;43;44m▀[0m[38;2;67;63;63m[48;2;0;0;0m▀[0m[38;2;0;0;0m[48;2;0;9;12m▀[0m[38;2;6;29;25m[48;2;21;81;74m▀[0m[38;2;74;120;113m[48;2;122;155;151m▀[0m[38;2;145;154;152m[48;2;245;255;254m▀[0m[38;2;87;116;110m[48;2;0;53;49m▀[0m[38;2;0;1;2m[48;2;76;172;171m▀[0m[38;2;255;255;255m[48;2;89;230;229m▀[0m[38;2;223;255;255m[48;2;24;162;166m▀[0m[38;2;0;0;0m[48;2;0;53;57m▀[0m[38;2;0;25;26m[48;2;0;0;0m▀[0m[38;2;78;129;131m[48;2;0;139;145m▀[0m[38;2;0;0;0m[48;2;0;0;22m▀[0m[38;2;0;0;0m[48;2;57;187;0m▀[0m[38;2;132;99;186m[48;2;113;255;0m▀[0m[38;2;58;29;110m[48;2;3;23;0m▀[0m[38;2;227;209;255m[48;2;179;162;204m▀[0m[38;2;102;92;131m[48;2;0;0;0m▀[0m[38;2;0;0;0m[48;2;28;11;50m▀[0m[38;2;189;187;194m[48;2;57;53;66m▀[0m[38;2;81;84;87m[48;2;5;7;12m▀[0m[38;2;12;14;16m[48;2;0;0;0m▀[0m[38;2;240;247;247m[48;2;57;59;60m▀[0m[38;2;86;90;90m[48;2;77;79;81m▀[0m[38;2;31;33;35m[48;2;59;61;61m▀[0m[38;2;84;83;83m[48;2;114;116;116m▀[0m[38;2;0;0;0m[48;2;0;0;0m▀[0m[38;2;0;0;0m[48;2;0;0;0m▀[0m[38;2;0;0;0m[48;2;0;0;0m▀[0m[38;2;0;0;0m[48;2;0;0;0m▀[0m[38;2;0;0;1m[48;2;0;0;0m▀[0m[38;2;1;1;1m[48;2;0;0;0m▀[0m
[38;2;0;0;0m[48;2;4;1;1m▀[0m[38;2;22;22;22m[48;2;121;128;128m▀[0m[38;2;25;29;31m[48;2;23;20;22m▀[0m[38;2;0;0;0m[48;2;0;3;0m▀[0m[38;2;0;4;4m[48;2;21;63;59m▀[0m[38;2;111;162;157m[48;2;131;153;150m▀[0m[38;2;134;168;165m[48;2;255;255;255m▀[0m[38;2;160;203;197m[48;2;0;69;69m▀[0m[38;2;0;30;33m[48;2;27;0;0m▀[0m[38;2;0;0;0m[48;2;255;0;0m▀[0m[38;2;214;93;87m[48;2;255;0;0m▀[0m[38;2;220;0;0m[48;2;255;0;0m▀[0m[38;2;255;0;0m[48;2;255;0;0m▀[0m[38;2;255;0;0m[48;2;255;0;0m▀[0m[38;2;255;0;0m[48;2;255;0;0m▀[0m[38;2;182;26;28m[48;2;255;0;0m▀[0m[38;2;0;69;79m[48;2;255;0;0m▀[0m[38;2;39;97;108m[48;2;0;45;92m▀[0m[38;2;230;255;43m[48;2;56;73;159m▀[0m[38;2;124;255;0m[48;2;173;200;183m▀[0m[38;2;124;254;0m[48;2;154;255;0m▀[0m[38;2;101;223;0m[48;2;151;255;0m▀[0m[38;2;68;33;126m[48;2;107;132;57m▀[0m[38;2;0;0;0m[48;2;73;40;125m▀[0m[38;2;0;0;0m[48;2;0;0;3m▀[0m[38;2;133;137;138m[48;2;152;157;161m▀[0m[38;2;128;128;128m[48;2;0;0;0m▀[0m[38;2;0;0;0m[48;2;0;0;0m▀[0m[38;2;0;0;0m[48;2;26;28;34m▀[0m[38;2;54;56;58m[48;2;24;26;26m▀[0m[38;2;32;34;34m[48;2;66;68;68m▀[0m[38;2;76;79;79m[48;2;111;115;115m▀[0m[38;2;57;61;58m[48;2;137;141;141m▀[0m[38;2;9;12;12m[48;2;4;6;6m▀[0m[38;2;0;0;0m[48;2;0;0;0m▀[0m[38;2;0;0;0m[48;2;0;0;0m▀[0m
[38;2;127;130;130m[48;2;6;7;4m▀[0m[38;2;19;21;21m[48;2;0;0;0m▀[0m[38;2;0;0;0m[48;2;0;0;0m▀[0m[38;2;27;55;52m[48;2;0;0;0m▀[0m[38;2;100;117;113m[48;2;114;146;143m▀[0m[38;2;230;241;236m[48;2;53;173;170m▀[0m[38;2;20;123;123m[48;2;74;50;50m▀[0m[38;2;54;0;0m[48;2;255;0;0m▀[0m[38;2;255;0;0m[48;2;255;0;0m▀[0m[38;2;229;0;0m[48;2;255;0;0m▀[0m[38;2;255;0;0m[48;2;213;0;0m▀[0m[38;2;255;0;0m[48;2;255;0;0m▀[0m[38;2;194;0;0m[48;2;255;0;0m▀[0m[38;2;255;0;0m[48;2;55;0;0m▀[0m[38;2;255;0;0m[48;2;255;0;0m▀[0m[38;2;255;0;0m[48;2;255;0;0m▀[0m[38;2;255;0;0m[48;2;255;0;0m▀[0m[38;2;189;0;4m[48;2;255;0;0m▀[0m[38;2;0;20;57m[48;2;44;139;148m▀[0m[38;2;170;128;255m[48;2;0;23;127m▀[0m[38;2;139;255;0m[48;2;78;149;0m▀[0m[38;2;142;255;0m[48;2;218;255;0m▀[0m[38;2;200;255;0m[48;2;163;255;0m▀[0m[38;2;48;22;101m[48;2;9;0;61m▀[0m[38;2;46;42;59m[48;2;0;0;0m▀[0m[38;2;5;3;8m[48;2;17;15;20m▀[0m[38;2;71;70;70m[48;2;78;80;81m▀[0m[38;2;128;130;132m[48;2;93;95;97m▀[0m[38;2;3;1;4m[48;2;36;39;40m▀[0m[38;2;0;0;0m[48;2;0;0;0m▀[0m[38;2;41;45;47m[48;2;0;0;0m▀[0m[38;2;9;8;8m[48;2;33;33;33m▀[0m[38;2;19;18;18m[48;2;125;124;124m▀[0m[38;2;16;14;17m[48;2;150;148;151m▀[0m[38;2;0;0;0m[48;2;14;16;16m▀[0m[38;2;0;0;0m[48;2;0;0;0m▀[0m
[38;2;0;0;0m[48;2;15;18;17m▀[0m[38;2;0;0;0m[48;2;0;0;0m▀[0m[38;2;0;0;0m[48;2;0;3;4m▀[0m[38;2;0;0;0m[48;2;0;10;10m▀[0m[38;2;0;22;21m[48;2;0;0;0m▀[0m[38;2;0;96;93m[48;2;0;0;0m▀[0m[38;2;227;0;0m[48;2;255;0;0m▀[0m[38;2;255;0;0m[48;2;255;0;0m▀[0m[38;2;211;12;8m[48;2;169;72;73m▀[0m[38;2;255;32;39m[48;2;31;155;131m▀[0m[38;2;246;0;0m[48;2;0;82;37m▀[0m[38;2;255;0;0m[48;2;255;0;0m▀[0m[38;2;255;0;0m[48;2;255;0;0m▀[0m[38;2;29;139;149m[48;2;178;128;124m▀[0m[38;2;172;108;111m[48;2;169;255;255m▀[0m[38;2;255;0;0m[48;2;255;0;0m▀[0m[38;2;255;0;0m[48;2;255;0;0m▀[0m[38;2;255;0;0m[48;2;255;0;0m▀[0m[38;2;142;55;60m[48;2;214;0;0m▀[0m[38;2;0;69;122m[48;2;0;7;24m▀[0m[38;2;0;0;0m[48;2;0;0;17m▀[0m[38;2;215;255;0m[48;2;127;244;0m▀[0m[38;2;153;244;0m[48;2;69;122;0m▀[0m[38;2;0;0;29m[48;2;0;0;0m▀[0m[38;2;0;0;0m[48;2;0;0;2m▀[0m[38;2;15;13;21m[48;2;0;0;0m▀[0m[38;2;31;35;37m[48;2;0;0;0m▀[0m[38;2;22;19;23m[48;2;20;20;21m▀[0m[38;2;0;0;0m[48;2;57;55;58m▀[0m[38;2;0;0;0m[48;2;53;51;54m▀[0m[38;2;0;0;0m[48;2;20;17;17m▀[0m[38;2;4;3;3m[48;2;0;0;0m▀[0m[38;2;35;39;38m[48;2;40;46;44m▀[0m[38;2;137;141;143m[48;2;87;101;101m▀[0m[38;2;35;32;32m[48;2;62;61;61m▀[0m[38;2;0;0;0m[48;2;0;0;0m▀[0m
[38;2;191;188;188m[48;2;152;149;149m▀[0m[38;2;110;125;116m[48;2;47;51;47m▀[0m[38;2;255;255;255m[48;2;137;139;137m▀[0m[38;2;61;87;85m[48;2;217;230;228m▀[0m[38;2;0;0;0m[48;2;0;6;5m▀[0m[38;2;0;0;0m[48;2;0;0;0m▀[0m[38;2;255;0;0m[48;2;255;0;0m▀[0m[38;2;255;0;0m[48;2;226;0;0m▀[0m[38;2;105;142;176m[48;2;127;155;162m▀[0m[38;2;0;156;27m[48;2;255;255;255m▀[0m[38;2;82;255;130m[48;2;234;255;255m▀[0m[38;2;211;10;45m[48;2;169;79;79m▀[0m[38;2;255;0;0m[48;2;255;0;0m▀[0m[38;2;168;12;6m[48;2;206;3;0m▀[0m[38;2;89;105;105m[48;2;73;47;47m▀[0m[38;2;248;0;0m[48;2;255;0;0m▀[0m[38;2;255;0;0m[48;2;250;0;0m▀[0m[38;2;255;0;0m[48;2;255;0;0m▀[0m[38;2;255;0;0m[48;2;255;0;0m▀[0m[38;2;0;0;0m[48;2;91;0;0m▀[0m[38;2;0;0;0m[48;2;0;0;0m▀[0m[38;2;49;103;0m[48;2;0;0;0m▀[0m[38;2;42;79;0m[48;2;11;25;0m▀[0m[38;2;0;0;0m[48;2;0;0;0m▀[0m[38;2;3;7;12m[48;2;0;0;0m▀[0m[38;2;0;0;0m[48;2;0;0;0m▀[0m[38;2;0;0;0m[48;2;0;3;3m▀[0m[38;2;0;0;0m[48;2;0;0;0m▀[0m[38;2;0;0;0m[48;2;76;94;89m▀[0m[38;2;0;0;0m[48;2;124;150;138m▀[0m[38;2;29;28;29m[48;2;0;0;0m▀[0m[38;2;0;0;0m[48;2;0;0;0m▀[0m[38;2;0;0;0m[48;2;0;0;0m▀[0m[38;2;49;54;53m[48;2;0;0;0m▀[0m[38;2;23;27;24m[48;2;0;0;0m▀[0m[38;2;0;0;0m[48;2;7;6;7m▀[0m
[38;2;255;255;255m[48;2;255;255;255m▀[0m[38;2;0;0;0m[48;2;255;255;255m▀[0m[38;2;111;108;112m[48;2;214;214;215m▀[0m[38;2;199;202;201m[48;2;0;0;0m▀[0m[38;2;0;0;0m[48;2;0;0;0m▀[0m[38;2;0;0;0m[48;2;0;0;0m▀[0m[38;2;27;0;0m[48;2;0;0;0m▀[0m[38;2;0;0;0m[48;2;0;0;0m▀[0m[38;2;191;227;230m[48;2;255;255;255m▀[0m[38;2;255;255;255m[48;2;255;255;255m▀[0m[38;2;255;255;255m[48;2;253;255;255m▀[0m[38;2;169;148;149m[48;2;184;146;144m▀[0m[38;2;255;0;0m[48;2;255;0;0m▀[0m[38;2;255;5;0m[48;2;215;0;0m▀[0m[38;2;150;128;123m[48;2;202;7;2m▀[0m[38;2;237;0;0m[48;2;255;0;0m▀[0m[38;2;245;0;0m[48;2;48;0;0m▀[0m[38;2;185;0;0m[48;2;199;0;0m▀[0m[38;2;197;0;0m[48;2;173;0;0m▀[0m[38;2;219;0;0m[48;2;255;0;0m▀[0m[38;2;0;0;0m[48;2;21;0;0m▀[0m[38;2;0;0;0m[48;2;0;12;16m▀[0m[38;2;0;24;0m[48;2;81;89;92m▀[0m[38;2;0;0;0m[48;2;67;65;70m▀[0m[38;2;0;0;0m[48;2;0;0;0m▀[0m[38;2;0;2;4m[48;2;0;0;0m▀[0m[38;2;68;116;113m[48;2;0;58;58m▀[0m[38;2;0;0;0m[48;2;0;0;0m▀[0m[38;2;10;19;20m[48;2;0;0;0m▀[0m[38;2;87;110;106m[48;2;0;0;0m▀[0m[38;2;0;17;19m[48;2;0;0;0m▀[0m[38;2;0;0;0m[48;2;0;0;0m▀[0m[38;2;255;255;255m[48;2;255;255;255m▀[0m[38;2;255;255;255m[48;2;255;255;255m▀[0m[38;2;52;54;52m[48;2;255;255;255m▀[0m[38;2;0;0;0m[48;2;0;0;0m▀[0m
[38;2;255;255;255m[48;2;45;41;41m▀[0m[38;2;154;150;153m[48;2;0;0;0m▀[0m[38;2;0;3;3m[48;2;241;247;238m▀[0m[38;2;108;119;114m[48;2;255;255;255m▀[0m[38;2;0;2;0m[48;2;76;113;108m▀[0m[38;2;0;0;0m[48;2;0;0;0m▀[0m[38;2;0;0;0m[48;2;48;71;65m▀[0m[38;2;0;0;0m[48;2;0;0;0m▀[0m[38;2;0;0;0m[48;2;0;0;0m▀[0m[38;2;176;185;185m[48;2;0;0;0m▀[0m[38;2;255;255;255m[48;2;201;224;227m▀[0m[38;2;218;210;204m[48;2;107;160;160m▀[0m[38;2;255;0;0m[48;2;62;0;0m▀[0m[38;2;167;0;0m[48;2;209;0;0m▀[0m[38;2;255;0;0m[48;2;192;11;9m▀[0m[38;2;171;0;0m[48;2;113;108;106m▀[0m[38;2;159;255;255m[48;2;255;255;255m▀[0m[38;2;123;4;3m[48;2;255;255;255m▀[0m[38;2;96;0;0m[48;2;172;132;131m▀[0m[38;2;26;0;0m[48;2;50;22;20m▀[0m[38;2;144;116;112m[48;2;59;107;107m▀[0m[38;2;255;255;255m[48;2;255;255;255m▀[0m[38;2;255;255;255m[48;2;255;255;255m▀[0m[38;2;255;255;255m[48;2;255;255;255m▀[0m[38;2;255;255;255m[48;2;255;255;255m▀[0m[38;2;232;229;231m[48;2;255;255;255m▀[0m[38;2;121;121;121m[48;2;255;255;255m▀[0m[38;2;64;64;65m[48;2;255;255;255m▀[0m[38;2;50;50;50m[48;2;255;255;255m▀[0m[38;2;22;22;23m[48;2;255;255;255m▀[0m[38;2;0;0;0m[48;2;255;255;255m▀[0m[38;2;0;0;0m[48;2;252;250;253m▀[0m[38;2;230;230;232m[48;2;230;233;233m▀[0m[38;2;255;255;255m[48;2;226;226;226m▀[0m[38;2;255;255;255m[48;2;228;228;228m▀[0m[38;2;255;255;255m[48;2;255;255;252m▀[0m
[38;2;26;28;30m[48;2;33;40;40m▀[0m[38;2;89;111;104m[48;2;37;72;61m▀[0m[38;2;255;255;255m[48;2;255;255;248m▀[0m[38;2;255;255;255m[48;2;179;188;173m▀[0m[38;2;0;28;24m[48;2;0;0;0m▀[0m[38;2;30;61;57m[48;2;0;14;10m▀[0m[38;2;79;136;129m[48;2;0;0;0m▀[0m[38;2;0;4;5m[48;2;255;255;255m▀[0m[38;2;167;166;167m[48;2;255;255;255m▀[0m[38;2;255;255;255m[48;2;255;255;255m▀[0m[38;2;241;255;255m[48;2;255;255;255m▀[0m[38;2;221;255;255m[48;2;255;255;255m▀[0m[38;2;0;35;35m[48;2;83;112;112m▀[0m[38;2;112;70;66m[48;2;0;29;26m▀[0m[38;2;169;93;95m[48;2;255;255;255m▀[0m[38;2;252;229;225m[48;2;255;255;255m▀[0m[38;2;255;255;255m[48;2;255;255;255m▀[0m[38;2;252;255;255m[48;2;255;255;255m▀[0m[38;2;255;255;255m[48;2;255;255;255m▀[0m[38;2;255;255;255m[48;2;255;255;255m▀[0m[38;2;0;0;0m[48;2;0;0;0m▀[0m[38;2;218;227;227m[48;2;0;0;0m▀[0m[38;2;255;255;255m[48;2;255;255;255m▀[0m[38;2;240;243;243m[48;2;255;255;255m▀[0m[38;2;255;255;255m[48;2;255;255;255m▀[0m[38;2;255;255;255m[48;2;241;245;242m▀[0m[38;2;255;255;255m[48;2;255;255;255m▀[0m[38;2;255;255;255m[48;2;255;255;255m▀[0m[38;2;255;255;255m[48;2;255;255;255m▀[0m[38;2;255;255;255m[48;2;255;255;255m▀[0m[38;2;255;255;255m[48;2;255;255;255m▀[0m[38;2;255;255;255m[48;2;255;255;255m▀[0m[38;2;255;255;255m[48;2;255;255;255m▀[0m[38;2;255;255;255m[48;2;255;255;255m▀[0m[38;2;255;255;255m[48;2;255;255;255m▀[0m[38;2;181;168;158m[48;2;255;255;255m▀[0m
[38;2;41;37;36m[48;2;86;77;80m▀[0m[38;2;0;0;0m[48;2;0;0;0m▀[0m[38;2;60;101;95m[48;2;0;0;0m▀[0m[38;2;5;38;35m[48;2;0;0;0m▀[0m[38;2;0;0;0m[48;2;0;0;0m▀[0m[38;2;0;0;0m[48;2;215;214;211m▀[0m[38;2;232;227;227m[48;2;255;255;255m▀[0m[38;2;255;255;255m[48;2;255;255;255m▀[0m[38;2;255;255;255m[48;2;255;255;255m▀[0m[38;2;255;255;255m[48;2;255;255;255m▀[0m[38;2;255;255;255m[48;2;255;255;255m▀[0m[38;2;255;255;255m[48;2;255;255;255m▀[0m[38;2;203;207;207m[48;2;255;255;255m▀[0m[38;2;0;0;0m[48;2;0;0;0m▀[0m[38;2;223;230;230m[48;2;0;0;0m▀[0m[38;2;255;255;255m[48;2;255;255;255m▀[0m[38;2;255;255;255m[48;2;255;255;255m▀[0m[38;2;255;255;255m[48;2;255;255;255m▀[0m[38;2;255;255;255m[48;2;255;255;255m▀[0m[38;2;255;255;255m[48;2;255;255;255m▀[0m[38;2;14;17;17m[48;2;0;0;0m▀[0m[38;2;0;0;0m[48;2;0;0;0m▀[0m[38;2;235;239;239m[48;2;0;4;1m▀[0m[38;2;255;255;255m[48;2;255;255;255m▀[0m[38;2;135;146;146m[48;2;147;142;140m▀[0m[38;2;38;44;42m[48;2;0;0;0m▀[0m[38;2;184;187;189m[48;2;0;0;0m▀[0m[38;2;235;237;237m[48;2;0;0;0m▀[0m[38;2;255;255;255m[48;2;0;0;0m▀[0m[38;2;255;255;255m[48;2;0;0;0m▀[0m[38;2;235;234;235m[48;2;0;0;0m▀[0m[38;2;225;227;228m[48;2;128;128;119m▀[0m[38;2;202;200;205m[48;2;102;94;81m▀[0m[38;2;200;195;200m[48;2;0;0;0m▀[0m[38;2;181;179;182m[48;2;0;0;0m▀[0m[38;2;150;150;150m[48;2;0;0;0m▀[0m
[38;2;187;186;187m[48;2;238;240;241m▀[0m[38;2;0;0;0m[48;2;0;0;0m▀[0m[38;2;0;0;0m[48;2;243;247;244m▀[0m[38;2;134;139;139m[48;2;255;255;255m▀[0m[38;2;255;255;255m[48;2;236;181;177m▀[0m[38;2;255;255;255m[48;2;226;157;153m▀[0m[38;2;255;255;255m[48;2;255;255;255m▀[0m[38;2;255;255;255m[48;2;255;255;255m▀[0m[38;2;238;243;240m[48;2;255;255;255m▀[0m[38;2;255;255;255m[48;2;0;0;0m▀[0m[38;2;255;255;255m[48;2;255;255;255m▀[0m[38;2;255;255;255m[48;2;255;255;255m▀[0m[38;2;255;255;255m[48;2;244;244;244m▀[0m[38;2;0;0;0m[48;2;0;0;0m▀[0m[38;2;0;0;0m[48;2;0;0;0m▀[0m[38;2;0;0;0m[48;2;0;0;0m▀[0m[38;2;189;192;191m[48;2;0;0;0m▀[0m[38;2;255;255;255m[48;2;0;0;0m▀[0m[38;2;240;244;246m[48;2;0;0;0m▀[0m[38;2;61;64;66m[48;2;0;0;0m▀[0m[38;2;0;0;0m[48;2;0;0;0m▀[0m[38;2;0;0;0m[48;2;0;0;0m▀[0m[38;2;0;0;0m[48;2;0;0;0m▀[0m[38;2;152;205;205m[48;2;0;0;0m▀[0m[38;2;255;218;212m[48;2;152;55;48m▀[0m[38;2;49;0;0m[48;2;219;0;0m▀[0m[38;2;0;0;0m[48;2;0;0;0m▀[0m[38;2;0;0;0m[48;2;0;0;0m▀[0m[38;2;0;0;0m[48;2;0;0;0m▀[0m[38;2;20;23;20m[48;2;10;49;44m▀[0m[38;2;149;175;158m[48;2;72;91;83m▀[0m[38;2;203;207;190m[48;2;133;145;130m▀[0m[38;2;255;255;255m[48;2;255;248;229m▀[0m[38;2;112;126;109m[48;2;252;239;217m▀[0m[38;2;0;0;0m[48;2;64;97;90m▀[0m[38;2;113;144;135m[48;2;255;255;247m▀[0m
[38;2;193;195;193m[48;2;255;255;255m▀[0m[38;2;255;255;255m[48;2;255;255;255m▀[0m[38;2;255;255;255m[48;2;255;255;255m▀[0m[38;2;255;255;255m[48;2;255;255;255m▀[0m[38;2;255;255;255m[48;2;255;255;255m▀[0m[38;2;255;136;129m[48;2;255;255;255m▀[0m[38;2;255;255;255m[48;2;163;173;177m▀[0m[38;2;255;255;255m[48;2;0;0;0m▀[0m[38;2;0;0;0m[48;2;0;0;0m▀[0m[38;2;0;0;0m[48;2;0;0;0m▀[0m[38;2;133;130;134m[48;2;161;163;163m▀[0m[38;2;255;255;255m[48;2;255;255;255m▀[0m[38;2;141;143;143m[48;2;0;0;0m▀[0m[38;2;0;0;0m[48;2;0;0;0m▀[0m[38;2;0;0;0m[48;2;29;31;31m▀[0m[38;2;43;46;45m[48;2;36;41;38m▀[0m[38;2;0;0;0m[48;2;0;0;0m▀[0m[38;2;0;0;0m[48;2;10;13;13m▀[0m[38;2;0;0;0m[48;2;61;63;65m▀[0m[38;2;0;0;0m[48;2;44;46;48m▀[0m[38;2;0;0;0m[48;2;2;5;4m▀[0m[38;2;0;0;0m[48;2;0;0;0m▀[0m[38;2;0;0;0m[48;2;0;0;0m▀[0m[38;2;0;0;0m[48;2;0;0;0m▀[0m[38;2;30;0;0m[48;2;0;0;0m▀[0m[38;2;255;0;0m[48;2;255;0;0m▀[0m[38;2;0;0;0m[48;2;247;0;0m▀[0m[38;2;0;0;0m[48;2;0;0;0m▀[0m[38;2;0;0;0m[48;2;0;21;23m▀[0m[38;2;0;21;24m[48;2;0;0;0m▀[0m[38;2;30;73;73m[48;2;0;1;4m▀[0m[38;2;69;88;85m[48;2;14;22;22m▀[0m[38;2;205;203;186m[48;2;70;66;62m▀[0m[38;2;255;255;251m[48;2;62;80;71m▀[0m[38;2;14;67;64m[48;2;0;0;0m▀[0m[38;2;118;137;133m[48;2;7;46;49m▀[0m
[38;2;255;255;255m[48;2;255;255;255m▀[0m[38;2;229;234;230m[48;2;245;248;248m▀[0m[38;2;255;255;255m[48;2;137;137;139m▀[0m[38;2;255;255;255m[48;2;0;0;0m▀[0m[38;2;172;174;180m[48;2;81;72;59m▀[0m[38;2;10;0;0m[48;2;127;129;108m▀[0m[38;2;0;0;0m[48;2;103;151;142m▀[0m[38;2;0;0;0m[48;2;59;68;66m▀[0m[38;2;0;0;0m[48;2;0;0;0m▀[0m[38;2;0;0;0m[48;2;0;0;0m▀[0m[38;2;198;200;202m[48;2;0;0;0m▀[0m[38;2;185;185;186m[48;2;0;0;0m▀[0m[38;2;0;0;0m[48;2;0;0;0m▀[0m[38;2;0;0;0m[48;2;0;0;0m▀[0m[38;2;32;35;34m[48;2;0;0;0m▀[0m[38;2;0;0;0m[48;2;0;0;0m▀[0m[38;2;7;6;4m[48;2;0;0;0m▀[0m[38;2;9;12;12m[48;2;18;22;18m▀[0m[38;2;61;63;63m[48;2;6;8;8m▀[0m[38;2;70;71;68m[48;2;25;25;26m▀[0m[38;2;10;12;14m[48;2;30;33;34m▀[0m[38;2;39;39;41m[48;2;46;49;49m▀[0m[38;2;28;36;39m[48;2;27;37;37m▀[0m[38;2;0;11;11m[48;2;0;28;29m▀[0m[38;2;0;0;0m[48;2;0;0;0m▀[0m[38;2;255;0;0m[48;2;221;0;0m▀[0m[38;2;255;0;0m[48;2;155;10;3m▀[0m[38;2;116;0;0m[48;2;57;60;57m▀[0m[38;2;48;38;37m[48;2;0;0;0m▀[0m[38;2;0;0;0m[48;2;0;0;0m▀[0m[38;2;0;0;0m[48;2;0;0;0m▀[0m[38;2;0;0;0m[48;2;0;8;8m▀[0m[38;2;0;0;0m[48;2;0;8;7m▀[0m[38;2;0;0;0m[48;2;0;3;3m▀[0m[38;2;0;0;0m[48;2;0;7;7m▀[0m[38;2;135;158;152m[48;2;175;192;178m▀[0m
