[38;2;108;131;143m[48;2;103;127;141m▀[0m[38;2;57;87;110m[48;2;56;90;111m▀[0m[38;2;46;67;80m[48;2;44;69;83m▀[0m[38;2;0;0;0m[48;2;0;2;3m▀[0m[38;2;20;31;39m[48;2;23;35;44m▀[0m[38;2;16;26;33m[48;2;17;27;35m▀[0m[38;2;16;24;29m[48;2;16;23;29m▀[0m[38;2;1;5;6m[48;2;2;4;5m▀[0m[38;2;5;10;13m[48;2;1;6;12m▀[0m[38;2;5;12;19m[48;2;2;10;17m▀[0m[38;2;0;10;16m[48;2;0;0;0m▀[0m[38;2;0;0;0m[48;2;0;0;0m▀[0m[38;2;0;0;0m[48;2;35;47;51m▀[0m[38;2;255;255;255m[48;2;208;211;211m▀[0m[38;2;255;255;255m[48;2;254;254;255m▀[0m[38;2;255;255;255m[48;2;255;255;255m▀[0m[38;2;255;255;255m[48;2;255;255;255m▀[0m[38;2;255;255;255m[48;2;255;255;255m▀[0m[38;2;4;6;13m[48;2;21;28;34m▀[0m[38;2;0;0;0m[48;2;20;25;27m▀[0m[38;2;179;186;189m[48;2;33;42;48m▀[0m[38;2;244;247;248m[48;2;0;0;0m▀[0m[38;2;158;159;158m[48;2;0;0;0m▀[0m[38;2;255;255;255m[48;2;224;231;234m▀[0m[38;2;255;255;255m[48;2;184;187;189m▀[0m[38;2;255;255;255m[48;2;39;37;37m▀[0m[38;2;224;255;255m[48;2;177;207;219m▀[0m[38;2;65;101;120m[48;2;129;178;203m▀[0m[38;2;0;0;6m[48;2;12;43;59m▀[0m[38;2;1;12;20m[48;2;0;5;16m▀[0m[38;2;36;55;69m[48;2;36;59;75m▀[0m[38;2;24;36;46m[48;2;18;33;44m▀[0m[38;2;36;60;75m[48;2;37;56;73m▀[0m[38;2;35;52;63m[48;2;37;56;71m▀[0m[38;2;35;48;59m[48;2;49;70;89m▀[0m[38;2;27;42;51m[48;2;26;42;56m▀[0m
[38;2;106;129;142m[48;2;101;123;140m▀[0m[38;2;55;90;112m[48;2;50;86;110m▀[0m[38;2;46;72;89m[48;2;58;85;102m▀[0m[38;2;0;1;3m[48;2;0;0;2m▀[0m[38;2;24;36;47m[48;2;25;39;48m▀[0m[38;2;18;28;36m[48;2;20;32;44m▀[0m[38;2;14;23;27m[48;2;16;24;29m▀[0m[38;2;0;2;1m[48;2;0;0;0m▀[0m[38;2;0;3;9m[48;2;0;5;11m▀[0m[38;2;0;0;3m[48;2;0;0;0m▀[0m[38;2;0;0;0m[48;2;209;213;212m▀[0m[38;2;255;255;255m[48;2;255;255;255m▀[0m[38;2;255;255;255m[48;2;73;74;73m▀[0m[38;2;255;255;255m[48;2;169;165;159m▀[0m[38;2;255;255;255m[48;2;0;0;0m▀[0m[38;2;255;255;255m[48;2;143;158;173m▀[0m[38;2;255;255;255m[48;2;121;129;136m▀[0m[38;2;255;255;255m[48;2;200;209;215m▀[0m[38;2;106;118;123m[48;2;73;74;75m▀[0m[38;2;0;0;0m[48;2;9;29;42m▀[0m[38;2;0;0;0m[48;2;8;26;42m▀[0m[38;2;6;4;2m[48;2;97;102;100m▀[0m[38;2;249;249;249m[48;2;58;67;70m▀[0m[38;2;52;55;60m[48;2;0;0;0m▀[0m[38;2;0;0;0m[48;2;54;62;70m▀[0m[38;2;0;0;0m[48;2;115;110;110m▀[0m[38;2;0;0;0m[48;2;0;0;0m▀[0m[38;2;193;202;213m[48;2;170;50;43m▀[0m[38;2;54;27;37m[48;2;58;19;34m▀[0m[38;2;0;0;0m[48;2;224;255;255m▀[0m[38;2;8;27;42m[48;2;48;70;85m▀[0m[38;2;14;29;46m[48;2;0;0;2m▀[0m[38;2;31;51;69m[48;2;25;48;64m▀[0m[38;2;35;58;74m[48;2;31;50;66m▀[0m[38;2;56;80;102m[48;2;47;67;90m▀[0m[38;2;39;58;73m[48;2;34;51;65m▀[0m
[38;2;85;113;127m[48;2;96;125;139m▀[0m[38;2;48;81;104m[48;2;51;90;113m▀[0m[38;2;63;86;104m[48;2;64;85;103m▀[0m[38;2;0;0;2m[48;2;0;0;2m▀[0m[38;2;26;39;50m[48;2;28;42;57m▀[0m[38;2;27;41;54m[48;2;29;44;56m▀[0m[38;2;18;27;33m[48;2;14;28;35m▀[0m[38;2;0;0;0m[48;2;0;0;0m▀[0m[38;2;0;0;0m[48;2;0;0;0m▀[0m[38;2;0;0;0m[48;2;132;135;140m▀[0m[38;2;255;255;255m[48;2;171;169;167m▀[0m[38;2;78;80;83m[48;2;0;0;0m▀[0m[38;2;87;87;89m[48;2;212;205;220m▀[0m[38;2;85;102;118m[48;2;149;151;174m▀[0m[38;2;0;0;0m[48;2;146;175;204m▀[0m[38;2;0;0;0m[48;2;54;73;86m▀[0m[38;2;87;97;100m[48;2;0;0;2m▀[0m[38;2;146;152;156m[48;2;28;37;36m▀[0m[38;2;106;118;126m[48;2;62;75;81m▀[0m[38;2;23;9;16m[48;2;8;0;0m▀[0m[38;2;0;13;23m[48;2;0;0;0m▀[0m[38;2;0;0;0m[48;2;0;0;0m▀[0m[38;2;0;0;0m[48;2;0;0;0m▀[0m[38;2;0;0;0m[48;2;0;0;0m▀[0m[38;2;0;0;0m[48;2;0;0;0m▀[0m[38;2;181;207;204m[48;2;228;202;208m▀[0m[38;2;0;0;0m[48;2;177;209;221m▀[0m[38;2;0;0;0m[48;2;74;124;158m▀[0m[38;2;0;36;65m[48;2;0;19;43m▀[0m[38;2;255;255;255m[48;2;255;255;255m▀[0m[38;2;251;255;255m[48;2;255;255;255m▀[0m[38;2;36;59;72m[48;2;164;184;190m▀[0m[38;2;2;21;43m[48;2;128;161;180m▀[0m[38;2;8;25;42m[48;2;26;48;67m▀[0m[38;2;40;60;83m[48;2;1;19;37m▀[0m[38;2;26;46;56m[48;2;16;34;49m▀[0m
[38;2;105;132;148m[48;2;82;110;126m▀[0m[38;2;62;104;129m[48;2;65;105;131m▀[0m[38;2;62;85;101m[48;2;64;85;97m▀[0m[38;2;0;0;3m[48;2;0;0;3m▀[0m[38;2;26;35;46m[48;2;29;43;56m▀[0m[38;2;26;42;56m[48;2;27;41;57m▀[0m[38;2;13;27;39m[48;2;12;24;33m▀[0m[38;2;0;0;0m[48;2;0;0;0m▀[0m[38;2;0;0;0m[48;2;17;26;33m▀[0m[38;2;251;254;251m[48;2;216;217;215m▀[0m[38;2;79;80;78m[48;2;0;0;0m▀[0m[38;2;83;100;110m[48;2;106;113;118m▀[0m[38;2;243;255;255m[48;2;231;255;255m▀[0m[38;2;173;192;211m[48;2;40;56;66m▀[0m[38;2;201;204;219m[48;2;164;193;216m▀[0m[38;2;163;148;159m[48;2;177;190;207m▀[0m[38;2;0;0;0m[48;2;0;0;0m▀[0m[38;2;255;255;255m[48;2;255;255;255m▀[0m[38;2;104;77;79m[48;2;158;56;63m▀[0m[38;2;0;0;0m[48;2;29;8;19m▀[0m[38;2;26;0;0m[48;2;96;49;56m▀[0m[38;2;36;0;0m[48;2;89;42;48m▀[0m[38;2;0;0;0m[48;2;35;0;0m▀[0m[38;2;90;0;0m[48;2;24;0;0m▀[0m[38;2;223;48;55m[48;2;255;255;255m▀[0m[38;2;255;255;255m[48;2;255;255;255m▀[0m[38;2;225;255;255m[48;2;217;248;255m▀[0m[38;2;102;150;181m[48;2;110;155;184m▀[0m[38;2;0;19;46m[48;2;0;25;51m▀[0m[38;2;255;255;255m[48;2;255;255;255m▀[0m[38;2;251;255;255m[48;2;242;255;255m▀[0m[38;2;116;136;147m[48;2;105;128;143m▀[0m[38;2;233;255;255m[48;2;210;236;253m▀[0m[38;2;167;194;210m[48;2;171;193;208m▀[0m[38;2;18;46;71m[48;2;255;255;255m▀[0m[38;2;0;0;3m[48;2;60;88;106m▀[0m
[38;2;94;121;138m[48;2;108;132;146m▀[0m[38;2;103;140;162m[48;2;127;159;179m▀[0m[38;2;54;74;89m[48;2;41;62;78m▀[0m[38;2;0;0;3m[48;2;0;4;10m▀[0m[38;2;35;49;67m[48;2;23;40;55m▀[0m[38;2;33;47;64m[48;2;14;28;42m▀[0m[38;2;9;20;28m[48;2;0;0;0m▀[0m[38;2;0;0;0m[48;2;0;0;0m▀[0m[38;2;112;110;110m[48;2;255;255;255m▀[0m[38;2;94;100;96m[48;2;0;0;0m▀[0m[38;2;0;0;0m[48;2;0;0;0m▀[0m[38;2;89;97;105m[48;2;146;190;224m▀[0m[38;2;155;189;215m[48;2;164;210;243m▀[0m[38;2;194;233;255m[48;2;106;133;157m▀[0m[38;2;115;139;155m[48;2;0;0;0m▀[0m[38;2;0;0;0m[48;2;0;0;0m▀[0m[38;2;0;0;0m[48;2;26;90;102m▀[0m[38;2;255;217;204m[48;2;255;80;77m▀[0m[38;2;170;1;2m[48;2;255;128;120m▀[0m[38;2;21;104;117m[48;2;50;141;151m▀[0m[38;2;57;104;117m[48;2;0;0;1m▀[0m[38;2;65;77;89m[48;2;0;0;0m▀[0m[38;2;18;25;28m[48;2;17;26;32m▀[0m[38;2;0;0;0m[48;2;71;0;0m▀[0m[38;2;39;62;64m[48;2;82;120;143m▀[0m[38;2;193;236;255m[48;2;179;227;255m▀[0m[38;2;195;233;248m[48;2;62;86;101m▀[0m[38;2;127;171;201m[48;2;35;51;66m▀[0m[38;2;27;57;81m[48;2;0;4;16m▀[0m[38;2;255;255;255m[48;2;241;241;239m▀[0m[38;2;255;255;255m[48;2;255;255;255m▀[0m[38;2;105;129;144m[48;2;133;161;178m▀[0m[38;2;216;243;255m[48;2;226;251;255m▀[0m[38;2;134;161;178m[48;2;133;159;178m▀[0m[38;2;255;255;255m[48;2;255;255;255m▀[0m[38;2;228;251;255m[48;2;212;235;248m▀[0m
[38;2;96;117;127m[48;2;92;115;128m▀[0m[38;2;140;167;186m[48;2;152;179;197m▀[0m[38;2;33;55;71m[48;2;25;49;65m▀[0m[38;2;0;5;12m[48;2;0;2;9m▀[0m[38;2;20;40;57m[48;2;17;39;56m▀[0m[38;2;0;19;33m[48;2;0;16;32m▀[0m[38;2;0;0;2m[48;2;255;255;255m▀[0m[38;2;184;188;184m[48;2;71;66;60m▀[0m[38;2;162;175;175m[48;2;42;34;28m▀[0m[38;2;0;0;0m[48;2;254;255;255m▀[0m[38;2;83;83;92m[48;2;255;255;255m▀[0m[38;2;254;255;255m[48;2;200;182;177m▀[0m[38;2;182;225;255m[48;2;239;228;219m▀[0m[38;2;105;142;173m[48;2;255;255;255m▀[0m[38;2;140;173;196m[48;2;211;239;255m▀[0m[38;2;208;249;255m[48;2;162;198;227m▀[0m[38;2;235;255;255m[48;2;129;164;186m▀[0m[38;2;162;220;254m[48;2;154;209;238m▀[0m[38;2;213;192;200m[48;2;192;241;255m▀[0m[38;2;255;211;198m[48;2;255;244;240m▀[0m[38;2;104;85;77m[48;2;143;147;150m▀[0m[38;2;0;0;0m[48;2;14;20;26m▀[0m[38;2;5;27;39m[48;2;0;0;0m▀[0m[38;2;32;0;8m[48;2;90;132;148m▀[0m[38;2;231;255;255m[48;2;174;220;250m▀[0m[38;2;49;70;81m[48;2;89;90;86m▀[0m[38;2;0;0;0m[48;2;105;102;97m▀[0m[38;2;0;0;0m[48;2;29;35;43m▀[0m[38;2;0;0;0m[48;2;42;71;87m▀[0m[38;2;0;0;0m[48;2;56;43;54m▀[0m[38;2;51;42;47m[48;2;37;0;0m▀[0m[38;2;123;152;166m[48;2;0;5;18m▀[0m[38;2;242;255;255m[48;2;255;255;255m▀[0m[38;2;138;164;185m[48;2;146;175;197m▀[0m[38;2;255;255;255m[48;2;255;255;255m▀[0m[38;2;198;225;239m[48;2;205;228;242m▀[0m
[38;2;104;127;140m[48;2;102;125;136m▀[0m[38;2;161;188;203m[48;2;167;193;211m▀[0m[38;2;32;54;72m[48;2;41;63;80m▀[0m[38;2;0;3;10m[48;2;0;3;8m▀[0m[38;2;2;24;42m[48;2;0;32;55m▀[0m[38;2;41;69;83m[48;2;62;65;74m▀[0m[38;2;255;255;255m[48;2;255;255;255m▀[0m[38;2;255;255;255m[48;2;255;255;255m▀[0m[38;2;255;255;255m[48;2;224;219;223m▀[0m[38;2;247;255;255m[48;2;119;147;170m▀[0m[38;2;25;71;98m[48;2;141;193;228m▀[0m[38;2;51;66;72m[48;2;255;255;255m▀[0m[38;2;255;255;255m[48;2;255;255;255m▀[0m[38;2;255;255;255m[48;2;255;255;255m▀[0m[38;2;96;110;118m[48;2;125;159;180m▀[0m[38;2;97;132;156m[48;2;187;231;255m▀[0m[38;2;0;1;10m[48;2;34;49;62m▀[0m[38;2;132;169;196m[48;2;0;0;0m▀[0m[38;2;201;255;255m[48;2;226;254;255m▀[0m[38;2;216;255;255m[48;2;188;233;255m▀[0m[38;2;146;178;205m[48;2;216;255;255m▀[0m[38;2;75;94;110m[48;2;178;219;246m▀[0m[38;2;23;51;72m[48;2;246;248;251m▀[0m[38;2;196;218;236m[48;2;255;255;255m▀[0m[38;2;255;255;255m[48;2;255;255;255m▀[0m[38;2;255;255;255m[48;2;250;255;255m▀[0m[38;2;255;255;255m[48;2;127;170;195m▀[0m[38;2;255;255;255m[48;2;193;240;255m▀[0m[38;2;52;78;88m[48;2;163;196;219m▀[0m[38;2;42;0;4m[48;2;0;0;1m▀[0m[38;2;48;32;42m[48;2;25;35;46m▀[0m[38;2;0;0;0m[48;2;0;0;0m▀[0m[38;2;255;255;255m[48;2;42;60;64m▀[0m[38;2;186;220;244m[48;2;181;221;249m▀[0m[38;2;255;255;255m[48;2;255;255;255m▀[0m[38;2;208;234;248m[48;2;211;238;251m▀[0m
[38;2;89;112;129m[48;2;90;113;135m▀[0m[38;2;169;200;218m[48;2;174;208;226m▀[0m[38;2;41;62;80m[48;2;48;67;86m▀[0m[38;2;0;4;12m[48;2;0;2;13m▀[0m[38;2;0;35;58m[48;2;9;46;69m▀[0m[38;2;132;96;101m[48;2;72;66;77m▀[0m[38;2;255;131;125m[48;2;166;77;86m▀[0m[38;2;67;34;40m[48;2;0;4;17m▀[0m[38;2;0;0;0m[48;2;0;0;0m▀[0m[38;2;0;1;10m[48;2;0;19;28m▀[0m[38;2;152;197;230m[48;2;255;255;255m▀[0m[38;2;142;178;202m[48;2;255;255;255m▀[0m[38;2;196;209;226m[48;2;111;155;184m▀[0m[38;2;139;178;203m[48;2;146;166;192m▀[0m[38;2;182;220;251m[48;2;127;154;175m▀[0m[38;2;231;255;255m[48;2;25;34;43m▀[0m[38;2;1;6;10m[48;2;0;0;0m▀[0m[38;2;0;0;0m[48;2;0;0;0m▀[0m[38;2;255;255;255m[48;2;0;0;0m▀[0m[38;2;41;50;58m[48;2;0;0;0m▀[0m[38;2;40;65;77m[48;2;60;59;70m▀[0m[38;2;182;189;198m[48;2;189;211;234m▀[0m[38;2;255;255;255m[48;2;181;224;255m▀[0m[38;2;187;217;244m[48;2;133;167;190m▀[0m[38;2;98;134;157m[48;2;0;0;0m▀[0m[38;2;151;194;221m[48;2;89;113;126m▀[0m[38;2;152;187;212m[48;2;207;246;255m▀[0m[38;2;141;174;196m[48;2;185;217;240m▀[0m[38;2;179;217;242m[48;2;195;231;255m▀[0m[38;2;1;11;21m[48;2;75;96;113m▀[0m[38;2;16;31;40m[48;2;26;43;51m▀[0m[38;2;20;33;43m[48;2;41;51;60m▀[0m[38;2;0;0;0m[48;2;33;0;4m▀[0m[38;2;55;66;83m[48;2;34;37;46m▀[0m[38;2;255;255;255m[48;2;255;255;255m▀[0m[38;2;219;241;254m[48;2;231;254;255m▀[0m
[38;2;92;118;131m[48;2;87;111;126m▀[0m[38;2;180;209;232m[48;2;182;211;234m▀[0m[38;2;49;69;85m[48;2;49;69;85m▀[0m[38;2;0;5;13m[48;2;0;2;13m▀[0m[38;2;41;67;93m[48;2;50;69;93m▀[0m[38;2;0;24;36m[48;2;3;26;43m▀[0m[38;2;34;36;43m[48;2;59;55;54m▀[0m[38;2;67;50;56m[48;2;0;0;0m▀[0m[38;2;0;0;0m[48;2;93;112;127m▀[0m[38;2;255;255;255m[48;2;255;255;255m▀[0m[38;2;255;255;255m[48;2;180;208;226m▀[0m[38;2;255;255;255m[48;2;66;102;126m▀[0m[38;2;255;255;255m[48;2;157;181;198m▀[0m[38;2;158;175;194m[48;2;155;190;213m▀[0m[38;2;180;212;236m[48;2;185;227;254m▀[0m[38;2;56;73;85m[48;2;6;10;11m▀[0m[38;2;0;0;0m[48;2;0;0;0m▀[0m[38;2;3;17;26m[48;2;0;0;0m▀[0m[38;2;0;0;0m[48;2;2;8;6m▀[0m[38;2;49;58;65m[48;2;219;249;255m▀[0m[38;2;219;241;255m[48;2;180;210;232m▀[0m[38;2;175;193;212m[48;2;177;200;220m▀[0m[38;2;213;254;255m[48;2;209;246;255m▀[0m[38;2;80;98;109m[48;2;37;50;57m▀[0m[38;2;0;0;0m[48;2;0;1;2m▀[0m[38;2;2;11;18m[48;2;0;0;0m▀[0m[38;2;101;123;135m[48;2;47;57;65m▀[0m[38;2;196;230;255m[48;2;210;244;255m▀[0m[38;2;197;231;255m[48;2;177;208;228m▀[0m[38;2;155;188;209m[48;2;198;235;255m▀[0m[38;2;0;0;0m[48;2;34;46;55m▀[0m[38;2;3;11;17m[48;2;13;21;28m▀[0m[38;2;1;25;37m[48;2;65;85;97m▀[0m[38;2;0;10;18m[48;2;0;0;0m▀[0m[38;2;255;255;255m[48;2;182;194;201m▀[0m[38;2;254;255;255m[48;2;255;255;255m▀[0m
[38;2;85;106;121m[48;2;88;110;120m▀[0m[38;2;182;211;234m[48;2;186;213;238m▀[0m[38;2;51;71;87m[48;2;57;77;95m▀[0m[38;2;0;1;12m[48;2;0;0;9m▀[0m[38;2;43;69;85m[48;2;32;55;77m▀[0m[38;2;0;6;23m[48;2;0;0;4m▀[0m[38;2;255;255;255m[48;2;238;234;231m▀[0m[38;2;0;0;0m[48;2;41;35;28m▀[0m[38;2;95;115;124m[48;2;0;0;0m▀[0m[38;2;243;255;255m[48;2;146;193;220m▀[0m[38;2;148;187;213m[48;2;166;203;226m▀[0m[38;2;154;186;210m[48;2;163;196;219m▀[0m[38;2;141;175;196m[48;2;162;192;215m▀[0m[38;2;167;202;226m[48;2;152;182;204m▀[0m[38;2;142;177;198m[48;2;169;203;224m▀[0m[38;2;0;0;0m[48;2;207;240;255m▀[0m[38;2;0;0;0m[48;2;106;120;139m▀[0m[38;2;0;0;0m[48;2;74;94;104m▀[0m[38;2;159;174;189m[48;2;196;221;241m▀[0m[38;2;190;184;202m[48;2;135;104;116m▀[0m[38;2;181;216;235m[48;2;174;217;240m▀[0m[38;2;162;178;197m[48;2;162;182;203m▀[0m[38;2;210;244;255m[48;2;203;238;255m▀[0m[38;2;47;58;65m[48;2;126;149;169m▀[0m[38;2;0;0;0m[48;2;8;17;20m▀[0m[38;2;4;17;21m[48;2;0;2;5m▀[0m[38;2;77;93;104m[48;2;19;21;24m▀[0m[38;2;208;243;255m[48;2;209;243;255m▀[0m[38;2;185;217;240m[48;2;171;205;230m▀[0m[38;2;187;221;248m[48;2;167;202;223m▀[0m[38;2;127;158;178m[48;2;164;203;227m▀[0m[38;2;6;16;23m[48;2;20;31;40m▀[0m[38;2;17;29;39m[48;2;0;0;0m▀[0m[38;2;0;0;0m[48;2;0;0;0m▀[0m[38;2;95;101;105m[48;2;0;0;3m▀[0m[38;2;255;255;255m[48;2;247;255;255m▀[0m
[38;2;85;105;119m[48;2;92;112;125m▀[0m[38;2;185;219;240m[48;2;192;224;243m▀[0m[38;2;57;72;92m[48;2;42;60;78m▀[0m[38;2;0;0;5m[48;2;0;0;5m▀[0m[38;2;0;23;42m[48;2;0;0;6m▀[0m[38;2;47;60;72m[48;2;207;203;203m▀[0m[38;2;255;255;255m[48;2;255;255;255m▀[0m[38;2;0;0;0m[48;2;0;13;23m▀[0m[38;2;0;0;0m[48;2;0;0;0m▀[0m[38;2;98;126;147m[48;2;51;69;78m▀[0m[38;2;156;193;217m[48;2;171;207;234m▀[0m[38;2;116;148;170m[48;2;157;174;182m▀[0m[38;2;158;186;208m[48;2;149;174;194m▀[0m[38;2;154;180;202m[48;2;175;202;221m▀[0m[38;2;171;204;224m[48;2;138;169;189m▀[0m[38;2;205;235;255m[48;2;158;186;207m▀[0m[38;2;164;190;215m[48;2;138;162;180m▀[0m[38;2;162;196;215m[48;2;156;189;210m▀[0m[38;2;177;204;225m[48;2;167;202;224m▀[0m[38;2;134;116;126m[48;2;159;170;187m▀[0m[38;2;163;189;212m[48;2;165;193;213m▀[0m[38;2;172;203;226m[48;2;167;200;223m▀[0m[38;2;200;236;255m[48;2;209;251;255m▀[0m[38;2;166;198;226m[48;2;95;116;129m▀[0m[38;2;0;0;0m[48;2;0;0;0m▀[0m[38;2;0;0;0m[48;2;0;0;0m▀[0m[38;2;0;0;0m[48;2;0;0;0m▀[0m[38;2;184;218;244m[48;2;56;69;78m▀[0m[38;2;177;208;233m[48;2;184;220;247m▀[0m[38;2;150;178;200m[48;2;138;165;186m▀[0m[38;2;177;216;242m[48;2;162;197;223m▀[0m[38;2;12;17;24m[48;2;49;62;73m▀[0m[38;2;0;0;0m[48;2;0;0;0m▀[0m[38;2;0;0;0m[48;2;28;35;42m▀[0m[38;2;0;0;0m[48;2;216;232;246m▀[0m[38;2;255;255;255m[48;2;255;255;255m▀[0m
[38;2;100;119;129m[48;2;106;127;138m▀[0m[38;2;203;231;250m[48;2;208;241;255m▀[0m[38;2;40;58;75m[48;2;42;64;79m▀[0m[38;2;0;0;0m[48;2;0;0;0m▀[0m[38;2;0;0;11m[48;2;43;51;65m▀[0m[38;2;255;255;255m[48;2;255;255;255m▀[0m[38;2;228;255;255m[48;2;154;204;233m▀[0m[38;2;158;165;165m[48;2;230;232;232m▀[0m[38;2;0;0;0m[48;2;0;0;0m▀[0m[38;2;216;218;217m[48;2;242;238;235m▀[0m[38;2;159;193;215m[48;2;120;146;165m▀[0m[38;2;212;238;255m[48;2;85;115;136m▀[0m[38;2;157;186;209m[48;2;158;187;210m▀[0m[38;2;165;196;216m[48;2;148;179;201m▀[0m[38;2;144;173;193m[48;2;159;187;209m▀[0m[38;2;106;133;152m[48;2;139;166;187m▀[0m[38;2;112;135;157m[48;2;86;112;132m▀[0m[38;2;142;171;190m[48;2;143;175;190m▀[0m[38;2;165;197;217m[48;2;161;192;213m▀[0m[38;2;158;187;204m[48;2;150;181;203m▀[0m[38;2;147;170;189m[48;2;149;175;198m▀[0m[38;2;170;208;233m[48;2;186;225;253m▀[0m[38;2;196;236;255m[48;2;100;120;139m▀[0m[38;2;0;0;0m[48;2;0;0;0m▀[0m[38;2;0;0;0m[48;2;37;50;62m▀[0m[38;2;21;28;33m[48;2;72;98;112m▀[0m[38;2;0;0;0m[48;2;0;0;0m▀[0m[38;2;0;0;0m[48;2;131;144;148m▀[0m[38;2;143;170;186m[48;2;231;255;255m▀[0m[38;2;140;172;194m[48;2;100;128;151m▀[0m[38;2;133;163;187m[48;2;131;159;182m▀[0m[38;2;97;125;142m[48;2;86;115;132m▀[0m[38;2;248;255;255m[48;2;190;216;232m▀[0m[38;2;235;255;255m[48;2;192;230;255m▀[0m[38;2;255;255;255m[48;2;238;255;255m▀[0m[38;2;242;255;255m[48;2;230;255;255m▀[0m
