[38;2;161;35;32m[48;2;158;34;32m▀[0m[38;2;161;35;32m[48;2;162;35;32m▀[0m[38;2;161;34;31m[48;2;165;35;32m▀[0m[38;2;160;38;36m[48;2;166;36;33m▀[0m[38;2;160;26;25m[48;2;164;7;2m▀[0m[38;2;193;10;7m[48;2;234;90;86m▀[0m[38;2;164;135;137m[48;2;29;68;70m▀[0m[38;2;120;155;154m[48;2;0;11;13m▀[0m[38;2;116;119;119m[48;2;185;188;188m▀[0m[38;2;101;101;101m[48;2;71;71;71m▀[0m[38;2;67;69;67m[48;2;247;247;247m▀[0m[38;2;255;255;255m[48;2;241;241;241m▀[0m[38;2;142;142;142m[48;2;122;125;125m▀[0m[38;2;141;141;141m[48;2;184;186;186m▀[0m[38;2;185;188;188m[48;2;158;161;161m▀[0m[38;2;246;246;246m[48;2;191;190;190m▀[0m[38;2;255;255;255m[48;2;206;206;206m▀[0m[38;2;236;236;236m[48;2;255;255;255m▀[0m[38;2;139;139;139m[48;2;255;255;255m▀[0m[38;2;0;0;0m[48;2;98;98;98m▀[0m[38;2;0;0;0m[48;2;0;0;0m▀[0m[38;2;29;28;28m[48;2;0;0;0m▀[0m[38;2;50;52;52m[48;2;0;0;0m▀[0m[38;2;82;79;79m[48;2;30;26;26m▀[0m[38;2;36;35;35m[48;2;25;27;27m▀[0m[38;2;26;28;28m[48;2;38;37;37m▀[0m[38;2;28;27;27m[48;2;43;42;42m▀[0m[38;2;42;42;42m[48;2;33;30;30m▀[0m[38;2;37;36;36m[48;2;57;56;56m▀[0m[38;2;49;48;48m[48;2;166;168;168m▀[0m[38;2;119;119;117m[48;2;127;128;125m▀[0m[38;2;183;182;179m[48;2;72;71;71m▀[0m[38;2;143;139;139m[48;2;47;44;47m▀[0m[38;2;100;98;101m[48;2;13;15;15m▀[0m[38;2;63;61;65m[48;2;36;34;37m▀[0m[38;2;34;34;34m[48;2;48;47;48m▀[0m
[38;2;167;35;33m[48;2;146;20;24m▀[0m[38;2;167;33;32m[48;2;184;33;31m▀[0m[38;2;173;34;33m[48;2;204;24;20m▀[0m[38;2;180;36;33m[48;2;92;9;10m▀[0m[38;2;190;5;2m[48;2;136;0;0m▀[0m[38;2;224;127;123m[48;2;168;98;96m▀[0m[38;2;103;153;154m[48;2;23;64;67m▀[0m[38;2;0;4;5m[48;2;0;0;0m▀[0m[38;2;39;42;42m[48;2;26;30;30m▀[0m[38;2;226;226;226m[48;2;90;92;94m▀[0m[38;2;255;255;255m[48;2;157;159;161m▀[0m[38;2;194;194;194m[48;2;205;202;202m▀[0m[38;2;197;196;196m[48;2;195;194;194m▀[0m[38;2;212;214;215m[48;2;143;145;146m▀[0m[38;2;195;195;195m[48;2;180;180;180m▀[0m[38;2;212;212;212m[48;2;255;255;255m▀[0m[38;2;193;193;193m[48;2;255;255;255m▀[0m[38;2;188;188;185m[48;2;204;204;200m▀[0m[38;2;253;253;253m[48;2;174;177;174m▀[0m[38;2;255;255;255m[48;2;255;255;255m▀[0m[38;2;54;51;51m[48;2;206;206;206m▀[0m[38;2;0;0;0m[48;2;0;0;0m▀[0m[38;2;0;0;0m[48;2;27;24;26m▀[0m[38;2;4;6;6m[48;2;46;45;45m▀[0m[38;2;30;33;33m[48;2;32;31;31m▀[0m[38;2;36;39;39m[48;2;34;32;35m▀[0m[38;2;40;39;40m[48;2;68;67;67m▀[0m[38;2;81;78;78m[48;2;84;83;80m▀[0m[38;2;42;41;41m[48;2;51;50;50m▀[0m[38;2;24;23;23m[48;2;21;20;20m▀[0m[38;2;9;11;11m[48;2;12;12;12m▀[0m[38;2;10;9;10m[48;2;19;18;18m▀[0m[38;2;27;26;27m[48;2;0;0;0m▀[0m[38;2;8;5;8m[48;2;0;0;0m▀[0m[38;2;0;0;0m[48;2;87;87;87m▀[0m[38;2;0;0;0m[48;2;255;255;255m▀[0m
[38;2;44;11;14m[48;2;65;82;82m▀[0m[38;2;93;0;0m[48;2;4;20;20m▀[0m[38;2;235;63;63m[48;2;80;103;106m▀[0m[38;2;0;0;0m[48;2;0;25;25m▀[0m[38;2;0;0;0m[48;2;6;14;14m▀[0m[38;2;65;28;28m[48;2;0;0;0m▀[0m[38;2;0;1;1m[48;2;80;91;91m▀[0m[38;2;156;161;161m[48;2;255;255;255m▀[0m[38;2;204;208;205m[48;2;255;239;235m▀[0m[38;2;231;231;228m[48;2;255;221;220m▀[0m[38;2;187;186;187m[48;2;255;255;255m▀[0m[38;2;226;226;226m[48;2;188;188;188m▀[0m[38;2;172;177;177m[48;2;192;196;196m▀[0m[38;2;53;52;53m[48;2;83;83;81m▀[0m[38;2;80;80;81m[48;2;137;127;126m▀[0m[38;2;183;190;190m[48;2;171;158;155m▀[0m[38;2;241;243;245m[48;2;144;133;133m▀[0m[38;2;255;255;255m[48;2;205;208;205m▀[0m[38;2;241;241;241m[48;2;247;247;247m▀[0m[38;2;251;253;254m[48;2;255;255;255m▀[0m[38;2;255;255;255m[48;2;255;255;255m▀[0m[38;2;0;0;0m[48;2;12;11;11m▀[0m[38;2;21;18;20m[48;2;15;16;13m▀[0m[38;2;34;30;33m[48;2;30;31;28m▀[0m[38;2;30;29;29m[48;2;48;47;47m▀[0m[38;2;32;31;31m[48;2;45;44;44m▀[0m[38;2;68;67;67m[48;2;57;57;57m▀[0m[38;2;79;78;78m[48;2;78;77;77m▀[0m[38;2;58;57;57m[48;2;84;83;83m▀[0m[38;2;50;53;49m[48;2;42;43;40m▀[0m[38;2;46;44;47m[48;2;21;23;21m▀[0m[38;2;27;26;26m[48;2;0;0;0m▀[0m[38;2;44;45;42m[48;2;36;37;33m▀[0m[38;2;255;255;255m[48;2;255;255;255m▀[0m[38;2;229;232;231m[48;2;175;175;173m▀[0m[38;2;242;244;246m[48;2;255;255;255m▀[0m
[38;2;0;0;0m[48;2;16;18;18m▀[0m[38;2;18;31;30m[48;2;255;255;255m▀[0m[38;2;187;201;201m[48;2;255;255;255m▀[0m[38;2;221;228;230m[48;2;255;255;255m▀[0m[38;2;110;118;119m[48;2;220;224;224m▀[0m[38;2;0;0;0m[48;2;38;41;41m▀[0m[38;2;122;130;130m[48;2;0;0;0m▀[0m[38;2;255;255;255m[48;2;255;255;255m▀[0m[38;2;255;250;250m[48;2;249;254;254m▀[0m[38;2;254;249;248m[48;2;173;175;176m▀[0m[38;2;123;123;123m[48;2;117;118;115m▀[0m[38;2;137;137;137m[48;2;205;205;205m▀[0m[38;2;219;222;222m[48;2;191;194;195m▀[0m[38;2;108;108;106m[48;2;156;154;151m▀[0m[38;2;248;244;242m[48;2;1;0;0m▀[0m[38;2;62;53;53m[48;2;119;119;119m▀[0m[38;2;162;165;166m[48;2;180;180;182m▀[0m[38;2;199;201;201m[48;2;193;195;195m▀[0m[38;2;188;187;188m[48;2;186;188;188m▀[0m[38;2;249;248;249m[48;2;253;253;253m▀[0m[38;2;255;255;255m[48;2;255;255;255m▀[0m[38;2;5;4;4m[48;2;6;8;6m▀[0m[38;2;15;14;14m[48;2;24;26;26m▀[0m[38;2;42;41;41m[48;2;49;50;47m▀[0m[38;2;59;59;59m[48;2;44;44;44m▀[0m[38;2;48;47;47m[48;2;40;40;38m▀[0m[38;2;53;52;52m[48;2;52;51;51m▀[0m[38;2;87;86;86m[48;2;63;62;59m▀[0m[38;2;93;92;92m[48;2;29;30;27m▀[0m[38;2;30;29;29m[48;2;32;31;31m▀[0m[38;2;0;0;0m[48;2;129;128;128m▀[0m[38;2;82;81;82m[48;2;255;255;255m▀[0m[38;2;93;95;96m[48;2;142;144;145m▀[0m[38;2;255;255;255m[48;2;255;255;255m▀[0m[38;2;232;232;230m[48;2;214;214;214m▀[0m[38;2;255;255;255m[48;2;248;248;250m▀[0m
[38;2;141;143;143m[48;2;255;255;255m▀[0m[38;2;255;255;255m[48;2;33;35;33m▀[0m[38;2;239;241;239m[48;2;119;115;117m▀[0m[38;2;215;219;219m[48;2;255;255;255m▀[0m[38;2;34;37;39m[48;2;65;55;52m▀[0m[38;2;0;0;0m[48;2;0;0;0m▀[0m[38;2;0;0;0m[48;2;190;138;132m▀[0m[38;2;255;255;255m[48;2;255;255;255m▀[0m[38;2;255;255;255m[48;2;255;255;255m▀[0m[38;2;255;255;255m[48;2;255;255;255m▀[0m[38;2;202;205;202m[48;2;147;150;150m▀[0m[38;2;217;221;220m[48;2;187;189;190m▀[0m[38;2;55;54;55m[48;2;101;101;102m▀[0m[38;2;0;0;0m[48;2;92;89;89m▀[0m[38;2;118;118;118m[48;2;208;208;210m▀[0m[38;2;216;218;216m[48;2;101;101;101m▀[0m[38;2;152;152;154m[48;2;230;233;230m▀[0m[38;2;168;168;171m[48;2;78;78;78m▀[0m[38;2;203;205;203m[48;2;226;226;226m▀[0m[38;2;255;255;255m[48;2;255;255;255m▀[0m[38;2;177;177;179m[48;2;222;224;224m▀[0m[38;2;0;0;0m[48;2;10;9;10m▀[0m[38;2;34;36;36m[48;2;44;43;43m▀[0m[38;2;59;58;59m[48;2;42;41;41m▀[0m[38;2;48;45;45m[48;2;59;58;58m▀[0m[38;2;40;42;42m[48;2;60;59;60m▀[0m[38;2;70;69;65m[48;2;61;60;60m▀[0m[38;2;57;53;53m[48;2;26;25;25m▀[0m[38;2;192;193;190m[48;2;151;152;149m▀[0m[38;2;255;255;255m[48;2;255;255;255m▀[0m[38;2;158;158;158m[48;2;154;154;154m▀[0m[38;2;253;253;253m[48;2;229;229;229m▀[0m[38;2;115;115;112m[48;2;77;77;74m▀[0m[38;2;248;248;248m[48;2;255;255;255m▀[0m[38;2;159;159;161m[48;2;210;207;210m▀[0m[38;2;208;208;208m[48;2;255;255;255m▀[0m
[38;2;255;255;255m[48;2;210;212;210m▀[0m[38;2;43;43;45m[48;2;20;20;21m▀[0m[38;2;47;40;39m[48;2;67;69;70m▀[0m[38;2;55;40;43m[48;2;0;0;0m▀[0m[38;2;163;149;143m[48;2;8;11;11m▀[0m[38;2;150;153;149m[48;2;2;5;6m▀[0m[38;2;68;49;48m[48;2;0;0;0m▀[0m[38;2;255;238;237m[48;2;1;0;0m▀[0m[38;2;123;128;127m[48;2;0;0;0m▀[0m[38;2;81;81;81m[48;2;0;0;0m▀[0m[38;2;143;142;142m[48;2;186;189;186m▀[0m[38;2;185;188;185m[48;2;83;80;80m▀[0m[38;2;116;115;113m[48;2;149;149;149m▀[0m[38;2;141;141;141m[48;2;84;87;84m▀[0m[38;2;160;160;162m[48;2;136;136;136m▀[0m[38;2;0;0;0m[48;2;138;137;137m▀[0m[38;2;163;166;166m[48;2;121;121;118m▀[0m[38;2;162;162;158m[48;2;128;128;128m▀[0m[38;2;113;113;113m[48;2;144;144;144m▀[0m[38;2;255;255;255m[48;2;55;55;55m▀[0m[38;2;255;255;255m[48;2;255;255;255m▀[0m[38;2;37;34;34m[48;2;88;87;83m▀[0m[38;2;40;39;39m[48;2;30;29;27m▀[0m[38;2;36;34;37m[48;2;34;33;33m▀[0m[38;2;46;45;45m[48;2;51;50;50m▀[0m[38;2;28;27;27m[48;2;60;59;56m▀[0m[38;2;49;48;48m[48;2;83;82;80m▀[0m[38;2;40;39;39m[48;2;61;57;57m▀[0m[38;2;167;169;169m[48;2;146;145;146m▀[0m[38;2;255;255;255m[48;2;255;255;255m▀[0m[38;2;132;131;129m[48;2;153;152;153m▀[0m[38;2;248;251;251m[48;2;238;238;238m▀[0m[38;2;120;117;120m[48;2;127;127;124m▀[0m[38;2;255;255;255m[48;2;255;255;255m▀[0m[38;2;225;225;225m[48;2;186;186;186m▀[0m[38;2;255;255;255m[48;2;215;214;215m▀[0m
[38;2;33;35;36m[48;2;46;45;46m▀[0m[38;2;4;7;7m[48;2;126;126;126m▀[0m[38;2;28;28;28m[48;2;70;67;67m▀[0m[38;2;0;0;0m[48;2;3;2;3m▀[0m[38;2;75;74;74m[48;2;63;61;64m▀[0m[38;2;0;0;0m[48;2;120;119;119m▀[0m[38;2;0;0;0m[48;2;192;192;193m▀[0m[38;2;160;159;156m[48;2;255;255;255m▀[0m[38;2;173;175;175m[48;2;255;255;255m▀[0m[38;2;160;160;160m[48;2;255;255;255m▀[0m[38;2;148;148;148m[48;2;255;255;255m▀[0m[38;2;0;0;0m[48;2;255;255;255m▀[0m[38;2;83;83;83m[48;2;255;255;255m▀[0m[38;2;43;43;43m[48;2;246;246;246m▀[0m[38;2;95;95;95m[48;2;95;97;97m▀[0m[38;2;35;37;37m[48;2;1;1;1m▀[0m[38;2;233;230;230m[48;2;0;0;0m▀[0m[38;2;255;255;255m[48;2;159;156;156m▀[0m[38;2;186;186;186m[48;2;252;252;252m▀[0m[38;2;145;145;145m[48;2;255;255;255m▀[0m[38;2;125;127;129m[48;2;255;255;255m▀[0m[38;2;131;131;124m[48;2;255;255;255m▀[0m[38;2;104;103;101m[48;2;255;255;255m▀[0m[38;2;15;17;17m[48;2;98;97;97m▀[0m[38;2;51;50;50m[48;2;57;53;53m▀[0m[38;2;20;22;22m[48;2;66;64;67m▀[0m[38;2;42;41;38m[48;2;48;47;47m▀[0m[38;2;43;39;39m[48;2;58;57;54m▀[0m[38;2;118;120;120m[48;2;236;235;235m▀[0m[38;2;255;255;255m[48;2;255;255;255m▀[0m[38;2;118;118;118m[48;2;138;138;138m▀[0m[38;2;252;252;252m[48;2;213;213;211m▀[0m[38;2;97;94;94m[48;2;56;56;56m▀[0m[38;2;228;228;228m[48;2;255;255;255m▀[0m[38;2;194;194;194m[48;2;234;234;234m▀[0m[38;2;255;255;255m[48;2;255;255;255m▀[0m
[38;2;24;23;21m[48;2;15;14;15m▀[0m[38;2;218;221;221m[48;2;0;0;0m▀[0m[38;2;138;135;135m[48;2;0;0;0m▀[0m[38;2;0;0;0m[48;2;0;0;0m▀[0m[38;2;0;0;0m[48;2;101;99;102m▀[0m[38;2;212;213;210m[48;2;255;255;255m▀[0m[38;2;255;255;255m[48;2;230;230;227m▀[0m[38;2;246;246;243m[48;2;218;218;218m▀[0m[38;2;222;222;223m[48;2;213;213;213m▀[0m[38;2;211;211;211m[48;2;214;214;214m▀[0m[38;2;255;255;255m[48;2;204;207;207m▀[0m[38;2;255;255;255m[48;2;220;220;220m▀[0m[38;2;250;253;253m[48;2;251;250;251m▀[0m[38;2;255;255;255m[48;2;210;210;210m▀[0m[38;2;155;160;157m[48;2;237;237;234m▀[0m[38;2;60;60;60m[48;2;116;116;116m▀[0m[38;2;0;0;0m[48;2;10;7;7m▀[0m[38;2;0;0;0m[48;2;72;72;72m▀[0m[38;2;0;0;0m[48;2;46;46;46m▀[0m[38;2;44;44;46m[48;2;0;0;0m▀[0m[38;2;135;135;137m[48;2;0;0;0m▀[0m[38;2;124;120;122m[48;2;47;47;48m▀[0m[38;2;209;209;210m[48;2;24;24;24m▀[0m[38;2;255;255;255m[48;2;71;73;71m▀[0m[38;2;61;58;58m[48;2;105;105;105m▀[0m[38;2;42;41;41m[48;2;33;32;33m▀[0m[38;2;88;90;90m[48;2;73;73;71m▀[0m[38;2;85;82;82m[48;2;70;68;65m▀[0m[38;2;166;167;164m[48;2;226;228;228m▀[0m[38;2;255;255;255m[48;2;255;255;255m▀[0m[38;2;167;167;167m[48;2;103;103;103m▀[0m[38;2;175;175;175m[48;2;94;90;90m▀[0m[38;2;119;119;119m[48;2;129;129;129m▀[0m[38;2;255;255;255m[48;2;236;236;236m▀[0m[38;2;217;217;218m[48;2;187;187;187m▀[0m[38;2;241;241;241m[48;2;255;255;255m▀[0m
[38;2;15;15;15m[48;2;0;0;0m▀[0m[38;2;2;0;0m[48;2;13;10;10m▀[0m[38;2;0;0;0m[48;2;0;0;0m▀[0m[38;2;0;0;0m[48;2;118;118;116m▀[0m[38;2;255;255;255m[48;2;255;255;255m▀[0m[38;2;248;250;250m[48;2;227;227;227m▀[0m[38;2;222;222;222m[48;2;221;221;221m▀[0m[38;2;214;214;215m[48;2;216;216;213m▀[0m[38;2;213;213;213m[48;2;223;223;223m▀[0m[38;2;212;212;208m[48;2;215;215;215m▀[0m[38;2;187;187;189m[48;2;232;232;232m▀[0m[38;2;204;204;204m[48;2;218;218;218m▀[0m[38;2;255;255;255m[48;2;222;222;222m▀[0m[38;2;213;213;215m[48;2;244;244;244m▀[0m[38;2;255;255;255m[48;2;234;237;234m▀[0m[38;2;185;185;185m[48;2;227;227;227m▀[0m[38;2;189;189;189m[48;2;119;119;116m▀[0m[38;2;61;58;61m[48;2;113;113;114m▀[0m[38;2;0;0;0m[48;2;20;17;17m▀[0m[38;2;57;54;54m[48;2;0;0;0m▀[0m[38;2;40;40;41m[48;2;47;47;47m▀[0m[38;2;86;90;89m[48;2;0;0;0m▀[0m[38;2;83;83;83m[48;2;0;0;0m▀[0m[38;2;191;193;191m[48;2;55;55;55m▀[0m[38;2;229;229;229m[48;2;255;255;255m▀[0m[38;2;0;0;0m[48;2;223;226;223m▀[0m[38;2;63;60;62m[48;2;47;47;48m▀[0m[38;2;55;50;52m[48;2;9;7;4m▀[0m[38;2;208;210;210m[48;2;150;150;151m▀[0m[38;2;255;255;255m[48;2;244;244;241m▀[0m[38;2;169;169;169m[48;2;147;147;147m▀[0m[38;2;218;217;215m[48;2;211;212;208m▀[0m[38;2;126;126;123m[48;2;148;148;148m▀[0m[38;2;255;255;255m[48;2;255;255;255m▀[0m[38;2;249;249;249m[48;2;255;255;255m▀[0m[38;2;220;223;225m[48;2;0;0;0m▀[0m
[38;2;0;0;0m[48;2;0;0;0m▀[0m[38;2;0;0;0m[48;2;110;110;107m▀[0m[38;2;104;104;101m[48;2;255;255;255m▀[0m[38;2;233;233;233m[48;2;221;224;221m▀[0m[38;2;239;239;239m[48;2;229;229;230m▀[0m[38;2;229;229;231m[48;2;222;225;222m▀[0m[38;2;219;219;219m[48;2;253;253;251m▀[0m[38;2;227;227;229m[48;2;146;146;148m▀[0m[38;2;166;166;166m[48;2;89;88;89m▀[0m[38;2;210;213;210m[48;2;234;234;234m▀[0m[38;2;220;220;220m[48;2;219;219;219m▀[0m[38;2;216;216;216m[48;2;236;236;236m▀[0m[38;2;230;233;233m[48;2;157;157;157m▀[0m[38;2;127;127;127m[48;2;77;77;75m▀[0m[38;2;218;218;218m[48;2;241;241;241m▀[0m[38;2;235;235;236m[48;2;212;212;210m▀[0m[38;2;210;210;208m[48;2;201;201;199m▀[0m[38;2;248;248;245m[48;2;255;255;255m▀[0m[38;2;89;86;86m[48;2;192;192;192m▀[0m[38;2;87;84;87m[48;2;0;0;0m▀[0m[38;2;163;163;165m[48;2;0;0;0m▀[0m[38;2;0;0;0m[48;2;0;0;0m▀[0m[38;2;0;0;0m[48;2;130;127;130m▀[0m[38;2;165;165;165m[48;2;169;166;169m▀[0m[38;2;12;12;12m[48;2;0;0;0m▀[0m[38;2;255;255;255m[48;2;0;0;0m▀[0m[38;2;255;255;255m[48;2;220;220;222m▀[0m[38;2;114;112;110m[48;2;255;255;255m▀[0m[38;2;202;205;206m[48;2;230;230;230m▀[0m[38;2;255;255;255m[48;2;255;255;255m▀[0m[38;2;164;164;161m[48;2;149;149;149m▀[0m[38;2;210;210;207m[48;2;113;111;114m▀[0m[38;2;142;143;140m[48;2;80;79;79m▀[0m[38;2;255;255;255m[48;2;55;54;55m▀[0m[38;2;210;212;212m[48;2;0;0;0m▀[0m[38;2;133;132;132m[48;2;27;26;26m▀[0m
[38;2;165;165;166m[48;2;201;201;202m▀[0m[38;2;255;255;255m[48;2;234;234;231m▀[0m[38;2;238;238;238m[48;2;229;231;231m▀[0m[38;2;228;228;228m[48;2;235;240;241m▀[0m[38;2;222;225;222m[48;2;227;229;229m▀[0m[38;2;237;237;237m[48;2;253;253;253m▀[0m[38;2;229;229;229m[48;2;0;0;0m▀[0m[38;2;0;0;0m[48;2;0;0;0m▀[0m[38;2;205;207;205m[48;2;174;174;174m▀[0m[38;2;238;241;238m[48;2;226;225;226m▀[0m[38;2;222;222;219m[48;2;218;218;218m▀[0m[38;2;206;206;203m[48;2;161;161;158m▀[0m[38;2;68;68;65m[48;2;114;112;109m▀[0m[38;2;197;197;195m[48;2;255;255;255m▀[0m[38;2;236;236;233m[48;2;224;224;225m▀[0m[38;2;196;196;194m[48;2;194;194;196m▀[0m[38;2;151;151;149m[48;2;111;113;111m▀[0m[38;2;255;255;255m[48;2;255;255;255m▀[0m[38;2;238;238;238m[48;2;234;233;233m▀[0m[38;2;139;136;136m[48;2;106;109;110m▀[0m[38;2;0;0;0m[48;2;0;0;0m▀[0m[38;2;30;27;27m[48;2;59;58;58m▀[0m[38;2;0;0;0m[48;2;0;0;0m▀[0m[38;2;65;67;67m[48;2;47;46;46m▀[0m[38;2;123;123;123m[48;2;136;136;136m▀[0m[38;2;0;0;0m[48;2;72;72;72m▀[0m[38;2;0;0;0m[48;2;67;64;64m▀[0m[38;2;229;229;231m[48;2;0;0;0m▀[0m[38;2;174;173;174m[48;2;215;219;218m▀[0m[38;2;19;19;21m[48;2;135;135;135m▀[0m[38;2;132;132;132m[48;2;14;11;11m▀[0m[38;2;0;0;0m[48;2;186;186;183m▀[0m[38;2;0;0;0m[48;2;99;98;95m▀[0m[38;2;17;19;19m[48;2;88;86;89m▀[0m[38;2;20;22;22m[48;2;107;105;108m▀[0m[38;2;79;78;78m[48;2;137;134;136m▀[0m
[38;2;217;217;218m[48;2;205;207;207m▀[0m[38;2;220;222;222m[48;2;204;206;206m▀[0m[38;2;188;192;192m[48;2;214;217;219m▀[0m[38;2;88;66;67m[48;2;176;156;156m▀[0m[38;2;186;181;179m[48;2;32;24;24m▀[0m[38;2;95;100;100m[48;2;149;152;154m▀[0m[38;2;124;124;124m[48;2;255;255;255m▀[0m[38;2;208;208;205m[48;2;227;226;224m▀[0m[38;2;151;148;148m[48;2;207;207;207m▀[0m[38;2;207;207;207m[48;2;200;200;200m▀[0m[38;2;212;212;212m[48;2;205;205;205m▀[0m[38;2;176;176;176m[48;2;213;213;210m▀[0m[38;2;218;218;215m[48;2;255;255;255m▀[0m[38;2;232;234;235m[48;2;210;210;208m▀[0m[38;2;219;221;222m[48;2;206;211;210m▀[0m[38;2;244;248;249m[48;2;224;199;196m▀[0m[38;2;136;132;128m[48;2;165;145;141m▀[0m[38;2;240;242;240m[48;2;222;227;227m▀[0m[38;2;236;238;238m[48;2;232;231;231m▀[0m[38;2;80;79;79m[48;2;229;229;226m▀[0m[38;2;0;0;0m[48;2;8;8;8m▀[0m[38;2;97;94;94m[48;2;74;74;74m▀[0m[38;2;0;0;0m[48;2;0;0;0m▀[0m[38;2;0;0;0m[48;2;20;20;20m▀[0m[38;2;71;68;68m[48;2;0;0;0m▀[0m[38;2;27;23;26m[48;2;65;64;64m▀[0m[38;2;104;101;101m[48;2;0;0;0m▀[0m[38;2;69;64;67m[48;2;152;151;152m▀[0m[38;2;51;50;51m[48;2;0;0;0m▀[0m[38;2;219;216;219m[48;2;187;187;189m▀[0m[38;2;82;81;79m[48;2;147;146;144m▀[0m[38;2;171;168;168m[48;2;137;134;134m▀[0m[38;2;149;148;148m[48;2;109;109;109m▀[0m[38;2;100;99;99m[48;2;24;23;23m▀[0m[38;2;147;146;146m[48;2;105;104;104m▀[0m[38;2;133;130;132m[48;2;98;98;96m▀[0m
