wide,45,30,251,168,170
wide,46,21,255,205,203
wide,31,29,255,214,211
wide,39,21,255,239,238
wide,30,20,255,213,214
wide,38,35,255,255,255
wide,37,39,255,255,255
wide,34,14,255,248,249
wide,23,29,235,179,175
punch,40,14,255,182,174
punch,42,26,255,165,160
punch,33,38,255,161,158
punch,27,14,241,178,180
punch,38,36,255,255,255
punch,51,28,244,184,185
punch,26,27,250,168,167
punch,37,45,255,255,255
punch,37,24,255,255,255
strip,15,8,255,195,190
strip,18,6,219,181,181
strip,31,12,255,255,255
strip,31,7,255,255,255
strip,28,13,255,255,255
strip,28,8,255,255,255
