[38;2;70;69;69m[48;2;41;46;42m▀[0m[38;2;142;148;143m[48;2;0;3;3m▀[0m[38;2;173;176;176m[48;2;0;0;0m▀[0m[38;2;217;215;215m[48;2;0;0;0m▀[0m[38;2;86;89;89m[48;2;0;0;0m▀[0m[38;2;0;1;3m[48;2;0;0;0m▀[0m[38;2;0;0;0m[48;2;0;0;0m▀[0m[38;2;0;0;0m[48;2;0;0;0m▀[0m[38;2;0;0;0m[48;2;0;0;0m▀[0m[38;2;0;1;1m[48;2;0;0;0m▀[0m[38;2;0;0;0m[48;2;0;0;0m▀[0m[38;2;0;0;0m[48;2;0;0;0m▀[0m[38;2;0;0;0m[48;2;0;0;0m▀[0m[38;2;0;0;0m[48;2;0;0;0m▀[0m[38;2;0;0;0m[48;2;0;46;30m▀[0m[38;2;0;0;0m[48;2;0;87;59m▀[0m[38;2;81;56;59m[48;2;189;189;184m▀[0m[38;2;183;251;236m[48;2;222;255;255m▀[0m[38;2;222;255;255m[48;2;213;255;255m▀[0m[38;2;198;255;255m[48;2;255;255;255m▀[0m[38;2;145;224;206m[48;2;255;255;255m▀[0m[38;2;87;130;123m[48;2;211;255;255m▀[0m[38;2;140;183;170m[48;2;124;172;163m▀[0m[38;2;103;147;140m[48;2;115;161;150m▀[0m[38;2;17;32;30m[48;2;162;242;226m▀[0m[38;2;203;255;255m[48;2;255;255;255m▀[0m[38;2;196;255;255m[48;2;240;255;255m▀[0m[38;2;223;255;255m[48;2;214;255;255m▀[0m[38;2;141;195;181m[48;2;218;255;255m▀[0m[38;2;142;113;119m[48;2;192;202;197m▀[0m[38;2;0;0;0m[48;2;0;52;39m▀[0m[38;2;0;0;0m[48;2;0;0;0m▀[0m[38;2;0;0;0m[48;2;0;0;0m▀[0m[38;2;0;0;0m[48;2;0;0;0m▀[0m[38;2;0;0;0m[48;2;0;0;0m▀[0m[38;2;0;1;1m[48;2;0;0;0m▀[0m[38;2;0;0;0m[48;2;0;0;0m▀[0m[38;2;0;0;1m[48;2;0;0;0m▀[0m[38;2;85;93;93m[48;2;0;0;0m▀[0m[38;2;30;12;8m[48;2;0;0;0m▀[0m[38;2;125;59;67m[48;2;4;0;0m▀[0m[38;2;255;255;255m[48;2;43;0;0m▀[0m[38;2;255;255;255m[48;2;0;0;0m▀[0m[38;2;229;200;206m[48;2;0;0;0m▀[0m
[38;2;0;0;0m[48;2;0;0;0m▀[0m[38;2;0;0;0m[48;2;0;0;0m▀[0m[38;2;0;0;0m[48;2;0;0;0m▀[0m[38;2;0;0;0m[48;2;0;0;0m▀[0m[38;2;0;0;0m[48;2;0;0;0m▀[0m[38;2;0;0;0m[48;2;0;0;0m▀[0m[38;2;0;0;0m[48;2;0;0;0m▀[0m[38;2;0;0;0m[48;2;0;0;0m▀[0m[38;2;0;0;0m[48;2;0;0;0m▀[0m[38;2;0;0;0m[48;2;3;2;2m▀[0m[38;2;0;0;0m[48;2;15;89;73m▀[0m[38;2;0;0;0m[48;2;25;151;129m▀[0m[38;2;12;70;54m[48;2;20;108;91m▀[0m[38;2;18;152;126m[48;2;0;3;3m▀[0m[38;2;0;102;76m[48;2;0;0;0m▀[0m[38;2;0;0;0m[48;2;0;0;0m▀[0m[38;2;187;159;162m[48;2;140;112;117m▀[0m[38;2;180;255;246m[48;2;189;255;247m▀[0m[38;2;219;255;255m[48;2;255;255;255m▀[0m[38;2;252;255;255m[48;2;192;255;255m▀[0m[38;2;230;255;255m[48;2;207;255;255m▀[0m[38;2;215;255;255m[48;2;233;255;255m▀[0m[38;2;90;124;115m[48;2;134;195;183m▀[0m[38;2;189;255;248m[48;2;195;255;255m▀[0m[38;2;231;255;255m[48;2;239;255;255m▀[0m[38;2;237;255;255m[48;2;202;255;255m▀[0m[38;2;214;255;255m[48;2;206;255;255m▀[0m[38;2;234;255;255m[48;2;255;255;255m▀[0m[38;2;167;255;239m[48;2;123;192;179m▀[0m[38;2;176;170;165m[48;2;168;151;152m▀[0m[38;2;0;0;0m[48;2;0;0;0m▀[0m[38;2;3;112;97m[48;2;0;0;0m▀[0m[38;2;17;84;76m[48;2;6;68;61m▀[0m[38;2;0;0;0m[48;2;31;131;112m▀[0m[38;2;0;0;0m[48;2;12;52;47m▀[0m[38;2;0;0;0m[48;2;0;0;0m▀[0m[38;2;0;0;0m[48;2;0;0;0m▀[0m[38;2;0;0;0m[48;2;0;0;0m▀[0m[38;2;0;0;0m[48;2;0;0;0m▀[0m[38;2;0;0;0m[48;2;0;0;0m▀[0m[38;2;0;0;0m[48;2;0;0;0m▀[0m[38;2;0;0;0m[48;2;0;0;0m▀[0m[38;2;0;0;0m[48;2;0;0;0m▀[0m[38;2;0;0;0m[48;2;0;0;0m▀[0m
[38;2;0;0;0m[48;2;1;48;42m▀[0m[38;2;0;0;0m[48;2;8;97;69m▀[0m[38;2;0;0;0m[48;2;13;103;71m▀[0m[38;2;0;0;0m[48;2;18;108;91m▀[0m[38;2;0;0;0m[48;2;19;117;97m▀[0m[38;2;0;0;0m[48;2;23;111;91m▀[0m[38;2;2;14;13m[48;2;21;102;86m▀[0m[38;2;8;45;41m[48;2;17;80;71m▀[0m[38;2;15;103;86m[48;2;1;36;29m▀[0m[38;2;26;134;113m[48;2;0;0;0m▀[0m[38;2;17;81;68m[48;2;0;0;0m▀[0m[38;2;0;0;0m[48;2;0;0;0m▀[0m[38;2;0;0;0m[48;2;1;0;0m▀[0m[38;2;0;0;0m[48;2;0;0;0m▀[0m[38;2;0;0;0m[48;2;0;0;0m▀[0m[38;2;0;0;0m[48;2;0;0;0m▀[0m[38;2;114;89;93m[48;2;9;4;7m▀[0m[38;2;103;123;118m[48;2;218;198;201m▀[0m[38;2;214;255;255m[48;2;0;0;0m▀[0m[38;2;255;255;255m[48;2;82;158;143m▀[0m[38;2;244;255;255m[48;2;170;255;246m▀[0m[38;2;231;255;255m[48;2;90;148;137m▀[0m[38;2;142;201;190m[48;2;21;47;42m▀[0m[38;2;158;228;213m[48;2;14;50;46m▀[0m[38;2;236;255;255m[48;2;90;146;137m▀[0m[38;2;250;255;255m[48;2;136;212;197m▀[0m[38;2;255;255;255m[48;2;101;159;150m▀[0m[38;2;247;255;255m[48;2;0;0;0m▀[0m[38;2;98;130;128m[48;2;218;201;201m▀[0m[38;2;190;173;173m[48;2;57;50;53m▀[0m[38;2;0;0;0m[48;2;0;0;0m▀[0m[38;2;0;0;0m[48;2;0;0;0m▀[0m[38;2;0;0;0m[48;2;0;0;0m▀[0m[38;2;0;0;0m[48;2;0;0;0m▀[0m[38;2;24;93;84m[48;2;0;0;0m▀[0m[38;2;30;129;113m[48;2;2;4;6m▀[0m[38;2;15;91;79m[48;2;2;40;31m▀[0m[38;2;8;59;51m[48;2;7;65;56m▀[0m[38;2;2;40;31m[48;2;13;78;65m▀[0m[38;2;2;18;15m[48;2;19;89;73m▀[0m[38;2;2;6;2m[48;2;20;96;78m▀[0m[38;2;0;0;0m[48;2;23;111;89m▀[0m[38;2;0;0;0m[48;2;17;107;85m▀[0m[38;2;0;0;0m[48;2;14;102;85m▀[0m
[38;2;0;10;10m[48;2;0;0;0m▀[0m[38;2;0;0;0m[48;2;0;0;0m▀[0m[38;2;0;0;0m[48;2;0;0;0m▀[0m[38;2;0;0;0m[48;2;0;0;0m▀[0m[38;2;0;0;0m[48;2;0;0;0m▀[0m[38;2;0;0;0m[48;2;0;0;0m▀[0m[38;2;0;0;0m[48;2;0;0;0m▀[0m[38;2;0;0;0m[48;2;1;0;0m▀[0m[38;2;0;0;0m[48;2;1;0;0m▀[0m[38;2;0;0;0m[48;2;0;4;3m▀[0m[38;2;0;0;0m[48;2;0;0;1m▀[0m[38;2;0;0;0m[48;2;0;0;0m▀[0m[38;2;1;1;1m[48;2;1;1;1m▀[0m[38;2;0;0;0m[48;2;0;2;2m▀[0m[38;2;0;0;0m[48;2;0;0;0m▀[0m[38;2;0;0;0m[48;2;0;0;0m▀[0m[38;2;0;0;0m[48;2;0;0;0m▀[0m[38;2;87;82;81m[48;2;0;0;0m▀[0m[38;2;255;240;244m[48;2;85;80;80m▀[0m[38;2;126;107;112m[48;2;198;190;189m▀[0m[38;2;124;143;139m[48;2;156;146;146m▀[0m[38;2;161;190;184m[48;2;186;176;176m▀[0m[38;2;136;142;136m[48;2;59;43;46m▀[0m[38;2;137;147;147m[48;2;84;73;74m▀[0m[38;2;112;146;150m[48;2;184;173;173m▀[0m[38;2;115;152;150m[48;2;202;191;190m▀[0m[38;2;82;85;86m[48;2;163;154;153m▀[0m[38;2;203;190;190m[48;2;255;255;255m▀[0m[38;2;118;112;114m[48;2;0;0;0m▀[0m[38;2;0;0;0m[48;2;0;0;0m▀[0m[38;2;0;0;0m[48;2;0;0;0m▀[0m[38;2;0;0;0m[48;2;0;0;0m▀[0m[38;2;0;0;0m[48;2;0;0;0m▀[0m[38;2;0;0;0m[48;2;0;10;9m▀[0m[38;2;1;0;0m[48;2;0;24;19m▀[0m[38;2;0;0;0m[48;2;0;21;12m▀[0m[38;2;0;0;0m[48;2;2;1;2m▀[0m[38;2;0;0;0m[48;2;1;0;0m▀[0m[38;2;0;0;0m[48;2;2;4;2m▀[0m[38;2;0;0;0m[48;2;0;4;4m▀[0m[38;2;0;0;0m[48;2;0;0;0m▀[0m[38;2;0;0;0m[48;2;0;0;0m▀[0m[38;2;0;0;0m[48;2;0;0;0m▀[0m[38;2;0;0;0m[48;2;0;0;0m▀[0m
[38;2;191;191;187m[48;2;255;255;255m▀[0m[38;2;0;0;0m[48;2;241;236;239m▀[0m[38;2;0;0;0m[48;2;0;0;0m▀[0m[38;2;0;0;0m[48;2;0;0;0m▀[0m[38;2;0;0;0m[48;2;0;0;0m▀[0m[38;2;0;0;0m[48;2;0;0;0m▀[0m[38;2;0;0;0m[48;2;0;6;4m▀[0m[38;2;0;0;0m[48;2;0;28;17m▀[0m[38;2;0;2;0m[48;2;0;15;9m▀[0m[38;2;0;10;10m[48;2;1;0;1m▀[0m[38;2;1;4;4m[48;2;0;0;0m▀[0m[38;2;0;0;0m[48;2;0;0;0m▀[0m[38;2;0;0;0m[48;2;0;0;0m▀[0m[38;2;0;0;0m[48;2;8;8;8m▀[0m[38;2;0;0;0m[48;2;0;0;0m▀[0m[38;2;0;0;0m[48;2;0;0;0m▀[0m[38;2;0;0;0m[48;2;0;0;0m▀[0m[38;2;0;0;0m[48;2;0;0;0m▀[0m[38;2;69;63;63m[48;2;32;32;34m▀[0m[38;2;0;0;0m[48;2;59;59;59m▀[0m[38;2;100;96;98m[48;2;187;191;191m▀[0m[38;2;0;0;0m[48;2;0;0;0m▀[0m[38;2;0;0;0m[48;2;0;0;0m▀[0m[38;2;0;0;0m[48;2;0;0;0m▀[0m[38;2;0;0;0m[48;2;0;0;0m▀[0m[38;2;143;139;143m[48;2;70;68;71m▀[0m[38;2;0;0;0m[48;2;0;0;0m▀[0m[38;2;207;203;206m[48;2;181;184;185m▀[0m[38;2;0;0;0m[48;2;0;0;0m▀[0m[38;2;0;0;0m[48;2;53;57;53m▀[0m[38;2;0;0;0m[48;2;0;0;0m▀[0m[38;2;0;0;0m[48;2;0;0;0m▀[0m[38;2;0;0;0m[48;2;0;3;0m▀[0m[38;2;0;39;31m[48;2;0;14;10m▀[0m[38;2;0;23;17m[48;2;0;21;12m▀[0m[38;2;1;10;9m[48;2;1;0;0m▀[0m[38;2;1;8;7m[48;2;0;3;7m▀[0m[38;2;1;0;0m[48;2;0;14;19m▀[0m[38;2;0;9;8m[48;2;0;20;17m▀[0m[38;2;0;21;17m[48;2;0;0;0m▀[0m[38;2;0;14;1m[48;2;0;0;0m▀[0m[38;2;0;0;0m[48;2;0;0;0m▀[0m[38;2;0;0;0m[48;2;34;30;30m▀[0m[38;2;0;0;0m[48;2;255;255;255m▀[0m
[38;2;255;255;255m[48;2;255;255;255m▀[0m[38;2;255;255;255m[48;2;255;255;255m▀[0m[38;2;252;252;254m[48;2;255;255;255m▀[0m[38;2;0;0;0m[48;2;222;222;222m▀[0m[38;2;0;0;0m[48;2;0;0;0m▀[0m[38;2;0;0;0m[48;2;0;0;0m▀[0m[38;2;0;2;0m[48;2;0;0;0m▀[0m[38;2;0;10;8m[48;2;0;0;0m▀[0m[38;2;0;6;4m[48;2;1;0;0m▀[0m[38;2;1;0;0m[48;2;0;0;0m▀[0m[38;2;0;0;0m[48;2;0;0;0m▀[0m[38;2;0;0;0m[48;2;0;0;0m▀[0m[38;2;0;0;0m[48;2;0;0;0m▀[0m[38;2;203;207;203m[48;2;255;255;255m▀[0m[38;2;32;32;35m[48;2;47;50;51m▀[0m[38;2;0;0;0m[48;2;0;0;0m▀[0m[38;2;0;0;0m[48;2;0;0;0m▀[0m[38;2;0;0;0m[48;2;255;255;255m▀[0m[38;2;143;150;146m[48;2;255;255;255m▀[0m[38;2;48;53;48m[48;2;0;0;0m▀[0m[38;2;0;0;0m[48;2;7;13;13m▀[0m[38;2;0;0;0m[48;2;0;0;0m▀[0m[38;2;0;0;0m[48;2;201;201;201m▀[0m[38;2;0;0;0m[48;2;255;255;255m▀[0m[38;2;0;0;0m[48;2;0;0;0m▀[0m[38;2;0;0;0m[48;2;87;93;96m▀[0m[38;2;0;0;0m[48;2;0;0;0m▀[0m[38;2;143;148;148m[48;2;89;91;95m▀[0m[38;2;0;0;0m[48;2;0;0;0m▀[0m[38;2;255;255;255m[48;2;233;246;248m▀[0m[38;2;40;53;53m[48;2;255;255;255m▀[0m[38;2;0;0;0m[48;2;0;0;0m▀[0m[38;2;0;10;9m[48;2;0;0;0m▀[0m[38;2;0;30;20m[48;2;0;14;8m▀[0m[38;2;0;31;23m[48;2;0;9;7m▀[0m[38;2;0;30;29m[48;2;0;9;8m▀[0m[38;2;2;2;2m[48;2;0;14;10m▀[0m[38;2;0;0;0m[48;2;0;6;1m▀[0m[38;2;0;0;0m[48;2;0;0;0m▀[0m[38;2;0;4;0m[48;2;0;0;0m▀[0m[38;2;0;0;0m[48;2;0;0;0m▀[0m[38;2;32;21;21m[48;2;255;255;255m▀[0m[38;2;255;255;255m[48;2;255;255;255m▀[0m[38;2;255;255;255m[48;2;255;255;255m▀[0m
[38;2;255;255;255m[48;2;255;255;255m▀[0m[38;2;255;255;255m[48;2;255;255;255m▀[0m[38;2;255;255;255m[48;2;255;255;255m▀[0m[38;2;255;255;255m[48;2;255;255;255m▀[0m[38;2;87;90;91m[48;2;255;255;255m▀[0m[38;2;0;0;0m[48;2;0;0;0m▀[0m[38;2;0;0;0m[48;2;0;0;0m▀[0m[38;2;0;6;3m[48;2;0;4;3m▀[0m[38;2;0;17;15m[48;2;0;25;23m▀[0m[38;2;0;1;0m[48;2;0;14;6m▀[0m[38;2;0;0;0m[48;2;0;0;0m▀[0m[38;2;0;0;0m[48;2;0;0;0m▀[0m[38;2;64;63;63m[48;2;255;255;255m▀[0m[38;2;255;255;255m[48;2;255;255;255m▀[0m[38;2;0;0;0m[48;2;0;0;0m▀[0m[38;2;0;0;0m[48;2;90;97;96m▀[0m[38;2;255;255;255m[48;2;255;255;255m▀[0m[38;2;255;255;255m[48;2;255;255;255m▀[0m[38;2;255;237;237m[48;2;237;197;189m▀[0m[38;2;0;0;0m[48;2;0;0;0m▀[0m[38;2;0;8;8m[48;2;0;0;0m▀[0m[38;2;0;0;0m[48;2;0;0;0m▀[0m[38;2;74;78;81m[48;2;82;98;98m▀[0m[38;2;255;255;255m[48;2;241;250;250m▀[0m[38;2;0;0;0m[48;2;0;0;0m▀[0m[38;2;93;96;96m[48;2;35;37;41m▀[0m[38;2;0;0;0m[48;2;0;0;0m▀[0m[38;2;41;45;43m[48;2;40;46;45m▀[0m[38;2;0;0;0m[48;2;190;195;195m▀[0m[38;2;0;0;0m[48;2;0;0;0m▀[0m[38;2;255;255;255m[48;2;53;0;0m▀[0m[38;2;200;0;0m[48;2;255;255;255m▀[0m[38;2;0;0;0m[48;2;28;40;37m▀[0m[38;2;0;26;18m[48;2;0;0;0m▀[0m[38;2;0;4;0m[48;2;0;4;1m▀[0m[38;2;1;14;10m[48;2;0;0;0m▀[0m[38;2;0;4;3m[48;2;0;0;0m▀[0m[38;2;0;0;0m[48;2;0;0;0m▀[0m[38;2;0;0;0m[48;2;0;0;0m▀[0m[38;2;0;0;0m[48;2;218;217;217m▀[0m[38;2;255;255;255m[48;2;255;255;255m▀[0m[38;2;255;255;255m[48;2;255;255;255m▀[0m[38;2;255;255;255m[48;2;255;255;255m▀[0m[38;2;255;255;255m[48;2;255;255;255m▀[0m
[38;2;255;255;255m[48;2;255;255;255m▀[0m[38;2;255;255;255m[48;2;255;255;255m▀[0m[38;2;255;255;255m[48;2;255;255;255m▀[0m[38;2;255;255;255m[48;2;255;255;255m▀[0m[38;2;255;255;255m[48;2;255;255;255m▀[0m[38;2;180;175;178m[48;2;255;255;255m▀[0m[38;2;0;0;0m[48;2;0;0;0m▀[0m[38;2;0;0;0m[48;2;0;0;0m▀[0m[38;2;0;51;43m[48;2;0;52;45m▀[0m[38;2;0;31;21m[48;2;0;95;74m▀[0m[38;2;0;8;0m[48;2;0;21;14m▀[0m[38;2;0;0;0m[48;2;0;0;0m▀[0m[38;2;255;255;255m[48;2;103;103;104m▀[0m[38;2;255;255;255m[48;2;255;255;255m▀[0m[38;2;92;97;98m[48;2;255;255;255m▀[0m[38;2;201;211;209m[48;2;255;255;255m▀[0m[38;2;255;255;255m[48;2;255;255;255m▀[0m[38;2;255;255;255m[48;2;242;255;255m▀[0m[38;2;176;159;150m[48;2;23;42;40m▀[0m[38;2;0;0;0m[48;2;235;0;0m▀[0m[38;2;0;0;0m[48;2;255;0;0m▀[0m[38;2;0;0;0m[48;2;130;0;0m▀[0m[38;2;120;179;179m[48;2;111;225;226m▀[0m[38;2;255;255;255m[48;2;255;255;255m▀[0m[38;2;0;0;0m[48;2;0;0;0m▀[0m[38;2;0;3;0m[48;2;70;86;86m▀[0m[38;2;0;0;0m[48;2;0;0;0m▀[0m[38;2;3;8;8m[48;2;0;0;0m▀[0m[38;2;255;255;255m[48;2;255;255;255m▀[0m[38;2;124;135;135m[48;2;255;255;255m▀[0m[38;2;255;255;255m[48;2;255;255;255m▀[0m[38;2;255;255;255m[48;2;151;161;162m▀[0m[38;2;0;0;0m[48;2;0;0;0m▀[0m[38;2;0;0;0m[48;2;0;0;0m▀[0m[38;2;0;50;39m[48;2;0;54;47m▀[0m[38;2;0;35;23m[48;2;0;37;31m▀[0m[38;2;0;0;0m[48;2;0;21;13m▀[0m[38;2;0;0;0m[48;2;0;0;0m▀[0m[38;2;0;0;0m[48;2;201;196;198m▀[0m[38;2;255;255;255m[48;2;255;255;255m▀[0m[38;2;255;255;255m[48;2;255;255;255m▀[0m[38;2;255;255;255m[48;2;255;255;255m▀[0m[38;2;255;255;255m[48;2;255;255;255m▀[0m[38;2;255;255;255m[48;2;255;255;255m▀[0m
[38;2;255;255;255m[48;2;255;255;255m▀[0m[38;2;255;255;255m[48;2;255;255;255m▀[0m[38;2;255;255;255m[48;2;255;255;255m▀[0m[38;2;255;255;255m[48;2;255;255;255m▀[0m[38;2;255;255;255m[48;2;255;255;255m▀[0m[38;2;255;255;255m[48;2;255;255;255m▀[0m[38;2;15;7;7m[48;2;74;58;58m▀[0m[38;2;0;0;0m[48;2;0;0;0m▀[0m[38;2;0;75;61m[48;2;0;87;63m▀[0m[38;2;2;97;74m[48;2;0;67;47m▀[0m[38;2;0;7;2m[48;2;0;0;0m▀[0m[38;2;0;0;0m[48;2;0;0;0m▀[0m[38;2;0;0;0m[48;2;0;0;0m▀[0m[38;2;0;0;0m[48;2;236;255;255m▀[0m[38;2;255;255;255m[48;2;255;255;255m▀[0m[38;2;255;255;247m[48;2;255;169;157m▀[0m[38;2;255;181;184m[48;2;8;0;0m▀[0m[38;2;12;70;65m[48;2;18;113;114m▀[0m[38;2;0;2;6m[48;2;0;132;134m▀[0m[38;2;255;0;0m[48;2;255;0;0m▀[0m[38;2;255;0;0m[48;2;255;0;0m▀[0m[38;2;0;0;0m[48;2;0;0;0m▀[0m[38;2;137;223;225m[48;2;63;174;175m▀[0m[38;2;255;255;255m[48;2;255;206;197m▀[0m[38;2;0;0;0m[48;2;0;0;0m▀[0m[38;2;37;85;82m[48;2;0;81;82m▀[0m[38;2;0;0;0m[48;2;100;0;0m▀[0m[38;2;0;0;0m[48;2;147;61;61m▀[0m[38;2;255;255;255m[48;2;255;255;255m▀[0m[38;2;255;255;255m[48;2;255;255;255m▀[0m[38;2;0;0;0m[48;2;255;187;186m▀[0m[38;2;0;0;0m[48;2;0;0;0m▀[0m[38;2;0;0;0m[48;2;0;0;0m▀[0m[38;2;0;0;0m[48;2;0;0;0m▀[0m[38;2;0;36;31m[48;2;0;81;70m▀[0m[38;2;0;58;48m[48;2;0;63;47m▀[0m[38;2;0;0;0m[48;2;0;0;0m▀[0m[38;2;0;0;0m[48;2;0;0;0m▀[0m[38;2;255;255;255m[48;2;255;255;255m▀[0m[38;2;255;255;255m[48;2;255;255;255m▀[0m[38;2;255;255;255m[48;2;255;255;255m▀[0m[38;2;255;255;255m[48;2;255;255;255m▀[0m[38;2;255;255;255m[48;2;255;255;255m▀[0m[38;2;255;255;255m[48;2;255;255;255m▀[0m
[38;2;255;255;255m[48;2;255;255;255m▀[0m[38;2;255;255;255m[48;2;255;255;255m▀[0m[38;2;255;255;255m[48;2;255;255;255m▀[0m[38;2;255;255;255m[48;2;255;255;255m▀[0m[38;2;255;255;255m[48;2;196;206;204m▀[0m[38;2;73;70;75m[48;2;0;0;0m▀[0m[38;2;173;148;152m[48;2;43;32;34m▀[0m[38;2;0;0;0m[48;2;255;255;255m▀[0m[38;2;0;29;7m[48;2;0;0;0m▀[0m[38;2;0;68;50m[48;2;0;63;41m▀[0m[38;2;0;0;0m[48;2;0;0;0m▀[0m[38;2;0;0;0m[48;2;0;0;0m▀[0m[38;2;185;193;196m[48;2;158;167;167m▀[0m[38;2;255;255;255m[48;2;255;255;255m▀[0m[38;2;255;255;255m[48;2;255;255;255m▀[0m[38;2;255;15;6m[48;2;255;0;0m▀[0m[38;2;58;70;71m[48;2;212;26;20m▀[0m[38;2;255;203;198m[48;2;255;255;255m▀[0m[38;2;202;255;255m[48;2;255;255;255m▀[0m[38;2;255;0;0m[48;2;154;0;0m▀[0m[38;2;2;0;0m[48;2;0;0;0m▀[0m[38;2;0;0;0m[48;2;0;0;0m▀[0m[38;2;0;100;102m[48;2;0;62;61m▀[0m[38;2;255;135;129m[48;2;255;65;58m▀[0m[38;2;0;0;0m[48;2;0;0;0m▀[0m[38;2;0;68;69m[48;2;0;0;0m▀[0m[38;2;214;0;0m[48;2;255;0;0m▀[0m[38;2;215;165;167m[48;2;208;143;145m▀[0m[38;2;255;67;64m[48;2;255;0;0m▀[0m[38;2;255;139;131m[48;2;255;0;0m▀[0m[38;2;255;32;35m[48;2;255;0;0m▀[0m[38;2;95;212;213m[48;2;0;0;0m▀[0m[38;2;0;0;0m[48;2;0;0;0m▀[0m[38;2;0;0;0m[48;2;0;0;0m▀[0m[38;2;0;70;56m[48;2;0;79;61m▀[0m[38;2;0;43;29m[48;2;0;0;0m▀[0m[38;2;0;0;0m[48;2;107;117;117m▀[0m[38;2;162;152;156m[48;2;255;255;255m▀[0m[38;2;96;95;95m[48;2;0;0;0m▀[0m[38;2;255;255;255m[48;2;178;184;184m▀[0m[38;2;255;255;255m[48;2;255;255;255m▀[0m[38;2;255;255;255m[48;2;255;255;255m▀[0m[38;2;255;255;255m[48;2;255;255;255m▀[0m[38;2;255;255;255m[48;2;255;255;255m▀[0m
[38;2;46;40;40m[48;2;0;0;0m▀[0m[38;2;45;45;45m[48;2;35;23;25m▀[0m[38;2;45;47;50m[48;2;0;0;0m▀[0m[38;2;0;0;0m[48;2;0;0;0m▀[0m[38;2;0;0;0m[48;2;163;169;168m▀[0m[38;2;0;0;0m[48;2;255;255;255m▀[0m[38;2;15;15;15m[48;2;255;255;255m▀[0m[38;2;255;255;255m[48;2;255;255;255m▀[0m[38;2;211;217;217m[48;2;255;255;255m▀[0m[38;2;0;0;0m[48;2;0;0;0m▀[0m[38;2;0;0;0m[48;2;0;0;0m▀[0m[38;2;0;0;0m[48;2;0;0;0m▀[0m[38;2;43;43;43m[48;2;9;31;31m▀[0m[38;2;162;196;198m[48;2;0;0;0m▀[0m[38;2;161;186;191m[48;2;0;68;59m▀[0m[38;2;255;0;0m[48;2;56;0;0m▀[0m[38;2;239;0;0m[48;2;229;0;0m▀[0m[38;2;200;255;255m[48;2;120;56;54m▀[0m[38;2;190;255;255m[48;2;255;255;255m▀[0m[38;2;255;0;0m[48;2;87;0;0m▀[0m[38;2;255;0;0m[48;2;255;0;0m▀[0m[38;2;80;0;0m[48;2;0;0;0m▀[0m[38;2;0;6;4m[48;2;125;0;0m▀[0m[38;2;233;0;0m[48;2;61;0;0m▀[0m[38;2;0;0;0m[48;2;0;0;0m▀[0m[38;2;255;0;0m[48;2;31;0;0m▀[0m[38;2;255;0;0m[48;2;163;0;0m▀[0m[38;2;169;0;0m[48;2;152;0;0m▀[0m[38;2;255;0;0m[48;2;53;0;0m▀[0m[38;2;255;0;0m[48;2;28;4;0m▀[0m[38;2;123;0;0m[48;2;0;64;58m▀[0m[38;2;0;0;0m[48;2;57;157;142m▀[0m[38;2;0;0;0m[48;2;0;0;0m▀[0m[38;2;0;0;0m[48;2;0;0;0m▀[0m[38;2;0;18;2m[48;2;0;0;0m▀[0m[38;2;0;7;0m[48;2;255;255;255m▀[0m[38;2;255;255;255m[48;2;255;255;255m▀[0m[38;2;156;152;154m[48;2;209;208;206m▀[0m[38;2;0;0;0m[48;2;255;255;255m▀[0m[38;2;0;0;0m[48;2;165;164;164m▀[0m[38;2;0;0;0m[48;2;0;0;0m▀[0m[38;2;150;161;158m[48;2;0;0;0m▀[0m[38;2;142;148;150m[48;2;0;0;0m▀[0m[38;2;96;107;102m[48;2;6;2;4m▀[0m
[38;2;0;4;0m[48;2;0;73;56m▀[0m[38;2;0;0;0m[48;2;0;0;0m▀[0m[38;2;80;75;75m[48;2;231;226;222m▀[0m[38;2;80;84;80m[48;2;255;255;255m▀[0m[38;2;255;255;255m[48;2;255;255;255m▀[0m[38;2;255;255;255m[48;2;255;255;255m▀[0m[38;2;255;255;255m[48;2;255;255;255m▀[0m[38;2;255;255;255m[48;2;255;255;255m▀[0m[38;2;255;255;255m[48;2;255;255;255m▀[0m[38;2;103;98;103m[48;2;255;255;255m▀[0m[38;2;0;0;0m[48;2;0;0;0m▀[0m[38;2;2;43;39m[48;2;142;255;255m▀[0m[38;2;255;255;255m[48;2;255;255;255m▀[0m[38;2;255;255;255m[48;2;255;255;255m▀[0m[38;2;255;255;255m[48;2;255;255;255m▀[0m[38;2;255;255;255m[48;2;255;255;255m▀[0m[38;2;255;255;255m[48;2;255;255;255m▀[0m[38;2;143;135;132m[48;2;255;255;255m▀[0m[38;2;181;181;181m[48;2;255;137;125m▀[0m[38;2;53;0;0m[48;2;68;0;0m▀[0m[38;2;178;0;0m[48;2;198;0;0m▀[0m[38;2;0;0;0m[48;2;0;0;0m▀[0m[38;2;146;167;162m[48;2;0;118;115m▀[0m[38;2;84;9;8m[48;2;255;3;0m▀[0m[38;2;131;0;0m[48;2;255;0;0m▀[0m[38;2;0;0;0m[48;2;255;0;0m▀[0m[38;2;255;0;0m[48;2;255;0;0m▀[0m[38;2;247;255;255m[48;2;255;255;255m▀[0m[38;2;255;255;255m[48;2;255;255;255m▀[0m[38;2;255;255;255m[48;2;255;255;255m▀[0m[38;2;255;255;255m[48;2;255;255;255m▀[0m[38;2;255;255;255m[48;2;255;255;255m▀[0m[38;2;0;59;48m[48;2;255;255;255m▀[0m[38;2;0;0;0m[48;2;0;0;0m▀[0m[38;2;0;0;0m[48;2;137;132;135m▀[0m[38;2;255;255;255m[48;2;255;255;255m▀[0m[38;2;255;255;255m[48;2;255;255;255m▀[0m[38;2;255;255;255m[48;2;255;255;255m▀[0m[38;2;255;255;255m[48;2;255;255;255m▀[0m[38;2;255;255;255m[48;2;255;255;255m▀[0m[38;2;223;222;222m[48;2;255;255;255m▀[0m[38;2;0;0;0m[48;2;255;255;255m▀[0m[38;2;98;98;100m[48;2;17;13;13m▀[0m[38;2;0;0;0m[48;2;0;0;0m▀[0m
[38;2;0;74;54m[48;2;0;0;0m▀[0m[38;2;0;0;0m[48;2;0;0;0m▀[0m[38;2;235;224;229m[48;2;255;255;255m▀[0m[38;2;255;255;255m[48;2;255;255;255m▀[0m[38;2;255;255;255m[48;2;255;255;255m▀[0m[38;2;255;255;255m[48;2;255;255;255m▀[0m[38;2;255;255;255m[48;2;255;255;255m▀[0m[38;2;255;255;255m[48;2;255;255;255m▀[0m[38;2;255;255;255m[48;2;255;255;255m▀[0m[38;2;255;255;255m[48;2;255;255;255m▀[0m[38;2;255;255;255m[48;2;255;95;106m▀[0m[38;2;175;226;224m[48;2;255;0;0m▀[0m[38;2;255;255;255m[48;2;179;0;0m▀[0m[38;2;255;255;255m[48;2;239;255;255m▀[0m[38;2;255;255;255m[48;2;255;255;255m▀[0m[38;2;255;255;255m[48;2;255;255;255m▀[0m[38;2;255;255;255m[48;2;255;255;255m▀[0m[38;2;255;255;255m[48;2;255;255;255m▀[0m[38;2;255;255;255m[48;2;255;255;255m▀[0m[38;2;255;0;0m[48;2;255;28;24m▀[0m[38;2;255;0;0m[48;2;255;0;0m▀[0m[38;2;0;37;40m[48;2;255;23;21m▀[0m[38;2;0;0;0m[48;2;255;0;0m▀[0m[38;2;255;0;0m[48;2;255;0;0m▀[0m[38;2;255;0;0m[48;2;255;0;0m▀[0m[38;2;255;0;0m[48;2;255;0;0m▀[0m[38;2;255;0;0m[48;2;255;80;75m▀[0m[38;2;255;255;255m[48;2;255;255;255m▀[0m[38;2;255;255;255m[48;2;255;255;255m▀[0m[38;2;255;255;255m[48;2;255;255;255m▀[0m[38;2;255;255;255m[48;2;255;255;255m▀[0m[38;2;255;255;255m[48;2;180;228;231m▀[0m[38;2;255;255;255m[48;2;186;196;195m▀[0m[38;2;151;156;151m[48;2;255;255;255m▀[0m[38;2;255;255;255m[48;2;255;255;255m▀[0m[38;2;255;255;255m[48;2;255;255;255m▀[0m[38;2;255;255;255m[48;2;255;255;255m▀[0m[38;2;255;255;255m[48;2;255;255;255m▀[0m[38;2;255;255;255m[48;2;255;255;255m▀[0m[38;2;255;255;255m[48;2;255;255;255m▀[0m[38;2;255;255;255m[48;2;255;255;255m▀[0m[38;2;255;255;255m[48;2;255;255;255m▀[0m[38;2;0;0;0m[48;2;156;143;146m▀[0m[38;2;0;0;0m[48;2;0;0;0m▀[0m
[38;2;0;0;0m[48;2;0;0;0m▀[0m[38;2;115;106;102m[48;2;255;255;255m▀[0m[38;2;255;255;255m[48;2;255;255;255m▀[0m[38;2;255;255;255m[48;2;255;255;255m▀[0m[38;2;255;255;255m[48;2;255;255;255m▀[0m[38;2;253;255;255m[48;2;255;255;255m▀[0m[38;2;255;255;255m[48;2;255;255;255m▀[0m[38;2;255;255;255m[48;2;255;255;255m▀[0m[38;2;255;255;255m[48;2;255;255;255m▀[0m[38;2;255;255;255m[48;2;255;255;255m▀[0m[38;2;255;255;255m[48;2;255;255;255m▀[0m[38;2;255;255;255m[48;2;255;255;255m▀[0m[38;2;255;89;89m[48;2;255;255;255m▀[0m[38;2;228;0;0m[48;2;255;0;0m▀[0m[38;2;179;255;255m[48;2;255;0;0m▀[0m[38;2;255;255;255m[48;2;93;146;146m▀[0m[38;2;255;255;255m[48;2;45;134;130m▀[0m[38;2;255;255;255m[48;2;208;255;255m▀[0m[38;2;255;255;255m[48;2;255;255;255m▀[0m[38;2;168;253;252m[48;2;143;79;82m▀[0m[38;2;0;98;93m[48;2;0;0;0m▀[0m[38;2;255;123;112m[48;2;207;36;26m▀[0m[38;2;255;0;0m[48;2;255;0;0m▀[0m[38;2;255;0;0m[48;2;255;0;0m▀[0m[38;2;136;0;0m[48;2;0;7;18m▀[0m[38;2;28;54;48m[48;2;0;0;0m▀[0m[38;2;220;255;255m[48;2;196;244;239m▀[0m[38;2;255;255;255m[48;2;255;255;255m▀[0m[38;2;255;255;255m[48;2;134;220;220m▀[0m[38;2;255;255;255m[48;2;96;84;85m▀[0m[38;2;141;230;228m[48;2;255;0;0m▀[0m[38;2;255;173;169m[48;2;255;185;185m▀[0m[38;2;255;255;255m[48;2;255;255;255m▀[0m[38;2;255;255;255m[48;2;255;255;255m▀[0m[38;2;255;255;255m[48;2;255;255;255m▀[0m[38;2;255;255;255m[48;2;255;255;255m▀[0m[38;2;255;255;255m[48;2;255;255;255m▀[0m[38;2;255;255;255m[48;2;255;255;255m▀[0m[38;2;255;255;255m[48;2;255;255;255m▀[0m[38;2;255;255;255m[48;2;255;255;255m▀[0m[38;2;255;255;255m[48;2;253;255;255m▀[0m[38;2;255;255;255m[48;2;255;255;255m▀[0m[38;2;255;255;255m[48;2;255;255;255m▀[0m[38;2;0;0;0m[48;2;193;192;189m▀[0m
[38;2;220;219;220m[48;2;255;255;255m▀[0m[38;2;255;255;255m[48;2;255;255;255m▀[0m[38;2;255;255;255m[48;2;255;255;255m▀[0m[38;2;255;255;255m[48;2;255;255;255m▀[0m[38;2;255;255;255m[48;2;255;255;255m▀[0m[38;2;255;255;255m[48;2;255;255;255m▀[0m[38;2;255;255;255m[48;2;255;255;255m▀[0m[38;2;255;255;255m[48;2;255;255;255m▀[0m[38;2;255;255;255m[48;2;255;255;255m▀[0m[38;2;255;255;255m[48;2;255;255;255m▀[0m[38;2;255;255;255m[48;2;255;255;255m▀[0m[38;2;255;255;255m[48;2;255;59;53m▀[0m[38;2;255;0;0m[48;2;255;78;76m▀[0m[38;2;255;0;0m[48;2;255;255;255m▀[0m[38;2;255;47;32m[48;2;255;255;255m▀[0m[38;2;191;0;0m[48;2;255;124;129m▀[0m[38;2;34;126;126m[48;2;85;0;0m▀[0m[38;2;255;255;255m[48;2;0;0;0m▀[0m[38;2;255;255;255m[48;2;0;62;63m▀[0m[38;2;242;0;0m[48;2;143;57;53m▀[0m[38;2;195;0;0m[48;2;255;15;15m▀[0m[38;2;255;130;120m[48;2;129;84;81m▀[0m[38;2;255;0;0m[48;2;255;0;0m▀[0m[38;2;255;40;40m[48;2;173;24;19m▀[0m[38;2;126;57;54m[48;2;231;0;0m▀[0m[38;2;255;0;0m[48;2;255;0;0m▀[0m[38;2;255;0;0m[48;2;46;14;14m▀[0m[38;2;255;255;255m[48;2;0;0;0m▀[0m[38;2;67;130;130m[48;2;0;0;0m▀[0m[38;2;150;0;0m[48;2;255;255;255m▀[0m[38;2;255;0;0m[48;2;255;255;255m▀[0m[38;2;255;255;255m[48;2;255;65;59m▀[0m[38;2;255;255;255m[48;2;255;255;255m▀[0m[38;2;255;255;255m[48;2;255;255;255m▀[0m[38;2;255;255;255m[48;2;255;255;255m▀[0m[38;2;255;255;255m[48;2;255;255;255m▀[0m[38;2;255;255;255m[48;2;255;255;255m▀[0m[38;2;255;255;255m[48;2;255;255;255m▀[0m[38;2;255;255;255m[48;2;255;255;255m▀[0m[38;2;255;255;255m[48;2;255;255;255m▀[0m[38;2;255;255;255m[48;2;255;255;255m▀[0m[38;2;255;255;255m[48;2;255;255;255m▀[0m[38;2;255;255;255m[48;2;255;255;255m▀[0m[38;2;255;255;255m[48;2;255;255;255m▀[0m
[38;2;255;255;255m[48;2;218;229;224m▀[0m[38;2;255;255;255m[48;2;255;255;255m▀[0m[38;2;255;255;255m[48;2;255;255;255m▀[0m[38;2;255;255;255m[48;2;255;255;255m▀[0m[38;2;255;255;255m[48;2;255;255;255m▀[0m[38;2;255;255;255m[48;2;255;255;255m▀[0m[38;2;255;255;255m[48;2;255;255;255m▀[0m[38;2;255;255;255m[48;2;255;255;255m▀[0m[38;2;255;255;255m[48;2;255;255;255m▀[0m[38;2;255;255;255m[48;2;255;255;255m▀[0m[38;2;255;236;231m[48;2;255;48;45m▀[0m[38;2;255;89;79m[48;2;255;255;255m▀[0m[38;2;255;255;255m[48;2;255;255;255m▀[0m[38;2;255;255;255m[48;2;255;255;255m▀[0m[38;2;255;255;255m[48;2;255;255;255m▀[0m[38;2;255;255;255m[48;2;255;255;255m▀[0m[38;2;255;4;0m[48;2;255;158;153m▀[0m[38;2;207;255;255m[48;2;255;255;255m▀[0m[38;2;255;255;255m[48;2;255;255;255m▀[0m[38;2;185;255;255m[48;2;222;255;255m▀[0m[38;2;255;30;34m[48;2;134;152;147m▀[0m[38;2;255;141;135m[48;2;255;0;0m▀[0m[38;2;174;0;0m[48;2;255;0;0m▀[0m[38;2;255;20;17m[48;2;255;0;0m▀[0m[38;2;255;123;113m[48;2;255;29;28m▀[0m[38;2;136;47;46m[48;2;104;255;255m▀[0m[38;2;255;255;255m[48;2;255;255;255m▀[0m[38;2;254;255;255m[48;2;255;255;255m▀[0m[38;2;255;255;255m[48;2;255;255;255m▀[0m[38;2;255;255;255m[48;2;255;255;255m▀[0m[38;2;255;255;255m[48;2;255;255;255m▀[0m[38;2;255;74;64m[48;2;255;255;255m▀[0m[38;2;255;255;255m[48;2;255;255;255m▀[0m[38;2;255;255;255m[48;2;255;255;255m▀[0m[38;2;255;255;255m[48;2;255;255;255m▀[0m[38;2;255;255;255m[48;2;255;255;255m▀[0m[38;2;255;255;255m[48;2;255;255;255m▀[0m[38;2;255;255;255m[48;2;255;255;255m▀[0m[38;2;255;255;255m[48;2;255;255;255m▀[0m[38;2;255;255;255m[48;2;255;255;255m▀[0m[38;2;255;255;255m[48;2;255;255;255m▀[0m[38;2;255;255;255m[48;2;255;255;255m▀[0m[38;2;255;255;255m[48;2;255;255;255m▀[0m[38;2;255;255;255m[48;2;255;255;255m▀[0m
