[38;2;52;51;51m[48;2;30;34;31m▀[0m[38;2;105;109;106m[48;2;0;2;2m▀[0m[38;2;127;130;130m[48;2;0;0;0m▀[0m[38;2;160;159;159m[48;2;0;0;0m▀[0m[38;2;63;65;65m[48;2;0;0;0m▀[0m[38;2;0;0;2m[48;2;0;0;0m▀[0m[38;2;0;0;0m[48;2;0;0;0m▀[0m[38;2;0;0;0m[48;2;0;0;0m▀[0m[38;2;0;0;0m[48;2;0;0;0m▀[0m[38;2;0;0;0m[48;2;0;0;0m▀[0m[38;2;0;0;0m[48;2;0;0;0m▀[0m[38;2;0;0;0m[48;2;0;0;0m▀[0m[38;2;0;0;0m[48;2;0;0;0m▀[0m[38;2;0;0;0m[48;2;0;0;0m▀[0m[38;2;0;0;0m[48;2;0;34;22m▀[0m[38;2;0;0;0m[48;2;0;64;44m▀[0m[38;2;60;41;44m[48;2;139;139;135m▀[0m[38;2;135;185;174m[48;2;163;228;216m▀[0m[38;2;163;229;226m[48;2;157;229;222m▀[0m[38;2;146;218;203m[48;2;229;229;229m▀[0m[38;2;107;165;152m[48;2;191;229;229m▀[0m[38;2;64;96;90m[48;2;155;229;221m▀[0m[38;2;103;135;126m[48;2;91;126;120m▀[0m[38;2;76;108;103m[48;2;85;118;110m▀[0m[38;2;12;24;22m[48;2;119;179;167m▀[0m[38;2;150;229;214m[48;2;220;229;229m▀[0m[38;2;144;213;200m[48;2;177;225;215m▀[0m[38;2;164;229;229m[48;2;158;229;220m▀[0m[38;2;104;144;134m[48;2;161;229;224m▀[0m[38;2;105;83;88m[48;2;142;149;145m▀[0m[38;2;0;0;0m[48;2;0;38;28m▀[0m[38;2;0;0;0m[48;2;0;0;0m▀[0m[38;2;0;0;0m[48;2;0;0;0m▀[0m[38;2;0;0;0m[48;2;0;0;0m▀[0m[38;2;0;0;0m[48;2;0;0;0m▀[0m[38;2;0;0;0m[48;2;0;0;0m▀[0m[38;2;0;0;0m[48;2;0;0;0m▀[0m[38;2;0;0;0m[48;2;0;0;0m▀[0m[38;2;63;69;69m[48;2;0;0;0m▀[0m[38;2;22;9;6m[48;2;0;0;0m▀[0m[38;2;92;44;49m[48;2;3;0;0m▀[0m[38;2;216;196;197m[48;2;32;0;0m▀[0m[38;2;229;228;229m[48;2;0;0;0m▀[0m[38;2;169;147;152m[48;2;0;0;0m▀[0m
[38;2;0;0;0m[48;2;0;0;0m▀[0m[38;2;0;0;0m[48;2;0;0;0m▀[0m[38;2;0;0;0m[48;2;0;0;0m▀[0m[38;2;0;0;0m[48;2;0;0;0m▀[0m[38;2;0;0;0m[48;2;0;0;0m▀[0m[38;2;0;0;0m[48;2;0;0;0m▀[0m[38;2;0;0;0m[48;2;0;0;0m▀[0m[38;2;0;0;0m[48;2;0;0;0m▀[0m[38;2;0;0;0m[48;2;0;0;0m▀[0m[38;2;0;0;0m[48;2;2;1;1m▀[0m[38;2;0;0;0m[48;2;11;65;54m▀[0m[38;2;0;0;0m[48;2;18;111;95m▀[0m[38;2;9;52;40m[48;2;15;80;67m▀[0m[38;2;13;112;93m[48;2;0;2;2m▀[0m[38;2;0;75;56m[48;2;0;0;0m▀[0m[38;2;0;0;0m[48;2;0;0;0m▀[0m[38;2;138;117;119m[48;2;103;82;86m▀[0m[38;2;133;191;181m[48;2;139;195;182m▀[0m[38;2;162;229;229m[48;2;189;229;229m▀[0m[38;2;186;229;225m[48;2;142;216;200m▀[0m[38;2;170;226;215m[48;2;153;223;206m▀[0m[38;2;159;227;215m[48;2;171;229;226m▀[0m[38;2;66;91;85m[48;2;99;144;135m▀[0m[38;2;139;195;183m[48;2;144;202;190m▀[0m[38;2;171;229;229m[48;2;176;229;229m▀[0m[38;2;175;223;213m[48;2;149;223;205m▀[0m[38;2;158;222;208m[48;2;152;225;209m▀[0m[38;2;172;229;229m[48;2;198;229;229m▀[0m[38;2;123;193;176m[48;2;90;142;132m▀[0m[38;2;130;126;122m[48;2;124;111;112m▀[0m[38;2;0;0;0m[48;2;0;0;0m▀[0m[38;2;2;82;72m[48;2;0;0;0m▀[0m[38;2;12;62;56m[48;2;4;50;45m▀[0m[38;2;0;0;0m[48;2;23;97;82m▀[0m[38;2;0;0;0m[48;2;9;38;35m▀[0m[38;2;0;0;0m[48;2;0;0;0m▀[0m[38;2;0;0;0m[48;2;0;0;0m▀[0m[38;2;0;0;0m[48;2;0;0;0m▀[0m[38;2;0;0;0m[48;2;0;0;0m▀[0m[38;2;0;0;0m[48;2;0;0;0m▀[0m[38;2;0;0;0m[48;2;0;0;0m▀[0m[38;2;0;0;0m[48;2;0;0;0m▀[0m[38;2;0;0;0m[48;2;0;0;0m▀[0m[38;2;0;0;0m[48;2;0;0;0m▀[0m
[38;2;0;0;0m[48;2;0;36;31m▀[0m[38;2;0;0;0m[48;2;6;72;51m▀[0m[38;2;0;0;0m[48;2;9;76;53m▀[0m[38;2;0;0;0m[48;2;13;80;67m▀[0m[38;2;0;0;0m[48;2;14;86;72m▀[0m[38;2;0;0;0m[48;2;17;81;67m▀[0m[38;2;1;10;9m[48;2;16;75;63m▀[0m[38;2;6;33;30m[48;2;12;59;53m▀[0m[38;2;11;76;63m[48;2;0;27;21m▀[0m[38;2;19;99;83m[48;2;0;0;0m▀[0m[38;2;12;60;50m[48;2;0;0;0m▀[0m[38;2;0;0;0m[48;2;0;0;0m▀[0m[38;2;0;0;0m[48;2;0;0;0m▀[0m[38;2;0;0;0m[48;2;0;0;0m▀[0m[38;2;0;0;0m[48;2;0;0;0m▀[0m[38;2;0;0;0m[48;2;0;0;0m▀[0m[38;2;84;65;69m[48;2;7;3;5m▀[0m[38;2;76;90;87m[48;2;161;146;148m▀[0m[38;2;158;229;229m[48;2;0;0;0m▀[0m[38;2;216;229;229m[48;2;61;117;106m▀[0m[38;2;180;229;229m[48;2;126;193;181m▀[0m[38;2;171;229;228m[48;2;66;109;101m▀[0m[38;2;105;148;140m[48;2;16;35;31m▀[0m[38;2;117;168;157m[48;2;10;36;34m▀[0m[38;2;174;229;229m[48;2;66;108;101m▀[0m[38;2;184;229;229m[48;2;100;156;145m▀[0m[38;2;202;229;229m[48;2;74;117;110m▀[0m[38;2;182;229;229m[48;2;0;0;0m▀[0m[38;2;72;96;94m[48;2;161;148;148m▀[0m[38;2;140;127;127m[48;2;42;36;39m▀[0m[38;2;0;0;0m[48;2;0;0;0m▀[0m[38;2;0;0;0m[48;2;0;0;0m▀[0m[38;2;0;0;0m[48;2;0;0;0m▀[0m[38;2;0;0;0m[48;2;0;0;0m▀[0m[38;2;18;69;62m[48;2;0;0;0m▀[0m[38;2;22;95;83m[48;2;1;3;4m▀[0m[38;2;11;67;58m[48;2;1;29;23m▀[0m[38;2;6;44;37m[48;2;5;48;41m▀[0m[38;2;1;29;23m[48;2;9;57;48m▀[0m[38;2;1;13;11m[48;2;14;65;54m▀[0m[38;2;1;4;1m[48;2;15;71;57m▀[0m[38;2;0;0;0m[48;2;17;81;65m▀[0m[38;2;0;0;0m[48;2;12;79;63m▀[0m[38;2;0;0;0m[48;2;10;75;63m▀[0m
[38;2;0;8;8m[48;2;0;0;0m▀[0m[38;2;0;0;0m[48;2;0;0;0m▀[0m[38;2;0;0;0m[48;2;0;0;0m▀[0m[38;2;0;0;0m[48;2;0;0;0m▀[0m[38;2;0;0;0m[48;2;0;0;0m▀[0m[38;2;0;0;0m[48;2;0;0;0m▀[0m[38;2;0;0;0m[48;2;0;0;0m▀[0m[38;2;0;0;0m[48;2;0;0;0m▀[0m[38;2;0;0;0m[48;2;0;0;0m▀[0m[38;2;0;0;0m[48;2;0;3;2m▀[0m[38;2;0;0;0m[48;2;0;0;0m▀[0m[38;2;0;0;0m[48;2;0;0;0m▀[0m[38;2;0;0;0m[48;2;0;0;0m▀[0m[38;2;0;0;0m[48;2;0;1;1m▀[0m[38;2;0;0;0m[48;2;0;0;0m▀[0m[38;2;0;0;0m[48;2;0;0;0m▀[0m[38;2;0;0;0m[48;2;0;0;0m▀[0m[38;2;64;61;60m[48;2;0;0;0m▀[0m[38;2;195;177;180m[48;2;63;59;59m▀[0m[38;2;93;79;82m[48;2;146;140;139m▀[0m[38;2;91;106;102m[48;2;115;108;108m▀[0m[38;2;118;140;135m[48;2;137;130;130m▀[0m[38;2;100;105;100m[48;2;44;32;34m▀[0m[38;2;101;108;108m[48;2;62;54;54m▀[0m[38;2;82;108;110m[48;2;135;127;127m▀[0m[38;2;85;112;110m[48;2;149;141;140m▀[0m[38;2;61;63;63m[48;2;120;114;113m▀[0m[38;2;150;140;140m[48;2;215;211;210m▀[0m[38;2;87;82;84m[48;2;0;0;0m▀[0m[38;2;0;0;0m[48;2;0;0;0m▀[0m[38;2;0;0;0m[48;2;0;0;0m▀[0m[38;2;0;0;0m[48;2;0;0;0m▀[0m[38;2;0;0;0m[48;2;0;0;0m▀[0m[38;2;0;0;0m[48;2;0;8;7m▀[0m[38;2;0;0;0m[48;2;0;18;14m▀[0m[38;2;0;0;0m[48;2;0;16;9m▀[0m[38;2;0;0;0m[48;2;1;0;1m▀[0m[38;2;0;0;0m[48;2;0;0;0m▀[0m[38;2;0;0;0m[48;2;1;3;1m▀[0m[38;2;0;0;0m[48;2;0;3;3m▀[0m[38;2;0;0;0m[48;2;0;0;0m▀[0m[38;2;0;0;0m[48;2;0;0;0m▀[0m[38;2;0;0;0m[48;2;0;0;0m▀[0m[38;2;0;0;0m[48;2;0;0;0m▀[0m
[38;2;141;141;138m[48;2;229;229;229m▀[0m[38;2;0;0;0m[48;2;178;174;176m▀[0m[38;2;0;0;0m[48;2;0;0;0m▀[0m[38;2;0;0;0m[48;2;0;0;0m▀[0m[38;2;0;0;0m[48;2;0;0;0m▀[0m[38;2;0;0;0m[48;2;0;0;0m▀[0m[38;2;0;0;0m[48;2;0;4;3m▀[0m[38;2;0;0;0m[48;2;0;20;12m▀[0m[38;2;0;1;0m[48;2;0;11;7m▀[0m[38;2;0;8;8m[48;2;0;0;0m▀[0m[38;2;0;3;3m[48;2;0;0;0m▀[0m[38;2;0;0;0m[48;2;0;0;0m▀[0m[38;2;0;0;0m[48;2;0;0;0m▀[0m[38;2;0;0;0m[48;2;6;6;6m▀[0m[38;2;0;0;0m[48;2;0;0;0m▀[0m[38;2;0;0;0m[48;2;0;0;0m▀[0m[38;2;0;0;0m[48;2;0;0;0m▀[0m[38;2;0;0;0m[48;2;0;0;0m▀[0m[38;2;51;46;46m[48;2;24;24;25m▀[0m[38;2;0;0;0m[48;2;44;44;44m▀[0m[38;2;73;71;72m[48;2;138;141;141m▀[0m[38;2;0;0;0m[48;2;0;0;0m▀[0m[38;2;0;0;0m[48;2;0;0;0m▀[0m[38;2;0;0;0m[48;2;0;0;0m▀[0m[38;2;0;0;0m[48;2;0;0;0m▀[0m[38;2;106;102;106m[48;2;52;50;53m▀[0m[38;2;0;0;0m[48;2;0;0;0m▀[0m[38;2;153;150;152m[48;2;134;135;136m▀[0m[38;2;0;0;0m[48;2;0;0;0m▀[0m[38;2;0;0;0m[48;2;39;42;39m▀[0m[38;2;0;0;0m[48;2;0;0;0m▀[0m[38;2;0;0;0m[48;2;0;0;0m▀[0m[38;2;0;0;0m[48;2;0;2;0m▀[0m[38;2;0;28;23m[48;2;0;10;8m▀[0m[38;2;0;17;12m[48;2;0;16;9m▀[0m[38;2;0;8;7m[48;2;0;0;0m▀[0m[38;2;0;6;5m[48;2;0;2;5m▀[0m[38;2;0;0;0m[48;2;0;10;14m▀[0m[38;2;0;7;6m[48;2;0;15;12m▀[0m[38;2;0;16;12m[48;2;0;0;0m▀[0m[38;2;0;10;0m[48;2;0;0;0m▀[0m[38;2;0;0;0m[48;2;0;0;0m▀[0m[38;2;0;0;0m[48;2;25;22;22m▀[0m[38;2;0;0;0m[48;2;229;229;229m▀[0m
[38;2;229;229;229m[48;2;229;229;229m▀[0m[38;2;229;229;229m[48;2;229;229;229m▀[0m[38;2;186;186;188m[48;2;229;229;229m▀[0m[38;2;0;0;0m[48;2;163;163;163m▀[0m[38;2;0;0;0m[48;2;0;0;0m▀[0m[38;2;0;0;0m[48;2;0;0;0m▀[0m[38;2;0;1;0m[48;2;0;0;0m▀[0m[38;2;0;8;6m[48;2;0;0;0m▀[0m[38;2;0;4;3m[48;2;0;0;0m▀[0m[38;2;0;0;0m[48;2;0;0;0m▀[0m[38;2;0;0;0m[48;2;0;0;0m▀[0m[38;2;0;0;0m[48;2;0;0;0m▀[0m[38;2;0;0;0m[48;2;0;0;0m▀[0m[38;2;150;153;150m[48;2;229;229;229m▀[0m[38;2;24;24;26m[48;2;35;36;37m▀[0m[38;2;0;0;0m[48;2;0;0;0m▀[0m[38;2;0;0;0m[48;2;0;0;0m▀[0m[38;2;0;0;0m[48;2;229;229;229m▀[0m[38;2;106;110;108m[48;2;229;229;229m▀[0m[38;2;36;39;36m[48;2;0;0;0m▀[0m[38;2;0;0;0m[48;2;5;9;9m▀[0m[38;2;0;0;0m[48;2;0;0;0m▀[0m[38;2;0;0;0m[48;2;148;148;148m▀[0m[38;2;0;0;0m[48;2;229;229;229m▀[0m[38;2;0;0;0m[48;2;0;0;0m▀[0m[38;2;0;0;0m[48;2;64;69;71m▀[0m[38;2;0;0;0m[48;2;0;0;0m▀[0m[38;2;106;109;109m[48;2;65;67;70m▀[0m[38;2;0;0;0m[48;2;0;0;0m▀[0m[38;2;205;208;208m[48;2;171;181;183m▀[0m[38;2;29;39;39m[48;2;229;229;229m▀[0m[38;2;0;0;0m[48;2;0;0;0m▀[0m[38;2;0;8;7m[48;2;0;0;0m▀[0m[38;2;0;22;15m[48;2;0;10;6m▀[0m[38;2;0;23;17m[48;2;0;7;5m▀[0m[38;2;0;22;21m[48;2;0;7;6m▀[0m[38;2;1;1;1m[48;2;0;10;8m▀[0m[38;2;0;0;0m[48;2;0;4;0m▀[0m[38;2;0;0;0m[48;2;0;0;0m▀[0m[38;2;0;3;0m[48;2;0;0;0m▀[0m[38;2;0;0;0m[48;2;0;0;0m▀[0m[38;2;24;16;16m[48;2;229;229;229m▀[0m[38;2;229;229;229m[48;2;229;229;229m▀[0m[38;2;229;229;229m[48;2;229;229;229m▀[0m
[38;2;229;229;229m[48;2;229;229;229m▀[0m[38;2;229;229;229m[48;2;229;229;229m▀[0m[38;2;229;229;229m[48;2;229;229;229m▀[0m[38;2;229;229;229m[48;2;229;229;229m▀[0m[38;2;64;66;67m[48;2;229;229;229m▀[0m[38;2;0;0;0m[48;2;0;0;0m▀[0m[38;2;0;0;0m[48;2;0;0;0m▀[0m[38;2;0;4;2m[48;2;0;3;2m▀[0m[38;2;0;12;11m[48;2;0;18;17m▀[0m[38;2;0;0;0m[48;2;0;10;4m▀[0m[38;2;0;0;0m[48;2;0;0;0m▀[0m[38;2;0;0;0m[48;2;0;0;0m▀[0m[38;2;47;46;46m[48;2;229;229;229m▀[0m[38;2;229;229;229m[48;2;229;229;229m▀[0m[38;2;0;0;0m[48;2;0;0;0m▀[0m[38;2;0;0;0m[48;2;66;72;71m▀[0m[38;2;229;229;229m[48;2;229;229;229m▀[0m[38;2;229;229;229m[48;2;229;229;229m▀[0m[38;2;223;175;175m[48;2;175;145;139m▀[0m[38;2;0;0;0m[48;2;0;0;0m▀[0m[38;2;0;6;6m[48;2;0;0;0m▀[0m[38;2;0;0;0m[48;2;0;0;0m▀[0m[38;2;54;57;60m[48;2;61;72;72m▀[0m[38;2;216;218;220m[48;2;178;184;184m▀[0m[38;2;0;0;0m[48;2;0;0;0m▀[0m[38;2;69;71;71m[48;2;26;27;30m▀[0m[38;2;0;0;0m[48;2;0;0;0m▀[0m[38;2;30;33;32m[48;2;29;34;33m▀[0m[38;2;0;0;0m[48;2;140;144;144m▀[0m[38;2;0;0;0m[48;2;0;0;0m▀[0m[38;2;229;229;229m[48;2;39;0;0m▀[0m[38;2;147;0;0m[48;2;229;229;229m▀[0m[38;2;0;0;0m[48;2;20;29;27m▀[0m[38;2;0;19;13m[48;2;0;0;0m▀[0m[38;2;0;3;0m[48;2;0;3;0m▀[0m[38;2;0;10;8m[48;2;0;0;0m▀[0m[38;2;0;3;2m[48;2;0;0;0m▀[0m[38;2;0;0;0m[48;2;0;0;0m▀[0m[38;2;0;0;0m[48;2;0;0;0m▀[0m[38;2;0;0;0m[48;2;161;160;160m▀[0m[38;2;229;229;229m[48;2;229;229;229m▀[0m[38;2;229;229;229m[48;2;229;229;229m▀[0m[38;2;229;229;229m[48;2;229;229;229m▀[0m[38;2;229;229;229m[48;2;229;229;229m▀[0m
[38;2;229;229;229m[48;2;229;229;229m▀[0m[38;2;229;229;229m[48;2;229;229;229m▀[0m[38;2;229;229;229m[48;2;229;229;229m▀[0m[38;2;229;229;229m[48;2;229;229;229m▀[0m[38;2;229;229;229m[48;2;229;229;229m▀[0m[38;2;133;129;131m[48;2;229;229;229m▀[0m[38;2;0;0;0m[48;2;0;0;0m▀[0m[38;2;0;0;0m[48;2;0;0;0m▀[0m[38;2;0;37;32m[48;2;0;38;33m▀[0m[38;2;0;23;16m[48;2;0;70;54m▀[0m[38;2;0;6;0m[48;2;0;16;10m▀[0m[38;2;0;0;0m[48;2;0;0;0m▀[0m[38;2;229;229;229m[48;2;76;76;77m▀[0m[38;2;229;229;229m[48;2;229;229;229m▀[0m[38;2;68;72;72m[48;2;199;212;214m▀[0m[38;2;148;155;154m[48;2;225;210;212m▀[0m[38;2;229;229;229m[48;2;229;229;229m▀[0m[38;2;229;229;229m[48;2;179;220;217m▀[0m[38;2;130;117;110m[48;2;17;31;29m▀[0m[38;2;0;0;0m[48;2;173;0;0m▀[0m[38;2;0;0;0m[48;2;229;0;0m▀[0m[38;2;0;0;0m[48;2;96;0;0m▀[0m[38;2;89;132;132m[48;2;81;166;167m▀[0m[38;2;229;229;229m[48;2;229;229;229m▀[0m[38;2;0;0;0m[48;2;0;0;0m▀[0m[38;2;0;2;0m[48;2;52;63;63m▀[0m[38;2;0;0;0m[48;2;0;0;0m▀[0m[38;2;2;6;6m[48;2;0;0;0m▀[0m[38;2;229;229;229m[48;2;229;229;229m▀[0m[38;2;91;99;99m[48;2;229;229;229m▀[0m[38;2;229;229;229m[48;2;229;229;229m▀[0m[38;2;229;229;229m[48;2;111;118;119m▀[0m[38;2;0;0;0m[48;2;0;0;0m▀[0m[38;2;0;0;0m[48;2;0;0;0m▀[0m[38;2;0;36;28m[48;2;0;40;35m▀[0m[38;2;0;26;17m[48;2;0;27;23m▀[0m[38;2;0;0;0m[48;2;0;16;9m▀[0m[38;2;0;0;0m[48;2;0;0;0m▀[0m[38;2;0;0;0m[48;2;148;144;146m▀[0m[38;2;229;229;229m[48;2;229;229;229m▀[0m[38;2;229;229;229m[48;2;229;229;229m▀[0m[38;2;229;229;229m[48;2;229;229;229m▀[0m[38;2;229;229;229m[48;2;229;229;229m▀[0m[38;2;229;229;229m[48;2;229;229;229m▀[0m
[38;2;229;229;229m[48;2;229;229;229m▀[0m[38;2;229;229;229m[48;2;229;229;229m▀[0m[38;2;229;229;229m[48;2;229;229;229m▀[0m[38;2;229;229;229m[48;2;229;229;229m▀[0m[38;2;229;229;229m[48;2;229;229;229m▀[0m[38;2;229;229;229m[48;2;190;189;190m▀[0m[38;2;11;5;5m[48;2;54;43;43m▀[0m[38;2;0;0;0m[48;2;0;0;0m▀[0m[38;2;0;55;45m[48;2;0;64;46m▀[0m[38;2;1;72;54m[48;2;0;49;35m▀[0m[38;2;0;5;1m[48;2;0;0;0m▀[0m[38;2;0;0;0m[48;2;0;0;0m▀[0m[38;2;0;0;0m[48;2;0;0;0m▀[0m[38;2;0;0;0m[48;2;174;216;217m▀[0m[38;2;216;223;219m[48;2;229;229;229m▀[0m[38;2;229;189;182m[48;2;229;125;116m▀[0m[38;2;196;134;135m[48;2;6;0;0m▀[0m[38;2;9;52;48m[48;2;13;83;84m▀[0m[38;2;0;1;4m[48;2;0;98;99m▀[0m[38;2;229;0;0m[48;2;229;0;0m▀[0m[38;2;229;0;0m[48;2;195;0;0m▀[0m[38;2;0;0;0m[48;2;0;0;0m▀[0m[38;2;101;164;166m[48;2;46;128;129m▀[0m[38;2;229;229;229m[48;2;229;152;145m▀[0m[38;2;0;0;0m[48;2;0;0;0m▀[0m[38;2;27;63;61m[48;2;0;60;61m▀[0m[38;2;0;0;0m[48;2;73;0;0m▀[0m[38;2;0;0;0m[48;2;108;45;45m▀[0m[38;2;229;229;229m[48;2;229;201;202m▀[0m[38;2;229;229;229m[48;2;229;229;229m▀[0m[38;2;0;0;0m[48;2;209;138;137m▀[0m[38;2;0;0;0m[48;2;0;0;0m▀[0m[38;2;0;0;0m[48;2;0;0;0m▀[0m[38;2;0;0;0m[48;2;0;0;0m▀[0m[38;2;0;27;23m[48;2;0;60;52m▀[0m[38;2;0;43;36m[48;2;0;46;35m▀[0m[38;2;0;0;0m[48;2;0;0;0m▀[0m[38;2;0;0;0m[48;2;0;0;0m▀[0m[38;2;199;197;198m[48;2;194;194;195m▀[0m[38;2;229;229;229m[48;2;229;229;229m▀[0m[38;2;229;229;229m[48;2;229;229;229m▀[0m[38;2;229;229;229m[48;2;229;229;229m▀[0m[38;2;229;229;229m[48;2;229;229;229m▀[0m[38;2;229;229;229m[48;2;229;229;229m▀[0m
[38;2;229;229;229m[48;2;229;229;229m▀[0m[38;2;229;229;229m[48;2;229;229;229m▀[0m[38;2;229;229;229m[48;2;229;229;229m▀[0m[38;2;229;229;229m[48;2;229;229;229m▀[0m[38;2;229;229;229m[48;2;144;152;151m▀[0m[38;2;54;52;55m[48;2;0;0;0m▀[0m[38;2;127;109;112m[48;2;32;24;25m▀[0m[38;2;0;0;0m[48;2;229;229;229m▀[0m[38;2;0;21;5m[48;2;0;0;0m▀[0m[38;2;0;50;36m[48;2;0;46;30m▀[0m[38;2;0;0;0m[48;2;0;0;0m▀[0m[38;2;0;0;0m[48;2;0;0;0m▀[0m[38;2;136;143;144m[48;2;117;123;123m▀[0m[38;2;229;229;229m[48;2;229;229;229m▀[0m[38;2;229;217;212m[48;2;229;203;202m▀[0m[38;2;229;11;4m[48;2;229;0;0m▀[0m[38;2;43;52;53m[48;2;156;19;15m▀[0m[38;2;190;150;146m[48;2;229;229;229m▀[0m[38;2;149;229;229m[48;2;229;229;229m▀[0m[38;2;229;0;0m[48;2;114;0;0m▀[0m[38;2;1;0;0m[48;2;0;0;0m▀[0m[38;2;0;0;0m[48;2;0;0;0m▀[0m[38;2;0;73;75m[48;2;0;45;45m▀[0m[38;2;229;99;95m[48;2;229;48;43m▀[0m[38;2;0;0;0m[48;2;0;0;0m▀[0m[38;2;0;50;51m[48;2;0;0;0m▀[0m[38;2;158;0;0m[48;2;229;0;0m▀[0m[38;2;159;122;123m[48;2;153;106;107m▀[0m[38;2;229;49;47m[48;2;229;0;0m▀[0m[38;2;229;102;97m[48;2;229;0;0m▀[0m[38;2;229;24;26m[48;2;229;0;0m▀[0m[38;2;70;156;157m[48;2;0;0;0m▀[0m[38;2;0;0;0m[48;2;0;0;0m▀[0m[38;2;0;0;0m[48;2;0;0;0m▀[0m[38;2;0;52;41m[48;2;0;58;45m▀[0m[38;2;0;32;21m[48;2;0;0;0m▀[0m[38;2;0;0;0m[48;2;79;86;86m▀[0m[38;2;119;112;115m[48;2;209;202;205m▀[0m[38;2;71;70;70m[48;2;0;0;0m▀[0m[38;2;229;229;229m[48;2;131;135;135m▀[0m[38;2;229;229;229m[48;2;229;229;229m▀[0m[38;2;229;229;229m[48;2;229;229;229m▀[0m[38;2;229;229;229m[48;2;229;229;229m▀[0m[38;2;229;229;229m[48;2;229;229;229m▀[0m
[38;2;34;29;29m[48;2;0;0;0m▀[0m[38;2;33;33;33m[48;2;26;17;18m▀[0m[38;2;33;35;36m[48;2;0;0;0m▀[0m[38;2;0;0;0m[48;2;0;0;0m▀[0m[38;2;0;0;0m[48;2;120;125;124m▀[0m[38;2;0;0;0m[48;2;229;229;229m▀[0m[38;2;11;11;11m[48;2;229;229;229m▀[0m[38;2;229;229;229m[48;2;229;229;229m▀[0m[38;2;155;160;160m[48;2;229;229;229m▀[0m[38;2;0;0;0m[48;2;0;0;0m▀[0m[38;2;0;0;0m[48;2;0;0;0m▀[0m[38;2;0;0;0m[48;2;0;0;0m▀[0m[38;2;32;32;32m[48;2;7;23;23m▀[0m[38;2;119;144;146m[48;2;0;0;0m▀[0m[38;2;118;137;141m[48;2;0;50;44m▀[0m[38;2;229;0;0m[48;2;41;0;0m▀[0m[38;2;176;0;0m[48;2;169;0;0m▀[0m[38;2;147;229;229m[48;2;89;41;40m▀[0m[38;2;140;229;229m[48;2;209;229;229m▀[0m[38;2;229;0;0m[48;2;64;0;0m▀[0m[38;2;229;0;0m[48;2;229;0;0m▀[0m[38;2;59;0;0m[48;2;0;0;0m▀[0m[38;2;0;4;3m[48;2;92;0;0m▀[0m[38;2;171;0;0m[48;2;45;0;0m▀[0m[38;2;0;0;0m[48;2;0;0;0m▀[0m[38;2;229;0;0m[48;2;23;0;0m▀[0m[38;2;229;0;0m[48;2;120;0;0m▀[0m[38;2;125;0;0m[48;2;112;0;0m▀[0m[38;2;216;0;0m[48;2;39;0;0m▀[0m[38;2;195;0;0m[48;2;20;3;0m▀[0m[38;2;90;0;0m[48;2;0;47;43m▀[0m[38;2;0;0;0m[48;2;42;116;105m▀[0m[38;2;0;0;0m[48;2;0;0;0m▀[0m[38;2;0;0;0m[48;2;0;0;0m▀[0m[38;2;0;13;1m[48;2;0;0;0m▀[0m[38;2;0;5;0m[48;2;202;206;205m▀[0m[38;2;229;229;229m[48;2;229;229;229m▀[0m[38;2;115;112;114m[48;2;154;153;152m▀[0m[38;2;0;0;0m[48;2;229;229;229m▀[0m[38;2;0;0;0m[48;2;122;121;121m▀[0m[38;2;0;0;0m[48;2;0;0;0m▀[0m[38;2;110;118;117m[48;2;0;0;0m▀[0m[38;2;105;109;110m[48;2;0;0;0m▀[0m[38;2;71;79;75m[48;2;4;1;3m▀[0m
[38;2;0;3;0m[48;2;0;54;41m▀[0m[38;2;0;0;0m[48;2;0;0;0m▀[0m[38;2;59;55;55m[48;2;171;167;163m▀[0m[38;2;59;62;59m[48;2;229;229;229m▀[0m[38;2;229;229;229m[48;2;229;229;229m▀[0m[38;2;229;229;229m[48;2;229;229;229m▀[0m[38;2;229;229;229m[48;2;208;218;217m▀[0m[38;2;229;229;229m[48;2;229;229;229m▀[0m[38;2;229;229;229m[48;2;229;229;229m▀[0m[38;2;76;72;76m[48;2;229;229;229m▀[0m[38;2;0;0;0m[48;2;0;0;0m▀[0m[38;2;1;32;28m[48;2;105;202;189m▀[0m[38;2;229;229;229m[48;2;229;229;229m▀[0m[38;2;198;229;229m[48;2;229;229;229m▀[0m[38;2;229;229;229m[48;2;229;229;229m▀[0m[38;2;229;229;229m[48;2;229;229;229m▀[0m[38;2;229;229;229m[48;2;229;229;229m▀[0m[38;2;106;99;98m[48;2;229;229;229m▀[0m[38;2;134;134;134m[48;2;229;101;92m▀[0m[38;2;39;0;0m[48;2;50;0;0m▀[0m[38;2;131;0;0m[48;2;146;0;0m▀[0m[38;2;0;0;0m[48;2;0;0;0m▀[0m[38;2;108;123;119m[48;2;0;87;85m▀[0m[38;2;62;7;6m[48;2;229;2;0m▀[0m[38;2;97;0;0m[48;2;229;0;0m▀[0m[38;2;0;0;0m[48;2;192;0;0m▀[0m[38;2;189;0;0m[48;2;229;0;0m▀[0m[38;2;182;221;216m[48;2;215;229;229m▀[0m[38;2;229;229;229m[48;2;229;229;229m▀[0m[38;2;229;229;229m[48;2;229;229;229m▀[0m[38;2;229;229;229m[48;2;229;229;229m▀[0m[38;2;229;229;229m[48;2;229;229;229m▀[0m[38;2;0;44;36m[48;2;191;229;229m▀[0m[38;2;0;0;0m[48;2;0;0;0m▀[0m[38;2;0;0;0m[48;2;101;98;99m▀[0m[38;2;229;229;229m[48;2;229;229;229m▀[0m[38;2;229;229;229m[48;2;229;229;229m▀[0m[38;2;229;229;229m[48;2;229;229;229m▀[0m[38;2;229;229;229m[48;2;229;229;229m▀[0m[38;2;229;229;229m[48;2;229;229;229m▀[0m[38;2;164;163;163m[48;2;229;229;229m▀[0m[38;2;0;0;0m[48;2;229;229;229m▀[0m[38;2;72;72;73m[48;2;12;9;9m▀[0m[38;2;0;0;0m[48;2;0;0;0m▀[0m
[38;2;0;54;40m[48;2;0;0;0m▀[0m[38;2;0;0;0m[48;2;0;0;0m▀[0m[38;2;173;165;169m[48;2;229;229;229m▀[0m[38;2;229;229;229m[48;2;229;229;229m▀[0m[38;2;196;205;205m[48;2;229;229;229m▀[0m[38;2;216;222;221m[48;2;229;229;229m▀[0m[38;2;229;229;229m[48;2;225;229;229m▀[0m[38;2;229;229;229m[48;2;229;229;229m▀[0m[38;2;229;229;229m[48;2;229;229;229m▀[0m[38;2;229;229;229m[48;2;213;225;229m▀[0m[38;2;229;190;195m[48;2;229;70;78m▀[0m[38;2;129;167;165m[48;2;229;0;0m▀[0m[38;2;229;229;229m[48;2;132;0;0m▀[0m[38;2;229;229;229m[48;2;176;229;229m▀[0m[38;2;229;229;229m[48;2;229;229;229m▀[0m[38;2;229;229;229m[48;2;229;229;229m▀[0m[38;2;229;229;229m[48;2;229;229;229m▀[0m[38;2;229;229;229m[48;2;229;229;229m▀[0m[38;2;229;229;229m[48;2;229;229;229m▀[0m[38;2;195;0;0m[48;2;205;20;18m▀[0m[38;2;229;0;0m[48;2;194;0;0m▀[0m[38;2;0;27;29m[48;2;229;17;16m▀[0m[38;2;0;0;0m[48;2;229;0;0m▀[0m[38;2;229;0;0m[48;2;229;0;0m▀[0m[38;2;229;0;0m[48;2;213;0;0m▀[0m[38;2;229;0;0m[48;2;219;0;0m▀[0m[38;2;223;0;0m[48;2;193;59;55m▀[0m[38;2;229;229;229m[48;2;229;229;229m▀[0m[38;2;229;229;229m[48;2;229;229;229m▀[0m[38;2;229;229;229m[48;2;229;229;229m▀[0m[38;2;229;229;229m[48;2;229;229;229m▀[0m[38;2;229;229;229m[48;2;133;168;171m▀[0m[38;2;203;205;203m[48;2;137;144;144m▀[0m[38;2;111;115;111m[48;2;229;229;229m▀[0m[38;2;229;229;229m[48;2;229;229;229m▀[0m[38;2;229;229;229m[48;2;216;223;223m▀[0m[38;2;229;229;229m[48;2;223;229;229m▀[0m[38;2;229;229;229m[48;2;229;229;229m▀[0m[38;2;229;229;229m[48;2;229;229;229m▀[0m[38;2;217;225;225m[48;2;229;229;229m▀[0m[38;2;220;228;227m[48;2;229;229;229m▀[0m[38;2;229;229;229m[48;2;229;229;229m▀[0m[38;2;0;0;0m[48;2;115;106;108m▀[0m[38;2;0;0;0m[48;2;0;0;0m▀[0m
[38;2;0;0;0m[48;2;0;0;0m▀[0m[38;2;85;78;75m[48;2;229;229;229m▀[0m[38;2;229;229;229m[48;2;229;229;229m▀[0m[38;2;229;229;229m[48;2;229;229;229m▀[0m[38;2;229;229;229m[48;2;225;229;229m▀[0m[38;2;187;194;194m[48;2;229;229;229m▀[0m[38;2;197;201;200m[48;2;229;229;229m▀[0m[38;2;229;229;229m[48;2;229;229;229m▀[0m[38;2;229;229;229m[48;2;229;229;229m▀[0m[38;2;223;229;229m[48;2;229;229;229m▀[0m[38;2;221;229;229m[48;2;229;229;229m▀[0m[38;2;229;229;229m[48;2;229;229;229m▀[0m[38;2;229;65;65m[48;2;229;229;229m▀[0m[38;2;168;0;0m[48;2;229;0;0m▀[0m[38;2;132;192;192m[48;2;227;0;0m▀[0m[38;2;229;229;229m[48;2;69;108;108m▀[0m[38;2;229;229;229m[48;2;33;99;96m▀[0m[38;2;229;229;229m[48;2;153;191;189m▀[0m[38;2;229;229;229m[48;2;229;229;229m▀[0m[38;2;124;187;186m[48;2;106;58;61m▀[0m[38;2;0;72;69m[48;2;0;0;0m▀[0m[38;2;229;90;82m[48;2;153;27;19m▀[0m[38;2;229;0;0m[48;2;229;0;0m▀[0m[38;2;229;0;0m[48;2;229;0;0m▀[0m[38;2;100;0;0m[48;2;0;5;13m▀[0m[38;2;20;40;36m[48;2;0;0;0m▀[0m[38;2;162;229;229m[48;2;144;180;176m▀[0m[38;2;229;229;229m[48;2;198;229;229m▀[0m[38;2;229;229;229m[48;2;99;162;162m▀[0m[38;2;229;229;229m[48;2;71;62;63m▀[0m[38;2;104;170;168m[48;2;229;0;0m▀[0m[38;2;207;127;125m[48;2;229;136;136m▀[0m[38;2;229;229;229m[48;2;229;229;229m▀[0m[38;2;229;229;229m[48;2;229;229;229m▀[0m[38;2;204;214;214m[48;2;229;229;229m▀[0m[38;2;208;217;216m[48;2;229;229;229m▀[0m[38;2;218;225;225m[48;2;229;229;229m▀[0m[38;2;229;229;229m[48;2;229;229;229m▀[0m[38;2;196;203;202m[48;2;229;229;229m▀[0m[38;2;198;207;206m[48;2;211;216;216m▀[0m[38;2;229;229;229m[48;2;187;194;195m▀[0m[38;2;229;229;229m[48;2;229;229;229m▀[0m[38;2;229;229;229m[48;2;229;229;229m▀[0m[38;2;0;0;0m[48;2;143;142;139m▀[0m
[38;2;162;162;162m[48;2;229;229;229m▀[0m[38;2;229;229;229m[48;2;203;211;209m▀[0m[38;2;199;209;204m[48;2;222;229;228m▀[0m[38;2;229;229;229m[48;2;229;229;229m▀[0m[38;2;229;229;229m[48;2;229;229;229m▀[0m[38;2;229;229;229m[48;2;229;229;229m▀[0m[38;2;229;229;229m[48;2;229;229;229m▀[0m[38;2;229;229;229m[48;2;229;229;229m▀[0m[38;2;229;229;229m[48;2;229;229;229m▀[0m[38;2;229;229;229m[48;2;229;229;229m▀[0m[38;2;229;229;229m[48;2;229;229;229m▀[0m[38;2;229;229;229m[48;2;229;44;39m▀[0m[38;2;229;0;0m[48;2;229;57;56m▀[0m[38;2;229;0;0m[48;2;229;229;229m▀[0m[38;2;229;35;24m[48;2;229;229;229m▀[0m[38;2;141;0;0m[48;2;229;91;95m▀[0m[38;2;25;93;93m[48;2;63;0;0m▀[0m[38;2;229;229;229m[48;2;0;0;0m▀[0m[38;2;211;229;229m[48;2;0;45;46m▀[0m[38;2;179;0;0m[48;2;106;42;39m▀[0m[38;2;144;0;0m[48;2;229;11;11m▀[0m[38;2;221;96;89m[48;2;95;62;60m▀[0m[38;2;229;0;0m[48;2;229;0;0m▀[0m[38;2;214;29;29m[48;2;127;18;14m▀[0m[38;2;93;42;40m[48;2;171;0;0m▀[0m[38;2;229;0;0m[48;2;229;0;0m▀[0m[38;2;190;0;0m[48;2;34;10;10m▀[0m[38;2;229;229;229m[48;2;0;0;0m▀[0m[38;2;49;96;96m[48;2;0;0;0m▀[0m[38;2;110;0;0m[48;2;229;229;229m▀[0m[38;2;229;0;0m[48;2;229;222;221m▀[0m[38;2;229;197;194m[48;2;229;48;44m▀[0m[38;2;229;229;229m[48;2;229;229;229m▀[0m[38;2;229;229;229m[48;2;229;229;229m▀[0m[38;2;229;229;229m[48;2;229;229;229m▀[0m[38;2;229;229;229m[48;2;229;229;229m▀[0m[38;2;229;229;229m[48;2;229;229;229m▀[0m[38;2;229;229;229m[48;2;229;229;229m▀[0m[38;2;229;229;229m[48;2;229;229;229m▀[0m[38;2;229;229;229m[48;2;229;229;229m▀[0m[38;2;229;229;229m[48;2;229;229;229m▀[0m[38;2;200;203;202m[48;2;229;229;229m▀[0m[38;2;229;229;229m[48;2;194;201;200m▀[0m[38;2;229;229;229m[48;2;229;229;229m▀[0m
[38;2;202;208;208m[48;2;161;169;165m▀[0m[38;2;207;216;215m[48;2;229;229;229m▀[0m[38;2;229;229;229m[48;2;229;229;229m▀[0m[38;2;229;229;229m[48;2;229;229;229m▀[0m[38;2;229;229;229m[48;2;229;229;229m▀[0m[38;2;229;229;229m[48;2;229;229;229m▀[0m[38;2;229;229;229m[48;2;229;229;229m▀[0m[38;2;229;229;229m[48;2;229;229;229m▀[0m[38;2;229;229;229m[48;2;229;229;229m▀[0m[38;2;229;229;229m[48;2;229;229;229m▀[0m[38;2;229;174;171m[48;2;229;36;33m▀[0m[38;2;229;65;58m[48;2;229;229;229m▀[0m[38;2;229;229;229m[48;2;229;229;229m▀[0m[38;2;229;229;229m[48;2;229;229;229m▀[0m[38;2;229;229;229m[48;2;229;229;229m▀[0m[38;2;229;221;221m[48;2;229;221;220m▀[0m[38;2;229;3;0m[48;2;229;117;113m▀[0m[38;2;153;204;206m[48;2;229;229;229m▀[0m[38;2;229;229;229m[48;2;229;229;229m▀[0m[38;2;136;229;229m[48;2;163;229;229m▀[0m[38;2;229;22;25m[48;2;99;112;108m▀[0m[38;2;229;104;99m[48;2;229;0;0m▀[0m[38;2;128;0;0m[48;2;229;0;0m▀[0m[38;2;229;15;12m[48;2;229;0;0m▀[0m[38;2;229;90;83m[48;2;229;21;20m▀[0m[38;2;100;35;34m[48;2;77;229;229m▀[0m[38;2;229;229;229m[48;2;229;229;229m▀[0m[38;2;188;208;209m[48;2;229;229;229m▀[0m[38;2;229;229;229m[48;2;229;229;229m▀[0m[38;2;229;229;229m[48;2;229;229;229m▀[0m[38;2;229;229;229m[48;2;229;229;229m▀[0m[38;2;229;54;47m[48;2;229;216;219m▀[0m[38;2;229;199;195m[48;2;229;229;229m▀[0m[38;2;229;229;229m[48;2;229;229;229m▀[0m[38;2;229;229;229m[48;2;229;229;229m▀[0m[38;2;229;229;229m[48;2;229;229;229m▀[0m[38;2;229;229;229m[48;2;229;229;229m▀[0m[38;2;229;229;229m[48;2;229;229;229m▀[0m[38;2;229;229;229m[48;2;229;229;229m▀[0m[38;2;229;229;229m[48;2;229;229;229m▀[0m[38;2;229;229;229m[48;2;229;229;229m▀[0m[38;2;229;229;229m[48;2;229;229;229m▀[0m[38;2;227;229;229m[48;2;229;229;229m▀[0m[38;2;192;200;199m[48;2;207;219;218m▀[0m
