[38;2;61;60;60m[48;2;36;40;37m▀[0m[38;2;124;129;125m[48;2;0;3;3m▀[0m[38;2;150;153;153m[48;2;0;0;0m▀[0m[38;2;188;187;187m[48;2;0;0;0m▀[0m[38;2;75;77;77m[48;2;0;0;0m▀[0m[38;2;0;1;3m[48;2;0;0;0m▀[0m[38;2;0;0;0m[48;2;0;0;0m▀[0m[38;2;0;0;0m[48;2;0;0;0m▀[0m[38;2;0;0;0m[48;2;0;0;0m▀[0m[38;2;0;1;1m[48;2;0;0;0m▀[0m[38;2;0;0;0m[48;2;0;0;0m▀[0m[38;2;0;0;0m[48;2;0;0;0m▀[0m[38;2;0;0;0m[48;2;0;0;0m▀[0m[38;2;0;0;0m[48;2;0;0;0m▀[0m[38;2;0;0;0m[48;2;0;40;26m▀[0m[38;2;0;0;0m[48;2;0;76;51m▀[0m[38;2;71;48;51m[48;2;164;164;160m▀[0m[38;2;158;218;205m[48;2;192;255;254m▀[0m[38;2;192;255;255m[48;2;185;255;255m▀[0m[38;2;172;255;239m[48;2;255;255;255m▀[0m[38;2;126;195;179m[48;2;225;255;255m▀[0m[38;2;76;113;107m[48;2;183;255;255m▀[0m[38;2;121;158;148m[48;2;108;149;142m▀[0m[38;2;90;128;121m[48;2;100;139;130m▀[0m[38;2;14;28;26m[48;2;140;210;197m▀[0m[38;2;177;255;252m[48;2;255;255;255m▀[0m[38;2;170;251;236m[48;2;208;255;253m▀[0m[38;2;193;255;255m[48;2;186;255;255m▀[0m[38;2;122;169;157m[48;2;189;255;255m▀[0m[38;2;124;98;103m[48;2;167;175;171m▀[0m[38;2;0;0;0m[48;2;0;45;33m▀[0m[38;2;0;0;0m[48;2;0;0;0m▀[0m[38;2;0;0;0m[48;2;0;0;0m▀[0m[38;2;0;0;0m[48;2;0;0;0m▀[0m[38;2;0;0;0m[48;2;0;0;0m▀[0m[38;2;0;1;1m[48;2;0;0;0m▀[0m[38;2;0;0;0m[48;2;0;0;0m▀[0m[38;2;0;0;1m[48;2;0;0;0m▀[0m[38;2;74;81;81m[48;2;0;0;0m▀[0m[38;2;26;10;7m[48;2;0;0;0m▀[0m[38;2;109;51;58m[48;2;4;0;0m▀[0m[38;2;255;231;232m[48;2;38;0;0m▀[0m[38;2;255;255;255m[48;2;0;0;0m▀[0m[38;2;199;173;179m[48;2;0;0;0m▀[0m
[38;2;0;0;0m[48;2;0;0;0m▀[0m[38;2;0;0;0m[48;2;0;0;0m▀[0m[38;2;0;0;0m[48;2;0;0;0m▀[0m[38;2;0;0;0m[48;2;0;0;0m▀[0m[38;2;0;0;0m[48;2;0;0;0m▀[0m[38;2;0;0;0m[48;2;0;0;0m▀[0m[38;2;0;0;0m[48;2;0;0;0m▀[0m[38;2;0;0;0m[48;2;0;0;0m▀[0m[38;2;0;0;0m[48;2;0;0;0m▀[0m[38;2;0;0;0m[48;2;3;2;2m▀[0m[38;2;0;0;0m[48;2;13;77;63m▀[0m[38;2;0;0;0m[48;2;22;131;112m▀[0m[38;2;10;61;47m[48;2;18;94;79m▀[0m[38;2;15;132;110m[48;2;0;3;3m▀[0m[38;2;0;89;66m[48;2;0;0;0m▀[0m[38;2;0;0;0m[48;2;0;0;0m▀[0m[38;2;163;138;140m[48;2;121;97;101m▀[0m[38;2;156;225;214m[48;2;164;230;215m▀[0m[38;2;190;255;255m[48;2;222;255;255m▀[0m[38;2;219;255;255m[48;2;167;255;236m▀[0m[38;2;200;255;253m[48;2;180;255;242m▀[0m[38;2;187;255;253m[48;2;202;255;255m▀[0m[38;2;78;108;100m[48;2;116;169;158m▀[0m[38;2;164;230;216m[48;2;169;238;224m▀[0m[38;2;201;255;255m[48;2;207;255;255m▀[0m[38;2;206;255;251m[48;2;175;255;241m▀[0m[38;2;186;255;245m[48;2;179;255;246m▀[0m[38;2;203;255;255m[48;2;234;255;255m▀[0m[38;2;145;227;207m[48;2;107;167;155m▀[0m[38;2;153;148;144m[48;2;146;131;132m▀[0m[38;2;0;0;0m[48;2;0;0;0m▀[0m[38;2;3;97;84m[48;2;0;0;0m▀[0m[38;2;14;73;66m[48;2;5;59;52m▀[0m[38;2;0;0;0m[48;2;27;114;97m▀[0m[38;2;0;0;0m[48;2;10;45;41m▀[0m[38;2;0;0;0m[48;2;0;0;0m▀[0m[38;2;0;0;0m[48;2;0;0;0m▀[0m[38;2;0;0;0m[48;2;0;0;0m▀[0m[38;2;0;0;0m[48;2;0;0;0m▀[0m[38;2;0;0;0m[48;2;0;0;0m▀[0m[38;2;0;0;0m[48;2;0;0;0m▀[0m[38;2;0;0;0m[48;2;0;0;0m▀[0m[38;2;0;0;0m[48;2;0;0;0m▀[0m[38;2;0;0;0m[48;2;0;0;0m▀[0m
[38;2;0;0;0m[48;2;1;42;37m▀[0m[38;2;0;0;0m[48;2;7;84;60m▀[0m[38;2;0;0;0m[48;2;11;90;62m▀[0m[38;2;0;0;0m[48;2;15;94;79m▀[0m[38;2;0;0;0m[48;2;16;101;84m▀[0m[38;2;0;0;0m[48;2;20;96;79m▀[0m[38;2;2;12;11m[48;2;19;89;75m▀[0m[38;2;7;39;36m[48;2;14;69;62m▀[0m[38;2;13;90;75m[48;2;1;31;25m▀[0m[38;2;23;116;98m[48;2;0;0;0m▀[0m[38;2;14;71;59m[48;2;0;0;0m▀[0m[38;2;0;0;0m[48;2;0;0;0m▀[0m[38;2;0;0;0m[48;2;1;0;0m▀[0m[38;2;0;0;0m[48;2;0;0;0m▀[0m[38;2;0;0;0m[48;2;0;0;0m▀[0m[38;2;0;0;0m[48;2;0;0;0m▀[0m[38;2;99;77;81m[48;2;8;4;6m▀[0m[38;2;90;107;102m[48;2;189;172;174m▀[0m[38;2;186;255;255m[48;2;0;0;0m▀[0m[38;2;254;255;255m[48;2;72;137;125m▀[0m[38;2;211;255;255m[48;2;148;227;214m▀[0m[38;2;201;255;255m[48;2;78;129;119m▀[0m[38;2;124;174;165m[48;2;19;41;37m▀[0m[38;2;137;198;185m[48;2;12;43;40m▀[0m[38;2;205;255;255m[48;2;78;127;119m▀[0m[38;2;217;255;255m[48;2;118;184;171m▀[0m[38;2;238;255;255m[48;2;87;138;130m▀[0m[38;2;215;255;255m[48;2;0;0;0m▀[0m[38;2;85;113;111m[48;2;189;174;174m▀[0m[38;2;165;150;150m[48;2;49;43;46m▀[0m[38;2;0;0;0m[48;2;0;0;0m▀[0m[38;2;0;0;0m[48;2;0;0;0m▀[0m[38;2;0;0;0m[48;2;0;0;0m▀[0m[38;2;0;0;0m[48;2;0;0;0m▀[0m[38;2;21;81;73m[48;2;0;0;0m▀[0m[38;2;26;112;98m[48;2;2;4;5m▀[0m[38;2;13;79;68m[48;2;2;34;27m▀[0m[38;2;7;51;44m[48;2;6;57;48m▀[0m[38;2;2;34;27m[48;2;11;67;57m▀[0m[38;2;2;15;13m[48;2;16;77;63m▀[0m[38;2;2;5;2m[48;2;18;83;67m▀[0m[38;2;0;0;0m[48;2;20;96;77m▀[0m[38;2;0;0;0m[48;2;14;93;74m▀[0m[38;2;0;0;0m[48;2;12;89;74m▀[0m
[38;2;0;9;9m[48;2;0;0;0m▀[0m[38;2;0;0;0m[48;2;0;0;0m▀[0m[38;2;0;0;0m[48;2;0;0;0m▀[0m[38;2;0;0;0m[48;2;0;0;0m▀[0m[38;2;0;0;0m[48;2;0;0;0m▀[0m[38;2;0;0;0m[48;2;0;0;0m▀[0m[38;2;0;0;0m[48;2;0;0;0m▀[0m[38;2;0;0;0m[48;2;1;0;0m▀[0m[38;2;0;0;0m[48;2;1;0;0m▀[0m[38;2;0;0;0m[48;2;0;4;3m▀[0m[38;2;0;0;0m[48;2;0;0;1m▀[0m[38;2;0;0;0m[48;2;0;0;0m▀[0m[38;2;1;1;1m[48;2;1;1;1m▀[0m[38;2;0;0;0m[48;2;0;2;2m▀[0m[38;2;0;0;0m[48;2;0;0;0m▀[0m[38;2;0;0;0m[48;2;0;0;0m▀[0m[38;2;0;0;0m[48;2;0;0;0m▀[0m[38;2;76;72;71m[48;2;0;0;0m▀[0m[38;2;230;208;211m[48;2;74;69;69m▀[0m[38;2;110;93;97m[48;2;172;165;164m▀[0m[38;2;108;125;120m[48;2;135;127;127m▀[0m[38;2;139;165;160m[48;2;162;153;153m▀[0m[38;2;118;124;118m[48;2;51;38;40m▀[0m[38;2;119;128;128m[48;2;73;63;64m▀[0m[38;2;97;127;130m[48;2;160;150;150m▀[0m[38;2;100;132;130m[48;2;175;166;165m▀[0m[38;2;72;74;75m[48;2;142;134;133m▀[0m[38;2;177;165;165m[48;2;253;249;248m▀[0m[38;2;102;97;99m[48;2;0;0;0m▀[0m[38;2;0;0;0m[48;2;0;0;0m▀[0m[38;2;0;0;0m[48;2;0;0;0m▀[0m[38;2;0;0;0m[48;2;0;0;0m▀[0m[38;2;0;0;0m[48;2;0;0;0m▀[0m[38;2;0;0;0m[48;2;0;9;8m▀[0m[38;2;1;0;0m[48;2;0;21;16m▀[0m[38;2;0;0;0m[48;2;0;19;10m▀[0m[38;2;0;0;0m[48;2;2;1;2m▀[0m[38;2;0;0;0m[48;2;1;0;0m▀[0m[38;2;0;0;0m[48;2;2;4;2m▀[0m[38;2;0;0;0m[48;2;0;4;4m▀[0m[38;2;0;0;0m[48;2;0;0;0m▀[0m[38;2;0;0;0m[48;2;0;0;0m▀[0m[38;2;0;0;0m[48;2;0;0;0m▀[0m[38;2;0;0;0m[48;2;0;0;0m▀[0m
[38;2;166;166;163m[48;2;255;255;255m▀[0m[38;2;0;0;0m[48;2;209;205;207m▀[0m[38;2;0;0;0m[48;2;0;0;0m▀[0m[38;2;0;0;0m[48;2;0;0;0m▀[0m[38;2;0;0;0m[48;2;0;0;0m▀[0m[38;2;0;0;0m[48;2;0;0;0m▀[0m[38;2;0;0;0m[48;2;0;5;4m▀[0m[38;2;0;0;0m[48;2;0;24;14m▀[0m[38;2;0;2;0m[48;2;0;13;8m▀[0m[38;2;0;9;9m[48;2;1;0;1m▀[0m[38;2;1;4;4m[48;2;0;0;0m▀[0m[38;2;0;0;0m[48;2;0;0;0m▀[0m[38;2;0;0;0m[48;2;0;0;0m▀[0m[38;2;0;0;0m[48;2;7;7;7m▀[0m[38;2;0;0;0m[48;2;0;0;0m▀[0m[38;2;0;0;0m[48;2;0;0;0m▀[0m[38;2;0;0;0m[48;2;0;0;0m▀[0m[38;2;0;0;0m[48;2;0;0;0m▀[0m[38;2;60;55;55m[48;2;28;28;29m▀[0m[38;2;0;0;0m[48;2;51;51;51m▀[0m[38;2;86;83;85m[48;2;163;166;166m▀[0m[38;2;0;0;0m[48;2;0;0;0m▀[0m[38;2;0;0;0m[48;2;0;0;0m▀[0m[38;2;0;0;0m[48;2;0;0;0m▀[0m[38;2;0;0;0m[48;2;0;0;0m▀[0m[38;2;125;120;125m[48;2;61;59;62m▀[0m[38;2;0;0;0m[48;2;0;0;0m▀[0m[38;2;180;177;179m[48;2;157;160;161m▀[0m[38;2;0;0;0m[48;2;0;0;0m▀[0m[38;2;0;0;0m[48;2;46;49;46m▀[0m[38;2;0;0;0m[48;2;0;0;0m▀[0m[38;2;0;0;0m[48;2;0;0;0m▀[0m[38;2;0;0;0m[48;2;0;3;0m▀[0m[38;2;0;33;27m[48;2;0;12;9m▀[0m[38;2;0;20;14m[48;2;0;19;10m▀[0m[38;2;1;9;8m[48;2;1;0;0m▀[0m[38;2;1;7;6m[48;2;0;3;6m▀[0m[38;2;1;0;0m[48;2;0;12;16m▀[0m[38;2;0;8;7m[48;2;0;18;14m▀[0m[38;2;0;19;14m[48;2;0;0;0m▀[0m[38;2;0;12;1m[48;2;0;0;0m▀[0m[38;2;0;0;0m[48;2;0;0;0m▀[0m[38;2;0;0;0m[48;2;29;26;26m▀[0m[38;2;0;0;0m[48;2;255;255;255m▀[0m
[38;2;255;255;255m[48;2;255;255;255m▀[0m[38;2;255;255;255m[48;2;255;255;255m▀[0m[38;2;219;219;221m[48;2;255;255;255m▀[0m[38;2;0;0;0m[48;2;192;192;192m▀[0m[38;2;0;0;0m[48;2;0;0;0m▀[0m[38;2;0;0;0m[48;2;0;0;0m▀[0m[38;2;0;2;0m[48;2;0;0;0m▀[0m[38;2;0;9;7m[48;2;0;0;0m▀[0m[38;2;0;5;4m[48;2;1;0;0m▀[0m[38;2;1;0;0m[48;2;0;0;0m▀[0m[38;2;0;0;0m[48;2;0;0;0m▀[0m[38;2;0;0;0m[48;2;0;0;0m▀[0m[38;2;0;0;0m[48;2;0;0;0m▀[0m[38;2;177;180;177m[48;2;255;255;255m▀[0m[38;2;28;28;30m[48;2;41;43;44m▀[0m[38;2;0;0;0m[48;2;0;0;0m▀[0m[38;2;0;0;0m[48;2;0;0;0m▀[0m[38;2;0;0;0m[48;2;255;255;255m▀[0m[38;2;125;130;127m[48;2;255;255;255m▀[0m[38;2;42;46;42m[48;2;0;0;0m▀[0m[38;2;0;0;0m[48;2;6;11;11m▀[0m[38;2;0;0;0m[48;2;0;0;0m▀[0m[38;2;0;0;0m[48;2;174;174;174m▀[0m[38;2;0;0;0m[48;2;255;255;255m▀[0m[38;2;0;0;0m[48;2;0;0;0m▀[0m[38;2;0;0;0m[48;2;76;81;83m▀[0m[38;2;0;0;0m[48;2;0;0;0m▀[0m[38;2;125;129;129m[48;2;77;79;82m▀[0m[38;2;0;0;0m[48;2;0;0;0m▀[0m[38;2;241;245;245m[48;2;202;214;216m▀[0m[38;2;34;46;46m[48;2;255;255;255m▀[0m[38;2;0;0;0m[48;2;0;0;0m▀[0m[38;2;0;9;8m[48;2;0;0;0m▀[0m[38;2;0;26;18m[48;2;0;12;7m▀[0m[38;2;0;27;20m[48;2;0;8;6m▀[0m[38;2;0;26;25m[48;2;0;8;7m▀[0m[38;2;2;2;2m[48;2;0;12;9m▀[0m[38;2;0;0;0m[48;2;0;5;1m▀[0m[38;2;0;0;0m[48;2;0;0;0m▀[0m[38;2;0;4;0m[48;2;0;0;0m▀[0m[38;2;0;0;0m[48;2;0;0;0m▀[0m[38;2;28;19;19m[48;2;255;255;255m▀[0m[38;2;255;255;255m[48;2;255;255;255m▀[0m[38;2;255;255;255m[48;2;255;255;255m▀[0m
[38;2;255;255;255m[48;2;255;255;255m▀[0m[38;2;255;255;255m[48;2;255;255;255m▀[0m[38;2;255;255;255m[48;2;255;255;255m▀[0m[38;2;255;255;255m[48;2;255;255;255m▀[0m[38;2;76;78;79m[48;2;255;255;255m▀[0m[38;2;0;0;0m[48;2;0;0;0m▀[0m[38;2;0;0;0m[48;2;0;0;0m▀[0m[38;2;0;5;3m[48;2;0;4;3m▀[0m[38;2;0;14;13m[48;2;0;22;20m▀[0m[38;2;0;1;0m[48;2;0;12;5m▀[0m[38;2;0;0;0m[48;2;0;0;0m▀[0m[38;2;0;0;0m[48;2;0;0;0m▀[0m[38;2;56;55;55m[48;2;255;255;255m▀[0m[38;2;255;255;255m[48;2;255;255;255m▀[0m[38;2;0;0;0m[48;2;0;0;0m▀[0m[38;2;0;0;0m[48;2;78;84;83m▀[0m[38;2;255;255;255m[48;2;255;255;255m▀[0m[38;2;255;255;255m[48;2;255;255;255m▀[0m[38;2;255;206;206m[48;2;206;171;164m▀[0m[38;2;0;0;0m[48;2;0;0;0m▀[0m[38;2;0;7;7m[48;2;0;0;0m▀[0m[38;2;0;0;0m[48;2;0;0;0m▀[0m[38;2;64;67;71m[48;2;72;85;85m▀[0m[38;2;255;255;255m[48;2;209;217;217m▀[0m[38;2;0;0;0m[48;2;0;0;0m▀[0m[38;2;81;83;83m[48;2;30;32;36m▀[0m[38;2;0;0;0m[48;2;0;0;0m▀[0m[38;2;36;39;38m[48;2;34;40;39m▀[0m[38;2;0;0;0m[48;2;165;169;169m▀[0m[38;2;0;0;0m[48;2;0;0;0m▀[0m[38;2;255;255;255m[48;2;46;0;0m▀[0m[38;2;173;0;0m[48;2;255;255;255m▀[0m[38;2;0;0;0m[48;2;24;34;32m▀[0m[38;2;0;23;15m[48;2;0;0;0m▀[0m[38;2;0;4;0m[48;2;0;4;1m▀[0m[38;2;1;12;9m[48;2;0;0;0m▀[0m[38;2;0;4;3m[48;2;0;0;0m▀[0m[38;2;0;0;0m[48;2;0;0;0m▀[0m[38;2;0;0;0m[48;2;0;0;0m▀[0m[38;2;0;0;0m[48;2;189;188;188m▀[0m[38;2;255;255;255m[48;2;255;255;255m▀[0m[38;2;255;255;255m[48;2;255;255;255m▀[0m[38;2;255;255;255m[48;2;255;255;255m▀[0m[38;2;255;255;255m[48;2;255;255;255m▀[0m
[38;2;255;255;255m[48;2;255;255;255m▀[0m[38;2;255;255;255m[48;2;255;255;255m▀[0m[38;2;255;255;255m[48;2;255;255;255m▀[0m[38;2;255;255;255m[48;2;255;255;255m▀[0m[38;2;255;255;255m[48;2;255;255;255m▀[0m[38;2;156;152;154m[48;2;255;255;255m▀[0m[38;2;0;0;0m[48;2;0;0;0m▀[0m[38;2;0;0;0m[48;2;0;0;0m▀[0m[38;2;0;44;38m[48;2;0;45;39m▀[0m[38;2;0;27;19m[48;2;0;82;64m▀[0m[38;2;0;7;0m[48;2;0;19;12m▀[0m[38;2;0;0;0m[48;2;0;0;0m▀[0m[38;2;255;255;255m[48;2;90;90;91m▀[0m[38;2;255;255;255m[48;2;255;255;255m▀[0m[38;2;80;84;85m[48;2;235;250;252m▀[0m[38;2;174;183;182m[48;2;255;248;250m▀[0m[38;2;255;255;255m[48;2;255;255;255m▀[0m[38;2;255;255;255m[48;2;210;255;255m▀[0m[38;2;153;138;130m[48;2;20;37;34m▀[0m[38;2;0;0;0m[48;2;204;0;0m▀[0m[38;2;0;0;0m[48;2;255;0;0m▀[0m[38;2;0;0;0m[48;2;113;0;0m▀[0m[38;2;104;155;155m[48;2;96;196;197m▀[0m[38;2;255;255;255m[48;2;255;255;255m▀[0m[38;2;0;0;0m[48;2;0;0;0m▀[0m[38;2;0;3;0m[48;2;61;75;75m▀[0m[38;2;0;0;0m[48;2;0;0;0m▀[0m[38;2;3;7;7m[48;2;0;0;0m▀[0m[38;2;255;255;255m[48;2;255;255;255m▀[0m[38;2;108;117;117m[48;2;255;255;255m▀[0m[38;2;255;255;255m[48;2;255;255;255m▀[0m[38;2;255;255;255m[48;2;131;139;140m▀[0m[38;2;0;0;0m[48;2;0;0;0m▀[0m[38;2;0;0;0m[48;2;0;0;0m▀[0m[38;2;0;43;33m[48;2;0;47;41m▀[0m[38;2;0;30;20m[48;2;0;32;27m▀[0m[38;2;0;0;0m[48;2;0;19;11m▀[0m[38;2;0;0;0m[48;2;0;0;0m▀[0m[38;2;0;0;0m[48;2;174;170;172m▀[0m[38;2;255;255;255m[48;2;255;255;255m▀[0m[38;2;255;255;255m[48;2;255;255;255m▀[0m[38;2;255;255;255m[48;2;255;255;255m▀[0m[38;2;255;255;255m[48;2;255;255;255m▀[0m[38;2;255;255;255m[48;2;255;255;255m▀[0m
[38;2;255;255;255m[48;2;255;255;255m▀[0m[38;2;255;255;255m[48;2;255;255;255m▀[0m[38;2;255;255;255m[48;2;255;255;255m▀[0m[38;2;255;255;255m[48;2;255;255;255m▀[0m[38;2;255;255;255m[48;2;255;255;255m▀[0m[38;2;255;255;255m[48;2;224;223;224m▀[0m[38;2;13;6;6m[48;2;64;50;50m▀[0m[38;2;0;0;0m[48;2;0;0;0m▀[0m[38;2;0;65;52m[48;2;0;76;55m▀[0m[38;2;2;84;64m[48;2;0;58;41m▀[0m[38;2;0;6;2m[48;2;0;0;0m▀[0m[38;2;0;0;0m[48;2;0;0;0m▀[0m[38;2;0;0;0m[48;2;0;0;0m▀[0m[38;2;0;0;0m[48;2;205;255;255m▀[0m[38;2;254;255;255m[48;2;255;255;255m▀[0m[38;2;255;222;215m[48;2;255;147;136m▀[0m[38;2;231;157;160m[48;2;7;0;0m▀[0m[38;2;10;61;57m[48;2;15;98;99m▀[0m[38;2;0;2;5m[48;2;0;115;116m▀[0m[38;2;255;0;0m[48;2;255;0;0m▀[0m[38;2;255;0;0m[48;2;230;0;0m▀[0m[38;2;0;0;0m[48;2;0;0;0m▀[0m[38;2;119;193;196m[48;2;55;151;152m▀[0m[38;2;255;255;255m[48;2;255;179;171m▀[0m[38;2;0;0;0m[48;2;0;0;0m▀[0m[38;2;32;74;72m[48;2;0;71;72m▀[0m[38;2;0;0;0m[48;2;86;0;0m▀[0m[38;2;0;0;0m[48;2;128;52;52m▀[0m[38;2;255;255;255m[48;2;255;237;238m▀[0m[38;2;255;255;255m[48;2;255;255;255m▀[0m[38;2;0;0;0m[48;2;246;163;162m▀[0m[38;2;0;0;0m[48;2;0;0;0m▀[0m[38;2;0;0;0m[48;2;0;0;0m▀[0m[38;2;0;0;0m[48;2;0;0;0m▀[0m[38;2;0;31;27m[48;2;0;71;61m▀[0m[38;2;0;50;42m[48;2;0;55;41m▀[0m[38;2;0;0;0m[48;2;0;0;0m▀[0m[38;2;0;0;0m[48;2;0;0;0m▀[0m[38;2;235;232;234m[48;2;228;228;230m▀[0m[38;2;255;255;255m[48;2;255;255;255m▀[0m[38;2;255;255;255m[48;2;255;255;255m▀[0m[38;2;255;255;255m[48;2;255;255;255m▀[0m[38;2;255;255;255m[48;2;255;255;255m▀[0m[38;2;255;255;255m[48;2;255;255;255m▀[0m
[38;2;255;255;255m[48;2;255;255;255m▀[0m[38;2;255;255;255m[48;2;255;255;255m▀[0m[38;2;255;255;255m[48;2;255;255;255m▀[0m[38;2;255;255;255m[48;2;255;255;255m▀[0m[38;2;255;255;255m[48;2;170;179;178m▀[0m[38;2;63;61;65m[48;2;0;0;0m▀[0m[38;2;150;129;132m[48;2;38;28;29m▀[0m[38;2;0;0;0m[48;2;255;255;255m▀[0m[38;2;0;25;6m[48;2;0;0;0m▀[0m[38;2;0;59;43m[48;2;0;55;36m▀[0m[38;2;0;0;0m[48;2;0;0;0m▀[0m[38;2;0;0;0m[48;2;0;0;0m▀[0m[38;2;161;168;170m[48;2;137;145;145m▀[0m[38;2;255;255;255m[48;2;255;255;255m▀[0m[38;2;255;255;250m[48;2;255;239;238m▀[0m[38;2;255;13;5m[48;2;255;0;0m▀[0m[38;2;50;61;62m[48;2;184;23;18m▀[0m[38;2;224;177;172m[48;2;255;255;255m▀[0m[38;2;175;255;255m[48;2;255;255;255m▀[0m[38;2;255;0;0m[48;2;134;0;0m▀[0m[38;2;2;0;0m[48;2;0;0;0m▀[0m[38;2;0;0;0m[48;2;0;0;0m▀[0m[38;2;0;86;89m[48;2;0;54;52m▀[0m[38;2;255;117;112m[48;2;255;57;50m▀[0m[38;2;0;0;0m[48;2;0;0;0m▀[0m[38;2;0;59;60m[48;2;0;0;0m▀[0m[38;2;186;0;0m[48;2;255;0;0m▀[0m[38;2;187;144;145m[48;2;181;125;126m▀[0m[38;2;255;58;56m[48;2;255;0;0m▀[0m[38;2;255;120;114m[48;2;255;0;0m▀[0m[38;2;255;28;30m[48;2;255;0;0m▀[0m[38;2;82;184;185m[48;2;0;0;0m▀[0m[38;2;0;0;0m[48;2;0;0;0m▀[0m[38;2;0;0;0m[48;2;0;0;0m▀[0m[38;2;0;61;48m[48;2;0;68;52m▀[0m[38;2;0;38;25m[48;2;0;0;0m▀[0m[38;2;0;0;0m[48;2;93;101;101m▀[0m[38;2;140;132;135m[48;2;246;238;241m▀[0m[38;2;83;82;82m[48;2;0;0;0m▀[0m[38;2;255;255;255m[48;2;154;160;160m▀[0m[38;2;255;255;255m[48;2;255;255;255m▀[0m[38;2;255;255;255m[48;2;255;255;255m▀[0m[38;2;255;255;255m[48;2;255;255;255m▀[0m[38;2;255;255;255m[48;2;255;255;255m▀[0m
[38;2;40;34;34m[48;2;0;0;0m▀[0m[38;2;39;39;39m[48;2;30;20;22m▀[0m[38;2;39;41;43m[48;2;0;0;0m▀[0m[38;2;0;0;0m[48;2;0;0;0m▀[0m[38;2;0;0;0m[48;2;142;147;146m▀[0m[38;2;0;0;0m[48;2;255;255;255m▀[0m[38;2;13;13;13m[48;2;255;255;255m▀[0m[38;2;255;255;255m[48;2;255;255;255m▀[0m[38;2;183;188;188m[48;2;255;255;255m▀[0m[38;2;0;0;0m[48;2;0;0;0m▀[0m[38;2;0;0;0m[48;2;0;0;0m▀[0m[38;2;0;0;0m[48;2;0;0;0m▀[0m[38;2;38;38;38m[48;2;8;27;27m▀[0m[38;2;140;170;172m[48;2;0;0;0m▀[0m[38;2;139;162;166m[48;2;0;59;51m▀[0m[38;2;255;0;0m[48;2;48;0;0m▀[0m[38;2;207;0;0m[48;2;199;0;0m▀[0m[38;2;173;255;255m[48;2;104;48;47m▀[0m[38;2;165;255;255m[48;2;246;255;255m▀[0m[38;2;255;0;0m[48;2;76;0;0m▀[0m[38;2;255;0;0m[48;2;255;0;0m▀[0m[38;2;69;0;0m[48;2;0;0;0m▀[0m[38;2;0;5;4m[48;2;109;0;0m▀[0m[38;2;202;0;0m[48;2;52;0;0m▀[0m[38;2;0;0;0m[48;2;0;0;0m▀[0m[38;2;255;0;0m[48;2;27;0;0m▀[0m[38;2;255;0;0m[48;2;142;0;0m▀[0m[38;2;147;0;0m[48;2;132;0;0m▀[0m[38;2;254;0;0m[48;2;46;0;0m▀[0m[38;2;230;0;0m[48;2;24;4;0m▀[0m[38;2;107;0;0m[48;2;0;56;50m▀[0m[38;2;0;0;0m[48;2;49;136;124m▀[0m[38;2;0;0;0m[48;2;0;0;0m▀[0m[38;2;0;0;0m[48;2;0;0;0m▀[0m[38;2;0;15;2m[48;2;0;0;0m▀[0m[38;2;0;6;0m[48;2;238;242;241m▀[0m[38;2;255;255;255m[48;2;255;255;255m▀[0m[38;2;135;132;134m[48;2;182;181;179m▀[0m[38;2;0;0;0m[48;2;255;255;255m▀[0m[38;2;0;0;0m[48;2;144;143;143m▀[0m[38;2;0;0;0m[48;2;0;0;0m▀[0m[38;2;130;139;137m[48;2;0;0;0m▀[0m[38;2;124;129;130m[48;2;0;0;0m▀[0m[38;2;83;93;89m[48;2;5;2;4m▀[0m
[38;2;0;4;0m[48;2;0;63;48m▀[0m[38;2;0;0;0m[48;2;0;0;0m▀[0m[38;2;69;65;65m[48;2;201;197;192m▀[0m[38;2;69;73;69m[48;2;255;255;255m▀[0m[38;2;255;255;255m[48;2;255;255;255m▀[0m[38;2;255;255;255m[48;2;255;255;255m▀[0m[38;2;255;255;255m[48;2;245;255;255m▀[0m[38;2;255;255;255m[48;2;255;255;255m▀[0m[38;2;255;255;255m[48;2;255;255;255m▀[0m[38;2;90;85;90m[48;2;255;255;255m▀[0m[38;2;0;0;0m[48;2;0;0;0m▀[0m[38;2;2;38;33m[48;2;124;238;222m▀[0m[38;2;255;255;255m[48;2;255;255;255m▀[0m[38;2;234;255;255m[48;2;255;255;255m▀[0m[38;2;255;255;255m[48;2;255;255;255m▀[0m[38;2;255;255;255m[48;2;255;255;255m▀[0m[38;2;255;255;255m[48;2;255;255;255m▀[0m[38;2;125;117;115m[48;2;255;255;255m▀[0m[38;2;157;157;157m[48;2;255;119;109m▀[0m[38;2;46;0;0m[48;2;59;0;0m▀[0m[38;2;154;0;0m[48;2;172;0;0m▀[0m[38;2;0;0;0m[48;2;0;0;0m▀[0m[38;2;127;145;140m[48;2;0;102;100m▀[0m[38;2;73;8;7m[48;2;255;3;0m▀[0m[38;2;114;0;0m[48;2;255;0;0m▀[0m[38;2;0;0;0m[48;2;226;0;0m▀[0m[38;2;222;0;0m[48;2;255;0;0m▀[0m[38;2;215;255;254m[48;2;253;255;255m▀[0m[38;2;255;255;255m[48;2;255;255;255m▀[0m[38;2;255;255;255m[48;2;255;255;255m▀[0m[38;2;255;255;255m[48;2;255;255;255m▀[0m[38;2;255;255;255m[48;2;255;255;255m▀[0m[38;2;0;51;42m[48;2;225;255;255m▀[0m[38;2;0;0;0m[48;2;0;0;0m▀[0m[38;2;0;0;0m[48;2;119;115;117m▀[0m[38;2;255;255;255m[48;2;255;255;255m▀[0m[38;2;255;255;255m[48;2;255;255;255m▀[0m[38;2;255;255;255m[48;2;255;255;255m▀[0m[38;2;255;255;255m[48;2;255;255;255m▀[0m[38;2;255;255;255m[48;2;255;255;255m▀[0m[38;2;193;192;192m[48;2;255;255;255m▀[0m[38;2;0;0;0m[48;2;255;255;255m▀[0m[38;2;85;85;86m[48;2;14;11;11m▀[0m[38;2;0;0;0m[48;2;0;0;0m▀[0m
[38;2;0;64;47m[48;2;0;0;0m▀[0m[38;2;0;0;0m[48;2;0;0;0m▀[0m[38;2;204;195;199m[48;2;255;255;255m▀[0m[38;2;255;255;255m[48;2;255;255;255m▀[0m[38;2;231;241;241m[48;2;255;255;255m▀[0m[38;2;255;255;255m[48;2;255;255;255m▀[0m[38;2;255;255;255m[48;2;255;255;255m▀[0m[38;2;255;255;255m[48;2;255;255;255m▀[0m[38;2;255;255;255m[48;2;255;255;255m▀[0m[38;2;255;255;255m[48;2;251;255;255m▀[0m[38;2;255;224;230m[48;2;255;82;92m▀[0m[38;2;152;197;195m[48;2;255;0;0m▀[0m[38;2;255;255;255m[48;2;155;0;0m▀[0m[38;2;255;255;255m[48;2;207;255;255m▀[0m[38;2;255;255;255m[48;2;255;255;255m▀[0m[38;2;255;255;255m[48;2;255;255;255m▀[0m[38;2;255;255;255m[48;2;255;255;255m▀[0m[38;2;255;255;255m[48;2;255;255;255m▀[0m[38;2;255;255;255m[48;2;255;255;255m▀[0m[38;2;230;0;0m[48;2;241;24;21m▀[0m[38;2;255;0;0m[48;2;228;0;0m▀[0m[38;2;0;32;34m[48;2;255;20;19m▀[0m[38;2;0;0;0m[48;2;255;0;0m▀[0m[38;2;255;0;0m[48;2;255;0;0m▀[0m[38;2;255;0;0m[48;2;251;0;0m▀[0m[38;2;255;0;0m[48;2;255;0;0m▀[0m[38;2;255;0;0m[48;2;227;69;65m▀[0m[38;2;255;255;255m[48;2;255;255;255m▀[0m[38;2;255;255;255m[48;2;255;255;255m▀[0m[38;2;255;255;255m[48;2;255;255;255m▀[0m[38;2;255;255;255m[48;2;255;255;255m▀[0m[38;2;255;255;255m[48;2;156;198;201m▀[0m[38;2;239;241;239m[48;2;162;170;169m▀[0m[38;2;131;135;131m[48;2;255;255;255m▀[0m[38;2;255;255;255m[48;2;255;255;255m▀[0m[38;2;255;255;255m[48;2;255;255;255m▀[0m[38;2;255;255;255m[48;2;255;255;255m▀[0m[38;2;255;255;255m[48;2;255;255;255m▀[0m[38;2;255;255;255m[48;2;255;255;255m▀[0m[38;2;255;255;255m[48;2;255;255;255m▀[0m[38;2;255;255;255m[48;2;255;255;255m▀[0m[38;2;255;255;255m[48;2;255;255;255m▀[0m[38;2;0;0;0m[48;2;135;125;127m▀[0m[38;2;0;0;0m[48;2;0;0;0m▀[0m
[38;2;0;0;0m[48;2;0;0;0m▀[0m[38;2;100;92;89m[48;2;255;255;255m▀[0m[38;2;255;255;255m[48;2;255;255;255m▀[0m[38;2;255;255;255m[48;2;255;255;255m▀[0m[38;2;255;255;255m[48;2;255;255;255m▀[0m[38;2;220;228;228m[48;2;255;255;255m▀[0m[38;2;232;237;236m[48;2;255;255;255m▀[0m[38;2;255;255;255m[48;2;255;255;255m▀[0m[38;2;255;255;255m[48;2;255;255;255m▀[0m[38;2;255;255;255m[48;2;255;255;255m▀[0m[38;2;255;255;255m[48;2;255;255;255m▀[0m[38;2;255;255;255m[48;2;255;255;255m▀[0m[38;2;255;77;77m[48;2;255;255;255m▀[0m[38;2;198;0;0m[48;2;255;0;0m▀[0m[38;2;155;226;226m[48;2;255;0;0m▀[0m[38;2;255;255;255m[48;2;81;127;127m▀[0m[38;2;255;255;255m[48;2;39;116;113m▀[0m[38;2;255;255;255m[48;2;181;225;223m▀[0m[38;2;255;255;255m[48;2;255;255;255m▀[0m[38;2;146;220;219m[48;2;125;68;72m▀[0m[38;2;0;85;81m[48;2;0;0;0m▀[0m[38;2;255;107;97m[48;2;180;31;23m▀[0m[38;2;255;0;0m[48;2;255;0;0m▀[0m[38;2;255;0;0m[48;2;255;0;0m▀[0m[38;2;118;0;0m[48;2;0;6;15m▀[0m[38;2;24;47;42m[48;2;0;0;0m▀[0m[38;2;191;255;255m[48;2;170;211;207m▀[0m[38;2;255;255;255m[48;2;234;255;255m▀[0m[38;2;255;255;255m[48;2;116;191;191m▀[0m[38;2;255;255;255m[48;2;83;73;74m▀[0m[38;2;122;200;198m[48;2;255;0;0m▀[0m[38;2;244;150;147m[48;2;255;161;161m▀[0m[38;2;255;255;255m[48;2;255;255;255m▀[0m[38;2;255;255;255m[48;2;255;255;255m▀[0m[38;2;240;252;252m[48;2;255;255;255m▀[0m[38;2;245;255;254m[48;2;255;255;255m▀[0m[38;2;255;255;255m[48;2;255;255;255m▀[0m[38;2;255;255;255m[48;2;255;255;255m▀[0m[38;2;231;239;238m[48;2;255;255;255m▀[0m[38;2;234;244;242m[48;2;249;254;254m▀[0m[38;2;255;255;255m[48;2;220;228;230m▀[0m[38;2;255;255;255m[48;2;255;255;255m▀[0m[38;2;255;255;255m[48;2;255;255;255m▀[0m[38;2;0;0;0m[48;2;168;167;164m▀[0m
[38;2;191;190;191m[48;2;255;255;255m▀[0m[38;2;255;255;255m[48;2;239;249;246m▀[0m[38;2;235;246;240m[48;2;255;255;255m▀[0m[38;2;255;255;255m[48;2;255;255;255m▀[0m[38;2;255;255;255m[48;2;255;255;255m▀[0m[38;2;255;255;255m[48;2;255;255;255m▀[0m[38;2;255;255;255m[48;2;255;255;255m▀[0m[38;2;255;255;255m[48;2;255;255;255m▀[0m[38;2;255;255;255m[48;2;255;255;255m▀[0m[38;2;255;255;255m[48;2;255;255;255m▀[0m[38;2;255;255;255m[48;2;255;255;255m▀[0m[38;2;255;255;255m[48;2;255;51;46m▀[0m[38;2;255;0;0m[48;2;255;67;66m▀[0m[38;2;255;0;0m[48;2;255;255;255m▀[0m[38;2;255;41;28m[48;2;255;255;255m▀[0m[38;2;166;0;0m[48;2;255;108;112m▀[0m[38;2;29;110;110m[48;2;74;0;0m▀[0m[38;2;255;255;255m[48;2;0;0;0m▀[0m[38;2;249;255;255m[48;2;0;54;55m▀[0m[38;2;210;0;0m[48;2;125;49;46m▀[0m[38;2;169;0;0m[48;2;255;13;13m▀[0m[38;2;255;113;104m[48;2;112;73;71m▀[0m[38;2;255;0;0m[48;2;255;0;0m▀[0m[38;2;252;34;34m[48;2;150;21;16m▀[0m[38;2;110;49;47m[48;2;201;0;0m▀[0m[38;2;255;0;0m[48;2;255;0;0m▀[0m[38;2;224;0;0m[48;2;40;12;12m▀[0m[38;2;255;255;255m[48;2;0;0;0m▀[0m[38;2;58;113;113m[48;2;0;0;0m▀[0m[38;2;130;0;0m[48;2;255;255;255m▀[0m[38;2;255;0;0m[48;2;255;255;255m▀[0m[38;2;255;232;228m[48;2;255;57;51m▀[0m[38;2;255;255;255m[48;2;255;255;255m▀[0m[38;2;255;255;255m[48;2;255;255;255m▀[0m[38;2;255;255;255m[48;2;255;255;255m▀[0m[38;2;255;255;255m[48;2;255;255;255m▀[0m[38;2;255;255;255m[48;2;255;255;255m▀[0m[38;2;255;255;255m[48;2;255;255;255m▀[0m[38;2;255;255;255m[48;2;255;255;255m▀[0m[38;2;255;255;255m[48;2;255;255;255m▀[0m[38;2;255;255;255m[48;2;255;255;255m▀[0m[38;2;236;239;238m[48;2;255;255;255m▀[0m[38;2;255;255;255m[48;2;228;237;236m▀[0m[38;2;255;255;255m[48;2;255;255;255m▀[0m
[38;2;238;245;245m[48;2;189;199;195m▀[0m[38;2;244;254;253m[48;2;255;255;255m▀[0m[38;2;255;255;255m[48;2;255;255;255m▀[0m[38;2;255;255;255m[48;2;255;255;255m▀[0m[38;2;255;255;255m[48;2;255;255;255m▀[0m[38;2;255;255;255m[48;2;255;255;255m▀[0m[38;2;255;255;255m[48;2;255;255;255m▀[0m[38;2;255;255;255m[48;2;255;255;255m▀[0m[38;2;255;255;255m[48;2;255;255;255m▀[0m[38;2;255;255;255m[48;2;255;255;255m▀[0m[38;2;255;205;201m[48;2;255;42;39m▀[0m[38;2;255;77;68m[48;2;255;255;255m▀[0m[38;2;255;255;255m[48;2;255;255;255m▀[0m[38;2;255;255;255m[48;2;255;255;255m▀[0m[38;2;255;255;255m[48;2;255;255;255m▀[0m[38;2;255;255;255m[48;2;255;255;255m▀[0m[38;2;255;4;0m[48;2;255;137;133m▀[0m[38;2;180;240;242m[48;2;255;255;255m▀[0m[38;2;255;255;255m[48;2;255;255;255m▀[0m[38;2;161;255;255m[48;2;192;255;255m▀[0m[38;2;255;26;29m[48;2;116;132;128m▀[0m[38;2;255;122;117m[48;2;255;0;0m▀[0m[38;2;151;0;0m[48;2;255;0;0m▀[0m[38;2;255;18;14m[48;2;255;0;0m▀[0m[38;2;255;107;98m[48;2;255;25;24m▀[0m[38;2;118;41;40m[48;2;91;255;255m▀[0m[38;2;255;255;255m[48;2;255;255;255m▀[0m[38;2;221;245;246m[48;2;255;255;255m▀[0m[38;2;255;255;255m[48;2;255;255;255m▀[0m[38;2;255;255;255m[48;2;255;255;255m▀[0m[38;2;255;255;255m[48;2;255;255;255m▀[0m[38;2;255;64;56m[48;2;255;254;255m▀[0m[38;2;255;235;230m[48;2;255;255;255m▀[0m[38;2;255;255;255m[48;2;255;255;255m▀[0m[38;2;255;255;255m[48;2;255;255;255m▀[0m[38;2;255;255;255m[48;2;255;255;255m▀[0m[38;2;255;255;255m[48;2;255;255;255m▀[0m[38;2;255;255;255m[48;2;255;255;255m▀[0m[38;2;255;255;255m[48;2;255;255;255m▀[0m[38;2;255;255;255m[48;2;255;255;255m▀[0m[38;2;255;255;255m[48;2;255;255;255m▀[0m[38;2;255;255;255m[48;2;255;255;255m▀[0m[38;2;255;255;255m[48;2;255;255;255m▀[0m[38;2;226;236;235m[48;2;244;255;255m▀[0m
