[38;2;9;9;9m[48;2;24;23;16m▀[0m[38;2;26;23;13m[48;2;0;1;1m▀[0m[38;2;1;3;5m[48;2;16;15;8m▀[0m[38;2;10;9;5m[48;2;9;8;5m▀[0m[38;2;7;7;4m[48;2;0;2;2m▀[0m[38;2;0;0;0m[48;2;1;2;0m▀[0m[38;2;0;0;0m[48;2;0;0;0m▀[0m[38;2;0;0;0m[48;2;47;46;39m▀[0m[38;2;234;214;189m[48;2;255;231;201m▀[0m[38;2;170;148;117m[48;2;153;135;105m▀[0m[38;2;217;204;188m[48;2;255;255;252m▀[0m[38;2;255;255;255m[48;2;252;255;250m▀[0m[38;2;221;220;209m[48;2;238;237;229m▀[0m[38;2;254;254;250m[48;2;255;255;255m▀[0m[38;2;244;248;250m[48;2;235;239;239m▀[0m[38;2;196;196;189m[48;2;205;205;201m▀[0m[38;2;255;255;255m[48;2;255;255;255m▀[0m[38;2;255;255;255m[48;2;255;255;255m▀[0m[38;2;255;253;246m[48;2;252;252;245m▀[0m[38;2;233;235;235m[48;2;243;250;251m▀[0m[38;2;211;213;211m[48;2;176;179;175m▀[0m[38;2;255;255;255m[48;2;240;240;238m▀[0m[38;2;245;245;242m[48;2;255;255;255m▀[0m[38;2;219;213;190m[48;2;222;221;208m▀[0m[38;2;239;237;230m[48;2;205;205;192m▀[0m[38;2;255;255;255m[48;2;251;251;247m▀[0m[38;2;255;255;255m[48;2;255;255;255m▀[0m[38;2;232;236;235m[48;2;246;249;248m▀[0m[38;2;255;255;255m[48;2;255;255;255m▀[0m[38;2;222;221;222m[48;2;255;255;255m▀[0m[38;2;0;0;0m[48;2;0;0;0m▀[0m[38;2;0;0;0m[48;2;0;0;0m▀[0m[38;2;0;0;0m[48;2;0;0;0m▀[0m[38;2;0;0;0m[48;2;0;0;0m▀[0m[38;2;29;27;23m[48;2;36;31;30m▀[0m[38;2;160;144;121m[48;2;174;155;128m▀[0m
[38;2;32;32;24m[48;2;15;13;10m▀[0m[38;2;15;14;10m[48;2;4;4;2m▀[0m[38;2;0;0;1m[48;2;17;12;8m▀[0m[38;2;14;10;6m[48;2;0;0;0m▀[0m[38;2;7;6;7m[48;2;8;7;8m▀[0m[38;2;0;0;0m[48;2;4;4;0m▀[0m[38;2;0;0;0m[48;2;0;0;0m▀[0m[38;2;115;104;91m[48;2;156;142;126m▀[0m[38;2;247;219;191m[48;2;222;198;168m▀[0m[38;2;160;141;116m[48;2;178;163;140m▀[0m[38;2;255;255;255m[48;2;255;255;255m▀[0m[38;2;232;230;222m[48;2;229;220;207m▀[0m[38;2;239;238;230m[48;2;250;249;243m▀[0m[38;2;255;255;255m[48;2;255;255;255m▀[0m[38;2;230;237;237m[48;2;228;230;232m▀[0m[38;2;220;220;216m[48;2;201;201;197m▀[0m[38;2;255;255;255m[48;2;255;255;255m▀[0m[38;2;255;255;255m[48;2;255;255;255m▀[0m[38;2;250;251;246m[48;2;247;249;249m▀[0m[38;2;255;255;255m[48;2;255;255;255m▀[0m[38;2;152;151;148m[48;2;193;192;192m▀[0m[38;2;160;161;153m[48;2;87;64;39m▀[0m[38;2;255;255;255m[48;2;237;248;246m▀[0m[38;2;252;254;255m[48;2;255;255;255m▀[0m[38;2;186;185;171m[48;2;159;158;154m▀[0m[38;2;244;242;238m[48;2;209;206;199m▀[0m[38;2;255;255;255m[48;2;255;255;255m▀[0m[38;2;255;255;255m[48;2;255;255;255m▀[0m[38;2;232;231;223m[48;2;224;223;217m▀[0m[38;2;255;255;255m[48;2;255;255;255m▀[0m[38;2;0;0;0m[48;2;16;20;21m▀[0m[38;2;0;0;0m[48;2;0;0;0m▀[0m[38;2;0;0;0m[48;2;0;0;0m▀[0m[38;2;0;0;0m[48;2;0;0;0m▀[0m[38;2;49;44;39m[48;2;71;64;55m▀[0m[38;2;190;169;142m[48;2;209;185;157m▀[0m
[38;2;34;29;23m[48;2;21;24;17m▀[0m[38;2;15;13;9m[48;2;16;14;10m▀[0m[38;2;0;1;0m[48;2;15;13;7m▀[0m[38;2;22;19;11m[48;2;8;7;8m▀[0m[38;2;0;0;0m[48;2;19;17;11m▀[0m[38;2;0;0;0m[48;2;0;0;0m▀[0m[38;2;0;0;0m[48;2;0;0;0m▀[0m[38;2;187;171;153m[48;2;218;199;178m▀[0m[38;2;203;180;152m[48;2;196;174;141m▀[0m[38;2;195;183;162m[48;2;197;191;176m▀[0m[38;2;255;255;255m[48;2;255;255;255m▀[0m[38;2;228;216;201m[48;2;219;208;187m▀[0m[38;2;255;255;255m[48;2;255;255;255m▀[0m[38;2;235;240;240m[48;2;225;234;241m▀[0m[38;2;222;222;220m[48;2;210;214;214m▀[0m[38;2;186;190;189m[48;2;172;174;172m▀[0m[38;2;255;255;255m[48;2;255;255;255m▀[0m[38;2;255;255;255m[48;2;255;255;255m▀[0m[38;2;240;243;246m[48;2;227;229;229m▀[0m[38;2;255;255;249m[48;2;255;255;255m▀[0m[38;2;222;225;231m[48;2;230;237;243m▀[0m[38;2;118;77;40m[48;2;202;173;147m▀[0m[38;2;117;106;85m[48;2;125;82;39m▀[0m[38;2;255;255;255m[48;2;168;168;162m▀[0m[38;2;219;222;224m[48;2;255;255;255m▀[0m[38;2;188;188;181m[48;2;215;215;211m▀[0m[38;2;255;255;255m[48;2;255;255;255m▀[0m[38;2;255;255;255m[48;2;255;255;255m▀[0m[38;2;212;208;206m[48;2;175;175;177m▀[0m[38;2;255;255;255m[48;2;255;255;255m▀[0m[38;2;57;60;62m[48;2;91;98;106m▀[0m[38;2;0;0;0m[48;2;0;0;0m▀[0m[38;2;0;0;0m[48;2;0;0;0m▀[0m[38;2;0;0;0m[48;2;0;0;0m▀[0m[38;2;81;78;63m[48;2;89;81;71m▀[0m[38;2;221;198;165m[48;2;232;205;171m▀[0m
[38;2;1;4;3m[48;2;18;17;14m▀[0m[38;2;25;24;14m[48;2;0;0;0m▀[0m[38;2;17;15;9m[48;2;32;29;17m▀[0m[38;2;24;23;16m[48;2;2;4;2m▀[0m[38;2;0;0;0m[48;2;21;19;15m▀[0m[38;2;0;0;0m[48;2;0;0;0m▀[0m[38;2;0;4;3m[48;2;9;18;19m▀[0m[38;2;235;217;190m[48;2;243;221;193m▀[0m[38;2;180;163;137m[48;2;159;142;120m▀[0m[38;2;206;203;190m[48;2;223;217;201m▀[0m[38;2;255;255;255m[48;2;255;255;255m▀[0m[38;2;197;184;163m[48;2;208;196;175m▀[0m[38;2;246;246;247m[48;2;221;221;222m▀[0m[38;2;236;240;241m[48;2;156;158;158m▀[0m[38;2;220;220;218m[48;2;133;135;135m▀[0m[38;2;144;136;128m[48;2;55;46;37m▀[0m[38;2;255;255;255m[48;2;227;234;234m▀[0m[38;2;255;255;255m[48;2;255;255;255m▀[0m[38;2;194;197;196m[48;2;197;202;204m▀[0m[38;2;249;252;253m[48;2;251;255;255m▀[0m[38;2;144;152;156m[48;2;169;181;184m▀[0m[38;2;115;98;89m[48;2;192;174;151m▀[0m[38;2;146;121;98m[48;2;255;255;227m▀[0m[38;2;50;31;6m[48;2;251;212;175m▀[0m[38;2;160;165;166m[48;2;108;73;37m▀[0m[38;2;238;242;246m[48;2;216;222;218m▀[0m[38;2;255;255;255m[48;2;255;255;255m▀[0m[38;2;255;255;255m[48;2;255;255;255m▀[0m[38;2;147;152;152m[48;2;198;201;196m▀[0m[38;2;168;177;180m[48;2;180;157;131m▀[0m[38;2;120;130;135m[48;2;197;171;148m▀[0m[38;2;0;0;0m[48;2;158;134;115m▀[0m[38;2;0;0;0m[48;2;139;120;107m▀[0m[38;2;0;0;0m[48;2;151;135;121m▀[0m[38;2;84;83;72m[48;2;112;97;75m▀[0m[38;2;220;197;169m[48;2;163;146;130m▀[0m
[38;2;27;25;18m[48;2;30;30;26m▀[0m[38;2;12;13;9m[48;2;34;31;25m▀[0m[38;2;0;0;0m[48;2;12;11;7m▀[0m[38;2;20;18;12m[48;2;0;0;1m▀[0m[38;2;19;17;10m[48;2;0;0;0m▀[0m[38;2;0;0;0m[48;2;0;0;0m▀[0m[38;2;51;57;51m[48;2;41;49;47m▀[0m[38;2;242;219;195m[48;2;246;229;206m▀[0m[38;2;110;99;82m[48;2;86;84;76m▀[0m[38;2;223;213;190m[48;2;179;157;133m▀[0m[38;2;255;255;255m[48;2;245;242;232m▀[0m[38;2;173;162;148m[48;2;255;255;244m▀[0m[38;2;181;186;181m[48;2;187;187;175m▀[0m[38;2;163;164;159m[48;2;172;178;177m▀[0m[38;2;217;217;215m[48;2;166;179;177m▀[0m[38;2;127;110;93m[48;2;90;80;56m▀[0m[38;2;204;212;210m[48;2;136;147;140m▀[0m[38;2;255;255;255m[48;2;217;223;219m▀[0m[38;2;216;221;222m[48;2;255;255;255m▀[0m[38;2;225;232;233m[48;2;201;211;215m▀[0m[38;2;191;200;201m[48;2;133;137;136m▀[0m[38;2;201;179;155m[48;2;7;5;0m▀[0m[38;2;209;208;190m[48;2;0;0;0m▀[0m[38;2;128;145;132m[48;2;0;0;0m▀[0m[38;2;0;0;0m[48;2;38;0;0m▀[0m[38;2;10;13;12m[48;2;48;82;86m▀[0m[38;2;232;240;241m[48;2;255;255;255m▀[0m[38;2;255;255;255m[48;2;255;255;255m▀[0m[38;2;189;195;193m[48;2;191;193;194m▀[0m[38;2;0;0;0m[48;2;64;45;23m▀[0m[38;2;203;170;144m[48;2;255;230;199m▀[0m[38;2;182;152;124m[48;2;243;214;186m▀[0m[38;2;186;152;123m[48;2;185;168;152m▀[0m[38;2;249;219;189m[48;2;84;79;73m▀[0m[38;2;148;127;98m[48;2;176;162;145m▀[0m[38;2;193;175;160m[48;2;228;209;184m▀[0m
[38;2;40;40;31m[48;2;0;0;0m▀[0m[38;2;20;24;19m[48;2;27;28;23m▀[0m[38;2;0;1;0m[48;2;70;65;57m▀[0m[38;2;0;0;0m[48;2;173;154;135m▀[0m[38;2;0;0;0m[48;2;149;132;112m▀[0m[38;2;3;7;9m[48;2;159;137;113m▀[0m[38;2;45;44;34m[48;2;111;89;60m▀[0m[38;2;125;106;80m[48;2;59;37;8m▀[0m[38;2;75;63;45m[48;2;5;5;3m▀[0m[38;2;190;172;150m[48;2;229;210;189m▀[0m[38;2;199;188;174m[48;2;156;139;118m▀[0m[38;2;192;192;188m[48;2;215;215;209m▀[0m[38;2;0;0;0m[48;2;11;0;0m▀[0m[38;2;0;0;0m[48;2;184;206;193m▀[0m[38;2;0;0;0m[48;2;221;0;0m▀[0m[38;2;0;0;0m[48;2;185;0;0m▀[0m[38;2;9;9;0m[48;2;146;82;73m▀[0m[38;2;112;116;108m[48;2;142;141;115m▀[0m[38;2;178;187;191m[48;2;139;104;70m▀[0m[38;2;67;64;52m[48;2;154;121;84m▀[0m[38;2;116;101;78m[48;2;234;207;174m▀[0m[38;2;186;214;202m[48;2;255;255;251m▀[0m[38;2;216;0;0m[48;2;231;233;216m▀[0m[38;2;255;0;0m[48;2;186;180;156m▀[0m[38;2;176;142;139m[48;2;191;169;145m▀[0m[38;2;180;198;194m[48;2;202;188;171m▀[0m[38;2;255;255;255m[48;2;255;255;255m▀[0m[38;2;255;255;255m[48;2;255;255;255m▀[0m[38;2;235;233;229m[48;2;208;211;212m▀[0m[38;2;154;126;102m[48;2;58;49;35m▀[0m[38;2;220;213;208m[48;2;255;255;255m▀[0m[38;2;0;0;0m[48;2;0;0;11m▀[0m[38;2;0;0;0m[48;2;0;0;0m▀[0m[38;2;18;18;14m[48;2;69;66;55m▀[0m[38;2;223;202;173m[48;2;235;214;185m▀[0m[38;2;232;206;182m[48;2;212;188;169m▀[0m
[38;2;62;57;42m[48;2;3;2;2m▀[0m[38;2;0;0;0m[48;2;23;21;13m▀[0m[38;2;109;96;90m[48;2;0;0;0m▀[0m[38;2;178;159;146m[48;2;0;0;0m▀[0m[38;2;178;160;141m[48;2;0;0;0m▀[0m[38;2;140;117;91m[48;2;0;0;0m▀[0m[38;2;119;84;54m[48;2;6;9;19m▀[0m[38;2;107;77;41m[48;2;183;164;142m▀[0m[38;2;67;51;28m[48;2;60;53;43m▀[0m[38;2;161;149;131m[48;2;137;126;113m▀[0m[38;2;26;23;17m[48;2;82;73;53m▀[0m[38;2;151;143;134m[48;2;81;69;55m▀[0m[38;2;87;76;58m[48;2;36;35;23m▀[0m[38;2;174;180;164m[48;2;217;183;152m▀[0m[38;2;215;207;204m[48;2;255;215;189m▀[0m[38;2;211;110;101m[48;2;250;212;192m▀[0m[38;2;255;255;242m[48;2;239;206;181m▀[0m[38;2;255;247;222m[48;2;242;224;203m▀[0m[38;2;248;226;204m[48;2;163;139;106m▀[0m[38;2;254;230;210m[48;2;194;172;143m▀[0m[38;2;247;227;206m[48;2;240;216;197m▀[0m[38;2;232;204;180m[48;2;231;206;186m▀[0m[38;2;252;186;158m[48;2;241;194;170m▀[0m[38;2;255;195;164m[48;2;255;202;173m▀[0m[38;2;249;174;149m[48;2;165;131;114m▀[0m[38;2;136;130;117m[48;2;103;102;99m▀[0m[38;2;255;255;255m[48;2;255;255;255m▀[0m[38;2;255;255;255m[48;2;255;255;255m▀[0m[38;2;235;235;237m[48;2;255;255;255m▀[0m[38;2;55;37;12m[48;2;93;70;46m▀[0m[38;2;255;255;255m[48;2;255;255;255m▀[0m[38;2;80;88;100m[48;2;160;169;181m▀[0m[38;2;0;0;0m[48;2;0;0;0m▀[0m[38;2;90;85;70m[48;2;107;96;79m▀[0m[38;2;247;221;195m[48;2;249;225;199m▀[0m[38;2;206;186;167m[48;2;203;183;162m▀[0m
[38;2;30;27;21m[48;2;3;5;6m▀[0m[38;2;21;20;17m[48;2;19;17;13m▀[0m[38;2;12;10;6m[48;2;25;20;15m▀[0m[38;2;30;23;15m[48;2;2;0;3m▀[0m[38;2;0;0;0m[48;2;21;19;9m▀[0m[38;2;22;25;26m[48;2;0;2;1m▀[0m[38;2;112;110;106m[48;2;186;181;165m▀[0m[38;2;255;246;217m[48;2;174;162;144m▀[0m[38;2;111;105;92m[48;2;72;70;53m▀[0m[38;2;194;183;165m[48;2;176;165;151m▀[0m[38;2;248;230;204m[48;2;255;255;255m▀[0m[38;2;251;223;199m[48;2;255;255;255m▀[0m[38;2;0;0;0m[48;2;0;0;0m▀[0m[38;2;81;76;68m[48;2;0;0;0m▀[0m[38;2;255;255;228m[48;2;238;212;195m▀[0m[38;2;252;196;173m[48;2;255;235;214m▀[0m[38;2;235;207;181m[48;2;239;219;195m▀[0m[38;2;235;213;193m[48;2;229;209;188m▀[0m[38;2;204;179;157m[48;2;239;214;194m▀[0m[38;2;202;183;162m[48;2;236;213;189m▀[0m[38;2;234;209;187m[48;2;233;209;190m▀[0m[38;2;232;210;186m[48;2;234;209;189m▀[0m[38;2;237;214;188m[48;2;255;237;212m▀[0m[38;2;255;241;213m[48;2;224;204;188m▀[0m[38;2;132;118;104m[48;2;0;0;0m▀[0m[38;2;0;8;18m[48;2;43;47;49m▀[0m[38;2;255;255;255m[48;2;255;255;255m▀[0m[38;2;255;255;255m[48;2;255;255;255m▀[0m[38;2;236;243;244m[48;2;156;165;169m▀[0m[38;2;123;106;78m[48;2;70;71;58m▀[0m[38;2;206;192;175m[48;2;136;118;92m▀[0m[38;2;230;242;255m[48;2;255;255;255m▀[0m[38;2;0;0;0m[48;2;5;12;16m▀[0m[38;2;137;122;99m[48;2;149;131;109m▀[0m[38;2;253;229;201m[48;2;251;225;199m▀[0m[38;2;205;187;164m[48;2;194;177;154m▀[0m
[38;2;31;30;23m[48;2;8;9;5m▀[0m[38;2;3;2;3m[48;2;20;19;15m▀[0m[38;2;2;1;0m[48;2;20;20;14m▀[0m[38;2;27;25;19m[48;2;0;0;0m▀[0m[38;2;0;0;0m[48;2;0;0;0m▀[0m[38;2;0;0;0m[48;2;64;48;28m▀[0m[38;2;65;60;47m[48;2;159;119;78m▀[0m[38;2;68;62;49m[48;2;160;124;88m▀[0m[38;2;48;39;26m[48;2;145;107;67m▀[0m[38;2;134;125;114m[48;2;150;139;118m▀[0m[38;2;255;255;234m[48;2;255;250;234m▀[0m[38;2;255;255;255m[48;2;255;255;255m▀[0m[38;2;86;81;75m[48;2;118;111;102m▀[0m[38;2;85;47;8m[48;2;118;73;32m▀[0m[38;2;98;73;53m[48;2;127;91;56m▀[0m[38;2;207;190;175m[48;2;99;69;39m▀[0m[38;2;255;255;246m[48;2;93;81;74m▀[0m[38;2;255;249;226m[48;2;200;182;170m▀[0m[38;2;241;216;194m[48;2;255;255;252m▀[0m[38;2;205;191;171m[48;2;255;255;247m▀[0m[38;2;229;204;182m[48;2;255;255;255m▀[0m[38;2;255;254;232m[48;2;193;181;172m▀[0m[38;2;255;238;219m[48;2;40;31;21m▀[0m[38;2;46;41;33m[48;2;67;43;14m▀[0m[38;2;76;37;0m[48;2;127;81;42m▀[0m[38;2;160;150;126m[48;2;132;126;113m▀[0m[38;2;255;255;255m[48;2;255;255;255m▀[0m[38;2;255;255;255m[48;2;255;255;255m▀[0m[38;2;122;127;127m[48;2;115;104;91m▀[0m[38;2;37;40;42m[48;2;109;107;105m▀[0m[38;2;1;0;0m[48;2;223;197;170m▀[0m[38;2;170;170;162m[48;2;109;98;87m▀[0m[38;2;72;84;92m[48;2;51;55;57m▀[0m[38;2;166;146;126m[48;2;68;68;56m▀[0m[38;2;255;233;210m[48;2;192;172;151m▀[0m[38;2;182;165;142m[48;2;205;188;163m▀[0m
[38;2;21;19;12m[48;2;12;14;16m▀[0m[38;2;11;10;6m[48;2;37;34;27m▀[0m[38;2;25;23;17m[48;2;28;25;19m▀[0m[38;2;6;9;6m[48;2;0;0;0m▀[0m[38;2;0;0;0m[48;2;35;22;10m▀[0m[38;2;167;124;85m[48;2;170;125;84m▀[0m[38;2;150;109;78m[48;2;252;227;205m▀[0m[38;2;122;87;53m[48;2;252;223;202m▀[0m[38;2;132;98;63m[48;2;157;127;94m▀[0m[38;2;130;119;100m[48;2;118;103;79m▀[0m[38;2;233;228;208m[48;2;188;183;164m▀[0m[38;2;255;255;255m[48;2;255;255;255m▀[0m[38;2;119;118;115m[48;2;92;101;106m▀[0m[38;2;115;75;32m[48;2;41;21;0m▀[0m[38;2;138;103;72m[48;2;138;104;69m▀[0m[38;2;147;111;75m[48;2;148;112;76m▀[0m[38;2;78;50;27m[48;2;168;130;94m▀[0m[38;2;0;0;0m[48;2;105;77;51m▀[0m[38;2;0;0;2m[48;2;0;0;0m▀[0m[38;2;163;149;140m[48;2;0;0;0m▀[0m[38;2;87;81;86m[48;2;41;25;5m▀[0m[38;2;9;0;0m[48;2;155;117;75m▀[0m[38;2;104;73;43m[48;2;139;104;75m▀[0m[38;2;127;93;59m[48;2;134;98;64m▀[0m[38;2;125;84;45m[48;2;142;97;60m▀[0m[38;2;141;125;107m[48;2;165;149;131m▀[0m[38;2;251;255;255m[48;2;228;241;248m▀[0m[38;2;255;255;255m[48;2;255;255;255m▀[0m[38;2;80;66;49m[48;2;41;35;23m▀[0m[38;2;0;0;0m[48;2;0;0;0m▀[0m[38;2;158;140;125m[48;2;243;213;186m▀[0m[38;2;188;171;156m[48;2;255;239;214m▀[0m[38;2;200;184;168m[48;2;250;219;197m▀[0m[38;2;219;193;176m[48;2;255;241;216m▀[0m[38;2;119;103;89m[48;2;255;237;216m▀[0m[38;2;137;125;107m[48;2;107;92;86m▀[0m
[38;2;24;27;24m[48;2;24;22;18m▀[0m[38;2;35;33;26m[48;2;25;23;19m▀[0m[38;2;13;13;10m[48;2;0;2;1m▀[0m[38;2;0;0;0m[48;2;0;0;0m▀[0m[38;2;63;43;19m[48;2;81;52;26m▀[0m[38;2;219;183;148m[48;2;255;223;193m▀[0m[38;2;255;255;244m[48;2;255;243;222m▀[0m[38;2;255;243;226m[48;2;255;235;215m▀[0m[38;2;164;137;104m[48;2;154;121;89m▀[0m[38;2;135;113;85m[48;2;123;97;67m▀[0m[38;2;182;176;157m[48;2;174;163;144m▀[0m[38;2;255;255;255m[48;2;255;255;255m▀[0m[38;2;115;122;131m[48;2;118;120;122m▀[0m[38;2;81;56;33m[48;2;98;79;53m▀[0m[38;2;81;58;30m[48;2;145;107;65m▀[0m[38;2;113;87;60m[48;2;112;86;62m▀[0m[38;2;150;115;85m[48;2;132;102;74m▀[0m[38;2;113;85;62m[48;2;26;17;13m▀[0m[38;2;141;109;74m[48;2;35;30;20m▀[0m[38;2;172;132;94m[48;2;162;126;90m▀[0m[38;2;176;133;97m[48;2;119;93;67m▀[0m[38;2;141;108;74m[48;2;40;35;23m▀[0m[38;2;128;100;73m[48;2;99;76;48m▀[0m[38;2;128;91;63m[48;2;113;79;52m▀[0m[38;2;102;72;46m[48;2;98;70;42m▀[0m[38;2;113;107;90m[48;2;112;103;89m▀[0m[38;2;233;246;255m[48;2;235;251;255m▀[0m[38;2;255;255;252m[48;2;202;199;189m▀[0m[38;2;76;71;65m[48;2;83;87;86m▀[0m[38;2;12;11;8m[48;2;64;56;42m▀[0m[38;2;255;237;206m[48;2;255;224;194m▀[0m[38;2;249;221;199m[48;2;236;211;189m▀[0m[38;2;231;202;178m[48;2;229;204;184m▀[0m[38;2;244;236;223m[48;2;225;202;176m▀[0m[38;2;255;253;237m[48;2;250;221;198m▀[0m[38;2;162;140;127m[48;2;174;156;143m▀[0m
[38;2;17;16;12m[48;2;42;38;37m▀[0m[38;2;5;5;6m[48;2;26;19;15m▀[0m[38;2;37;38;27m[48;2;17;17;15m▀[0m[38;2;0;0;0m[48;2;0;0;0m▀[0m[38;2;91;62;36m[48;2;104;75;47m▀[0m[38;2;255;241;214m[48;2;255;244;217m▀[0m[38;2;253;233;209m[48;2;250;226;206m▀[0m[38;2;255;235;217m[48;2;255;233;215m▀[0m[38;2;180;150;123m[48;2;191;174;152m▀[0m[38;2;88;58;25m[48;2;83;48;13m▀[0m[38;2;145;138;114m[48;2;102;86;64m▀[0m[38;2;255;255;255m[48;2;255;255;241m▀[0m[38;2;163;162;155m[48;2;179;179;181m▀[0m[38;2;67;51;33m[48;2;220;185;154m▀[0m[38;2;101;76;52m[48;2;181;165;148m▀[0m[38;2;142;106;77m[48;2;122;88;58m▀[0m[38;2;149;114;79m[48;2;139;103;75m▀[0m[38;2;139;108;79m[48;2;146;112;81m▀[0m[38;2;48;42;29m[48;2;149;115;85m▀[0m[38;2;141;110;80m[48;2;141;108;79m▀[0m[38;2;81;62;45m[48;2;133;101;66m▀[0m[38;2;42;27;6m[48;2;181;148;116m▀[0m[38;2;184;151;121m[48;2;255;255;241m▀[0m[38;2;167;132;102m[48;2;152;118;87m▀[0m[38;2;185;142;101m[48;2;188;155;120m▀[0m[38;2;121;124;117m[48;2;159;163;167m▀[0m[38;2;225;237;251m[48;2;212;217;216m▀[0m[38;2;182;169;155m[48;2;202;173;145m▀[0m[38;2;82;87;89m[48;2;66;76;84m▀[0m[38;2;141;122;107m[48;2;195;167;147m▀[0m[38;2;250;219;192m[48;2;254;224;198m▀[0m[38;2;226;201;181m[48;2;224;198;176m▀[0m[38;2;229;206;182m[48;2;229;203;183m▀[0m[38;2;223;203;177m[48;2;226;204;182m▀[0m[38;2;250;222;198m[48;2;251;221;198m▀[0m[38;2;161;145;128m[48;2;156;142;126m▀[0m
