[38;2;255;255;255m[48;2;255;255;255m▀[0m[38;2;255;255;255m[48;2;142;145;144m▀[0m[38;2;169;173;173m[48;2;219;227;222m▀[0m[38;2;255;255;255m[48;2;206;208;208m▀[0m[38;2;255;255;255m[48;2;132;135;135m▀[0m[38;2;125;127;127m[48;2;111;111;109m▀[0m[38;2;0;0;0m[48;2;250;253;253m▀[0m[38;2;90;92;90m[48;2;173;175;173m▀[0m[38;2;93;97;97m[48;2;32;34;36m▀[0m[38;2;0;0;0m[48;2;26;28;26m▀[0m[38;2;49;51;51m[48;2;92;96;96m▀[0m[38;2;84;86;86m[48;2;0;0;0m▀[0m[38;2;0;0;0m[48;2;0;0;0m▀[0m[38;2;0;3;3m[48;2;0;0;0m▀[0m[38;2;58;61;61m[48;2;0;5;5m▀[0m[38;2;0;0;0m[48;2;55;81;81m▀[0m[38;2;0;0;0m[48;2;159;195;193m▀[0m[38;2;0;0;0m[48;2;145;164;161m▀[0m[38;2;0;0;0m[48;2;106;156;156m▀[0m[38;2;0;0;0m[48;2;177;187;186m▀[0m[38;2;0;0;0m[48;2;139;176;178m▀[0m[38;2;44;52;51m[48;2;7;17;18m▀[0m[38;2;9;9;9m[48;2;0;0;0m▀[0m[38;2;0;0;0m[48;2;0;0;0m▀[0m[38;2;84;86;87m[48;2;3;1;4m▀[0m[38;2;34;34;35m[48;2;94;98;100m▀[0m[38;2;0;0;0m[48;2;28;30;30m▀[0m[38;2;89;91;91m[48;2;62;64;66m▀[0m[38;2;148;150;152m[48;2;159;159;159m▀[0m[38;2;83;82;82m[48;2;183;185;185m▀[0m[38;2;135;134;134m[48;2;42;44;44m▀[0m[38;2;200;202;200m[48;2;255;255;255m▀[0m[38;2;255;255;255m[48;2;24;26;26m▀[0m[38;2;255;255;255m[48;2;79;78;76m▀[0m[38;2;233;236;233m[48;2;208;211;211m▀[0m[38;2;255;255;255m[48;2;255;255;255m▀[0m
[38;2;242;241;241m[48;2;31;30;30m▀[0m[38;2;9;13;13m[48;2;0;0;0m▀[0m[38;2;51;58;58m[48;2;0;0;0m▀[0m[38;2;0;0;0m[48;2;79;81;81m▀[0m[38;2;240;236;238m[48;2;179;181;181m▀[0m[38;2;255;255;255m[48;2;39;43;43m▀[0m[38;2;27;32;32m[48;2;48;51;51m▀[0m[38;2;0;0;0m[48;2;47;46;46m▀[0m[38;2;0;0;0m[48;2;0;0;0m▀[0m[38;2;35;37;38m[48;2;0;0;0m▀[0m[38;2;72;74;74m[48;2;29;31;31m▀[0m[38;2;25;24;24m[48;2;12;11;11m▀[0m[38;2;0;0;0m[48;2;71;74;76m▀[0m[38;2;0;0;0m[48;2;0;0;0m▀[0m[38;2;0;0;0m[48;2;0;0;0m▀[0m[38;2;12;76;77m[48;2;0;23;25m▀[0m[38;2;192;108;104m[48;2;87;42;40m▀[0m[38;2;255;0;0m[48;2;255;0;0m▀[0m[38;2;255;0;0m[48;2;255;0;0m▀[0m[38;2;255;17;6m[48;2;255;0;0m▀[0m[38;2;50;128;127m[48;2;0;10;13m▀[0m[38;2;0;0;0m[48;2;0;4;5m▀[0m[38;2;1;7;5m[48;2;0;2;1m▀[0m[38;2;0;0;0m[48;2;0;0;0m▀[0m[38;2;30;30;30m[48;2;78;82;82m▀[0m[38;2;78;80;80m[48;2;10;9;9m▀[0m[38;2;33;35;35m[48;2;0;0;0m▀[0m[38;2;0;0;0m[48;2;0;0;0m▀[0m[38;2;0;0;0m[48;2;60;63;63m▀[0m[38;2;0;0;0m[48;2;97;98;95m▀[0m[38;2;46;50;47m[48;2;83;87;84m▀[0m[38;2;199;198;198m[48;2;42;44;44m▀[0m[38;2;158;158;158m[48;2;135;139;136m▀[0m[38;2;0;0;0m[48;2;30;33;33m▀[0m[38;2;0;0;0m[48;2;0;0;0m▀[0m[38;2;95;97;97m[48;2;0;0;0m▀[0m
[38;2;0;0;0m[48;2;0;0;0m▀[0m[38;2;0;0;0m[48;2;0;0;0m▀[0m[38;2;0;0;0m[48;2;0;0;0m▀[0m[38;2;97;99;99m[48;2;106;108;108m▀[0m[38;2;76;78;78m[48;2;87;89;89m▀[0m[38;2;85;87;88m[48;2;102;102;102m▀[0m[38;2;135;135;137m[48;2;124;124;124m▀[0m[38;2;211;213;213m[48;2;181;185;185m▀[0m[38;2;34;38;40m[48;2;97;104;106m▀[0m[38;2;41;41;41m[48;2;124;127;127m▀[0m[38;2;61;64;61m[48;2;74;74;75m▀[0m[38;2;97;98;95m[48;2;88;90;90m▀[0m[38;2;88;90;90m[48;2;105;108;105m▀[0m[38;2;29;31;31m[48;2;104;109;109m▀[0m[38;2;0;0;0m[48;2;0;0;0m▀[0m[38;2;0;0;0m[48;2;0;0;0m▀[0m[38;2;0;0;0m[48;2;0;0;0m▀[0m[38;2;255;0;0m[48;2;192;0;0m▀[0m[38;2;255;0;0m[48;2;255;0;0m▀[0m[38;2;86;0;0m[48;2;0;1;6m▀[0m[38;2;0;0;0m[48;2;0;0;0m▀[0m[38;2;0;0;0m[48;2;0;0;0m▀[0m[38;2;0;0;0m[48;2;0;0;0m▀[0m[38;2;38;40;38m[48;2;119;121;122m▀[0m[38;2;78;83;80m[48;2;103;105;105m▀[0m[38;2;91;95;92m[48;2;73;73;70m▀[0m[38;2;50;52;52m[48;2;66;69;69m▀[0m[38;2;0;0;0m[48;2;213;214;211m▀[0m[38;2;148;151;151m[48;2;87;89;89m▀[0m[38;2;255;255;255m[48;2;92;94;96m▀[0m[38;2;109;109;110m[48;2;93;96;95m▀[0m[38;2;68;70;70m[48;2;77;76;76m▀[0m[38;2;113;115;115m[48;2;114;113;113m▀[0m[38;2;57;58;55m[48;2;32;34;34m▀[0m[38;2;0;0;0m[48;2;0;0;0m▀[0m[38;2;0;0;0m[48;2;0;0;0m▀[0m
[38;2;0;0;0m[48;2;0;0;0m▀[0m[38;2;0;0;0m[48;2;0;0;0m▀[0m[38;2;2;5;5m[48;2;0;0;0m▀[0m[38;2;84;92;93m[48;2;42;45;44m▀[0m[38;2;58;61;60m[48;2;0;0;0m▀[0m[38;2;89;89;91m[48;2;0;0;0m▀[0m[38;2;78;80;78m[48;2;10;13;12m▀[0m[38;2;6;10;9m[48;2;57;60;61m▀[0m[38;2;144;149;148m[48;2;94;96;96m▀[0m[38;2;161;164;164m[48;2;92;94;92m▀[0m[38;2;144;147;149m[48;2;255;255;255m▀[0m[38;2;82;84;84m[48;2;102;100;103m▀[0m[38;2;86;85;85m[48;2;69;71;71m▀[0m[38;2;57;59;59m[48;2;87;88;85m▀[0m[38;2;26;31;32m[48;2;117;124;125m▀[0m[38;2;0;0;0m[48;2;51;61;59m▀[0m[38;2;0;0;0m[48;2;0;0;0m▀[0m[38;2;184;0;0m[48;2;151;0;0m▀[0m[38;2;255;0;0m[48;2;255;0;0m▀[0m[38;2;0;0;0m[48;2;0;0;0m▀[0m[38;2;0;0;0m[48;2;0;0;0m▀[0m[38;2;0;0;0m[48;2;73;82;82m▀[0m[38;2;42;47;47m[48;2;116;119;119m▀[0m[38;2;75;77;77m[48;2;80;82;82m▀[0m[38;2;80;82;84m[48;2;79;82;81m▀[0m[38;2;98;100;101m[48;2;116;116;118m▀[0m[38;2;246;245;245m[48;2;118;120;121m▀[0m[38;2;143;146;145m[48;2;62;64;62m▀[0m[38;2;96;98;98m[48;2;79;80;77m▀[0m[38;2;18;20;20m[48;2;3;5;5m▀[0m[38;2;0;0;0m[48;2;0;0;0m▀[0m[38;2;0;0;0m[48;2;0;0;0m▀[0m[38;2;86;88;90m[48;2;10;13;14m▀[0m[38;2;5;5;5m[48;2;0;0;0m▀[0m[38;2;0;0;0m[48;2;0;0;0m▀[0m[38;2;0;0;0m[48;2;0;1;0m▀[0m
[38;2;23;25;25m[48;2;8;10;10m▀[0m[38;2;0;0;0m[48;2;0;0;0m▀[0m[38;2;0;0;0m[48;2;0;0;0m▀[0m[38;2;0;0;0m[48;2;0;0;0m▀[0m[38;2;0;0;0m[48;2;0;0;0m▀[0m[38;2;0;0;0m[48;2;0;0;0m▀[0m[38;2;0;0;0m[48;2;0;0;0m▀[0m[38;2;17;17;15m[48;2;0;2;1m▀[0m[38;2;32;35;36m[48;2;43;43;44m▀[0m[38;2;28;30;35m[48;2;75;74;72m▀[0m[38;2;65;67;68m[48;2;81;83;81m▀[0m[38;2;95;97;99m[48;2;111;113;115m▀[0m[38;2;84;87;87m[48;2;108;110;110m▀[0m[38;2;88;90;90m[48;2;80;82;82m▀[0m[38;2;97;102;101m[48;2;82;86;86m▀[0m[38;2;83;96;94m[48;2;51;59;59m▀[0m[38;2;0;0;0m[48;2;8;63;65m▀[0m[38;2;125;0;0m[48;2;123;1;0m▀[0m[38;2;255;0;0m[48;2;255;0;0m▀[0m[38;2;0;0;0m[48;2;0;32;32m▀[0m[38;2;11;25;27m[48;2;38;45;49m▀[0m[38;2;88;98;96m[48;2;73;81;81m▀[0m[38;2;92;95;95m[48;2;88;91;91m▀[0m[38;2;87;89;89m[48;2;86;89;88m▀[0m[38;2;99;103;100m[48;2;99;101;101m▀[0m[38;2;97;98;95m[48;2;70;75;72m▀[0m[38;2;65;65;66m[48;2;59;61;63m▀[0m[38;2;62;62;62m[48;2;58;58;60m▀[0m[38;2;78;76;79m[48;2;20;22;22m▀[0m[38;2;40;43;43m[48;2;1;0;2m▀[0m[38;2;0;0;0m[48;2;0;0;0m▀[0m[38;2;0;0;0m[48;2;9;9;9m▀[0m[38;2;0;0;0m[48;2;11;11;9m▀[0m[38;2;0;0;0m[48;2;0;0;0m▀[0m[38;2;0;0;0m[48;2;0;0;0m▀[0m[38;2;0;0;0m[48;2;14;16;16m▀[0m
[38;2;70;71;68m[48;2;103;107;107m▀[0m[38;2;8;7;7m[48;2;76;80;80m▀[0m[38;2;0;0;0m[48;2;11;14;14m▀[0m[38;2;22;20;23m[48;2;108;111;112m▀[0m[38;2;97;99;101m[48;2;190;192;192m▀[0m[38;2;10;11;8m[48;2;81;83;83m▀[0m[38;2;0;0;0m[48;2;0;0;0m▀[0m[38;2;18;17;17m[48;2;0;0;0m▀[0m[38;2;26;26;24m[48;2;0;0;0m▀[0m[38;2;66;68;68m[48;2;20;19;19m▀[0m[38;2;96;98;98m[48;2;71;73;73m▀[0m[38;2;107;109;109m[48;2;90;92;93m▀[0m[38;2;107;109;109m[48;2;97;101;101m▀[0m[38;2;97;99;99m[48;2;102;106;106m▀[0m[38;2;111;114;114m[48;2;78;81;78m▀[0m[38;2;122;131;131m[48;2;32;37;37m▀[0m[38;2;46;89;89m[48;2;0;5;5m▀[0m[38;2;42;12;11m[48;2;4;0;0m▀[0m[38;2;125;0;0m[48;2;105;0;0m▀[0m[38;2;0;39;41m[48;2;0;1;1m▀[0m[38;2;101;112;112m[48;2;27;32;36m▀[0m[38;2;125;131;129m[48;2;59;63;63m▀[0m[38;2;110;108;111m[48;2;85;85;86m▀[0m[38;2;103;103;104m[48;2;92;97;96m▀[0m[38;2;107;105;108m[48;2;97;99;99m▀[0m[38;2;110;113;114m[48;2;41;44;44m▀[0m[38;2;79;82;81m[48;2;0;0;0m▀[0m[38;2;14;14;15m[48;2;0;0;0m▀[0m[38;2;0;0;0m[48;2;0;0;0m▀[0m[38;2;0;0;0m[48;2;0;0;0m▀[0m[38;2;0;0;0m[48;2;40;42;42m▀[0m[38;2;109;112;113m[48;2;117;122;123m▀[0m[38;2;160;162;164m[48;2;143;146;146m▀[0m[38;2;35;32;34m[48;2;106;107;104m▀[0m[38;2;17;19;17m[48;2;93;96;98m▀[0m[38;2;71;75;74m[48;2;52;54;55m▀[0m
[38;2;94;96;96m[48;2;84;86;84m▀[0m[38;2;90;92;92m[48;2;88;88;88m▀[0m[38;2;64;66;66m[48;2;71;75;72m▀[0m[38;2;108;109;106m[48;2;95;98;97m▀[0m[38;2;91;93;93m[48;2;67;69;71m▀[0m[38;2;77;79;81m[48;2;46;49;48m▀[0m[38;2;0;0;0m[48;2;0;0;0m▀[0m[38;2;0;0;0m[48;2;0;0;0m▀[0m[38;2;0;0;0m[48;2;0;0;0m▀[0m[38;2;0;0;0m[48;2;0;0;0m▀[0m[38;2;0;0;0m[48;2;0;0;0m▀[0m[38;2;0;0;0m[48;2;0;0;0m▀[0m[38;2;0;0;0m[48;2;0;0;0m▀[0m[38;2;0;0;0m[48;2;0;0;0m▀[0m[38;2;0;0;0m[48;2;0;0;0m▀[0m[38;2;0;0;0m[48;2;0;0;0m▀[0m[38;2;0;0;0m[48;2;0;0;0m▀[0m[38;2;0;0;0m[48;2;24;2;3m▀[0m[38;2;88;0;0m[48;2;158;13;9m▀[0m[38;2;0;0;0m[48;2;0;0;0m▀[0m[38;2;0;0;0m[48;2;0;0;0m▀[0m[38;2;0;0;0m[48;2;0;0;0m▀[0m[38;2;0;0;0m[48;2;0;0;0m▀[0m[38;2;0;0;0m[48;2;0;0;0m▀[0m[38;2;0;0;0m[48;2;0;0;0m▀[0m[38;2;0;0;0m[48;2;0;0;0m▀[0m[38;2;0;0;0m[48;2;0;0;0m▀[0m[38;2;0;0;0m[48;2;0;0;0m▀[0m[38;2;0;0;0m[48;2;0;0;0m▀[0m[38;2;0;0;0m[48;2;0;0;0m▀[0m[38;2;56;58;58m[48;2;24;22;25m▀[0m[38;2;98;100;98m[48;2;89;91;91m▀[0m[38;2;110;113;113m[48;2;65;67;67m▀[0m[38;2;63;68;68m[48;2;36;33;35m▀[0m[38;2;86;86;83m[48;2;85;83;86m▀[0m[38;2;89;93;89m[48;2;92;94;92m▀[0m
[38;2;83;85;83m[48;2;99;101;103m▀[0m[38;2;91;91;93m[48;2;37;41;41m▀[0m[38;2;54;57;56m[48;2;59;61;61m▀[0m[38;2;52;54;55m[48;2;128;126;129m▀[0m[38;2;58;60;60m[48;2;35;37;37m▀[0m[38;2;0;0;0m[48;2;0;0;0m▀[0m[38;2;0;0;0m[48;2;0;0;0m▀[0m[38;2;0;0;0m[48;2;0;0;0m▀[0m[38;2;0;0;0m[48;2;0;0;0m▀[0m[38;2;0;2;2m[48;2;0;0;0m▀[0m[38;2;0;0;0m[48;2;0;0;0m▀[0m[38;2;0;0;0m[48;2;0;0;0m▀[0m[38;2;0;0;0m[48;2;0;0;0m▀[0m[38;2;0;0;0m[48;2;2;1;1m▀[0m[38;2;0;0;0m[48;2;57;58;55m▀[0m[38;2;0;0;0m[48;2;104;108;109m▀[0m[38;2;0;6;7m[48;2;91;113;114m▀[0m[38;2;80;63;61m[48;2;28;17;18m▀[0m[38;2;226;75;71m[48;2;179;35;31m▀[0m[38;2;21;57;61m[48;2;77;112;111m▀[0m[38;2;0;0;0m[48;2;120;125;122m▀[0m[38;2;0;0;0m[48;2;79;83;82m▀[0m[38;2;0;0;0m[48;2;37;36;37m▀[0m[38;2;0;0;0m[48;2;0;0;0m▀[0m[38;2;0;0;0m[48;2;0;0;0m▀[0m[38;2;0;0;0m[48;2;0;0;0m▀[0m[38;2;1;1;0m[48;2;0;0;0m▀[0m[38;2;0;0;0m[48;2;0;0;0m▀[0m[38;2;0;0;0m[48;2;0;0;0m▀[0m[38;2;0;0;0m[48;2;0;0;0m▀[0m[38;2;0;0;0m[48;2;0;0;0m▀[0m[38;2;38;40;41m[48;2;0;0;0m▀[0m[38;2;68;72;72m[48;2;99;103;100m▀[0m[38;2;92;94;94m[48;2;51;53;53m▀[0m[38;2;95;95;95m[48;2;28;30;32m▀[0m[38;2;88;87;87m[48;2;106;104;107m▀[0m
[38;2;150;154;154m[48;2;131;134;131m▀[0m[38;2;57;59;59m[48;2;0;0;0m▀[0m[38;2;0;0;0m[48;2;0;0;0m▀[0m[38;2;56;54;57m[48;2;0;0;0m▀[0m[38;2;19;15;18m[48;2;0;0;0m▀[0m[38;2;0;0;0m[48;2;0;0;0m▀[0m[38;2;0;0;0m[48;2;217;217;217m▀[0m[38;2;0;0;0m[48;2;0;0;0m▀[0m[38;2;21;21;21m[48;2;0;0;0m▀[0m[38;2;24;27;27m[48;2;7;10;10m▀[0m[38;2;0;0;0m[48;2;25;27;27m▀[0m[38;2;0;0;0m[48;2;9;11;11m▀[0m[38;2;0;0;0m[48;2;0;0;0m▀[0m[38;2;41;45;42m[48;2;0;0;0m▀[0m[38;2;142;146;143m[48;2;0;0;0m▀[0m[38;2;126;133;135m[48;2;0;2;2m▀[0m[38;2;80;100;101m[48;2;0;0;0m▀[0m[38;2;45;30;28m[48;2;0;0;0m▀[0m[38;2;113;0;0m[48;2;73;0;0m▀[0m[38;2;39;74;73m[48;2;0;0;0m▀[0m[38;2;108;112;111m[48;2;0;0;0m▀[0m[38;2;132;138;136m[48;2;0;0;0m▀[0m[38;2;96;98;99m[48;2;0;0;0m▀[0m[38;2;3;6;5m[48;2;0;0;0m▀[0m[38;2;0;0;0m[48;2;0;0;0m▀[0m[38;2;0;0;0m[48;2;27;30;31m▀[0m[38;2;20;23;22m[48;2;3;6;5m▀[0m[38;2;27;30;30m[48;2;0;0;0m▀[0m[38;2;0;0;0m[48;2;0;0;0m▀[0m[38;2;0;0;0m[48;2;139;138;138m▀[0m[38;2;0;0;0m[48;2;221;219;222m▀[0m[38;2;0;0;0m[48;2;0;0;0m▀[0m[38;2;37;36;36m[48;2;0;0;0m▀[0m[38;2;0;0;0m[48;2;0;0;0m▀[0m[38;2;1;5;5m[48;2;0;0;0m▀[0m[38;2;163;165;167m[48;2;95;99;99m▀[0m
[38;2;69;71;71m[48;2;175;177;177m▀[0m[38;2;27;26;26m[48;2;139;142;139m▀[0m[38;2;0;0;0m[48;2;39;38;38m▀[0m[38;2;0;0;0m[48;2;0;0;0m▀[0m[38;2;0;0;0m[48;2;163;166;166m▀[0m[38;2;215;218;218m[48;2;255;255;255m▀[0m[38;2;255;255;255m[48;2;255;255;255m▀[0m[38;2;188;191;188m[48;2;255;255;255m▀[0m[38;2;0;0;0m[48;2;110;109;109m▀[0m[38;2;0;0;0m[48;2;0;0;0m▀[0m[38;2;0;0;0m[48;2;0;0;0m▀[0m[38;2;9;11;11m[48;2;0;0;0m▀[0m[38;2;16;16;16m[48;2;16;15;15m▀[0m[38;2;0;0;0m[48;2;37;37;37m▀[0m[38;2;0;0;0m[48;2;5;7;7m▀[0m[38;2;0;0;0m[48;2;7;9;9m▀[0m[38;2;0;0;0m[48;2;10;19;20m▀[0m[38;2;0;0;0m[48;2;3;6;7m▀[0m[38;2;60;0;0m[48;2;48;3;1m▀[0m[38;2;0;0;0m[48;2;2;10;10m▀[0m[38;2;0;0;0m[48;2;18;22;22m▀[0m[38;2;0;0;0m[48;2;19;23;23m▀[0m[38;2;0;0;0m[48;2;40;43;43m▀[0m[38;2;8;8;8m[48;2;26;29;28m▀[0m[38;2;9;9;10m[48;2;0;0;0m▀[0m[38;2;8;10;10m[48;2;0;0;0m▀[0m[38;2;0;0;0m[48;2;0;0;0m▀[0m[38;2;0;0;0m[48;2;0;0;0m▀[0m[38;2;37;40;40m[48;2;255;255;255m▀[0m[38;2;255;255;255m[48;2;255;255;255m▀[0m[38;2;255;255;255m[48;2;255;255;255m▀[0m[38;2;142;142;142m[48;2;255;255;255m▀[0m[38;2;0;0;0m[48;2;0;0;0m▀[0m[38;2;0;0;0m[48;2;0;0;0m▀[0m[38;2;23;25;25m[48;2;205;209;206m▀[0m[38;2;91;93;93m[48;2;206;208;210m▀[0m
[38;2;132;134;134m[48;2;0;0;0m▀[0m[38;2;237;240;240m[48;2;29;32;33m▀[0m[38;2;90;89;89m[48;2;108;110;110m▀[0m[38;2;0;0;0m[48;2;66;68;68m▀[0m[38;2;94;94;96m[48;2;0;0;0m▀[0m[38;2;255;255;255m[48;2;228;228;228m▀[0m[38;2;255;255;255m[48;2;255;255;255m▀[0m[38;2;255;255;255m[48;2;255;255;255m▀[0m[38;2;234;238;238m[48;2;252;250;253m▀[0m[38;2;0;0;0m[48;2;0;0;0m▀[0m[38;2;0;0;0m[48;2;0;0;0m▀[0m[38;2;9;11;11m[48;2;0;0;0m▀[0m[38;2;3;5;5m[48;2;9;11;11m▀[0m[38;2;0;0;0m[48;2;6;6;6m▀[0m[38;2;4;1;4m[48;2;0;0;0m▀[0m[38;2;6;8;6m[48;2;0;0;0m▀[0m[38;2;0;8;8m[48;2;0;0;0m▀[0m[38;2;0;0;0m[48;2;0;0;0m▀[0m[38;2;64;1;0m[48;2;93;0;0m▀[0m[38;2;0;0;0m[48;2;0;0;0m▀[0m[38;2;4;8;7m[48;2;0;0;0m▀[0m[38;2;9;9;9m[48;2;0;0;0m▀[0m[38;2;0;0;0m[48;2;8;8;8m▀[0m[38;2;0;0;0m[48;2;8;8;9m▀[0m[38;2;10;10;10m[48;2;3;7;7m▀[0m[38;2;0;0;0m[48;2;0;0;0m▀[0m[38;2;0;0;0m[48;2;0;0;0m▀[0m[38;2;42;45;41m[48;2;21;21;22m▀[0m[38;2;255;255;255m[48;2;255;255;255m▀[0m[38;2;255;255;255m[48;2;255;255;255m▀[0m[38;2;255;255;255m[48;2;255;255;255m▀[0m[38;2;192;191;191m[48;2;15;18;18m▀[0m[38;2;0;0;0m[48;2;34;33;33m▀[0m[38;2;71;76;72m[48;2;109;112;111m▀[0m[38;2;217;224;224m[48;2;15;17;17m▀[0m[38;2;39;41;43m[48;2;0;0;0m▀[0m
[38;2;10;9;6m[48;2;74;71;71m▀[0m[38;2;0;0;0m[48;2;195;195;197m▀[0m[38;2;67;70;69m[48;2;109;111;113m▀[0m[38;2;102;106;106m[48;2;44;47;46m▀[0m[38;2;0;0;0m[48;2;0;0;0m▀[0m[38;2;78;78;80m[48;2;0;0;0m▀[0m[38;2;255;255;255m[48;2;255;255;255m▀[0m[38;2;255;255;255m[48;2;255;255;255m▀[0m[38;2;255;255;255m[48;2;255;255;255m▀[0m[38;2;0;0;0m[48;2;77;80;76m▀[0m[38;2;0;0;0m[48;2;0;0;0m▀[0m[38;2;0;0;0m[48;2;0;0;0m▀[0m[38;2;0;0;0m[48;2;0;0;0m▀[0m[38;2;13;13;13m[48;2;3;3;0m▀[0m[38;2;23;26;26m[48;2;0;0;0m▀[0m[38;2;33;38;38m[48;2;7;7;7m▀[0m[38;2;26;38;41m[48;2;0;0;0m▀[0m[38;2;31;38;38m[48;2;0;0;0m▀[0m[38;2;146;15;7m[48;2;158;0;0m▀[0m[38;2;4;25;29m[48;2;0;0;0m▀[0m[38;2;24;33;33m[48;2;0;0;0m▀[0m[38;2;28;33;32m[48;2;3;0;0m▀[0m[38;2;32;36;35m[48;2;0;0;0m▀[0m[38;2;11;11;12m[48;2;3;5;6m▀[0m[38;2;0;0;0m[48;2;0;0;0m▀[0m[38;2;0;0;0m[48;2;0;0;0m▀[0m[38;2;0;0;0m[48;2;0;0;0m▀[0m[38;2;124;126;127m[48;2;252;254;254m▀[0m[38;2;255;255;255m[48;2;255;255;255m▀[0m[38;2;255;255;255m[48;2;255;255;255m▀[0m[38;2;214;217;217m[48;2;179;180;177m▀[0m[38;2;0;0;0m[48;2;0;0;0m▀[0m[38;2;95;95;96m[48;2;49;52;51m▀[0m[38;2;77;79;79m[48;2;60;62;64m▀[0m[38;2;50;52;52m[48;2;186;188;188m▀[0m[38;2;41;43;43m[48;2;82;84;84m▀[0m
