[38;2;2;7;3m[48;2;4;9;6m▀[0m[38;2;3;8;4m[48;2;4;10;6m▀[0m[38;2;5;9;6m[48;2;3;12;6m▀[0m[38;2;4;10;6m[48;2;3;12;6m▀[0m[38;2;3;11;6m[48;2;3;12;7m▀[0m[38;2;3;12;6m[48;2;5;13;8m▀[0m[38;2;4;13;7m[48;2;6;14;9m▀[0m[38;2;5;13;8m[48;2;6;15;9m▀[0m[38;2;7;11;10m[48;2;6;15;9m▀[0m[38;2;7;11;7m[48;2;0;15;7m▀[0m[38;2;0;10;4m[48;2;0;12;1m▀[0m[38;2;0;0;0m[48;2;0;0;0m▀[0m[38;2;0;5;0m[48;2;21;38;24m▀[0m[38;2;159;161;162m[48;2;98;104;100m▀[0m[38;2;237;246;246m[48;2;53;55;56m▀[0m[38;2;183;194;194m[48;2;40;49;48m▀[0m[38;2;102;164;159m[48;2;0;66;71m▀[0m[38;2;242;74;74m[48;2;129;0;0m▀[0m[38;2;255;0;0m[48;2;255;0;0m▀[0m[38;2;6;9;0m[48;2;16;28;8m▀[0m[38;2;0;27;20m[48;2;9;88;57m▀[0m[38;2;20;51;46m[48;2;0;39;16m▀[0m[38;2;143;139;143m[48;2;0;0;0m▀[0m[38;2;255;255;255m[48;2;12;15;15m▀[0m[38;2;160;176;171m[48;2;151;148;152m▀[0m[38;2;0;0;0m[48;2;123;127;123m▀[0m[38;2;0;2;0m[48;2;0;0;0m▀[0m[38;2;0;18;5m[48;2;11;35;16m▀[0m[38;2;0;17;6m[48;2;0;12;0m▀[0m[38;2;5;16;10m[48;2;4;23;9m▀[0m[38;2;6;14;12m[48;2;7;18;12m▀[0m[38;2;6;16;10m[48;2;7;15;11m▀[0m[38;2;5;16;9m[48;2;6;17;10m▀[0m[38;2;5;13;8m[48;2;6;16;10m▀[0m[38;2;3;13;7m[48;2;5;14;9m▀[0m[38;2;3;11;6m[48;2;4;14;8m▀[0m
[38;2;3;11;6m[48;2;4;13;7m▀[0m[38;2;3;12;6m[48;2;5;14;8m▀[0m[38;2;4;13;7m[48;2;6;14;9m▀[0m[38;2;5;14;8m[48;2;6;15;9m▀[0m[38;2;6;14;9m[48;2;6;17;10m▀[0m[38;2;6;15;9m[48;2;6;19;10m▀[0m[38;2;6;17;8m[48;2;7;20;12m▀[0m[38;2;6;19;10m[48;2;6;21;12m▀[0m[38;2;7;18;11m[48;2;4;23;9m▀[0m[38;2;0;18;6m[48;2;1;21;7m▀[0m[38;2;0;13;0m[48;2;0;0;0m▀[0m[38;2;0;2;0m[48;2;50;68;59m▀[0m[38;2;143;149;147m[48;2;214;210;217m▀[0m[38;2;255;255;255m[48;2;0;0;0m▀[0m[38;2;212;207;211m[48;2;82;80;84m▀[0m[38;2;133;151;148m[48;2;0;49;32m▀[0m[38;2;0;23;3m[48;2;0;36;11m▀[0m[38;2;154;14;0m[48;2;143;0;0m▀[0m[38;2;255;0;0m[48;2;255;0;0m▀[0m[38;2;53;0;0m[48;2;0;0;0m▀[0m[38;2;0;0;0m[48;2;0;47;26m▀[0m[38;2;0;0;0m[48;2;68;120;106m▀[0m[38;2;0;0;0m[48;2;83;92;90m▀[0m[38;2;0;0;0m[48;2;0;0;0m▀[0m[38;2;0;0;0m[48;2;0;0;0m▀[0m[38;2;167;172;169m[48;2;131;142;136m▀[0m[38;2;166;181;172m[48;2;236;232;237m▀[0m[38;2;0;28;6m[48;2;183;192;193m▀[0m[38;2;0;2;0m[48;2;14;43;26m▀[0m[38;2;0;13;0m[48;2;25;45;31m▀[0m[38;2;4;22;9m[48;2;9;29;12m▀[0m[38;2;6;22;13m[48;2;7;25;12m▀[0m[38;2;7;18;11m[48;2;6;23;11m▀[0m[38;2;5;18;10m[48;2;7;20;11m▀[0m[38;2;6;15;9m[48;2;6;17;10m▀[0m[38;2;6;14;9m[48;2;6;15;9m▀[0m
[38;2;5;14;9m[48;2;6;17;10m▀[0m[38;2;6;15;9m[48;2;6;17;10m▀[0m[38;2;6;16;10m[48;2;6;19;11m▀[0m[38;2;6;17;10m[48;2;7;18;12m▀[0m[38;2;6;19;11m[48;2;6;21;13m▀[0m[38;2;7;20;12m[48;2;6;24;11m▀[0m[38;2;5;23;11m[48;2;6;26;12m▀[0m[38;2;6;25;11m[48;2;7;27;13m▀[0m[38;2;9;27;14m[48;2;10;26;12m▀[0m[38;2;0;10;0m[48;2;0;18;0m▀[0m[38;2;26;45;36m[48;2;19;49;27m▀[0m[38;2;255;255;255m[48;2;129;146;132m▀[0m[38;2;101;97;101m[48;2;39;30;37m▀[0m[38;2;0;0;0m[48;2;0;0;0m▀[0m[38;2;37;53;48m[48;2;0;0;0m▀[0m[38;2;0;35;14m[48;2;0;0;0m▀[0m[38;2;0;0;0m[48;2;0;0;0m▀[0m[38;2;86;0;0m[48;2;78;3;0m▀[0m[38;2;255;0;0m[48;2;255;0;0m▀[0m[38;2;68;198;152m[48;2;77;214;161m▀[0m[38;2;78;219;179m[48;2;80;202;162m▀[0m[38;2;53;134;103m[48;2;0;0;0m▀[0m[38;2;70;182;128m[48;2;58;79;41m▀[0m[38;2;182;248;221m[48;2;96;142;111m▀[0m[38;2;190;184;193m[48;2;255;255;255m▀[0m[38;2;0;0;0m[48;2;64;60;69m▀[0m[38;2;35;33;36m[48;2;0;0;0m▀[0m[38;2;218;218;226m[48;2;112;120;124m▀[0m[38;2;73;104;90m[48;2;104;141;118m▀[0m[38;2;0;31;10m[48;2;0;2;0m▀[0m[38;2;3;27;7m[48;2;7;34;14m▀[0m[38;2;8;30;10m[48;2;9;34;14m▀[0m[38;2;8;26;13m[48;2;8;30;13m▀[0m[38;2;7;23;12m[48;2;7;25;13m▀[0m[38;2;6;21;12m[48;2;6;23;13m▀[0m[38;2;7;18;11m[48;2;6;22;11m▀[0m
[38;2;6;19;11m[48;2;8;21;12m▀[0m[38;2;5;20;11m[48;2;5;24;11m▀[0m[38;2;6;21;12m[48;2;7;24;12m▀[0m[38;2;6;23;13m[48;2;7;27;13m▀[0m[38;2;6;25;11m[48;2;6;28;13m▀[0m[38;2;7;26;13m[48;2;7;31;14m▀[0m[38;2;6;28;14m[48;2;8;32;13m▀[0m[38;2;7;31;12m[48;2;8;35;13m▀[0m[38;2;5;35;11m[48;2;8;38;14m▀[0m[38;2;5;35;9m[48;2;6;39;13m▀[0m[38;2;0;7;0m[48;2;1;42;9m▀[0m[38;2;83;108;93m[48;2;69;99;82m▀[0m[38;2;111;104;114m[48;2;56;71;58m▀[0m[38;2;0;0;0m[48;2;0;0;0m▀[0m[38;2;0;0;0m[48;2;91;147;118m▀[0m[38;2;2;23;17m[48;2;146;224;184m▀[0m[38;2;56;181;145m[48;2;165;255;255m▀[0m[38;2;173;164;124m[48;2;217;222;173m▀[0m[38;2;255;0;0m[48;2;255;0;0m▀[0m[38;2;82;254;189m[48;2;38;164;138m▀[0m[38;2;134;197;182m[48;2;52;108;92m▀[0m[38;2;51;14;25m[48;2;0;12;8m▀[0m[38;2;24;0;0m[48;2;32;0;0m▀[0m[38;2;0;0;0m[48;2;36;139;97m▀[0m[38;2;52;182;134m[48;2;8;151;100m▀[0m[38;2;130;151;130m[48;2;70;32;14m▀[0m[38;2;13;0;0m[48;2;209;0;0m▀[0m[38;2;0;0;0m[48;2;0;0;0m▀[0m[38;2;90;121;103m[48;2;107;93;85m▀[0m[38;2;0;35;0m[48;2;13;63;44m▀[0m[38;2;5;41;13m[48;2;1;41;10m▀[0m[38;2;9;37;11m[48;2;10;41;15m▀[0m[38;2;9;33;13m[48;2;8;35;13m▀[0m[38;2;8;30;11m[48;2;8;32;12m▀[0m[38;2;7;26;12m[48;2;6;31;11m▀[0m[38;2;7;24;12m[48;2;7;27;12m▀[0m
[38;2;6;25;11m[48;2;8;30;13m▀[0m[38;2;7;26;12m[48;2;7;31;14m▀[0m[38;2;6;28;13m[48;2;7;32;13m▀[0m[38;2;7;29;14m[48;2;8;33;13m▀[0m[38;2;9;31;12m[48;2;9;35;13m▀[0m[38;2;8;33;13m[48;2;9;37;14m▀[0m[38;2;9;36;14m[48;2;8;41;15m▀[0m[38;2;8;39;13m[48;2;9;43;14m▀[0m[38;2;9;42;14m[48;2;9;46;15m▀[0m[38;2;9;46;12m[48;2;10;50;16m▀[0m[38;2;8;48;14m[48;2;7;56;16m▀[0m[38;2;0;47;0m[48;2;9;64;18m▀[0m[38;2;0;52;4m[48;2;7;67;16m▀[0m[38;2;0;23;0m[48;2;0;58;0m▀[0m[38;2;160;214;181m[48;2;55;80;59m▀[0m[38;2;183;255;221m[48;2;23;7;24m▀[0m[38;2;91;212;169m[48;2;0;0;0m▀[0m[38;2;134;108;91m[48;2;0;0;0m▀[0m[38;2;165;0;0m[48;2;125;0;0m▀[0m[38;2;0;45;28m[48;2;1;109;78m▀[0m[38;2;15;69;47m[48;2;3;29;18m▀[0m[38;2;30;67;50m[48;2;57;129;92m▀[0m[38;2;18;79;60m[48;2;65;133;102m▀[0m[38;2;47;130;92m[48;2;107;178;144m▀[0m[38;2;0;28;19m[48;2;102;92;99m▀[0m[38;2;52;8;0m[48;2;233;0;0m▀[0m[38;2;219;0;0m[48;2;255;0;0m▀[0m[38;2;82;0;0m[48;2;153;42;28m▀[0m[38;2;39;98;61m[48;2;0;104;54m▀[0m[38;2;0;54;21m[48;2;0;56;12m▀[0m[38;2;7;49;16m[48;2;10;52;19m▀[0m[38;2;10;45;16m[48;2;9;47;16m▀[0m[38;2;9;40;14m[48;2;9;44;15m▀[0m[38;2;8;35;13m[48;2;8;40;12m▀[0m[38;2;8;32;13m[48;2;8;35;13m▀[0m[38;2;7;31;12m[48;2;8;34;13m▀[0m
[38;2;7;33;12m[48;2;7;37;11m▀[0m[38;2;7;34;12m[48;2;9;36;13m▀[0m[38;2;9;35;12m[48;2;10;37;15m▀[0m[38;2;9;36;14m[48;2;9;39;16m▀[0m[38;2;8;38;14m[48;2;10;41;15m▀[0m[38;2;9;42;14m[48;2;10;45;15m▀[0m[38;2;10;44;15m[48;2;5;46;11m▀[0m[38;2;9;47;16m[48;2;6;48;13m▀[0m[38;2;9;47;16m[48;2;6;54;10m▀[0m[38;2;9;56;15m[48;2;0;43;0m▀[0m[38;2;3;62;13m[48;2;0;49;0m▀[0m[38;2;13;68;20m[48;2;0;40;0m▀[0m[38;2;11;70;17m[48;2;0;60;0m▀[0m[38;2;2;69;9m[48;2;8;78;19m▀[0m[38;2;9;82;20m[48;2;0;77;1m▀[0m[38;2;57;51;59m[48;2;46;104;62m▀[0m[38;2;0;0;0m[48;2;94;163;152m▀[0m[38;2;1;0;0m[48;2;36;86;67m▀[0m[38;2;152;41;31m[48;2;130;71;45m▀[0m[38;2;57;188;135m[48;2;50;146;106m▀[0m[38;2;31;67;50m[48;2;84;167;125m▀[0m[38;2;52;117;84m[48;2;73;140;105m▀[0m[38;2;58;136;99m[48;2;59;132;96m▀[0m[38;2;27;154;113m[48;2;47;132;95m▀[0m[38;2;62;110;84m[48;2;0;159;115m▀[0m[38;2;255;0;0m[48;2;187;0;0m▀[0m[38;2;255;34;41m[48;2;185;0;0m▀[0m[38;2;160;64;47m[48;2;47;47;22m▀[0m[38;2;0;72;6m[48;2;0;55;5m▀[0m[38;2;0;60;17m[48;2;0;68;19m▀[0m[38;2;9;55;18m[48;2;6;58;12m▀[0m[38;2;10;49;17m[48;2;11;51;17m▀[0m[38;2;10;45;15m[48;2;9;47;17m▀[0m[38;2;9;43;14m[48;2;10;44;15m▀[0m[38;2;8;41;13m[48;2;9;43;14m▀[0m[38;2;7;38;12m[48;2;9;42;14m▀[0m
[38;2;9;42;16m[48;2;10;45;15m▀[0m[38;2;9;40;16m[48;2;10;45;15m▀[0m[38;2;10;41;15m[48;2;9;46;15m▀[0m[38;2;10;45;15m[48;2;8;48;13m▀[0m[38;2;6;47;11m[48;2;3;47;11m▀[0m[38;2;1;45;8m[48;2;0;47;4m▀[0m[38;2;4;50;11m[48;2;0;0;0m▀[0m[38;2;0;27;0m[48;2;67;105;75m▀[0m[38;2;0;7;0m[48;2;169;171;169m▀[0m[38;2;90;100;91m[48;2;74;55;69m▀[0m[38;2;185;172;184m[48;2;93;80;93m▀[0m[38;2;117;135;121m[48;2;211;188;211m▀[0m[38;2;57;105;62m[48;2;51;24;49m▀[0m[38;2;0;79;1m[48;2;31;98;40m▀[0m[38;2;0;86;1m[48;2;12;113;35m▀[0m[38;2;105;139;115m[48;2;124;122;129m▀[0m[38;2;22;11;31m[48;2;0;0;0m▀[0m[38;2;0;0;0m[48;2;0;0;0m▀[0m[38;2;91;0;0m[48;2;117;0;0m▀[0m[38;2;0;35;21m[48;2;0;9;2m▀[0m[38;2;6;23;13m[48;2;0;0;0m▀[0m[38;2;60;121;91m[48;2;10;25;17m▀[0m[38;2;72;149;110m[48;2;75;185;134m▀[0m[38;2;36;154;112m[48;2;80;145;96m▀[0m[38;2;35;129;98m[48;2;219;0;0m▀[0m[38;2;215;34;26m[48;2;98;93;83m▀[0m[38;2;199;193;198m[48;2;142;94;87m▀[0m[38;2;0;81;43m[48;2;101;106;114m▀[0m[38;2;0;18;0m[48;2;161;192;179m▀[0m[38;2;0;59;0m[48;2;19;68;28m▀[0m[38;2;5;64;15m[48;2;0;27;0m▀[0m[38;2;3;49;12m[48;2;6;61;14m▀[0m[38;2;8;45;15m[48;2;3;44;12m▀[0m[38;2;9;47;16m[48;2;11;50;18m▀[0m[38;2;10;44;15m[48;2;10;48;17m▀[0m[38;2;10;44;14m[48;2;11;46;16m▀[0m
[38;2;10;48;16m[48;2;10;54;17m▀[0m[38;2;10;49;14m[48;2;10;54;17m▀[0m[38;2;10;50;15m[48;2;10;52;15m▀[0m[38;2;8;49;13m[48;2;10;59;14m▀[0m[38;2;0;53;7m[48;2;0;15;0m▀[0m[38;2;0;11;0m[48;2;186;192;187m▀[0m[38;2;197;200;199m[48;2;232;197;224m▀[0m[38;2;255;255;255m[48;2;0;0;0m▀[0m[38;2;182;170;182m[48;2;0;0;0m▀[0m[38;2;15;10;15m[48;2;3;6;3m▀[0m[38;2;37;56;46m[48;2;0;23;3m▀[0m[38;2;0;0;0m[48;2;0;0;0m▀[0m[38;2;38;27;40m[48;2;4;9;10m▀[0m[38;2;95;100;102m[48;2;28;52;43m▀[0m[38;2;118;126;126m[48;2;0;0;0m▀[0m[38;2;23;28;32m[48;2;0;0;0m▀[0m[38;2;0;0;0m[48;2;0;42;33m▀[0m[38;2;8;9;4m[48;2;21;59;47m▀[0m[38;2;102;0;0m[48;2;71;19;15m▀[0m[38;2;0;0;1m[48;2;0;43;33m▀[0m[38;2;5;18;18m[48;2;0;11;4m▀[0m[38;2;35;44;44m[48;2;0;0;0m▀[0m[38;2;76;132;121m[48;2;0;0;0m▀[0m[38;2;105;68;53m[48;2;0;15;15m▀[0m[38;2;134;0;0m[48;2;0;6;11m▀[0m[38;2;0;0;0m[48;2;0;0;0m▀[0m[38;2;0;2;0m[48;2;0;39;18m▀[0m[38;2;80;88;91m[48;2;10;25;20m▀[0m[38;2;255;255;255m[48;2;0;0;0m▀[0m[38;2;255;255;255m[48;2;2;0;0m▀[0m[38;2;113;134;113m[48;2;246;216;241m▀[0m[38;2;0;30;0m[48;2;79;112;82m▀[0m[38;2;7;59;16m[48;2;0;47;0m▀[0m[38;2;7;49;13m[48;2;11;60;17m▀[0m[38;2;10;51;18m[48;2;11;55;19m▀[0m[38;2;11;50;18m[48;2;11;53;18m▀[0m
[38;2;12;60;18m[48;2;15;70;23m▀[0m[38;2;12;58;17m[48;2;15;68;23m▀[0m[38;2;9;62;16m[48;2;13;72;21m▀[0m[38;2;0;49;0m[48;2;0;56;0m▀[0m[38;2;48;90;54m[48;2;111;114;109m▀[0m[38;2;202;160;192m[48;2;22;8;24m▀[0m[38;2;0;0;0m[48;2;47;144;100m▀[0m[38;2;56;155;107m[48;2;30;88;62m▀[0m[38;2;43;116;79m[48;2;72;112;90m▀[0m[38;2;0;22;11m[48;2;45;84;63m▀[0m[38;2;0;17;5m[48;2;29;38;33m▀[0m[38;2;0;3;0m[48;2;0;0;0m▀[0m[38;2;18;42;33m[48;2;57;100;79m▀[0m[38;2;21;60;44m[48;2;68;112;91m▀[0m[38;2;0;0;0m[48;2;3;39;31m▀[0m[38;2;0;11;14m[48;2;0;39;38m▀[0m[38;2;2;67;67m[48;2;21;0;0m▀[0m[38;2;0;5;10m[48;2;188;0;0m▀[0m[38;2;61;0;0m[48;2;255;0;0m▀[0m[38;2;24;24;16m[48;2;36;0;0m▀[0m[38;2;0;23;19m[48;2;0;38;30m▀[0m[38;2;0;0;0m[48;2;21;49;41m▀[0m[38;2;0;0;0m[48;2;3;36;32m▀[0m[38;2;29;52;43m[48;2;58;98;82m▀[0m[38;2;10;13;9m[48;2;7;16;10m▀[0m[38;2;0;10;5m[48;2;0;3;0m▀[0m[38;2;12;41;25m[48;2;30;60;44m▀[0m[38;2;2;19;10m[48;2;21;49;37m▀[0m[38;2;54;148;105m[48;2;56;143;100m▀[0m[38;2;0;23;7m[48;2;83;181;131m▀[0m[38;2;0;0;0m[48;2;0;0;0m▀[0m[38;2;182;166;182m[48;2;45;5;34m▀[0m[38;2;15;70;20m[48;2;97;132;99m▀[0m[38;2;2;61;14m[48;2;0;64;3m▀[0m[38;2;14;61;22m[48;2;16;68;25m▀[0m[38;2;12;60;21m[48;2;13;65;22m▀[0m
[38;2;16;75;26m[48;2;18;86;30m▀[0m[38;2;16;75;26m[48;2;19;90;30m▀[0m[38;2;15;80;28m[48;2;14;94;31m▀[0m[38;2;9;90;23m[48;2;19;113;34m▀[0m[38;2;65;49;57m[48;2;38;23;35m▀[0m[38;2;11;32;27m[48;2;0;0;0m▀[0m[38;2;75;173;123m[48;2;79;177;130m▀[0m[38;2;63;120;95m[48;2;57;130;91m▀[0m[38;2;63;108;84m[48;2;65;96;78m▀[0m[38;2;48;93;72m[48;2;181;186;186m▀[0m[38;2;128;128;126m[48;2;49;48;46m▀[0m[38;2;0;0;0m[48;2;0;0;0m▀[0m[38;2;16;61;40m[48;2;39;63;57m▀[0m[38;2;26;75;56m[48;2;0;20;19m▀[0m[38;2;0;26;21m[48;2;86;0;0m▀[0m[38;2;69;0;0m[48;2;198;0;0m▀[0m[38;2;169;0;0m[48;2;68;0;0m▀[0m[38;2;161;0;0m[48;2;255;0;0m▀[0m[38;2;255;0;0m[48;2;255;0;0m▀[0m[38;2;131;0;0m[48;2;116;0;0m▀[0m[38;2;133;0;0m[48;2;150;0;0m▀[0m[38;2;32;24;20m[48;2;78;0;0m▀[0m[38;2;19;88;73m[48;2;0;0;0m▀[0m[38;2;10;57;39m[48;2;48;84;73m▀[0m[38;2;1;22;14m[48;2;0;5;0m▀[0m[38;2;118;123;120m[48;2;78;89;83m▀[0m[38;2;43;88;64m[48;2;96;124;111m▀[0m[38;2;48;90;77m[48;2;30;69;52m▀[0m[38;2;80;117;97m[48;2;74;156;117m▀[0m[38;2;76;186;131m[48;2;87;180;131m▀[0m[38;2;46;104;77m[48;2;7;13;12m▀[0m[38;2;0;0;0m[48;2;0;0;0m▀[0m[38;2;67;79;67m[48;2;27;31;32m▀[0m[38;2;7;87;18m[48;2;15;104;31m▀[0m[38;2;15;74;26m[48;2;16;81;29m▀[0m[38;2;14;72;24m[48;2;16;77;24m▀[0m
[38;2;21;105;35m[48;2;22;146;44m▀[0m[38;2;22;105;36m[48;2;18;135;40m▀[0m[38;2;19;111;34m[48;2;19;128;36m▀[0m[38;2;20;136;44m[48;2;18;158;41m▀[0m[38;2;54;46;51m[48;2;62;71;64m▀[0m[38;2;0;0;0m[48;2;0;0;0m▀[0m[38;2;38;86;64m[48;2;21;41;31m▀[0m[38;2;27;54;37m[48;2;41;90;67m▀[0m[38;2;64;84;70m[48;2;0;0;0m▀[0m[38;2;3;0;3m[48;2;0;0;0m▀[0m[38;2;0;0;0m[48;2;12;39;22m▀[0m[38;2;5;39;25m[48;2;0;13;5m▀[0m[38;2;0;0;0m[48;2;0;0;0m▀[0m[38;2;1;18;18m[48;2;49;93;80m▀[0m[38;2;104;0;0m[48;2;133;7;7m▀[0m[38;2;134;0;0m[48;2;43;0;0m▀[0m[38;2;255;0;0m[48;2;255;0;0m▀[0m[38;2;255;0;0m[48;2;255;0;0m▀[0m[38;2;255;0;0m[48;2;255;0;0m▀[0m[38;2;255;0;0m[48;2;255;0;0m▀[0m[38;2;212;0;0m[48;2;197;0;0m▀[0m[38;2;118;0;0m[48;2;6;0;0m▀[0m[38;2;9;0;0m[48;2;83;134;130m▀[0m[38;2;0;36;29m[48;2;17;47;35m▀[0m[38;2;13;69;38m[48;2;9;46;30m▀[0m[38;2;0;0;0m[48;2;13;39;27m▀[0m[38;2;9;14;14m[48;2;0;0;0m▀[0m[38;2;27;50;39m[48;2;0;0;0m▀[0m[38;2;30;69;51m[48;2;34;62;50m▀[0m[38;2;19;40;32m[48;2;33;57;44m▀[0m[38;2;0;0;0m[48;2;0;0;0m▀[0m[38;2;0;0;0m[48;2;0;0;0m▀[0m[38;2;33;35;35m[48;2;44;63;48m▀[0m[38;2;19;116;38m[48;2;14;147;32m▀[0m[38;2;18;92;32m[48;2;18;119;37m▀[0m[38;2;17;89;32m[48;2;23;108;38m▀[0m
[38;2;9;46;27m[48;2;0;0;20m▀[0m[38;2;16;155;37m[48;2;19;114;38m▀[0m[38;2;18;164;35m[48;2;8;140;33m▀[0m[38;2;5;164;29m[48;2;23;144;37m▀[0m[38;2;78;84;79m[48;2;219;191;221m▀[0m[38;2;0;0;0m[48;2;42;68;63m▀[0m[38;2;27;71;48m[48;2;59;108;85m▀[0m[38;2;20;56;39m[48;2;11;20;18m▀[0m[38;2;0;0;0m[48;2;0;0;0m▀[0m[38;2;1;6;2m[48;2;6;15;9m▀[0m[38;2;5;24;15m[48;2;0;0;0m▀[0m[38;2;0;0;0m[48;2;20;46;31m▀[0m[38;2;10;29;24m[48;2;40;91;69m▀[0m[38;2;21;124;90m[48;2;3;34;26m▀[0m[38;2;112;168;125m[48;2;30;192;138m▀[0m[38;2;72;0;1m[48;2;89;193;166m▀[0m[38;2;99;0;0m[48;2;69;0;0m▀[0m[38;2;255;0;0m[48;2;118;0;0m▀[0m[38;2;255;0;0m[48;2;228;0;0m▀[0m[38;2;196;0;0m[48;2;52;0;0m▀[0m[38;2;58;0;0m[48;2;98;45;50m▀[0m[38;2;87;44;36m[48;2;75;208;155m▀[0m[38;2;50;182;136m[48;2;58;152;123m▀[0m[38;2;32;62;49m[48;2;26;57;45m▀[0m[38;2;0;0;0m[48;2;60;126;91m▀[0m[38;2;0;5;1m[48;2;1;3;1m▀[0m[38;2;0;0;0m[48;2;0;0;0m▀[0m[38;2;0;0;0m[48;2;7;20;12m▀[0m[38;2;0;3;2m[48;2;0;0;0m▀[0m[38;2;116;173;145m[48;2;101;149;126m▀[0m[38;2;0;0;0m[48;2;55;90;75m▀[0m[38;2;24;0;17m[48;2;99;93;106m▀[0m[38;2;91;107;93m[48;2;140;130;137m▀[0m[38;2;0;151;14m[48;2;0;163;18m▀[0m[38;2;17;142;37m[48;2;6;90;26m▀[0m[38;2;16;131;40m[48;2;10;45;32m▀[0m
