[38;2;0;0;1m[48;2;0;0;0m▀[0m[38;2;0;0;0m[48;2;0;0;0m▀[0m[38;2;0;0;0m[48;2;43;19;0m▀[0m[38;2;115;52;0m[48;2;255;255;255m▀[0m[38;2;255;255;255m[48;2;119;95;108m▀[0m[38;2;73;17;0m[48;2;167;94;0m▀[0m[38;2;141;70;0m[48;2;255;255;0m▀[0m[38;2;117;86;54m[48;2;255;255;0m▀[0m[38;2;255;255;255m[48;2;46;32;37m▀[0m[38;2;139;210;239m[48;2;8;101;141m▀[0m[38;2;0;0;3m[48;2;255;74;73m▀[0m[38;2;115;37;23m[48;2;255;0;0m▀[0m[38;2;37;0;0m[48;2;255;0;0m▀[0m[38;2;0;0;3m[48;2;255;1;0m▀[0m[38;2;0;0;2m[48;2;70;3;2m▀[0m[38;2;0;1;2m[48;2;0;2;3m▀[0m[38;2;0;1;2m[48;2;39;2;2m▀[0m[38;2;0;1;2m[48;2;255;4;2m▀[0m[38;2;46;2;3m[48;2;255;10;3m▀[0m[38;2;41;3;3m[48;2;25;3;3m▀[0m[38;2;0;2;2m[48;2;0;1;2m▀[0m[38;2;0;1;2m[48;2;0;2;1m▀[0m[38;2;0;0;1m[48;2;0;0;0m▀[0m[38;2;0;0;0m[48;2;0;0;0m▀[0m[38;2;0;0;0m[48;2;0;0;0m▀[0m[38;2;0;0;0m[48;2;83;79;12m▀[0m[38;2;59;58;4m[48;2;124;121;18m▀[0m[38;2;162;157;11m[48;2;0;0;0m▀[0m[38;2;0;0;0m[48;2;9;10;1m▀[0m[38;2;27;25;0m[48;2;161;161;129m▀[0m[38;2;140;138;78m[48;2;131;133;148m▀[0m[38;2;87;87;103m[48;2;133;134;140m▀[0m[38;2;0;0;3m[48;2;0;0;0m▀[0m[38;2;0;0;0m[48;2;0;0;0m▀[0m[38;2;185;181;67m[48;2;255;255;75m▀[0m[38;2;0;0;0m[48;2;69;63;20m▀[0m
[38;2;0;0;3m[48;2;0;0;0m▀[0m[38;2;0;0;0m[48;2;0;0;0m▀[0m[38;2;156;170;164m[48;2;152;167;172m▀[0m[38;2;111;155;178m[48;2;255;40;50m▀[0m[38;2;13;0;0m[48;2;9;8;1m▀[0m[38;2;255;255;234m[48;2;0;19;46m▀[0m[38;2;255;255;8m[48;2;174;172;103m▀[0m[38;2;255;255;0m[48;2;173;116;0m▀[0m[38;2;42;6;0m[48;2;11;9;27m▀[0m[38;2;0;0;0m[48;2;0;14;29m▀[0m[38;2;135;9;19m[48;2;0;0;0m▀[0m[38;2;255;14;0m[48;2;0;42;0m▀[0m[38;2;255;3;0m[48;2;0;75;80m▀[0m[38;2;255;0;0m[48;2;36;0;0m▀[0m[38;2;255;8;0m[48;2;255;9;0m▀[0m[38;2;255;6;1m[48;2;255;5;1m▀[0m[38;2;255;5;1m[48;2;90;4;3m▀[0m[38;2;255;5;3m[48;2;0;2;3m▀[0m[38;2;6;2;3m[48;2;0;2;2m▀[0m[38;2;0;1;2m[48;2;0;2;3m▀[0m[38;2;0;2;2m[48;2;0;0;0m▀[0m[38;2;0;0;0m[48;2;0;0;0m▀[0m[38;2;0;0;0m[48;2;0;0;0m▀[0m[38;2;0;0;0m[48;2;16;19;25m▀[0m[38;2;78;77;20m[48;2;101;101;36m▀[0m[38;2;100;101;17m[48;2;0;0;0m▀[0m[38;2;0;0;0m[48;2;17;36;50m▀[0m[38;2;0;0;0m[48;2;58;101;102m▀[0m[38;2;74;79;80m[48;2;17;29;41m▀[0m[38;2;96;104;119m[48;2;70;62;67m▀[0m[38;2;71;69;71m[48;2;89;103;119m▀[0m[38;2;21;21;26m[48;2;125;154;174m▀[0m[38;2;0;0;0m[48;2;56;89;133m▀[0m[38;2;0;0;0m[48;2;56;66;56m▀[0m[38;2;186;174;42m[48;2;147;139;80m▀[0m[38;2;46;49;79m[48;2;134;132;96m▀[0m
[38;2;0;0;0m[48;2;0;0;0m▀[0m[38;2;0;0;3m[48;2;0;0;0m▀[0m[38;2;211;221;226m[48;2;12;27;39m▀[0m[38;2;75;33;35m[48;2;0;0;14m▀[0m[38;2;0;0;0m[48;2;81;0;11m▀[0m[38;2;97;0;0m[48;2;131;17;31m▀[0m[38;2;42;0;0m[48;2;44;0;0m▀[0m[38;2;0;0;0m[48;2;0;0;28m▀[0m[38;2;165;189;209m[48;2;5;55;92m▀[0m[38;2;134;167;154m[48;2;27;94;142m▀[0m[38;2;0;14;39m[48;2;50;85;101m▀[0m[38;2;0;33;57m[48;2;59;77;79m▀[0m[38;2;14;57;60m[48;2;0;0;0m▀[0m[38;2;0;0;0m[48;2;0;0;0m▀[0m[38;2;25;1;4m[48;2;24;5;3m▀[0m[38;2;36;4;3m[48;2;31;5;3m▀[0m[38;2;0;1;2m[48;2;0;1;2m▀[0m[38;2;0;1;2m[48;2;0;2;2m▀[0m[38;2;0;2;2m[48;2;0;0;2m▀[0m[38;2;0;0;3m[48;2;0;0;0m▀[0m[38;2;0;0;0m[48;2;0;0;0m▀[0m[38;2;0;0;0m[48;2;0;0;0m▀[0m[38;2;0;0;0m[48;2;152;155;121m▀[0m[38;2;159;161;98m[48;2;170;203;170m▀[0m[38;2;62;75;40m[48;2;149;171;101m▀[0m[38;2;26;54;29m[48;2;171;223;90m▀[0m[38;2;255;238;184m[48;2;201;0;0m▀[0m[38;2;150;40;54m[48;2;255;67;82m▀[0m[38;2;162;159;179m[48;2;97;172;197m▀[0m[38;2;235;97;103m[48;2;149;182;201m▀[0m[38;2;142;186;210m[48;2;201;233;249m▀[0m[38;2;155;188;212m[48;2;156;195;224m▀[0m[38;2;16;43;93m[48;2;23;41;64m▀[0m[38;2;108;111;56m[48;2;182;171;48m▀[0m[38;2;158;154;94m[48;2;73;71;63m▀[0m[38;2;162;158;100m[48;2;89;89;106m▀[0m
[38;2;0;0;4m[48;2;0;0;5m▀[0m[38;2;0;0;0m[48;2;0;0;0m▀[0m[38;2;0;0;0m[48;2;156;146;27m▀[0m[38;2;12;16;0m[48;2;255;255;180m▀[0m[38;2;69;85;11m[48;2;208;207;154m▀[0m[38;2;0;9;0m[48;2;123;125;72m▀[0m[38;2;5;64;105m[48;2;125;170;128m▀[0m[38;2;11;80;103m[48;2;255;112;48m▀[0m[38;2;0;10;24m[48;2;234;2;0m▀[0m[38;2;0;8;20m[48;2;10;41;46m▀[0m[38;2;0;9;8m[48;2;0;17;35m▀[0m[38;2;0;0;0m[48;2;0;0;0m▀[0m[38;2;0;0;0m[48;2;0;0;0m▀[0m[38;2;0;0;0m[48;2;0;0;0m▀[0m[38;2;28;4;2m[48;2;32;4;3m▀[0m[38;2;21;3;1m[48;2;25;3;3m▀[0m[38;2;0;2;2m[48;2;0;2;2m▀[0m[38;2;0;0;2m[48;2;0;0;2m▀[0m[38;2;0;0;0m[48;2;0;0;0m▀[0m[38;2;0;0;0m[48;2;0;0;0m▀[0m[38;2;0;0;0m[48;2;166;163;34m▀[0m[38;2;194;190;54m[48;2;179;188;159m▀[0m[38;2;133;155;193m[48;2;158;203;110m▀[0m[38;2;182;203;98m[48;2;198;133;17m▀[0m[38;2;217;161;24m[48;2;123;0;0m▀[0m[38;2;0;0;21m[48;2;83;48;65m▀[0m[38;2;195;0;8m[48;2;250;255;255m▀[0m[38;2;133;224;249m[48;2;255;255;255m▀[0m[38;2;248;255;255m[48;2;159;197;213m▀[0m[38;2;236;255;255m[48;2;110;144;167m▀[0m[38;2;175;205;224m[48;2;127;158;182m▀[0m[38;2;118;156;202m[48;2;147;186;236m▀[0m[38;2;78;89;67m[48;2;121;132;89m▀[0m[38;2;123;104;1m[48;2;78;58;0m▀[0m[38;2;39;37;78m[48;2;81;87;113m▀[0m[38;2;17;25;47m[48;2;163;193;185m▀[0m
[38;2;0;0;2m[48;2;0;0;0m▀[0m[38;2;0;0;0m[48;2;3;4;0m▀[0m[38;2;198;188;116m[48;2;215;212;156m▀[0m[38;2;255;255;255m[48;2;162;170;201m▀[0m[38;2;200;211;244m[48;2;129;141;150m▀[0m[38;2;123;138;171m[48;2;142;151;161m▀[0m[38;2;88;164;102m[48;2;0;57;74m▀[0m[38;2;255;0;0m[48;2;120;136;159m▀[0m[38;2;255;0;0m[48;2;255;27;25m▀[0m[38;2;255;0;0m[48;2;255;0;0m▀[0m[38;2;0;69;23m[48;2;23;188;87m▀[0m[38;2;255;40;0m[48;2;240;115;40m▀[0m[38;2;255;0;0m[48;2;255;0;0m▀[0m[38;2;0;0;3m[48;2;246;3;0m▀[0m[38;2;0;0;2m[48;2;0;0;0m▀[0m[38;2;0;2;2m[48;2;0;0;2m▀[0m[38;2;0;2;2m[48;2;0;0;2m▀[0m[38;2;0;0;0m[48;2;0;0;0m▀[0m[38;2;0;0;0m[48;2;0;0;0m▀[0m[38;2;0;0;0m[48;2;105;104;2m▀[0m[38;2;255;255;60m[48;2;193;192;54m▀[0m[38;2;75;93;108m[48;2;9;40;80m▀[0m[38;2;111;105;62m[48;2;135;0;0m▀[0m[38;2;139;0;0m[48;2;232;0;0m▀[0m[38;2;139;95;102m[48;2;255;255;255m▀[0m[38;2;182;231;240m[48;2;81;116;127m▀[0m[38;2;255;255;255m[48;2;77;104;119m▀[0m[38;2;149;188;210m[48;2;116;147;167m▀[0m[38;2;112;146;167m[48;2;164;196;218m▀[0m[38;2;152;180;200m[48;2;158;190;216m▀[0m[38;2;169;200;223m[48;2;77;93;111m▀[0m[38;2;102;139;192m[48;2;0;0;47m▀[0m[38;2;124;127;67m[48;2;110;109;34m▀[0m[38;2;65;52;6m[48;2;75;69;34m▀[0m[38;2;103;104;110m[48;2;48;47;26m▀[0m[38;2;33;27;0m[48;2;0;0;0m▀[0m
[38;2;0;0;0m[48;2;0;0;5m▀[0m[38;2;18;16;0m[48;2;21;20;0m▀[0m[38;2;224;220;148m[48;2;255;198;83m▀[0m[38;2;147;157;197m[48;2;141;154;203m▀[0m[38;2;133;140;146m[48;2;48;54;62m▀[0m[38;2;192;210;220m[48;2;163;169;171m▀[0m[38;2;93;62;63m[48;2;159;173;196m▀[0m[38;2;0;0;0m[48;2;55;67;0m▀[0m[38;2;0;27;43m[48;2;0;26;0m▀[0m[38;2;31;0;0m[48;2;255;3;9m▀[0m[38;2;154;44;33m[48;2;255;0;0m▀[0m[38;2;47;131;87m[48;2;255;0;0m▀[0m[38;2;138;0;0m[48;2;0;108;87m▀[0m[38;2;150;0;0m[48;2;227;40;0m▀[0m[38;2;0;0;0m[48;2;255;0;0m▀[0m[38;2;0;0;0m[48;2;95;0;0m▀[0m[38;2;0;0;0m[48;2;0;0;0m▀[0m[38;2;0;0;0m[48;2;0;0;0m▀[0m[38;2;0;0;0m[48;2;0;0;0m▀[0m[38;2;166;163;21m[48;2;220;212;35m▀[0m[38;2;167;161;40m[48;2;158;167;95m▀[0m[38;2;25;63;111m[48;2;21;13;57m▀[0m[38;2;138;158;185m[48;2;255;255;255m▀[0m[38;2;255;255;255m[48;2;156;185;195m▀[0m[38;2;80;120;127m[48;2;1;26;40m▀[0m[38;2;78;116;136m[48;2;173;210;232m▀[0m[38;2;177;205;224m[48;2;161;193;216m▀[0m[38;2;135;149;163m[48;2;184;219;248m▀[0m[38;2;134;150;162m[48;2;58;73;86m▀[0m[38;2;35;47;62m[48;2;0;6;20m▀[0m[38;2;2;11;26m[48;2;0;0;0m▀[0m[38;2;0;0;11m[48;2;0;0;0m▀[0m[38;2;121;112;19m[48;2;134;120;12m▀[0m[38;2;44;44;32m[48;2;2;5;17m▀[0m[38;2;129;123;40m[48;2;255;255;70m▀[0m[38;2;1;2;5m[48;2;66;65;48m▀[0m
[38;2;0;0;8m[48;2;0;5;16m▀[0m[38;2;0;10;0m[48;2;0;0;0m▀[0m[38;2;255;225;0m[48;2;244;200;11m▀[0m[38;2;143;116;155m[48;2;185;157;182m▀[0m[38;2;126;142;155m[48;2;178;194;211m▀[0m[38;2;46;48;51m[48;2;0;0;0m▀[0m[38;2;144;177;210m[48;2;92;109;127m▀[0m[38;2;142;189;185m[48;2;238;255;255m▀[0m[38;2;72;123;40m[48;2;86;113;131m▀[0m[38;2;230;208;221m[48;2;0;52;67m▀[0m[38;2;255;0;0m[48;2;0;0;0m▀[0m[38;2;249;0;0m[48;2;52;101;0m▀[0m[38;2;1;89;49m[48;2;0;14;31m▀[0m[38;2;113;119;105m[48;2;86;174;218m▀[0m[38;2;255;0;0m[48;2;27;80;121m▀[0m[38;2;255;0;0m[48;2;36;6;0m▀[0m[38;2;0;0;0m[48;2;95;111;0m▀[0m[38;2;0;0;0m[48;2;135;138;33m▀[0m[38;2;39;31;0m[48;2;241;227;88m▀[0m[38;2;255;255;139m[48;2;128;175;170m▀[0m[38;2;66;96;164m[48;2;167;69;93m▀[0m[38;2;166;23;33m[48;2;147;0;0m▀[0m[38;2;255;255;255m[48;2;0;0;0m▀[0m[38;2;0;0;0m[48;2;78;110;126m▀[0m[38;2;169;198;217m[48;2;254;255;255m▀[0m[38;2;186;216;235m[48;2;169;207;232m▀[0m[38;2;169;204;226m[48;2;18;47;74m▀[0m[38;2;29;46;60m[48;2;0;0;0m▀[0m[38;2;0;0;0m[48;2;0;0;0m▀[0m[38;2;0;0;0m[48;2;51;44;0m▀[0m[38;2;0;0;0m[48;2;52;47;0m▀[0m[38;2;0;0;0m[48;2;86;79;21m▀[0m[38;2;204;196;43m[48;2;59;57;51m▀[0m[38;2;52;52;23m[48;2;239;230;71m▀[0m[38;2;255;255;117m[48;2;242;235;133m▀[0m[38;2;88;89;111m[48;2;56;58;123m▀[0m
[38;2;49;52;23m[48;2;0;4;31m▀[0m[38;2;0;1;0m[48;2;0;0;5m▀[0m[38;2;113;95;2m[48;2;149;116;6m▀[0m[38;2;124;126;154m[48;2;16;12;35m▀[0m[38;2;98;110;124m[48;2;0;3;5m▀[0m[38;2;0;0;0m[48;2;59;54;0m▀[0m[38;2;50;55;64m[48;2;28;36;57m▀[0m[38;2;203;198;203m[48;2;169;171;173m▀[0m[38;2;175;161;170m[48;2;127;150;169m▀[0m[38;2;255;255;255m[48;2;116;127;146m▀[0m[38;2;226;209;200m[48;2;167;152;167m▀[0m[38;2;83;89;87m[48;2;139;124;181m▀[0m[38;2;0;10;80m[48;2;195;196;71m▀[0m[38;2;16;33;10m[48;2;246;253;86m▀[0m[38;2;234;255;135m[48;2;135;74;67m▀[0m[38;2;173;178;60m[48;2;109;95;139m▀[0m[38;2;208;211;156m[48;2;86;92;126m▀[0m[38;2;166;178;194m[48;2;158;169;189m▀[0m[38;2;115;124;170m[48;2;242;236;244m▀[0m[38;2;136;143;167m[48;2;144;119;123m▀[0m[38;2;159;164;172m[48;2;148;172;180m▀[0m[38;2;0;0;0m[48;2;103;134;140m▀[0m[38;2;0;0;5m[48;2;161;132;129m▀[0m[38;2;255;255;255m[48;2;235;184;188m▀[0m[38;2;192;241;255m[48;2;100;169;187m▀[0m[38;2;20;88;109m[48;2;129;97;88m▀[0m[38;2;0;0;0m[48;2;255;94;49m▀[0m[38;2;90;78;0m[48;2;253;170;157m▀[0m[38;2;93;97;23m[48;2;33;70;94m▀[0m[38;2;109;110;74m[48;2;12;18;40m▀[0m[38;2;167;179;178m[48;2;70;73;89m▀[0m[38;2;144;166;197m[48;2;33;49;75m▀[0m[38;2;26;26;62m[48;2;89;87;50m▀[0m[38;2;255;255;105m[48;2;203;198;125m▀[0m[38;2;96;96;121m[48;2;79;79;110m▀[0m[38;2;89;89;110m[48;2;100;100;108m▀[0m
[38;2;13;28;39m[48;2;6;19;31m▀[0m[38;2;0;0;13m[48;2;0;0;24m▀[0m[38;2;133;97;0m[48;2;97;77;0m▀[0m[38;2;62;41;39m[48;2;95;63;29m▀[0m[38;2;2;11;0m[48;2;41;49;25m▀[0m[38;2;165;159;118m[48;2;192;193;171m▀[0m[38;2;120;132;155m[48;2;255;255;255m▀[0m[38;2;101;102;112m[48;2;85;95;109m▀[0m[38;2;186;202;218m[48;2;36;36;56m▀[0m[38;2;62;0;0m[48;2;42;28;104m▀[0m[38;2;139;135;198m[48;2;116;119;52m▀[0m[38;2;255;255;148m[48;2;255;255;46m▀[0m[38;2;255;255;51m[48;2;69;72;141m▀[0m[38;2;12;0;48m[48;2;90;56;70m▀[0m[38;2;125;85;109m[48;2;144;113;121m▀[0m[38;2;124;105;115m[48;2;140;150;159m▀[0m[38;2;108;116;124m[48;2;133;144;148m▀[0m[38;2;255;255;255m[48;2;170;178;181m▀[0m[38;2;255;255;255m[48;2;123;125;132m▀[0m[38;2;119;131;136m[48;2;119;127;129m▀[0m[38;2;141;157;164m[48;2;138;162;165m▀[0m[38;2;101;104;108m[48;2;80;59;59m▀[0m[38;2;255;3;0m[48;2;0;0;0m▀[0m[38;2;255;86;70m[48;2;250;173;173m▀[0m[38;2;255;162;154m[48;2;255;255;255m▀[0m[38;2;255;57;42m[48;2;111;0;0m▀[0m[38;2;255;190;192m[48;2;17;0;0m▀[0m[38;2;165;62;65m[48;2;6;0;0m▀[0m[38;2;0;0;0m[48;2;9;18;8m▀[0m[38;2;0;9;17m[48;2;136;147;151m▀[0m[38;2;0;0;0m[48;2;126;129;123m▀[0m[38;2;0;0;0m[48;2;8;8;2m▀[0m[38;2;129;127;81m[48;2;175;173;119m▀[0m[38;2;146;142;127m[48;2;121;123;117m▀[0m[38;2;94;95;110m[48;2;100;103;110m▀[0m[38;2;98;97;103m[48;2;104;103;102m▀[0m
[38;2;0;0;0m[48;2;0;0;0m▀[0m[38;2;0;0;18m[48;2;0;0;12m▀[0m[38;2;113;105;9m[48;2;161;162;21m▀[0m[38;2;182;101;10m[48;2;204;171;14m▀[0m[38;2;19;24;2m[48;2;0;0;0m▀[0m[38;2;192;190;167m[48;2;205;195;119m▀[0m[38;2;255;255;255m[48;2;152;175;216m▀[0m[38;2;85;94;125m[48;2;164;179;197m▀[0m[38;2;0;0;0m[48;2;0;0;0m▀[0m[38;2;135;133;5m[48;2;87;71;0m▀[0m[38;2;255;238;0m[48;2;255;255;103m▀[0m[38;2;180;178;171m[48;2;125;118;179m▀[0m[38;2;113;104;141m[48;2;150;123;126m▀[0m[38;2;134;102;112m[48;2;139;109;117m▀[0m[38;2;139;135;146m[48;2;140;158;165m▀[0m[38;2;140;154;161m[48;2;139;143;147m▀[0m[38;2;141;143;148m[48;2;139;143;148m▀[0m[38;2;126;128;134m[48;2;139;143;147m▀[0m[38;2;133;136;140m[48;2;138;146;144m▀[0m[38;2;139;141;144m[48;2;149;157;159m▀[0m[38;2;125;144;148m[48;2;129;144;149m▀[0m[38;2;156;151;149m[48;2;105;113;117m▀[0m[38;2;255;255;255m[48;2;216;236;228m▀[0m[38;2;255;255;255m[48;2;224;209;200m▀[0m[38;2;255;255;255m[48;2;97;83;81m▀[0m[38;2;14;0;0m[48;2;25;64;69m▀[0m[38;2;255;243;230m[48;2;92;112;116m▀[0m[38;2;82;105;101m[48;2;50;56;51m▀[0m[38;2;172;182;180m[48;2;174;184;182m▀[0m[38;2;255;255;255m[48;2;56;64;85m▀[0m[38;2;117;117;108m[48;2;0;0;0m▀[0m[38;2;72;74;48m[48;2;108;112;82m▀[0m[38;2;188;186;115m[48;2;170;170;81m▀[0m[38;2;111;105;116m[48;2;103;101;115m▀[0m[38;2;96;102;104m[48;2;102;101;102m▀[0m[38;2;102;101;100m[48;2;101;100;98m▀[0m
[38;2;78;73;21m[48;2;193;173;19m▀[0m[38;2;0;0;14m[48;2;83;97;23m▀[0m[38;2;166;157;11m[48;2;71;83;27m▀[0m[38;2;142;138;37m[48;2;0;0;6m▀[0m[38;2;0;0;2m[48;2;0;0;18m▀[0m[38;2;158;118;0m[48;2;18;0;0m▀[0m[38;2;223;197;202m[48;2;255;109;26m▀[0m[38;2;170;185;220m[48;2;167;109;31m▀[0m[38;2;0;0;29m[48;2;10;11;0m▀[0m[38;2;34;32;0m[48;2;161;156;34m▀[0m[38;2;196;210;188m[48;2;166;181;202m▀[0m[38;2;136;121;158m[48;2;149;105;117m▀[0m[38;2;141;136;142m[48;2;140;147;151m▀[0m[38;2;140;128;133m[48;2;132;144;147m▀[0m[38;2;135;143;148m[48;2;144;150;158m▀[0m[38;2;134;142;147m[48;2;175;184;189m▀[0m[38;2;138;143;146m[48;2;128;132;135m▀[0m[38;2;136;146;144m[48;2;142;147;150m▀[0m[38;2;151;157;158m[48;2;151;158;161m▀[0m[38;2;139;147;154m[48;2;12;18;18m▀[0m[38;2;8;12;18m[48;2;57;65;69m▀[0m[38;2;161;187;192m[48;2;180;215;224m▀[0m[38;2;144;82;81m[48;2;205;5;0m▀[0m[38;2;121;82;83m[48;2;149;102;97m▀[0m[38;2;119;94;97m[48;2;201;228;238m▀[0m[38;2;0;0;0m[48;2;255;255;255m▀[0m[38;2;0;0;0m[48;2;154;162;163m▀[0m[38;2;127;133;135m[48;2;0;0;0m▀[0m[38;2;73;75;77m[48;2;0;0;0m▀[0m[38;2;0;0;0m[48;2;9;12;20m▀[0m[38;2;23;21;18m[48;2;0;0;20m▀[0m[38;2;48;41;0m[48;2;3;0;0m▀[0m[38;2;165;162;74m[48;2;186;178;88m▀[0m[38;2;100;98;118m[48;2;90;95;116m▀[0m[38;2;102;100;102m[48;2;100;98;102m▀[0m[38;2;100;98;96m[48;2;98;96;95m▀[0m
[38;2;165;150;0m[48;2;181;196;0m▀[0m[38;2;189;182;80m[48;2;215;0;0m▀[0m[38;2;240;255;255m[48;2;190;158;205m▀[0m[38;2;47;67;94m[48;2;210;255;255m▀[0m[38;2;2;9;25m[48;2;169;181;196m▀[0m[38;2;0;0;2m[48;2;0;0;0m▀[0m[38;2;0;0;0m[48;2;0;0;12m▀[0m[38;2;0;0;0m[48;2;0;0;0m▀[0m[38;2;0;0;0m[48;2;8;4;0m▀[0m[38;2;186;180;100m[48;2;198;195;135m▀[0m[38;2;152;164;195m[48;2;144;156;186m▀[0m[38;2;135;109;112m[48;2;135;151;157m▀[0m[38;2;140;144;151m[48;2;134;142;146m▀[0m[38;2;113;118;124m[48;2;117;125;131m▀[0m[38;2;217;227;233m[48;2;223;234;238m▀[0m[38;2;194;201;202m[48;2;136;144;150m▀[0m[38;2;116;119;123m[48;2;121;129;135m▀[0m[38;2;144;151;152m[48;2;135;144;143m▀[0m[38;2;131;138;138m[48;2;157;162;166m▀[0m[38;2;60;69;74m[48;2;127;135;136m▀[0m[38;2;104;117;128m[48;2;0;13;4m▀[0m[38;2;98;119;132m[48;2;60;48;55m▀[0m[38;2;219;71;58m[48;2;210;133;118m▀[0m[38;2;74;69;69m[48;2;0;11;16m▀[0m[38;2;37;51;57m[48;2;16;32;35m▀[0m[38;2;243;228;227m[48;2;128;147;154m▀[0m[38;2;179;195;202m[48;2;156;167;171m▀[0m[38;2;156;165;174m[48;2;255;255;255m▀[0m[38;2;0;0;0m[48;2;80;85;89m▀[0m[38;2;5;6;13m[48;2;0;0;0m▀[0m[38;2;0;3;25m[48;2;0;5;27m▀[0m[38;2;17;17;11m[48;2;16;19;9m▀[0m[38;2;187;179;88m[48;2;180;170;77m▀[0m[38;2;93;93;113m[48;2;92;90;110m▀[0m[38;2;98;97;101m[48;2;98;95;98m▀[0m[38;2;96;94;94m[48;2;90;88;92m▀[0m
