[38;2;0;0;0m[48;2;0;0;0m▀[0m[38;2;31;11;0m[48;2;0;0;0m▀[0m[38;2;255;255;255m[48;2;255;255;238m▀[0m[38;2;27;14;0m[48;2;0;0;0m▀[0m[38;2;0;0;0m[48;2;0;0;0m▀[0m[38;2;34;15;0m[48;2;60;35;0m▀[0m[38;2;116;68;0m[48;2;84;41;0m▀[0m[38;2;68;47;3m[48;2;118;70;0m▀[0m[38;2;36;33;0m[48;2;0;0;5m▀[0m[38;2;27;1;0m[48;2;117;81;48m▀[0m[38;2;132;97;56m[48;2;255;255;255m▀[0m[38;2;24;13;0m[48;2;161;163;170m▀[0m[38;2;0;0;0m[48;2;41;39;42m▀[0m[38;2;10;0;0m[48;2;84;78;62m▀[0m[38;2;22;0;0m[48;2;85;69;53m▀[0m[38;2;24;0;0m[48;2;70;54;30m▀[0m[38;2;0;0;0m[48;2;176;167;152m▀[0m[38;2;7;0;0m[48;2;200;197;170m▀[0m[38;2;46;1;0m[48;2;197;185;141m▀[0m[38;2;0;0;0m[48;2;136;118;95m▀[0m[38;2;37;6;0m[48;2;56;39;18m▀[0m[38;2;31;5;0m[48;2;96;83;69m▀[0m[38;2;26;8;0m[48;2;106;93;81m▀[0m[38;2;14;1;0m[48;2;102;97;85m▀[0m[38;2;0;0;0m[48;2;44;43;57m▀[0m[38;2;43;34;5m[48;2;186;190;196m▀[0m[38;2;140;93;69m[48;2;255;255;255m▀[0m[38;2;2;0;0m[48;2;62;42;23m▀[0m[38;2;61;57;0m[48;2;0;0;0m▀[0m[38;2;104;73;4m[48;2;115;63;0m▀[0m[38;2;115;79;7m[48;2;90;52;0m▀[0m[38;2;116;64;0m[48;2;107;60;0m▀[0m[38;2;0;0;14m[48;2;0;0;16m▀[0m[38;2;21;19;8m[48;2;0;0;1m▀[0m[38;2;50;32;1m[48;2;0;0;0m▀[0m[38;2;65;37;0m[48;2;0;0;0m▀[0m
[38;2;0;0;0m[48;2;52;61;70m▀[0m[38;2;0;0;0m[48;2;0;0;0m▀[0m[38;2;255;244;107m[48;2;255;252;147m▀[0m[38;2;0;1;0m[48;2;27;32;37m▀[0m[38;2;0;0;0m[48;2;0;0;0m▀[0m[38;2;103;79;29m[48;2;111;95;56m▀[0m[38;2;105;63;5m[48;2;104;73;17m▀[0m[38;2;111;59;0m[48;2;114;70;0m▀[0m[38;2;0;0;3m[48;2;0;0;0m▀[0m[38;2;9;16;18m[48;2;0;0;0m▀[0m[38;2;255;250;227m[48;2;154;85;56m▀[0m[38;2;255;255;255m[48;2;255;255;255m▀[0m[38;2;0;0;0m[48;2;132;128;133m▀[0m[38;2;0;0;0m[48;2;0;0;0m▀[0m[38;2;0;0;0m[48;2;122;121;117m▀[0m[38;2;179;179;171m[48;2;255;255;255m▀[0m[38;2;255;255;255m[48;2;255;255;255m▀[0m[38;2;255;255;255m[48;2;152;159;165m▀[0m[38;2;255;255;255m[48;2;100;110;109m▀[0m[38;2;255;255;255m[48;2;255;255;255m▀[0m[38;2;152;144;130m[48;2;255;255;255m▀[0m[38;2;0;0;0m[48;2;92;87;75m▀[0m[38;2;0;0;0m[48;2;0;0;0m▀[0m[38;2;0;0;0m[48;2;0;0;0m▀[0m[38;2;0;0;0m[48;2;169;167;163m▀[0m[38;2;255;255;255m[48;2;255;255;255m▀[0m[38;2;215;166;142m[48;2;86;45;18m▀[0m[38;2;0;0;15m[48;2;0;0;0m▀[0m[38;2;0;0;8m[48;2;0;0;0m▀[0m[38;2;121;64;0m[48;2;131;79;0m▀[0m[38;2;100;57;0m[48;2;77;37;0m▀[0m[38;2;93;49;0m[48;2;108;52;0m▀[0m[38;2;0;0;16m[48;2;0;0;10m▀[0m[38;2;0;3;10m[48;2;26;36;45m▀[0m[38;2;7;10;12m[48;2;63;61;64m▀[0m[38;2;14;16;14m[48;2;58;65;66m▀[0m
[38;2;20;26;35m[48;2;0;0;0m▀[0m[38;2;0;0;16m[48;2;0;0;12m▀[0m[38;2;255;246;178m[48;2;255;242;134m▀[0m[38;2;0;0;0m[48;2;0;0;0m▀[0m[38;2;0;0;0m[48;2;0;0;0m▀[0m[38;2;120;98;36m[48;2;109;84;28m▀[0m[38;2;147;102;17m[48;2;255;255;241m▀[0m[38;2;97;50;0m[48;2;137;86;15m▀[0m[38;2;0;0;0m[48;2;0;0;0m▀[0m[38;2;0;0;0m[48;2;0;0;0m▀[0m[38;2;52;25;12m[48;2;0;0;1m▀[0m[38;2;255;166;106m[48;2;177;101;62m▀[0m[38;2;234;212;202m[48;2;255;253;228m▀[0m[38;2;0;0;0m[48;2;0;0;0m▀[0m[38;2;255;255;255m[48;2;185;201;207m▀[0m[38;2;255;255;255m[48;2;132;136;136m▀[0m[38;2;107;64;0m[48;2;78;82;110m▀[0m[38;2;0;0;0m[48;2;23;26;25m▀[0m[38;2;0;0;0m[48;2;67;70;63m▀[0m[38;2;56;54;40m[48;2;156;164;188m▀[0m[38;2;234;238;243m[48;2;25;31;45m▀[0m[38;2;246;248;251m[48;2;255;255;255m▀[0m[38;2;0;0;0m[48;2;0;0;0m▀[0m[38;2;0;0;0m[48;2;18;17;18m▀[0m[38;2;255;255;255m[48;2;255;255;255m▀[0m[38;2;255;154;96m[48;2;139;74;36m▀[0m[38;2;52;47;45m[48;2;0;17;22m▀[0m[38;2;0;0;0m[48;2;0;0;0m▀[0m[38;2;0;0;0m[48;2;0;0;0m▀[0m[38;2;119;66;0m[48;2;117;80;20m▀[0m[38;2;161;116;31m[48;2;255;255;255m▀[0m[38;2;199;147;48m[48;2;216;167;62m▀[0m[38;2;0;0;0m[48;2;0;0;0m▀[0m[38;2;0;0;0m[48;2;0;0;5m▀[0m[38;2;0;0;0m[48;2;0;0;0m▀[0m[38;2;0;0;0m[48;2;1;0;0m▀[0m
[38;2;0;0;0m[48;2;0;0;0m▀[0m[38;2;0;8;30m[48;2;0;16;45m▀[0m[38;2;255;213;6m[48;2;255;212;0m▀[0m[38;2;0;0;0m[48;2;0;0;0m▀[0m[38;2;0;0;0m[48;2;0;0;0m▀[0m[38;2;107;85;31m[48;2;117;107;65m▀[0m[38;2;219;177;82m[48;2;113;81;17m▀[0m[38;2;159;143;104m[48;2;49;25;7m▀[0m[38;2;0;0;0m[48;2;0;0;0m▀[0m[38;2;0;0;0m[48;2;0;0;0m▀[0m[38;2;0;0;0m[48;2;0;0;0m▀[0m[38;2;100;65;40m[48;2;28;20;11m▀[0m[38;2;255;225;180m[48;2;240;157;106m▀[0m[38;2;137;139;137m[48;2;255;251;230m▀[0m[38;2;50;63;80m[48;2;183;202;168m▀[0m[38;2;70;77;91m[48;2;212;203;170m▀[0m[38;2;84;81;46m[48;2;8;0;0m▀[0m[38;2;200;169;45m[48;2;16;2;0m▀[0m[38;2;167;156;79m[48;2;44;32;0m▀[0m[38;2;44;36;0m[48;2;0;0;0m▀[0m[38;2;91;86;70m[48;2;145;145;152m▀[0m[38;2;255;255;255m[48;2;255;250;19m▀[0m[38;2;206;212;174m[48;2;134;140;13m▀[0m[38;2;227;212;216m[48;2;255;255;255m▀[0m[38;2;255;201;157m[48;2;197;127;84m▀[0m[38;2;64;53;42m[48;2;0;0;0m▀[0m[38;2;0;0;0m[48;2;0;0;0m▀[0m[38;2;0;0;0m[48;2;0;0;0m▀[0m[38;2;0;0;0m[48;2;0;0;11m▀[0m[38;2;119;93;56m[48;2;69;65;48m▀[0m[38;2;154;108;36m[48;2;126;65;0m▀[0m[38;2;209;163;54m[48;2;212;171;64m▀[0m[38;2;0;0;0m[48;2;0;0;0m▀[0m[38;2;0;0;3m[48;2;0;0;2m▀[0m[38;2;0;0;0m[48;2;0;0;0m▀[0m[38;2;2;2;2m[48;2;2;2;2m▀[0m
[38;2;0;0;0m[48;2;0;0;0m▀[0m[38;2;0;21;55m[48;2;0;24;61m▀[0m[38;2;255;213;3m[48;2;255;205;0m▀[0m[38;2;0;0;0m[48;2;0;0;0m▀[0m[38;2;0;0;0m[48;2;0;0;0m▀[0m[38;2;116;107;67m[48;2;120;108;64m▀[0m[38;2;148;103;21m[48;2;156;101;18m▀[0m[38;2;163;97;0m[48;2;230;149;0m▀[0m[38;2;0;0;0m[48;2;0;0;0m▀[0m[38;2;0;0;0m[48;2;0;0;0m▀[0m[38;2;19;27;26m[48;2;19;22;18m▀[0m[38;2;36;54;59m[48;2;0;0;0m▀[0m[38;2;164;101;64m[48;2;44;30;22m▀[0m[38;2;255;227;201m[48;2;239;161;120m▀[0m[38;2;181;184;96m[48;2;255;201;175m▀[0m[38;2;192;204;178m[48;2;200;211;223m▀[0m[38;2;76;74;0m[48;2;6;35;29m▀[0m[38;2;85;38;0m[48;2;27;0;0m▀[0m[38;2;182;104;38m[48;2;199;93;57m▀[0m[38;2;67;33;0m[48;2;2;0;0m▀[0m[38;2;130;145;138m[48;2;59;85;103m▀[0m[38;2;111;111;35m[48;2;255;233;228m▀[0m[38;2;209;203;214m[48;2;239;139;92m▀[0m[38;2;255;181;146m[48;2;215;143;96m▀[0m[38;2;114;79;59m[48;2;0;0;0m▀[0m[38;2;0;0;0m[48;2;0;0;0m▀[0m[38;2;0;0;0m[48;2;1;0;0m▀[0m[38;2;0;0;0m[48;2;0;0;0m▀[0m[38;2;0;0;0m[48;2;0;0;0m▀[0m[38;2;122;69;0m[48;2;165;109;29m▀[0m[38;2;164;95;0m[48;2;165;105;14m▀[0m[38;2;201;159;58m[48;2;192;154;63m▀[0m[38;2;0;0;0m[48;2;0;0;0m▀[0m[38;2;0;0;3m[48;2;0;0;3m▀[0m[38;2;0;0;0m[48;2;0;0;0m▀[0m[38;2;2;2;2m[48;2;1;3;3m▀[0m
[38;2;0;0;0m[48;2;0;0;0m▀[0m[38;2;0;24;60m[48;2;0;25;47m▀[0m[38;2;255;202;0m[48;2;255;237;81m▀[0m[38;2;0;0;0m[48;2;0;0;2m▀[0m[38;2;0;0;0m[48;2;0;0;0m▀[0m[38;2;122;109;62m[48;2;131;127;85m▀[0m[38;2;176;125;48m[48;2;179;159;99m▀[0m[38;2;251;211;129m[48;2;255;227;154m▀[0m[38;2;0;0;0m[48;2;0;0;0m▀[0m[38;2;0;0;0m[48;2;0;0;0m▀[0m[38;2;0;0;0m[48;2;3;0;0m▀[0m[38;2;0;0;0m[48;2;2;0;0m▀[0m[38;2;0;0;0m[48;2;0;0;0m▀[0m[38;2;182;118;74m[48;2;61;27;9m▀[0m[38;2;212;78;13m[48;2;235;114;55m▀[0m[38;2;255;217;180m[48;2;255;200;166m▀[0m[38;2;199;186;180m[48;2;255;255;255m▀[0m[38;2;146;59;17m[48;2;255;255;255m▀[0m[38;2;186;82;25m[48;2;204;141;98m▀[0m[38;2;129;57;15m[48;2;255;255;255m▀[0m[38;2;255;255;255m[48;2;255;255;255m▀[0m[38;2;250;170;118m[48;2;255;204;172m▀[0m[38;2;216;78;11m[48;2;223;116;57m▀[0m[38;2;126;83;52m[48;2;7;16;11m▀[0m[38;2;0;0;0m[48;2;0;0;0m▀[0m[38;2;6;5;0m[48;2;5;6;0m▀[0m[38;2;0;0;0m[48;2;5;9;4m▀[0m[38;2;0;0;0m[48;2;0;0;0m▀[0m[38;2;0;0;0m[48;2;0;0;0m▀[0m[38;2;197;154;88m[48;2;209;174;133m▀[0m[38;2;176;122;29m[48;2;185;154;104m▀[0m[38;2;179;139;38m[48;2;181;145;50m▀[0m[38;2;0;0;0m[48;2;0;0;0m▀[0m[38;2;0;0;3m[48;2;0;0;3m▀[0m[38;2;0;0;0m[48;2;0;0;0m▀[0m[38;2;0;3;2m[48;2;0;3;2m▀[0m
[38;2;0;0;0m[48;2;0;0;0m▀[0m[38;2;0;24;50m[48;2;0;21;55m▀[0m[38;2;255;213;47m[48;2;167;116;5m▀[0m[38;2;0;0;0m[48;2;0;0;0m▀[0m[38;2;0;0;0m[48;2;0;0;10m▀[0m[38;2;122;97;7m[48;2;70;35;0m▀[0m[38;2;174;139;39m[48;2;135;86;16m▀[0m[38;2;255;235;163m[48;2;255;246;180m▀[0m[38;2;0;0;0m[48;2;0;0;0m▀[0m[38;2;0;0;0m[48;2;0;0;0m▀[0m[38;2;6;0;0m[48;2;14;13;9m▀[0m[38;2;2;0;0m[48;2;5;5;0m▀[0m[38;2;0;0;0m[48;2;0;0;0m▀[0m[38;2;0;0;0m[48;2;5;28;35m▀[0m[38;2;160;118;91m[48;2;89;65;54m▀[0m[38;2;255;179;133m[48;2;255;196;157m▀[0m[38;2;235;177;157m[48;2;195;132;89m▀[0m[38;2;255;255;255m[48;2;218;171;139m▀[0m[38;2;255;255;255m[48;2;255;255;255m▀[0m[38;2;252;248;244m[48;2;228;196;179m▀[0m[38;2;222;157;131m[48;2;189;123;88m▀[0m[38;2;255;179;134m[48;2;255;204;170m▀[0m[38;2;154;119;94m[48;2;54;30;16m▀[0m[38;2;0;0;0m[48;2;0;0;0m▀[0m[38;2;0;0;0m[48;2;0;2;0m▀[0m[38;2;0;1;0m[48;2;3;2;0m▀[0m[38;2;15;13;16m[48;2;0;0;1m▀[0m[38;2;19;23;29m[48;2;0;0;0m▀[0m[38;2;0;0;0m[48;2;0;0;0m▀[0m[38;2;206;172;140m[48;2;207;180;143m▀[0m[38;2;202;176;107m[48;2;181;149;85m▀[0m[38;2;195;141;0m[48;2;116;38;0m▀[0m[38;2;0;0;0m[48;2;0;0;14m▀[0m[38;2;0;0;5m[48;2;0;0;2m▀[0m[38;2;0;0;0m[48;2;0;1;2m▀[0m[38;2;1;3;1m[48;2;0;2;2m▀[0m
[38;2;0;0;0m[48;2;0;0;0m▀[0m[38;2;0;29;57m[48;2;0;33;61m▀[0m[38;2;130;86;0m[48;2;141;97;2m▀[0m[38;2;0;0;0m[48;2;0;0;0m▀[0m[38;2;0;0;16m[48;2;0;0;15m▀[0m[38;2;66;35;0m[48;2;67;39;0m▀[0m[38;2;126;79;19m[48;2;121;77;16m▀[0m[38;2;255;250;187m[48;2;255;244;182m▀[0m[38;2;0;0;0m[48;2;0;0;0m▀[0m[38;2;0;0;0m[48;2;0;0;0m▀[0m[38;2;2;0;0m[48;2;0;0;0m▀[0m[38;2;5;2;2m[48;2;6;5;2m▀[0m[38;2;0;0;0m[48;2;0;1;0m▀[0m[38;2;0;0;0m[48;2;0;0;0m▀[0m[38;2;0;0;0m[48;2;0;0;0m▀[0m[38;2;209;125;83m[48;2;213;135;80m▀[0m[38;2;233;180;150m[48;2;220;153;108m▀[0m[38;2;255;255;255m[48;2;181;116;73m▀[0m[38;2;236;214;192m[48;2;209;159;123m▀[0m[38;2;255;255;255m[48;2;255;221;189m▀[0m[38;2;240;210;198m[48;2;214;151;111m▀[0m[38;2;206;118;71m[48;2;232;150;105m▀[0m[38;2;9;0;0m[48;2;14;6;0m▀[0m[38;2;0;0;0m[48;2;0;0;0m▀[0m[38;2;0;0;0m[48;2;1;0;0m▀[0m[38;2;6;1;0m[48;2;6;4;1m▀[0m[38;2;0;0;0m[48;2;0;0;0m▀[0m[38;2;0;0;0m[48;2;0;0;0m▀[0m[38;2;0;0;0m[48;2;0;0;0m▀[0m[38;2;207;181;133m[48;2;203;180;136m▀[0m[38;2;177;139;81m[48;2;172;138;74m▀[0m[38;2;105;33;0m[48;2;119;49;0m▀[0m[38;2;0;0;20m[48;2;0;0;20m▀[0m[38;2;0;0;3m[48;2;0;0;7m▀[0m[38;2;0;0;0m[48;2;0;0;0m▀[0m[38;2;0;3;2m[48;2;2;2;2m▀[0m
[38;2;0;0;0m[48;2;0;0;0m▀[0m[38;2;0;31;60m[48;2;0;29;55m▀[0m[38;2;147;95;0m[48;2;150;93;1m▀[0m[38;2;0;0;0m[48;2;0;0;0m▀[0m[38;2;0;0;16m[48;2;0;0;16m▀[0m[38;2;67;36;0m[48;2;70;46;0m▀[0m[38;2;132;82;17m[48;2;151;103;23m▀[0m[38;2;255;237;179m[48;2;248;224;172m▀[0m[38;2;0;0;0m[48;2;0;0;0m▀[0m[38;2;0;0;0m[48;2;0;0;0m▀[0m[38;2;0;0;0m[48;2;0;0;0m▀[0m[38;2;6;5;2m[48;2;5;5;3m▀[0m[38;2;6;7;0m[48;2;9;9;6m▀[0m[38;2;0;0;0m[48;2;0;0;0m▀[0m[38;2;0;0;0m[48;2;0;0;0m▀[0m[38;2;164;107;74m[48;2;14;0;0m▀[0m[38;2;232;157;101m[48;2;229;155;105m▀[0m[38;2;174;115;72m[48;2;173;124;94m▀[0m[38;2;175;126;97m[48;2;171;119;89m▀[0m[38;2;173;119;76m[48;2;173;126;96m▀[0m[38;2;208;135;80m[48;2;206;142;99m▀[0m[38;2;222;145;100m[48;2;143;89;49m▀[0m[38;2;0;0;0m[48;2;0;0;0m▀[0m[38;2;0;0;0m[48;2;0;0;0m▀[0m[38;2;0;0;0m[48;2;0;0;0m▀[0m[38;2;3;3;1m[48;2;0;0;2m▀[0m[38;2;0;1;2m[48;2;0;0;0m▀[0m[38;2;0;4;10m[48;2;0;0;2m▀[0m[38;2;0;0;0m[48;2;0;0;0m▀[0m[38;2;198;177;133m[48;2;197;173;123m▀[0m[38;2;175;139;72m[48;2;179;139;66m▀[0m[38;2;121;50;0m[48;2;123;52;0m▀[0m[38;2;0;0;22m[48;2;0;0;25m▀[0m[38;2;0;1;4m[48;2;0;1;4m▀[0m[38;2;0;0;0m[48;2;0;0;0m▀[0m[38;2;1;1;1m[48;2;2;2;2m▀[0m
[38;2;0;0;0m[48;2;0;0;0m▀[0m[38;2;0;25;51m[48;2;0;22;45m▀[0m[38;2;148;94;3m[48;2;142;90;1m▀[0m[38;2;0;0;0m[48;2;0;0;0m▀[0m[38;2;0;0;16m[48;2;0;0;22m▀[0m[38;2;69;50;0m[48;2;68;50;0m▀[0m[38;2;159;117;26m[48;2;163;119;27m▀[0m[38;2;237;211;155m[48;2;235;204;161m▀[0m[38;2;0;0;0m[48;2;0;0;0m▀[0m[38;2;0;0;0m[48;2;0;0;0m▀[0m[38;2;0;0;0m[48;2;0;0;0m▀[0m[38;2;0;0;2m[48;2;0;0;0m▀[0m[38;2;0;0;0m[48;2;0;0;0m▀[0m[38;2;0;0;0m[48;2;0;0;0m▀[0m[38;2;0;0;0m[48;2;0;0;0m▀[0m[38;2;60;47;47m[48;2;255;255;255m▀[0m[38;2;245;186;147m[48;2;255;229;210m▀[0m[38;2;173;114;76m[48;2;154;80;40m▀[0m[38;2;154;66;29m[48;2;212;147;125m▀[0m[38;2;169;104;70m[48;2;220;167;139m▀[0m[38;2;204;135;88m[48;2;174;105;58m▀[0m[38;2;211;165;138m[48;2;255;255;255m▀[0m[38;2;0;0;0m[48;2;125;141;156m▀[0m[38;2;0;0;0m[48;2;0;0;0m▀[0m[38;2;0;0;0m[48;2;0;0;0m▀[0m[38;2;1;1;1m[48;2;0;0;0m▀[0m[38;2;0;0;0m[48;2;0;0;2m▀[0m[38;2;0;0;0m[48;2;0;0;1m▀[0m[38;2;0;0;0m[48;2;0;0;0m▀[0m[38;2;195;170;121m[48;2;195;175;120m▀[0m[38;2;175;136;62m[48;2;177;138;61m▀[0m[38;2;122;48;0m[48;2;119;47;0m▀[0m[38;2;0;0;22m[48;2;0;0;20m▀[0m[38;2;0;0;3m[48;2;0;0;3m▀[0m[38;2;0;0;0m[48;2;0;0;0m▀[0m[38;2;2;2;2m[48;2;1;1;2m▀[0m
[38;2;0;0;0m[48;2;0;0;0m▀[0m[38;2;0;19;38m[48;2;0;12;30m▀[0m[38;2;141;87;0m[48;2;143;86;0m▀[0m[38;2;0;0;0m[48;2;0;0;0m▀[0m[38;2;0;0;22m[48;2;0;0;22m▀[0m[38;2;69;51;0m[48;2;67;51;9m▀[0m[38;2;164;118;32m[48;2;164;112;0m▀[0m[38;2;225;195;162m[48;2;239;172;31m▀[0m[38;2;0;0;0m[48;2;0;0;0m▀[0m[38;2;0;0;0m[48;2;0;0;0m▀[0m[38;2;0;0;0m[48;2;0;0;0m▀[0m[38;2;0;0;0m[48;2;0;0;0m▀[0m[38;2;0;0;0m[48;2;31;38;43m▀[0m[38;2;0;0;0m[48;2;0;0;7m▀[0m[38;2;110;106;102m[48;2;189;160;139m▀[0m[38;2;255;255;255m[48;2;216;132;78m▀[0m[38;2;175;125;87m[48;2;170;117;80m▀[0m[38;2;186;117;69m[48;2;198;134;90m▀[0m[38;2;187;110;75m[48;2;214;128;59m▀[0m[38;2;185;115;81m[48;2;188;117;68m▀[0m[38;2;171;106;66m[48;2;180;129;96m▀[0m[38;2;255;223;194m[48;2;169;95;58m▀[0m[38;2;255;237;216m[48;2;239;153;109m▀[0m[38;2;0;0;0m[48;2;0;9;16m▀[0m[38;2;0;0;0m[48;2;0;0;2m▀[0m[38;2;0;0;0m[48;2;29;36;37m▀[0m[38;2;0;0;0m[48;2;0;0;0m▀[0m[38;2;0;0;0m[48;2;0;0;0m▀[0m[38;2;0;0;0m[48;2;0;0;0m▀[0m[38;2;197;165;108m[48;2;197;137;29m▀[0m[38;2;172;131;54m[48;2;171;110;5m▀[0m[38;2;129;58;0m[48;2;132;67;0m▀[0m[38;2;0;0;26m[48;2;0;0;27m▀[0m[38;2;0;0;3m[48;2;0;0;3m▀[0m[38;2;0;0;0m[48;2;0;0;0m▀[0m[38;2;2;2;2m[48;2;1;1;1m▀[0m
[38;2;0;0;0m[48;2;0;0;0m▀[0m[38;2;0;7;24m[48;2;0;4;12m▀[0m[38;2;142;85;0m[48;2;135;84;2m▀[0m[38;2;0;0;0m[48;2;0;0;0m▀[0m[38;2;0;0;22m[48;2;0;0;20m▀[0m[38;2;72;59;9m[48;2;79;67;28m▀[0m[38;2;162;109;0m[48;2;165;118;17m▀[0m[38;2;239;155;0m[48;2;225;153;0m▀[0m[38;2;0;0;0m[48;2;0;0;0m▀[0m[38;2;0;0;0m[48;2;0;0;1m▀[0m[38;2;0;0;0m[48;2;0;0;0m▀[0m[38;2;0;0;0m[48;2;0;0;0m▀[0m[38;2;0;0;0m[48;2;0;0;0m▀[0m[38;2;23;44;57m[48;2;50;58;62m▀[0m[38;2;237;195;168m[48;2;255;232;202m▀[0m[38;2;213;133;83m[48;2;168;100;62m▀[0m[38;2;194;137;93m[48;2;184;127;93m▀[0m[38;2;174;127;95m[48;2;181;128;98m▀[0m[38;2;207;147;87m[48;2;173;125;91m▀[0m[38;2;194;141;88m[48;2;177;123;94m▀[0m[38;2;179;128;99m[48;2;181;126;92m▀[0m[38;2;177;116;73m[48;2;189;127;80m▀[0m[38;2;255;179;133m[48;2;235;165;118m▀[0m[38;2;111;109;107m[48;2;225;208;197m▀[0m[38;2;12;33;46m[48;2;0;0;0m▀[0m[38;2;2;5;7m[48;2;0;0;0m▀[0m[38;2;0;0;0m[48;2;0;0;0m▀[0m[38;2;0;0;0m[48;2;0;0;0m▀[0m[38;2;0;0;0m[48;2;0;0;0m▀[0m[38;2;193;132;0m[48;2;185;128;7m▀[0m[38;2;163;99;0m[48;2;169;115;7m▀[0m[38;2;121;54;0m[48;2;140;80;0m▀[0m[38;2;0;0;26m[48;2;0;0;21m▀[0m[38;2;0;0;3m[48;2;0;0;3m▀[0m[38;2;0;0;0m[48;2;0;0;0m▀[0m[38;2;1;1;2m[48;2;2;2;2m▀[0m
