[38;2;0;0;0m[48;2;0;0;0m▀[0m[38;2;0;0;0m[48;2;9;44;48m▀[0m[38;2;0;0;0m[48;2;0;0;0m▀[0m[38;2;158;255;255m[48;2;0;14;16m▀[0m[38;2;209;250;248m[48;2;143;221;224m▀[0m[38;2;0;0;0m[48;2;29;26;21m▀[0m[38;2;2;10;8m[48;2;0;0;0m▀[0m[38;2;0;3;2m[48;2;0;4;1m▀[0m[38;2;11;21;20m[48;2;0;12;9m▀[0m[38;2;10;17;16m[48;2;6;14;13m▀[0m[38;2;9;18;17m[48;2;10;13;17m▀[0m[38;2;10;20;19m[48;2;10;19;18m▀[0m[38;2;9;18;17m[48;2;10;21;20m▀[0m[38;2;10;24;18m[48;2;10;18;17m▀[0m[38;2;8;16;13m[48;2;10;19;17m▀[0m[38;2;0;0;0m[48;2;9;18;16m▀[0m[38;2;2;5;4m[48;2;0;0;0m▀[0m[38;2;14;31;28m[48;2;0;0;0m▀[0m[38;2;4;21;18m[48;2;12;27;24m▀[0m[38;2;0;0;0m[48;2;0;0;0m▀[0m[38;2;208;204;201m[48;2;104;72;71m▀[0m[38;2;0;3;1m[48;2;255;255;255m▀[0m[38;2;0;0;0m[48;2;34;49;52m▀[0m[38;2;0;0;0m[48;2;187;203;210m▀[0m[38;2;0;0;0m[48;2;255;255;255m▀[0m[38;2;0;0;0m[48;2;255;255;255m▀[0m[38;2;0;0;0m[48;2;149;188;217m▀[0m[38;2;255;0;0m[48;2;255;0;0m▀[0m[38;2;255;0;0m[48;2;255;0;0m▀[0m[38;2;0;35;33m[48;2;0;37;41m▀[0m[38;2;0;23;20m[48;2;0;43;46m▀[0m[38;2;0;0;0m[48;2;0;43;50m▀[0m[38;2;0;0;0m[48;2;111;186;194m▀[0m[38;2;0;0;0m[48;2;231;255;255m▀[0m[38;2;0;0;0m[48;2;255;255;255m▀[0m[38;2;0;21;23m[48;2;255;255;255m▀[0m
[38;2;0;0;0m[48;2;0;0;0m▀[0m[38;2;8;101;109m[48;2;0;0;0m▀[0m[38;2;23;234;247m[48;2;12;143;154m▀[0m[38;2;0;0;0m[48;2;13;118;126m▀[0m[38;2;0;0;0m[48;2;0;0;0m▀[0m[38;2;232;221;219m[48;2;55;127;132m▀[0m[38;2;70;65;57m[48;2;255;255;255m▀[0m[38;2;0;0;0m[48;2;9;0;0m▀[0m[38;2;0;6;5m[48;2;0;0;0m▀[0m[38;2;1;8;6m[48;2;0;10;8m▀[0m[38;2;10;14;13m[48;2;3;16;13m▀[0m[38;2;9;18;17m[48;2;11;23;20m▀[0m[38;2;10;19;18m[48;2;10;21;19m▀[0m[38;2;10;23;20m[48;2;11;21;19m▀[0m[38;2;9;19;18m[48;2;11;23;19m▀[0m[38;2;10;20;23m[48;2;11;21;19m▀[0m[38;2;10;18;17m[48;2;10;19;18m▀[0m[38;2;0;0;0m[48;2;2;8;6m▀[0m[38;2;0;0;0m[48;2;0;0;0m▀[0m[38;2;0;0;0m[48;2;0;0;0m▀[0m[38;2;0;0;0m[48;2;136;156;155m▀[0m[38;2;255;255;255m[48;2;141;143;146m▀[0m[38;2;255;255;255m[48;2;0;0;0m▀[0m[38;2;175;188;224m[48;2;0;0;0m▀[0m[38;2;97;105;179m[48;2;194;140;0m▀[0m[38;2;186;221;255m[48;2;255;255;13m▀[0m[38;2;14;52;96m[48;2;255;255;100m▀[0m[38;2;135;0;0m[48;2;255;240;0m▀[0m[38;2;255;0;0m[48;2;173;138;17m▀[0m[38;2;0;25;56m[48;2;63;120;154m▀[0m[38;2;0;42;56m[48;2;0;0;31m▀[0m[38;2;0;59;67m[48;2;0;35;50m▀[0m[38;2;173;236;242m[48;2;0;51;62m▀[0m[38;2;241;255;255m[48;2;0;97;110m▀[0m[38;2;95;185;197m[48;2;207;255;255m▀[0m[38;2;9;140;151m[48;2;255;255;255m▀[0m
[38;2;0;0;0m[48;2;180;20;8m▀[0m[38;2;0;0;0m[48;2;21;0;0m▀[0m[38;2;0;0;0m[48;2;0;0;0m▀[0m[38;2;0;16;17m[48;2;0;0;0m▀[0m[38;2;0;12;12m[48;2;0;0;0m▀[0m[38;2;0;0;0m[48;2;0;0;0m▀[0m[38;2;254;255;255m[48;2;0;124;133m▀[0m[38;2;255;255;255m[48;2;255;255;255m▀[0m[38;2;0;0;0m[48;2;94;74;67m▀[0m[38;2;0;1;1m[48;2;0;0;0m▀[0m[38;2;0;11;9m[48;2;1;11;9m▀[0m[38;2;9;20;18m[48;2;0;13;10m▀[0m[38;2;12;24;21m[48;2;9;20;18m▀[0m[38;2;11;23;20m[48;2;12;24;21m▀[0m[38;2;11;20;19m[48;2;12;24;21m▀[0m[38;2;10;19;18m[48;2;9;12;11m▀[0m[38;2;11;27;24m[48;2;6;9;8m▀[0m[38;2;2;9;8m[48;2;0;9;5m▀[0m[38;2;0;0;0m[48;2;0;0;0m▀[0m[38;2;71;96;93m[48;2;51;71;72m▀[0m[38;2;124;151;152m[48;2;0;54;59m▀[0m[38;2;0;0;0m[48;2;0;83;100m▀[0m[38;2;0;0;0m[48;2;0;24;43m▀[0m[38;2;77;0;0m[48;2;0;0;0m▀[0m[38;2;255;255;0m[48;2;205;134;18m▀[0m[38;2;255;255;0m[48;2;255;255;0m▀[0m[38;2;255;255;255m[48;2;255;255;255m▀[0m[38;2;255;255;255m[48;2;255;255;255m▀[0m[38;2;255;255;0m[48;2;255;255;139m▀[0m[38;2;255;255;28m[48;2;255;255;0m▀[0m[38;2;27;69;98m[48;2;255;234;92m▀[0m[38;2;0;0;20m[48;2;0;0;43m▀[0m[38;2;1;52;62m[48;2;0;28;42m▀[0m[38;2;11;93;100m[48;2;8;55;58m▀[0m[38;2;146;203;209m[48;2;0;43;43m▀[0m[38;2;109;182;188m[48;2;0;63;64m▀[0m
[38;2;72;35;24m[48;2;0;34;33m▀[0m[38;2;80;11;0m[48;2;96;28;14m▀[0m[38;2;0;0;0m[48;2;33;0;0m▀[0m[38;2;0;0;0m[48;2;0;0;0m▀[0m[38;2;0;0;0m[48;2;0;0;0m▀[0m[38;2;0;0;0m[48;2;0;0;0m▀[0m[38;2;0;0;0m[48;2;0;0;0m▀[0m[38;2;255;255;255m[48;2;0;0;0m▀[0m[38;2;255;255;255m[48;2;186;255;255m▀[0m[38;2;25;4;0m[48;2;255;255;255m▀[0m[38;2;0;0;0m[48;2;144;115;112m▀[0m[38;2;0;8;4m[48;2;0;0;0m▀[0m[38;2;0;10;8m[48;2;0;0;0m▀[0m[38;2;4;16;11m[48;2;1;11;8m▀[0m[38;2;8;26;19m[48;2;3;16;12m▀[0m[38;2;6;21;19m[48;2;4;16;12m▀[0m[38;2;4;9;8m[48;2;2;13;10m▀[0m[38;2;0;0;0m[48;2;0;0;0m▀[0m[38;2;0;5;3m[48;2;0;0;0m▀[0m[38;2;16;31;29m[48;2;31;44;33m▀[0m[38;2;31;0;0m[48;2;110;50;21m▀[0m[38;2;35;13;8m[48;2;5;24;27m▀[0m[38;2;0;29;41m[48;2;0;108;124m▀[0m[38;2;72;85;101m[48;2;66;0;10m▀[0m[38;2;0;4;60m[48;2;0;0;0m▀[0m[38;2;0;0;0m[48;2;0;0;0m▀[0m[38;2;217;128;36m[48;2;165;0;0m▀[0m[38;2;255;255;255m[48;2;118;4;33m▀[0m[38;2;255;255;36m[48;2;234;194;51m▀[0m[38;2;255;255;0m[48;2;255;255;0m▀[0m[38;2;255;255;21m[48;2;255;255;0m▀[0m[38;2;2;32;67m[48;2;77;86;56m▀[0m[38;2;0;0;13m[48;2;0;0;9m▀[0m[38;2;9;36;37m[48;2;14;33;34m▀[0m[38;2;17;34;32m[48;2;19;39;36m▀[0m[38;2;10;27;26m[48;2;17;37;33m▀[0m
[38;2;0;29;27m[48;2;57;73;72m▀[0m[38;2;4;28;29m[48;2;0;17;13m▀[0m[38;2;150;19;6m[48;2;0;29;31m▀[0m[38;2;64;0;0m[48;2;96;23;17m▀[0m[38;2;0;0;0m[48;2;69;8;0m▀[0m[38;2;0;0;0m[48;2;0;0;0m▀[0m[38;2;0;0;0m[48;2;0;0;0m▀[0m[38;2;0;0;0m[48;2;0;0;0m▀[0m[38;2;0;0;0m[48;2;0;0;0m▀[0m[38;2;0;120;127m[48;2;0;0;0m▀[0m[38;2;255;255;255m[48;2;0;0;3m▀[0m[38;2;255;255;255m[48;2;43;175;181m▀[0m[38;2;0;0;0m[48;2;255;255;255m▀[0m[38;2;0;0;0m[48;2;255;255;255m▀[0m[38;2;0;0;0m[48;2;127;174;179m▀[0m[38;2;0;0;0m[48;2;5;0;0m▀[0m[38;2;0;10;5m[48;2;0;0;0m▀[0m[38;2;0;0;0m[48;2;0;0;0m▀[0m[38;2;0;0;0m[48;2;54;54;50m▀[0m[38;2;0;0;0m[48;2;115;121;123m▀[0m[38;2;0;0;0m[48;2;80;89;87m▀[0m[38;2;0;0;0m[48;2;89;37;24m▀[0m[38;2;32;0;0m[48;2;121;115;115m▀[0m[38;2;54;0;0m[48;2;141;169;169m▀[0m[38;2;0;0;0m[48;2;159;175;178m▀[0m[38;2;0;0;0m[48;2;255;255;255m▀[0m[38;2;0;0;0m[48;2;216;255;255m▀[0m[38;2;196;161;12m[48;2;228;255;255m▀[0m[38;2;161;227;255m[48;2;124;238;249m▀[0m[38;2;102;62;64m[48;2;0;0;2m▀[0m[38;2;255;255;35m[48;2;0;0;10m▀[0m[38;2;189;181;115m[48;2;201;194;209m▀[0m[38;2;0;0;28m[48;2;14;5;14m▀[0m[38;2;14;36;35m[48;2;0;0;0m▀[0m[38;2;18;33;29m[48;2;3;0;0m▀[0m[38;2;13;25;19m[48;2;0;0;0m▀[0m
[38;2;112;120;119m[48;2;117;120;119m▀[0m[38;2;0;2;0m[48;2;0;0;0m▀[0m[38;2;8;33;29m[48;2;9;25;21m▀[0m[38;2;0;27;25m[48;2;5;19;16m▀[0m[38;2;26;36;27m[48;2;0;19;18m▀[0m[38;2;27;19;12m[48;2;0;0;0m▀[0m[38;2;0;0;0m[48;2;8;8;1m▀[0m[38;2;0;0;0m[48;2;77;86;81m▀[0m[38;2;0;0;0m[48;2;66;20;14m▀[0m[38;2;0;0;0m[48;2;0;0;0m▀[0m[38;2;0;0;0m[48;2;0;0;0m▀[0m[38;2;0;0;0m[48;2;0;0;0m▀[0m[38;2;27;52;57m[48;2;0;0;0m▀[0m[38;2;255;255;255m[48;2;0;0;0m▀[0m[38;2;255;255;255m[48;2;151;247;255m▀[0m[38;2;139;174;179m[48;2;120;149;151m▀[0m[38;2;213;255;255m[48;2;79;81;78m▀[0m[38;2;221;255;255m[48;2;50;48;43m▀[0m[38;2;230;255;255m[48;2;26;9;2m▀[0m[38;2;181;255;255m[48;2;17;43;39m▀[0m[38;2;140;255;255m[48;2;50;207;210m▀[0m[38;2;182;255;255m[48;2;21;81;80m▀[0m[38;2;208;255;255m[48;2;14;1;0m▀[0m[38;2;86;150;152m[48;2;44;41;35m▀[0m[38;2;9;9;11m[48;2;0;0;0m▀[0m[38;2;92;169;175m[48;2;0;0;0m▀[0m[38;2;75;119;124m[48;2;60;47;43m▀[0m[38;2;16;24;43m[48;2;66;39;31m▀[0m[38;2;37;31;39m[48;2;51;8;2m▀[0m[38;2;58;102;106m[48;2;13;35;36m▀[0m[38;2;18;25;41m[48;2;0;87;101m▀[0m[38;2;139;117;128m[48;2;26;109;119m▀[0m[38;2;6;78;83m[48;2;1;132;148m▀[0m[38;2;11;97;108m[48;2;0;100;116m▀[0m[38;2;35;150;157m[48;2;46;163;177m▀[0m[38;2;136;220;226m[48;2;201;233;236m▀[0m
[38;2;161;159;157m[48;2;255;255;255m▀[0m[38;2;0;0;0m[48;2;0;0;0m▀[0m[38;2;6;20;17m[48;2;0;13;6m▀[0m[38;2;4;20;17m[48;2;0;0;0m▀[0m[38;2;0;1;0m[48;2;117;149;149m▀[0m[38;2;88;105;103m[48;2;188;255;255m▀[0m[38;2;179;221;226m[48;2;54;143;144m▀[0m[38;2;255;255;255m[48;2;34;34;29m▀[0m[38;2;194;255;255m[48;2;40;83;86m▀[0m[38;2;21;9;4m[48;2;49;5;0m▀[0m[38;2;0;0;0m[48;2;0;0;0m▀[0m[38;2;0;0;0m[48;2;0;0;0m▀[0m[38;2;0;0;0m[48;2;0;0;0m▀[0m[38;2;0;0;0m[48;2;0;4;5m▀[0m[38;2;0;109;131m[48;2;0;0;0m▀[0m[38;2;66;193;205m[48;2;0;35;48m▀[0m[38;2;49;14;5m[48;2;49;20;14m▀[0m[38;2;67;56;48m[48;2;37;46;48m▀[0m[38;2;63;65;55m[48;2;18;42;50m▀[0m[38;2;60;58;50m[48;2;0;46;48m▀[0m[38;2;14;42;36m[48;2;90;8;10m▀[0m[38;2;31;58;46m[48;2;112;0;0m▀[0m[38;2;67;79;65m[48;2;200;19;0m▀[0m[38;2;16;60;54m[48;2;142;0;0m▀[0m[38;2;0;0;0m[48;2;0;0;0m▀[0m[38;2;0;5;8m[48;2;0;0;0m▀[0m[38;2;74;71;66m[48;2;5;10;8m▀[0m[38;2;57;32;25m[48;2;0;0;0m▀[0m[38;2;42;6;0m[48;2;142;136;128m▀[0m[38;2;16;102;110m[48;2;109;211;219m▀[0m[38;2;35;123;134m[48;2;109;197;203m▀[0m[38;2;66;126;134m[48;2;156;223;224m▀[0m[38;2;77;128;128m[48;2;136;211;210m▀[0m[38;2;106;169;165m[48;2;129;197;197m▀[0m[38;2;116;178;178m[48;2;132;202;202m▀[0m[38;2;113;180;180m[48;2;131;205;203m▀[0m
[38;2;241;255;255m[48;2;255;255;255m▀[0m[38;2;101;89;83m[48;2;164;148;143m▀[0m[38;2;0;0;0m[48;2;0;0;0m▀[0m[38;2;0;17;11m[48;2;6;36;31m▀[0m[38;2;55;88;89m[48;2;10;21;20m▀[0m[38;2;46;40;39m[48;2;31;31;37m▀[0m[38;2;36;1;0m[48;2;13;47;63m▀[0m[38;2;35;18;17m[48;2;27;43;52m▀[0m[38;2;77;59;51m[48;2;64;41;39m▀[0m[38;2;51;20;13m[48;2;0;23;35m▀[0m[38;2;2;0;0m[48;2;112;171;166m▀[0m[38;2;16;0;0m[48;2;187;70;25m▀[0m[38;2;0;0;0m[48;2;209;52;0m▀[0m[38;2;0;0;0m[48;2;85;24;0m▀[0m[38;2;0;0;0m[48;2;46;25;9m▀[0m[38;2;0;0;0m[48;2;0;16;25m▀[0m[38;2;143;27;0m[48;2;6;83;88m▀[0m[38;2;164;26;0m[48;2;20;13;0m▀[0m[38;2;109;34;0m[48;2;12;43;14m▀[0m[38;2;47;5;0m[48;2;175;24;0m▀[0m[38;2;255;0;0m[48;2;255;0;0m▀[0m[38;2;88;0;0m[48;2;219;0;0m▀[0m[38;2;239;0;0m[48;2;255;0;0m▀[0m[38;2;255;0;0m[48;2;174;0;0m▀[0m[38;2;0;0;0m[48;2;31;34;32m▀[0m[38;2;14;48;44m[48;2;65;87;82m▀[0m[38;2;49;51;49m[48;2;70;67;63m▀[0m[38;2;16;13;12m[48;2;58;42;37m▀[0m[38;2;154;155;150m[48;2;26;1;0m▀[0m[38;2;193;255;255m[48;2;241;255;255m▀[0m[38;2;74;173;179m[48;2;128;210;213m▀[0m[38;2;134;204;203m[48;2;115;194;195m▀[0m[38;2;121;195;195m[48;2;121;202;198m▀[0m[38;2;117;190;193m[48;2;123;201;203m▀[0m[38;2;116;187;188m[48;2;123;204;208m▀[0m[38;2;128;203;207m[48;2;118;205;210m▀[0m
[38;2;186;246;249m[48;2;59;116;117m▀[0m[38;2;182;173;170m[48;2;163;172;169m▀[0m[38;2;0;0;0m[48;2;0;0;0m▀[0m[38;2;9;42;40m[48;2;4;33;33m▀[0m[38;2;4;0;0m[48;2;21;42;40m▀[0m[38;2;60;1;0m[48;2;186;69;6m▀[0m[38;2;177;56;4m[48;2;157;72;14m▀[0m[38;2;235;70;0m[48;2;18;0;0m▀[0m[38;2;10;0;0m[48;2;29;124;132m▀[0m[38;2;0;255;255m[48;2;227;223;231m▀[0m[38;2;71;134;147m[48;2;0;0;0m▀[0m[38;2;150;177;182m[48;2;82;100;131m▀[0m[38;2;0;33;23m[48;2;0;29;56m▀[0m[38;2;17;47;39m[48;2;0;0;0m▀[0m[38;2;17;39;32m[48;2;0;9;12m▀[0m[38;2;0;35;34m[48;2;5;20;19m▀[0m[38;2;0;34;31m[48;2;3;25;21m▀[0m[38;2;0;5;9m[48;2;0;8;12m▀[0m[38;2;0;16;21m[48;2;6;19;6m▀[0m[38;2;0;4;0m[48;2;42;49;5m▀[0m[38;2;143;0;0m[48;2;171;25;32m▀[0m[38;2;255;0;0m[48;2;235;0;0m▀[0m[38;2;152;0;0m[48;2;35;25;17m▀[0m[38;2;0;67;63m[48;2;195;41;33m▀[0m[38;2;8;41;39m[48;2;35;65;62m▀[0m[38;2;56;62;57m[48;2;62;63;59m▀[0m[38;2;65;65;63m[48;2;65;79;74m▀[0m[38;2;59;47;44m[48;2;54;43;39m▀[0m[38;2;23;3;0m[48;2;49;29;25m▀[0m[38;2;121;255;255m[48;2;23;2;0m▀[0m[38;2;254;255;255m[48;2;80;139;140m▀[0m[38;2;118;197;198m[48;2;184;255;255m▀[0m[38;2;121;196;200m[48;2;129;219;225m▀[0m[38;2;128;218;221m[48;2;126;218;224m▀[0m[38;2;135;231;240m[48;2;129;228;235m▀[0m[38;2;136;236;250m[48;2;140;242;255m▀[0m
[38;2;1;14;14m[48;2;0;16;18m▀[0m[38;2;112;152;149m[48;2;255;255;255m▀[0m[38;2;0;0;0m[48;2;0;0;0m▀[0m[38;2;16;42;40m[48;2;0;0;0m▀[0m[38;2;3;50;48m[48;2;0;27;23m▀[0m[38;2;0;50;63m[48;2;0;37;40m▀[0m[38;2;0;24;19m[48;2;163;1;0m▀[0m[38;2;0;0;0m[48;2;255;0;0m▀[0m[38;2;106;119;123m[48;2;96;0;0m▀[0m[38;2;129;0;0m[48;2;98;0;0m▀[0m[38;2;132;0;0m[48;2;233;102;29m▀[0m[38;2;0;0;0m[48;2;255;255;35m▀[0m[38;2;174;195;177m[48;2;255;255;123m▀[0m[38;2;41;67;103m[48;2;5;27;104m▀[0m[38;2;9;32;37m[48;2;106;139;177m▀[0m[38;2;0;0;0m[48;2;149;178;193m▀[0m[38;2;0;0;0m[48;2;139;178;188m▀[0m[38;2;0;0;0m[48;2;166;219;234m▀[0m[38;2;0;0;0m[48;2;194;249;255m▀[0m[38;2;117;18;0m[48;2;221;196;186m▀[0m[38;2;75;0;0m[48;2;127;40;21m▀[0m[38;2;0;0;0m[48;2;0;0;0m▀[0m[38;2;67;33;27m[48;2;0;13;9m▀[0m[38;2;201;0;0m[48;2;0;0;0m▀[0m[38;2;56;41;37m[48;2;26;86;87m▀[0m[38;2;44;139;136m[48;2;34;110;113m▀[0m[38;2;71;78;73m[48;2;75;43;41m▀[0m[38;2;58;39;34m[48;2;49;39;34m▀[0m[38;2;46;50;46m[48;2;41;26;24m▀[0m[38;2;74;196;202m[48;2;73;79;77m▀[0m[38;2;27;0;0m[48;2;50;32;27m▀[0m[38;2;93;128;126m[48;2;42;16;8m▀[0m[38;2;158;255;255m[48;2;134;236;240m▀[0m[38;2;170;255;255m[48;2;124;243;254m▀[0m[38;2;142;255;255m[48;2;167;255;255m▀[0m[38;2;139;255;255m[48;2;126;202;205m▀[0m
[38;2;0;0;0m[48;2;0;0;0m▀[0m[38;2;243;255;255m[48;2;0;87;88m▀[0m[38;2;255;255;255m[48;2;43;104;108m▀[0m[38;2;179;184;179m[48;2;66;100;108m▀[0m[38;2;56;115;115m[48;2;75;98;109m▀[0m[38;2;56;34;17m[48;2;151;197;194m▀[0m[38;2;255;17;0m[48;2;255;170;121m▀[0m[38;2;255;0;0m[48;2;239;66;56m▀[0m[38;2;93;11;0m[48;2;173;255;230m▀[0m[38;2;223;182;0m[48;2;255;255;102m▀[0m[38;2;255;255;255m[48;2;255;255;60m▀[0m[38;2;255;255;240m[48;2;255;255;0m▀[0m[38;2;255;255;9m[48;2;186;156;0m▀[0m[38;2;40;64;101m[48;2;40;70;75m▀[0m[38;2;0;0;0m[48;2;190;144;0m▀[0m[38;2;255;215;101m[48;2;156;64;0m▀[0m[38;2;147;125;106m[48;2;92;35;0m▀[0m[38;2;100;87;80m[48;2;74;35;21m▀[0m[38;2;102;156;156m[48;2;52;0;0m▀[0m[38;2;152;255;255m[48;2;20;0;0m▀[0m[38;2;255;255;255m[48;2;0;65;64m▀[0m[38;2;255;255;255m[48;2;133;255;255m▀[0m[38;2;203;255;255m[48;2;255;255;255m▀[0m[38;2;141;255;255m[48;2;255;255;255m▀[0m[38;2;21;133;133m[48;2;241;255;255m▀[0m[38;2;19;0;0m[48;2;0;0;0m▀[0m[38;2;58;37;34m[48;2;4;0;0m▀[0m[38;2;27;6;4m[48;2;0;0;0m▀[0m[38;2;16;11;8m[48;2;0;0;0m▀[0m[38;2;72;58;52m[48;2;29;0;0m▀[0m[38;2;52;46;41m[48;2;8;0;0m▀[0m[38;2;32;0;0m[48;2;9;0;0m▀[0m[38;2;93;56;56m[48;2;87;157;161m▀[0m[38;2;103;255;255m[48;2;108;255;255m▀[0m[38;2;186;116;112m[48;2;235;50;46m▀[0m[38;2;132;177;178m[48;2;97;216;218m▀[0m
[38;2;0;0;0m[48;2;0;26;27m▀[0m[38;2;0;24;26m[48;2;0;46;54m▀[0m[38;2;0;0;0m[48;2;48;27;24m▀[0m[38;2;0;34;49m[48;2;0;0;0m▀[0m[38;2;0;94;129m[48;2;0;0;0m▀[0m[38;2;0;14;32m[48;2;0;0;0m▀[0m[38;2;0;118;157m[48;2;0;74;87m▀[0m[38;2;0;64;92m[48;2;0;62;81m▀[0m[38;2;26;65;115m[48;2;212;158;162m▀[0m[38;2;3;49;58m[48;2;72;29;73m▀[0m[38;2;116;105;3m[48;2;0;0;6m▀[0m[38;2;232;109;37m[48;2;230;0;27m▀[0m[38;2;43;41;85m[48;2;255;128;161m▀[0m[38;2;157;89;101m[48;2;255;255;255m▀[0m[38;2;134;36;0m[48;2;255;52;82m▀[0m[38;2;213;140;0m[48;2;196;113;0m▀[0m[38;2;158;110;14m[48;2;188;100;0m▀[0m[38;2;151;255;255m[48;2;92;126;125m▀[0m[38;2;82;228;246m[48;2;59;186;200m▀[0m[38;2;60;0;0m[48;2;65;29;24m▀[0m[38;2;51;0;0m[48;2;55;26;19m▀[0m[38;2;0;0;0m[48;2;48;3;0m▀[0m[38;2;0;185;194m[48;2;26;0;0m▀[0m[38;2;228;255;255m[48;2;0;87;90m▀[0m[38;2;255;255;255m[48;2;97;255;255m▀[0m[38;2;51;141;149m[48;2;92;255;255m▀[0m[38;2;0;0;0m[48;2;0;19;18m▀[0m[38;2;25;64;60m[48;2;49;49;42m▀[0m[38;2;117;163;167m[48;2;124;255;255m▀[0m[38;2;106;4;0m[48;2;36;203;230m▀[0m[38;2;100;52;43m[48;2;156;255;255m▀[0m[38;2;126;231;236m[48;2;163;255;255m▀[0m[38;2;126;255;255m[48;2;100;228;240m▀[0m[38;2;184;255;255m[48;2;224;255;255m▀[0m[38;2;255;51;46m[48;2;255;48;43m▀[0m[38;2;255;255;255m[48;2;251;231;230m▀[0m
