[38;2;0;30;48m[48;2;28;68;82m▀[0m[38;2;21;65;82m[48;2;47;82;95m▀[0m[38;2;33;76;87m[48;2;76;98;105m▀[0m[38;2;43;71;79m[48;2;63;79;79m▀[0m[38;2;49;69;73m[48;2;73;86;88m▀[0m[38;2;82;99;101m[48;2;83;98;101m▀[0m[38;2;77;91;94m[48;2;80;95;98m▀[0m[38;2;77;92;95m[48;2;77;92;94m▀[0m[38;2;76;91;97m[48;2;74;89;93m▀[0m[38;2;51;71;72m[48;2;61;82;83m▀[0m[38;2;75;84;87m[48;2;56;66;67m▀[0m[38;2;141;145;145m[48;2;173;178;180m▀[0m[38;2;255;255;255m[48;2;255;255;255m▀[0m[38;2;239;241;243m[48;2;229;231;231m▀[0m[38;2;192;191;191m[48;2;183;185;185m▀[0m[38;2;144;148;148m[48;2;175;184;189m▀[0m[38;2;159;168;173m[48;2;159;172;180m▀[0m[38;2;255;255;255m[48;2;154;161;169m▀[0m[38;2;255;255;255m[48;2;232;231;228m▀[0m[38;2;255;255;255m[48;2;255;255;255m▀[0m[38;2;148;156;160m[48;2;156;159;160m▀[0m[38;2;0;0;0m[48;2;94;101;105m▀[0m[38;2;0;0;0m[48;2;153;158;160m▀[0m[38;2;15;14;15m[48;2;106;108;109m▀[0m[38;2;174;176;176m[48;2;142;144;146m▀[0m[38;2;255;255;255m[48;2;255;255;255m▀[0m[38;2;225;225;225m[48;2;252;250;253m▀[0m[38;2;226;226;226m[48;2;186;189;189m▀[0m[38;2;0;0;0m[48;2;125;124;122m▀[0m[38;2;0;0;0m[48;2;0;0;0m▀[0m[38;2;59;80;80m[48;2;73;78;80m▀[0m[38;2;48;68;72m[48;2;125;132;134m▀[0m[38;2;56;70;73m[48;2;219;222;227m▀[0m[38;2;84;94;97m[48;2;129;139;142m▀[0m[38;2;65;83;83m[48;2;57;74;74m▀[0m[38;2;77;92;96m[48;2;79;93;97m▀[0m
[38;2;61;91;98m[48;2;90;103;105m▀[0m[38;2;66;80;80m[48;2;73;86;88m▀[0m[38;2;78;87;88m[48;2;47;57;60m▀[0m[38;2;60;68;68m[48;2;46;56;59m▀[0m[38;2;81;96;98m[48;2;85;102;106m▀[0m[38;2;78;93;96m[48;2;75;90;93m▀[0m[38;2;66;81;84m[48;2;67;82;84m▀[0m[38;2;76;91;94m[48;2;76;90;93m▀[0m[38;2;73;88;90m[48;2;83;97;100m▀[0m[38;2;60;78;79m[48;2;12;34;37m▀[0m[38;2;32;46;50m[48;2;96;104;108m▀[0m[38;2;255;255;255m[48;2;255;255;255m▀[0m[38;2;255;255;255m[48;2;255;255;255m▀[0m[38;2;233;234;231m[48;2;255;255;255m▀[0m[38;2;212;217;218m[48;2;55;55;56m▀[0m[38;2;0;4;9m[48;2;14;11;13m▀[0m[38;2;0;0;0m[48;2;195;205;205m▀[0m[38;2;137;147;151m[48;2;255;255;255m▀[0m[38;2;164;178;181m[48;2;255;255;255m▀[0m[38;2;209;212;212m[48;2;240;250;255m▀[0m[38;2;255;255;255m[48;2;240;248;251m▀[0m[38;2;198;207;210m[48;2;217;217;218m▀[0m[38;2;217;233;233m[48;2;186;191;193m▀[0m[38;2;242;255;255m[48;2;225;230;235m▀[0m[38;2;210;219;223m[48;2;116;124;125m▀[0m[38;2;255;255;255m[48;2;218;218;216m▀[0m[38;2;255;255;255m[48;2;255;255;255m▀[0m[38;2;120;125;126m[48;2;208;210;211m▀[0m[38;2;76;84;85m[48;2;178;190;195m▀[0m[38;2;245;250;254m[48;2;227;241;245m▀[0m[38;2;244;251;253m[48;2;120;128;128m▀[0m[38;2;255;255;255m[48;2;0;0;0m▀[0m[38;2;64;68;70m[48;2;0;7;7m▀[0m[38;2;37;59;62m[48;2;74;92;92m▀[0m[38;2;80;95;98m[48;2;61;74;77m▀[0m[38;2;77;91;94m[48;2;79;93;96m▀[0m
[38;2;56;67;67m[48;2;85;102;102m▀[0m[38;2;51;61;64m[48;2;88;109;110m▀[0m[38;2;10;13;15m[48;2;27;29;31m▀[0m[38;2;75;85;88m[48;2;88;90;91m▀[0m[38;2;84;104;108m[48;2;80;89;89m▀[0m[38;2;79;94;97m[48;2;46;56;59m▀[0m[38;2;80;95;97m[48;2;55;68;71m▀[0m[38;2;79;94;96m[48;2;50;65;67m▀[0m[38;2;67;87;91m[48;2;67;80;83m▀[0m[38;2;60;73;77m[48;2;84;83;81m▀[0m[38;2;149;145;143m[48;2;63;59;57m▀[0m[38;2;190;192;190m[48;2;133;129;128m▀[0m[38;2;255;255;255m[48;2;216;218;218m▀[0m[38;2;255;255;255m[48;2;255;255;255m▀[0m[38;2;106;110;109m[48;2;130;135;134m▀[0m[38;2;228;237;238m[48;2;210;219;223m▀[0m[38;2;255;255;255m[48;2;233;241;246m▀[0m[38;2;248;255;255m[48;2;255;255;255m▀[0m[38;2;255;255;255m[48;2;183;185;187m▀[0m[38;2;250;255;255m[48;2;0;0;0m▀[0m[38;2;235;240;242m[48;2;0;0;0m▀[0m[38;2;255;255;255m[48;2;70;69;70m▀[0m[38;2;220;223;223m[48;2;255;255;255m▀[0m[38;2;244;252;255m[48;2;175;185;186m▀[0m[38;2;139;148;148m[48;2;191;195;197m▀[0m[38;2;149;152;152m[48;2;121;121;118m▀[0m[38;2;255;255;255m[48;2;232;232;232m▀[0m[38;2;255;255;255m[48;2;255;255;255m▀[0m[38;2;37;45;50m[48;2;123;120;120m▀[0m[38;2;178;181;181m[48;2;193;193;193m▀[0m[38;2;238;234;233m[48;2;255;255;255m▀[0m[38;2;143;146;143m[48;2;255;255;255m▀[0m[38;2;108;110;111m[48;2;186;178;178m▀[0m[38;2;55;65;66m[48;2;88;97;98m▀[0m[38;2;66;86;88m[48;2;64;84;86m▀[0m[38;2;78;93;95m[48;2;69;87;87m▀[0m
[38;2;80;97;101m[48;2;82;99;103m▀[0m[38;2;80;97;101m[48;2;73;87;90m▀[0m[38;2;18;25;25m[48;2;31;41;41m▀[0m[38;2;57;70;73m[48;2;88;102;104m▀[0m[38;2;129;149;154m[48;2;187;210;217m▀[0m[38;2;124;140;147m[48;2;174;201;209m▀[0m[38;2;103;120;124m[48;2;175;197;205m▀[0m[38;2;64;79;83m[48;2;173;199;206m▀[0m[38;2;67;80;80m[48;2;141;168;175m▀[0m[38;2;4;24;28m[48;2;103;124;127m▀[0m[38;2;88;96;97m[48;2;107;112;116m▀[0m[38;2;54;51;53m[48;2;110;118;122m▀[0m[38;2;157;160;161m[48;2;147;150;151m▀[0m[38;2;255;255;255m[48;2;255;255;255m▀[0m[38;2;24;24;22m[48;2;111;115;115m▀[0m[38;2;156;161;165m[48;2;63;68;67m▀[0m[38;2;207;215;219m[48;2;255;255;255m▀[0m[38;2;255;255;255m[48;2;255;255;255m▀[0m[38;2;25;25;25m[48;2;160;165;165m▀[0m[38;2;0;0;0m[48;2;139;184;190m▀[0m[38;2;0;0;0m[48;2;187;246;255m▀[0m[38;2;50;78;84m[48;2;110;117;121m▀[0m[38;2;215;218;220m[48;2;207;203;206m▀[0m[38;2;236;246;246m[48;2;255;255;255m▀[0m[38;2;186;190;190m[48;2;138;143;147m▀[0m[38;2;42;45;42m[48;2;101;98;98m▀[0m[38;2;182;184;184m[48;2;222;223;220m▀[0m[38;2;255;255;255m[48;2;228;232;229m▀[0m[38;2;245;247;247m[48;2;255;255;255m▀[0m[38;2;165;167;169m[48;2;144;148;148m▀[0m[38;2;215;217;215m[48;2;222;224;224m▀[0m[38;2;168;171;171m[48;2;219;222;221m▀[0m[38;2;150;153;155m[48;2;106;119;122m▀[0m[38;2;153;150;152m[48;2;78;87;91m▀[0m[38;2;73;90;90m[48;2;2;19;20m▀[0m[38;2;21;42;46m[48;2;137;140;139m▀[0m
[38;2;83;100;102m[48;2;83;97;100m▀[0m[38;2;66;81;84m[48;2;53;68;70m▀[0m[38;2;38;54;52m[48;2;42;55;58m▀[0m[38;2;112;129;133m[48;2;146;166;175m▀[0m[38;2;172;193;202m[48;2;121;137;143m▀[0m[38;2;132;153;161m[48;2;141;162;167m▀[0m[38;2;145;168;176m[48;2;150;172;179m▀[0m[38;2;132;146;152m[48;2;140;163;168m▀[0m[38;2;171;174;175m[48;2;110;130;136m▀[0m[38;2;174;181;183m[48;2;95;107;110m▀[0m[38;2;227;237;246m[48;2;243;239;238m▀[0m[38;2;194;204;208m[48;2;140;139;137m▀[0m[38;2;179;187;185m[48;2;143;146;145m▀[0m[38;2;255;255;255m[48;2;255;255;255m▀[0m[38;2;204;207;207m[48;2;220;222;220m▀[0m[38;2;0;2;0m[48;2;202;200;198m▀[0m[38;2;92;97;98m[48;2;0;0;0m▀[0m[38;2;201;206;210m[48;2;0;0;0m▀[0m[38;2;255;255;255m[48;2;41;40;40m▀[0m[38;2;204;219;223m[48;2;249;254;254m▀[0m[38;2;213;236;241m[48;2;255;255;255m▀[0m[38;2;242;238;238m[48;2;255;255;255m▀[0m[38;2;255;255;255m[48;2;179;184;186m▀[0m[38;2;255;255;255m[48;2;0;0;0m▀[0m[38;2;77;82;84m[48;2;0;0;0m▀[0m[38;2;45;45;45m[48;2;0;0;0m▀[0m[38;2;189;188;188m[48;2;0;0;0m▀[0m[38;2;252;254;254m[48;2;78;78;80m▀[0m[38;2;255;255;255m[48;2;255;255;255m▀[0m[38;2;212;211;211m[48;2;255;255;255m▀[0m[38;2;255;255;255m[48;2;244;246;246m▀[0m[38;2;226;226;226m[48;2;188;190;190m▀[0m[38;2;51;60;60m[48;2;0;0;0m▀[0m[38;2;13;27;29m[48;2;0;0;0m▀[0m[38;2;236;236;234m[48;2;235;234;234m▀[0m[38;2;255;255;255m[48;2;222;221;219m▀[0m
[38;2;79;94;97m[48;2;42;62;64m▀[0m[38;2;36;50;49m[48;2;46;59;62m▀[0m[38;2;53;73;74m[48;2;105;118;120m▀[0m[38;2;160;188;197m[48;2;171;184;188m▀[0m[38;2;127;150;157m[48;2;197;204;205m▀[0m[38;2;132;158;164m[48;2;206;219;226m▀[0m[38;2;157;182;187m[48;2;184;211;220m▀[0m[38;2;157;182;187m[48;2;212;240;249m▀[0m[38;2;160;186;193m[48;2;187;215;226m▀[0m[38;2;28;31;30m[48;2;7;20;24m▀[0m[38;2;136;131;129m[48;2;0;0;0m▀[0m[38;2;255;255;255m[48;2;222;237;240m▀[0m[38;2;242;245;246m[48;2;255;255;255m▀[0m[38;2;255;255;255m[48;2;255;255;255m▀[0m[38;2;255;255;255m[48;2;138;145;145m▀[0m[38;2;61;65;66m[48;2;59;63;64m▀[0m[38;2;0;0;0m[48;2;0;0;0m▀[0m[38;2;19;22;24m[48;2;6;3;6m▀[0m[38;2;0;0;0m[48;2;39;43;47m▀[0m[38;2;0;0;0m[48;2;0;0;0m▀[0m[38;2;0;0;0m[48;2;0;0;0m▀[0m[38;2;36;39;40m[48;2;0;0;0m▀[0m[38;2;0;0;0m[48;2;0;0;0m▀[0m[38;2;0;0;0m[48;2;66;68;68m▀[0m[38;2;51;50;50m[48;2;34;34;34m▀[0m[38;2;1;3;3m[48;2;0;0;0m▀[0m[38;2;70;72;74m[48;2;27;29;31m▀[0m[38;2;208;211;211m[48;2;255;255;255m▀[0m[38;2;53;52;52m[48;2;112;114;112m▀[0m[38;2;197;200;200m[48;2;135;138;138m▀[0m[38;2;173;170;174m[48;2;167;167;167m▀[0m[38;2;0;0;0m[48;2;68;70;70m▀[0m[38;2;99;104;104m[48;2;255;255;255m▀[0m[38;2;246;246;246m[48;2;255;255;255m▀[0m[38;2;255;255;255m[48;2;255;255;255m▀[0m[38;2;59;63;64m[48;2;124;144;146m▀[0m
[38;2;123;138;142m[48;2;92;94;95m▀[0m[38;2;229;233;235m[48;2;48;46;44m▀[0m[38;2;238;245;246m[48;2;0;0;0m▀[0m[38;2;177;182;184m[48;2;0;0;0m▀[0m[38;2;105;107;109m[48;2;0;0;0m▀[0m[38;2;77;76;76m[48;2;0;0;0m▀[0m[38;2;20;24;24m[48;2;0;0;0m▀[0m[38;2;61;73;76m[48;2;0;0;0m▀[0m[38;2;95;115;117m[48;2;0;0;0m▀[0m[38;2;84;104;108m[48;2;0;0;0m▀[0m[38;2;0;0;0m[48;2;0;0;0m▀[0m[38;2;84;89;93m[48;2;159;0;0m▀[0m[38;2;194;237;238m[48;2;164;0;0m▀[0m[38;2;7;27;29m[48;2;0;0;0m▀[0m[38;2;7;16;21m[48;2;0;0;0m▀[0m[38;2;84;88;89m[48;2;0;0;0m▀[0m[38;2;56;58;58m[48;2;0;0;0m▀[0m[38;2;0;0;0m[48;2;0;0;0m▀[0m[38;2;12;15;16m[48;2;0;0;0m▀[0m[38;2;59;68;73m[48;2;29;36;38m▀[0m[38;2;0;0;0m[48;2;63;73;76m▀[0m[38;2;0;0;0m[48;2;0;0;0m▀[0m[38;2;33;36;36m[48;2;45;48;48m▀[0m[38;2;46;46;46m[48;2;0;0;0m▀[0m[38;2;0;0;0m[48;2;0;0;0m▀[0m[38;2;0;0;0m[48;2;0;0;0m▀[0m[38;2;0;0;0m[48;2;33;37;37m▀[0m[38;2;232;236;233m[48;2;153;156;156m▀[0m[38;2;200;202;202m[48;2;255;255;255m▀[0m[38;2;162;164;164m[48;2;255;255;255m▀[0m[38;2;255;255;255m[48;2;255;255;255m▀[0m[38;2;255;255;255m[48;2;126;126;124m▀[0m[38;2;255;255;255m[48;2;177;173;172m▀[0m[38;2;255;255;255m[48;2;86;93;95m▀[0m[38;2;0;0;0m[48;2;100;130;139m▀[0m[38;2;109;134;143m[48;2;138;161;169m▀[0m
[38;2;0;0;0m[48;2;0;0;0m▀[0m[38;2;0;0;0m[48;2;0;0;0m▀[0m[38;2;50;52;50m[48;2;0;0;0m▀[0m[38;2;87;86;86m[48;2;22;22;22m▀[0m[38;2;9;9;7m[48;2;13;13;13m▀[0m[38;2;0;0;0m[48;2;0;0;0m▀[0m[38;2;0;0;0m[48;2;0;0;0m▀[0m[38;2;0;0;0m[48;2;0;0;0m▀[0m[38;2;0;0;0m[48;2;0;0;0m▀[0m[38;2;0;0;0m[48;2;0;0;0m▀[0m[38;2;0;0;0m[48;2;0;0;0m▀[0m[38;2;47;0;0m[48;2;0;0;0m▀[0m[38;2;119;0;0m[48;2;0;0;0m▀[0m[38;2;61;0;0m[48;2;99;0;0m▀[0m[38;2;0;0;0m[48;2;8;0;0m▀[0m[38;2;0;0;0m[48;2;0;0;0m▀[0m[38;2;0;0;0m[48;2;0;0;0m▀[0m[38;2;0;0;0m[48;2;14;14;12m▀[0m[38;2;0;0;0m[48;2;9;8;6m▀[0m[38;2;0;0;0m[48;2;0;0;0m▀[0m[38;2;17;21;21m[48;2;6;8;6m▀[0m[38;2;31;33;34m[48;2;16;18;16m▀[0m[38;2;0;0;0m[48;2;0;0;0m▀[0m[38;2;0;0;0m[48;2;0;0;0m▀[0m[38;2;0;0;0m[48;2;0;0;0m▀[0m[38;2;0;0;0m[48;2;0;0;0m▀[0m[38;2;58;60;62m[48;2;0;0;0m▀[0m[38;2;65;68;67m[48;2;0;0;0m▀[0m[38;2;128;130;132m[48;2;50;55;59m▀[0m[38;2;26;31;31m[48;2;255;255;255m▀[0m[38;2;29;32;31m[48;2;255;255;255m▀[0m[38;2;0;0;0m[48;2;242;255;255m▀[0m[38;2;0;0;0m[48;2;74;81;85m▀[0m[38;2;102;128;136m[48;2;114;144;152m▀[0m[38;2;162;188;196m[48;2;158;185;194m▀[0m[38;2;133;153;159m[48;2;147;175;181m▀[0m
[38;2;0;0;0m[48;2;0;0;0m▀[0m[38;2;0;0;0m[48;2;0;0;0m▀[0m[38;2;0;0;0m[48;2;0;0;0m▀[0m[38;2;0;0;0m[48;2;0;0;0m▀[0m[38;2;0;0;0m[48;2;0;0;0m▀[0m[38;2;0;0;0m[48;2;0;0;0m▀[0m[38;2;0;0;0m[48;2;0;0;0m▀[0m[38;2;0;0;0m[48;2;0;0;0m▀[0m[38;2;0;0;0m[48;2;0;0;0m▀[0m[38;2;0;0;0m[48;2;0;0;0m▀[0m[38;2;0;0;0m[48;2;0;0;0m▀[0m[38;2;0;0;0m[48;2;0;0;0m▀[0m[38;2;0;0;0m[48;2;0;0;0m▀[0m[38;2;6;0;0m[48;2;0;0;0m▀[0m[38;2;0;0;0m[48;2;0;0;0m▀[0m[38;2;0;0;0m[48;2;0;0;0m▀[0m[38;2;0;0;0m[48;2;62;65;70m▀[0m[38;2;12;16;17m[48;2;124;137;141m▀[0m[38;2;74;76;74m[48;2;231;251;255m▀[0m[38;2;114;119;120m[48;2;255;255;255m▀[0m[38;2;151;155;159m[48;2;255;255;255m▀[0m[38;2;229;237;238m[48;2;255;255;255m▀[0m[38;2;0;0;0m[48;2;89;94;96m▀[0m[38;2;0;0;0m[48;2;0;0;0m▀[0m[38;2;0;0;0m[48;2;79;84;84m▀[0m[38;2;0;0;0m[48;2;18;17;17m▀[0m[38;2;0;0;0m[48;2;0;0;0m▀[0m[38;2;0;0;0m[48;2;0;0;0m▀[0m[38;2;0;0;0m[48;2;0;0;0m▀[0m[38;2;0;7;10m[48;2;0;0;0m▀[0m[38;2;176;188;191m[48;2;133;0;0m▀[0m[38;2;255;255;255m[48;2;191;0;0m▀[0m[38;2;255;255;255m[48;2;52;37;35m▀[0m[38;2;191;218;225m[48;2;10;67;70m▀[0m[38;2;172;216;227m[48;2;25;93;105m▀[0m[38;2;173;219;228m[48;2;88;142;151m▀[0m
[38;2;0;0;0m[48;2;0;0;0m▀[0m[38;2;0;0;0m[48;2;0;0;0m▀[0m[38;2;0;0;0m[48;2;0;0;0m▀[0m[38;2;0;0;0m[48;2;32;32;30m▀[0m[38;2;6;6;6m[48;2;89;91;91m▀[0m[38;2;0;0;0m[48;2;0;0;0m▀[0m[38;2;0;0;0m[48;2;0;0;0m▀[0m[38;2;0;0;0m[48;2;0;0;0m▀[0m[38;2;0;0;0m[48;2;0;0;0m▀[0m[38;2;0;0;0m[48;2;0;0;0m▀[0m[38;2;0;0;0m[48;2;0;0;0m▀[0m[38;2;0;0;0m[48;2;0;0;0m▀[0m[38;2;0;0;0m[48;2;183;190;191m▀[0m[38;2;0;5;6m[48;2;255;255;255m▀[0m[38;2;143;158;164m[48;2;255;255;255m▀[0m[38;2;255;255;255m[48;2;255;255;255m▀[0m[38;2;255;255;255m[48;2;238;255;255m▀[0m[38;2;255;255;255m[48;2;237;196;195m▀[0m[38;2;208;205;209m[48;2;255;128;124m▀[0m[38;2;172;192;201m[48;2;122;152;158m▀[0m[38;2;255;255;255m[48;2;112;135;139m▀[0m[38;2;255;255;255m[48;2;255;255;252m▀[0m[38;2;255;255;255m[48;2;190;216;222m▀[0m[38;2;150;158;159m[48;2;164;184;190m▀[0m[38;2;0;0;0m[48;2;180;195;198m▀[0m[38;2;0;0;0m[48;2;113;122;123m▀[0m[38;2;19;15;15m[48;2;0;0;0m▀[0m[38;2;0;0;0m[48;2;0;0;0m▀[0m[38;2;7;0;0m[48;2;0;0;0m▀[0m[38;2;62;0;0m[48;2;0;0;0m▀[0m[38;2;0;0;0m[48;2;0;0;0m▀[0m[38;2;0;0;0m[48;2;0;0;0m▀[0m[38;2;0;0;0m[48;2;0;0;0m▀[0m[38;2;0;0;0m[48;2;255;4;0m▀[0m[38;2;255;0;0m[48;2;234;0;0m▀[0m[38;2;160;0;0m[48;2;0;0;0m▀[0m
[38;2;0;0;0m[48;2;0;0;0m▀[0m[38;2;0;0;0m[48;2;2;2;2m▀[0m[38;2;0;0;0m[48;2;80;85;85m▀[0m[38;2;133;136;135m[48;2;52;52;53m▀[0m[38;2;21;24;24m[48;2;0;0;0m▀[0m[38;2;0;0;0m[48;2;0;0;0m▀[0m[38;2;0;0;0m[48;2;0;0;0m▀[0m[38;2;0;0;0m[48;2;0;0;0m▀[0m[38;2;0;0;0m[48;2;128;138;139m▀[0m[38;2;0;0;0m[48;2;216;223;224m▀[0m[38;2;34;32;30m[48;2;215;224;229m▀[0m[38;2;255;255;255m[48;2;167;202;212m▀[0m[38;2;255;255;255m[48;2;141;188;195m▀[0m[38;2;255;255;255m[48;2;193;213;215m▀[0m[38;2;239;244;246m[48;2;236;238;240m▀[0m[38;2;231;241;241m[48;2;224;231;233m▀[0m[38;2;227;235;238m[48;2;221;228;230m▀[0m[38;2;224;250;250m[48;2;221;232;232m▀[0m[38;2;229;246;247m[48;2;222;240;245m▀[0m[38;2;232;255;255m[48;2;232;255;255m▀[0m[38;2;152;93;87m[48;2;221;183;184m▀[0m[38;2;255;0;0m[48;2;204;0;0m▀[0m[38;2;113;93;96m[48;2;218;248;250m▀[0m[38;2;255;230;232m[48;2;228;225;227m▀[0m[38;2;255;255;255m[48;2;222;226;228m▀[0m[38;2;255;255;255m[48;2;251;255;255m▀[0m[38;2;250;255;255m[48;2;255;255;255m▀[0m[38;2;112;123;123m[48;2;255;255;255m▀[0m[38;2;0;0;0m[48;2;255;255;255m▀[0m[38;2;0;0;0m[48;2;73;90;91m▀[0m[38;2;0;0;0m[48;2;0;0;0m▀[0m[38;2;18;0;0m[48;2;255;0;0m▀[0m[38;2;86;3;0m[48;2;0;0;0m▀[0m[38;2;0;1;0m[48;2;0;0;0m▀[0m[38;2;0;0;0m[48;2;0;0;0m▀[0m[38;2;0;0;0m[48;2;0;0;0m▀[0m
[38;2;16;16;17m[48;2;15;19;16m▀[0m[38;2;23;25;25m[48;2;13;15;17m▀[0m[38;2;0;0;0m[48;2;68;68;70m▀[0m[38;2;0;0;0m[48;2;202;209;213m▀[0m[38;2;0;0;0m[48;2;145;155;158m▀[0m[38;2;0;0;0m[48;2;0;0;0m▀[0m[38;2;0;0;0m[48;2;0;0;0m▀[0m[38;2;184;199;203m[48;2;255;255;255m▀[0m[38;2;255;255;255m[48;2;237;222;220m▀[0m[38;2;199;208;208m[48;2;186;199;202m▀[0m[38;2;135;169;174m[48;2;166;199;204m▀[0m[38;2;109;150;159m[48;2;150;189;193m▀[0m[38;2;210;233;237m[48;2;212;229;231m▀[0m[38;2;212;225;228m[48;2;255;255;255m▀[0m[38;2;224;231;231m[48;2;224;227;229m▀[0m[38;2;221;228;230m[48;2;222;229;230m▀[0m[38;2;221;229;230m[48;2;221;228;232m▀[0m[38;2;221;228;230m[48;2;221;228;230m▀[0m[38;2;219;237;238m[48;2;220;233;236m▀[0m[38;2;234;255;255m[48;2;218;255;255m▀[0m[38;2;149;167;167m[48;2;230;209;209m▀[0m[38;2;249;0;0m[48;2;255;0;0m▀[0m[38;2;238;230;229m[48;2;253;172;166m▀[0m[38;2;210;215;216m[48;2;230;255;255m▀[0m[38;2;224;255;255m[48;2;204;218;220m▀[0m[38;2;202;207;208m[48;2;197;210;214m▀[0m[38;2;209;175;176m[48;2;234;249;253m▀[0m[38;2;241;246;248m[48;2;238;245;245m▀[0m[38;2;255;255;255m[48;2;213;231;233m▀[0m[38;2;255;255;255m[48;2;185;223;231m▀[0m[38;2;185;182;184m[48;2;255;255;255m▀[0m[38;2;0;0;0m[48;2;119;145;147m▀[0m[38;2;0;0;0m[48;2;0;0;0m▀[0m[38;2;0;0;0m[48;2;0;0;0m▀[0m[38;2;0;0;0m[48;2;0;0;0m▀[0m[38;2;0;0;0m[48;2;0;0;0m▀[0m
