[38;2;16;49;49m[48;2;12;51;41m▀[0m[38;2;17;41;26m[48;2;12;32;23m▀[0m[38;2;31;77;46m[48;2;30;73;46m▀[0m[38;2;28;71;48m[48;2;30;71;46m▀[0m[38;2;30;76;50m[48;2;31;75;47m▀[0m[38;2;0;22;27m[48;2;5;46;36m▀[0m[38;2;0;0;0m[48;2;13;0;4m▀[0m[38;2;23;49;34m[48;2;65;77;66m▀[0m[38;2;24;77;45m[48;2;18;69;39m▀[0m[38;2;22;67;45m[48;2;23;68;42m▀[0m[38;2;0;80;54m[48;2;0;79;53m▀[0m[38;2;0;77;53m[48;2;0;78;52m▀[0m[38;2;255;0;0m[48;2;255;0;0m▀[0m[38;2;255;0;0m[48;2;255;0;0m▀[0m[38;2;255;0;0m[48;2;255;0;0m▀[0m[38;2;255;0;0m[48;2;255;0;0m▀[0m[38;2;255;0;0m[48;2;255;0;0m▀[0m[38;2;255;0;0m[48;2;255;0;0m▀[0m[38;2;255;0;0m[48;2;255;0;0m▀[0m[38;2;255;0;0m[48;2;255;0;0m▀[0m[38;2;255;0;0m[48;2;255;0;0m▀[0m[38;2;255;0;0m[48;2;255;0;0m▀[0m[38;2;255;0;0m[48;2;255;0;0m▀[0m[38;2;255;0;0m[48;2;255;0;0m▀[0m[38;2;182;21;10m[48;2;195;17;9m▀[0m[38;2;0;93;63m[48;2;0;92;66m▀[0m[38;2;14;70;45m[48;2;19;67;45m▀[0m[38;2;24;65;42m[48;2;27;65;43m▀[0m[38;2;30;71;45m[48;2;30;71;45m▀[0m[38;2;23;54;39m[48;2;23;54;35m▀[0m[38;2;18;40;26m[48;2;18;40;26m▀[0m[38;2;30;78;51m[48;2;30;78;52m▀[0m[38;2;28;68;44m[48;2;25;66;40m▀[0m[38;2;4;27;16m[48;2;0;24;9m▀[0m[38;2;27;67;49m[48;2;33;70;53m▀[0m[38;2;50;39;45m[48;2;22;18;26m▀[0m
[38;2;18;52;41m[48;2;18;56;37m▀[0m[38;2;12;35;36m[48;2;2;29;32m▀[0m[38;2;29;70;43m[48;2;23;61;37m▀[0m[38;2;27;71;44m[48;2;29;75;46m▀[0m[38;2;32;78;51m[48;2;31;77;48m▀[0m[38;2;4;38;25m[48;2;16;51;36m▀[0m[38;2;10;0;0m[48;2;0;0;0m▀[0m[38;2;89;95;93m[48;2;13;16;17m▀[0m[38;2;15;66;38m[48;2;24;74;43m▀[0m[38;2;24;70;43m[48;2;21;64;42m▀[0m[38;2;3;73;48m[48;2;13;68;42m▀[0m[38;2;0;87;60m[48;2;0;90;61m▀[0m[38;2;255;0;0m[48;2;146;29;14m▀[0m[38;2;255;0;0m[48;2;255;0;0m▀[0m[38;2;255;0;0m[48;2;255;0;0m▀[0m[38;2;255;0;0m[48;2;255;0;0m▀[0m[38;2;255;0;0m[48;2;255;0;0m▀[0m[38;2;255;0;0m[48;2;255;0;0m▀[0m[38;2;255;0;0m[48;2;255;0;0m▀[0m[38;2;255;0;0m[48;2;255;0;0m▀[0m[38;2;255;0;0m[48;2;255;0;0m▀[0m[38;2;255;0;0m[48;2;255;0;0m▀[0m[38;2;255;0;0m[48;2;255;0;0m▀[0m[38;2;255;0;0m[48;2;255;0;0m▀[0m[38;2;126;33;20m[48;2;0;75;53m▀[0m[38;2;0;87;60m[48;2;0;81;54m▀[0m[38;2;22;66;41m[48;2;20;65;42m▀[0m[38;2;27;65;43m[48;2;27;65;43m▀[0m[38;2;26;71;48m[48;2;32;73;47m▀[0m[38;2;23;52;35m[48;2;20;50;31m▀[0m[38;2;18;43;28m[48;2;20;45;30m▀[0m[38;2;29;78;55m[48;2;28;79;51m▀[0m[38;2;24;60;40m[48;2;22;60;38m▀[0m[38;2;0;24;7m[48;2;0;0;0m▀[0m[38;2;18;47;31m[48;2;128;133;129m▀[0m[38;2;47;31;40m[48;2;117;107;113m▀[0m
[38;2;13;39;28m[48;2;0;0;0m▀[0m[38;2;7;50;52m[48;2;1;47;44m▀[0m[38;2;22;40;27m[48;2;12;31;22m▀[0m[38;2;32;77;48m[48;2;30;75;46m▀[0m[38;2;29;69;41m[48;2;28;72;45m▀[0m[38;2;17;72;45m[48;2;19;58;34m▀[0m[38;2;6;16;23m[48;2;3;8;13m▀[0m[38;2;86;64;73m[48;2;202;196;211m▀[0m[38;2;20;60;35m[48;2;33;52;38m▀[0m[38;2;24;68;42m[48;2;17;65;39m▀[0m[38;2;16;68;43m[48;2;22;65;43m▀[0m[38;2;0;76;53m[48;2;12;70;47m▀[0m[38;2;0;87;59m[48;2;0;88;58m▀[0m[38;2;255;0;0m[48;2;0;75;49m▀[0m[38;2;255;0;0m[48;2;255;0;0m▀[0m[38;2;255;0;0m[48;2;255;0;0m▀[0m[38;2;255;0;0m[48;2;255;0;0m▀[0m[38;2;255;0;0m[48;2;255;0;0m▀[0m[38;2;255;0;0m[48;2;255;0;0m▀[0m[38;2;255;0;0m[48;2;255;0;0m▀[0m[38;2;255;0;0m[48;2;255;0;0m▀[0m[38;2;255;0;0m[48;2;255;0;0m▀[0m[38;2;255;0;0m[48;2;255;0;0m▀[0m[38;2;238;0;0m[48;2;124;33;20m▀[0m[38;2;0;93;66m[48;2;0;86;60m▀[0m[38;2;6;70;46m[48;2;14;69;42m▀[0m[38;2;21;65;43m[48;2;24;65;43m▀[0m[38;2;27;65;43m[48;2;26;64;43m▀[0m[38;2;29;73;47m[48;2;29;74;50m▀[0m[38;2;17;44;30m[48;2;18;37;26m▀[0m[38;2;24;51;34m[48;2;24;56;38m▀[0m[38;2;29;79;50m[48;2;26;78;48m▀[0m[38;2;18;56;31m[48;2;14;48;25m▀[0m[38;2;0;0;0m[48;2;0;12;0m▀[0m[38;2;207;204;211m[48;2;153;166;172m▀[0m[38;2;62;74;81m[48;2;64;76;80m▀[0m
[38;2;81;58;60m[48;2;193;176;180m▀[0m[38;2;0;18;18m[48;2;0;0;0m▀[0m[38;2;16;57;49m[48;2;0;25;22m▀[0m[38;2;28;67;38m[48;2;24;60;34m▀[0m[38;2;24;72;48m[48;2;25;70;43m▀[0m[38;2;26;67;41m[48;2;26;71;43m▀[0m[38;2;0;19;20m[48;2;0;25;21m▀[0m[38;2;43;83;93m[48;2;10;37;43m▀[0m[38;2;13;32;19m[48;2;38;43;39m▀[0m[38;2;21;71;43m[48;2;22;65;42m▀[0m[38;2;23;64;42m[48;2;22;65;39m▀[0m[38;2;18;68;43m[48;2;21;65;42m▀[0m[38;2;0;76;53m[48;2;1;71;46m▀[0m[38;2;0;77;49m[48;2;24;62;38m▀[0m[38;2;128;28;11m[48;2;128;32;14m▀[0m[38;2;231;0;0m[48;2;0;79;46m▀[0m[38;2;255;0;0m[48;2;0;47;21m▀[0m[38;2;255;0;0m[48;2;255;0;0m▀[0m[38;2;255;0;0m[48;2;255;0;0m▀[0m[38;2;255;0;0m[48;2;255;0;0m▀[0m[38;2;255;0;0m[48;2;255;0;0m▀[0m[38;2;124;42;23m[48;2;0;208;197m▀[0m[38;2;0;62;35m[48;2;38;49;27m▀[0m[38;2;167;20;5m[48;2;240;0;0m▀[0m[38;2;0;80;52m[48;2;0;72;49m▀[0m[38;2;19;64;42m[48;2;21;65;40m▀[0m[38;2;27;65;43m[48;2;25;65;41m▀[0m[38;2;27;64;43m[48;2;27;65;43m▀[0m[38;2;29;72;50m[48;2;26;72;48m▀[0m[38;2;16;33;24m[48;2;13;31;21m▀[0m[38;2;21;59;35m[48;2;27;63;43m▀[0m[38;2;28;78;49m[48;2;5;63;31m▀[0m[38;2;0;27;10m[48;2;68;90;80m▀[0m[38;2;16;38;25m[48;2;141;126;135m▀[0m[38;2;64;58;59m[48;2;58;75;76m▀[0m[38;2;0;0;0m[48;2;189;184;188m▀[0m
[38;2;171;161;163m[48;2;144;143;144m▀[0m[38;2;45;50;52m[48;2;138;129;126m▀[0m[38;2;0;10;9m[48;2;0;52;53m▀[0m[38;2;12;39;17m[48;2;0;33;24m▀[0m[38;2;28;78;48m[48;2;5;52;18m▀[0m[38;2;26;82;50m[48;2;15;73;45m▀[0m[38;2;0;21;8m[48;2;0;13;6m▀[0m[38;2;80;61;72m[48;2;63;57;63m▀[0m[38;2;76;60;72m[48;2;174;152;161m▀[0m[38;2;19;63;35m[48;2;10;49;25m▀[0m[38;2;21;65;38m[48;2;19;67;38m▀[0m[38;2;22;65;42m[48;2;22;65;40m▀[0m[38;2;15;66;44m[48;2;18;66;44m▀[0m[38;2;6;70;45m[48;2;0;50;19m▀[0m[38;2;0;63;30m[48;2;28;111;90m▀[0m[38;2;30;30;5m[48;2;218;153;156m▀[0m[38;2;24;138;120m[48;2;115;223;229m▀[0m[38;2;255;0;0m[48;2;255;0;0m▀[0m[38;2;255;0;0m[48;2;255;0;0m▀[0m[38;2;255;0;0m[48;2;255;0;0m▀[0m[38;2;255;128;132m[48;2;255;0;0m▀[0m[38;2;109;255;255m[48;2;255;183;183m▀[0m[38;2;14;100;88m[48;2;154;211;200m▀[0m[38;2;0;13;0m[48;2;67;145;125m▀[0m[38;2;0;60;33m[48;2;75;111;101m▀[0m[38;2;6;54;31m[48;2;23;57;42m▀[0m[38;2;19;62;37m[48;2;19;28;15m▀[0m[38;2;26;67;44m[48;2;32;44;28m▀[0m[38;2;26;65;44m[48;2;27;51;35m▀[0m[38;2;14;32;22m[48;2;16;33;19m▀[0m[38;2;16;64;37m[48;2;19;69;40m▀[0m[38;2;30;64;49m[48;2;24;56;39m▀[0m[38;2;185;175;185m[48;2;96;78;91m▀[0m[38;2;2;0;3m[48;2;0;0;0m▀[0m[38;2;0;0;0m[48;2;0;39;19m▀[0m[38;2;144;134;136m[48;2;59;81;82m▀[0m
[38;2;136;136;137m[48;2;132;134;134m▀[0m[38;2;144;139;138m[48;2;144;141;143m▀[0m[38;2;69;66;68m[48;2;101;104;100m▀[0m[38;2;43;39;42m[48;2;2;17;21m▀[0m[38;2;82;82;80m[48;2;191;175;183m▀[0m[38;2;12;28;20m[48;2;51;31;41m▀[0m[38;2;82;74;82m[48;2;23;52;34m▀[0m[38;2;0;0;0m[48;2;0;36;8m▀[0m[38;2;114;114;129m[48;2;76;102;111m▀[0m[38;2;60;77;68m[48;2;50;65;57m▀[0m[38;2;7;60;29m[48;2;1;58;25m▀[0m[38;2;21;65;39m[48;2;16;72;42m▀[0m[38;2;3;62;36m[48;2;105;127;121m▀[0m[38;2;103;134;125m[48;2;47;42;51m▀[0m[38;2;125;136;146m[48;2;0;0;0m▀[0m[38;2;0;34;41m[48;2;167;0;0m▀[0m[38;2;8;0;0m[48;2;79;0;0m▀[0m[38;2;160;0;0m[48;2;32;0;0m▀[0m[38;2;255;0;0m[48;2;255;0;0m▀[0m[38;2;255;0;0m[48;2;255;0;0m▀[0m[38;2;165;0;0m[48;2;0;0;0m▀[0m[38;2;111;0;0m[48;2;77;0;0m▀[0m[38;2;255;39;28m[48;2;124;0;0m▀[0m[38;2;198;255;255m[48;2;55;0;0m▀[0m[38;2;226;248;255m[48;2;239;73;82m▀[0m[38;2;66;101;87m[48;2;255;255;255m▀[0m[38;2;0;134;64m[48;2;0;255;182m▀[0m[38;2;0;141;78m[48;2;0;64;29m▀[0m[38;2;18;47;29m[48;2;11;43;32m▀[0m[38;2;22;35;23m[48;2;29;33;25m▀[0m[38;2;10;65;33m[48;2;14;54;30m▀[0m[38;2;65;90;78m[48;2;85;94;97m▀[0m[38;2;61;42;53m[48;2;143;150;155m▀[0m[38;2;0;0;0m[48;2;23;13;10m▀[0m[38;2;15;72;51m[48;2;0;0;0m▀[0m[38;2;0;48;51m[48;2;27;50;50m▀[0m
[38;2;125;128;130m[48;2;122;126;126m▀[0m[38;2;139;139;141m[48;2;127;130;131m▀[0m[38;2;135;133;130m[48;2;157;159;157m▀[0m[38;2;15;32;29m[48;2;68;68;65m▀[0m[38;2;27;74;71m[48;2;0;0;0m▀[0m[38;2;41;21;25m[48;2;41;35;40m▀[0m[38;2;16;59;34m[48;2;9;57;28m▀[0m[38;2;11;70;39m[48;2;25;47;25m▀[0m[38;2;9;0;0m[48;2;66;28;37m▀[0m[38;2;25;34;30m[48;2;128;146;146m▀[0m[38;2;13;79;44m[48;2;61;112;87m▀[0m[38;2;98;129;115m[48;2;19;10;19m▀[0m[38;2;18;10;15m[48;2;0;0;0m▀[0m[38;2;0;0;0m[48;2;74;0;0m▀[0m[38;2;173;0;0m[48;2;134;0;0m▀[0m[38;2;100;0;0m[48;2;0;41;42m▀[0m[38;2;0;0;0m[48;2;0;10;10m▀[0m[38;2;20;1;0m[48;2;15;3;0m▀[0m[38;2;255;0;0m[48;2;255;0;0m▀[0m[38;2;255;0;0m[48;2;255;0;0m▀[0m[38;2;0;0;1m[48;2;14;0;0m▀[0m[38;2;190;0;0m[48;2;59;0;0m▀[0m[38;2;65;0;0m[48;2;35;0;0m▀[0m[38;2;187;0;0m[48;2;0;0;0m▀[0m[38;2;20;0;0m[48;2;0;0;0m▀[0m[38;2;66;27;52m[48;2;0;0;0m▀[0m[38;2;196;255;255m[48;2;144;102;120m▀[0m[38;2;0;205;97m[48;2;15;255;209m▀[0m[38;2;0;58;32m[48;2;0;85;37m▀[0m[38;2;22;61;37m[48;2;7;117;65m▀[0m[38;2;29;68;42m[48;2;37;51;34m▀[0m[38;2;0;14;0m[48;2;0;20;5m▀[0m[38;2;118;117;115m[48;2;48;35;43m▀[0m[38;2;88;118;115m[48;2;0;6;2m▀[0m[38;2;0;0;0m[48;2;18;23;25m▀[0m[38;2;125;114;115m[48;2;184;174;183m▀[0m
[38;2;123;126;126m[48;2;120;128;126m▀[0m[38;2;129;129;129m[48;2;119;130;124m▀[0m[38;2;140;138;141m[48;2;121;132;130m▀[0m[38;2;157;152;154m[48;2;151;162;153m▀[0m[38;2;8;11;8m[48;2;86;82;82m▀[0m[38;2;7;12;16m[48;2;135;125;125m▀[0m[38;2;0;0;0m[48;2;57;94;96m▀[0m[38;2;0;41;33m[48;2;0;0;0m▀[0m[38;2;124;148;148m[48;2;31;26;29m▀[0m[38;2;93;102;98m[48;2;0;3;3m▀[0m[38;2;3;18;15m[48;2;35;50;41m▀[0m[38;2;13;13;14m[48;2;32;19;21m▀[0m[38;2;0;0;0m[48;2;0;0;0m▀[0m[38;2;107;0;0m[48;2;32;0;0m▀[0m[38;2;8;32;34m[48;2;75;72;72m▀[0m[38;2;128;52;47m[48;2;69;0;0m▀[0m[38;2;0;0;0m[48;2;0;0;0m▀[0m[38;2;100;0;0m[48;2;179;0;0m▀[0m[38;2;255;0;0m[48;2;255;0;0m▀[0m[38;2;255;0;0m[48;2;255;0;0m▀[0m[38;2;0;0;0m[48;2;0;23;25m▀[0m[38;2;0;0;0m[48;2;0;70;68m▀[0m[38;2;0;0;0m[48;2;0;10;7m▀[0m[38;2;0;0;0m[48;2;24;0;0m▀[0m[38;2;0;0;0m[48;2;34;66;68m▀[0m[38;2;0;0;0m[48;2;31;34;35m▀[0m[38;2;0;0;0m[48;2;0;0;0m▀[0m[38;2;67;185;146m[48;2;16;142;97m▀[0m[38;2;0;161;90m[48;2;0;235;136m▀[0m[38;2;5;114;69m[48;2;0;118;63m▀[0m[38;2;33;58;36m[48;2;18;34;18m▀[0m[38;2;0;0;0m[48;2;128;113;121m▀[0m[38;2;42;24;36m[48;2;30;21;27m▀[0m[38;2;0;0;0m[48;2;31;28;28m▀[0m[38;2;120;125;121m[48;2;160;168;166m▀[0m[38;2;152;162;156m[48;2;127;138;129m▀[0m
[38;2;114;130;123m[48;2;122;126;126m▀[0m[38;2;119;132;124m[48;2;123;126;126m▀[0m[38;2;121;132;127m[48;2;122;126;126m▀[0m[38;2;129;137;133m[48;2;126;126;129m▀[0m[38;2;144;144;145m[48;2;153;156;155m▀[0m[38;2;68;57;57m[48;2;81;76;76m▀[0m[38;2;154;164;161m[48;2;20;11;12m▀[0m[38;2;0;14;1m[48;2;22;103;84m▀[0m[38;2;0;26;24m[48;2;72;0;0m▀[0m[38;2;10;72;60m[48;2;149;89;66m▀[0m[38;2;148;120;108m[48;2;129;65;59m▀[0m[38;2;0;0;0m[48;2;0;0;0m▀[0m[38;2;0;0;0m[48;2;0;0;0m▀[0m[38;2;21;23;24m[48;2;10;0;0m▀[0m[38;2;9;31;32m[48;2;0;0;0m▀[0m[38;2;0;0;0m[48;2;3;3;3m▀[0m[38;2;0;0;0m[48;2;0;0;0m▀[0m[38;2;151;0;0m[48;2;138;0;0m▀[0m[38;2;255;0;0m[48;2;255;0;0m▀[0m[38;2;224;0;0m[48;2;229;0;0m▀[0m[38;2;29;150;149m[48;2;148;103;99m▀[0m[38;2;118;255;255m[48;2;99;206;201m▀[0m[38;2;246;96;91m[48;2;188;115;110m▀[0m[38;2;255;0;0m[48;2;255;0;0m▀[0m[38;2;155;251;249m[48;2;180;227;226m▀[0m[38;2;242;239;246m[48;2;207;234;240m▀[0m[38;2;0;0;0m[48;2;20;0;0m▀[0m[38;2;21;112;82m[48;2;31;76;57m▀[0m[38;2;0;255;150m[48;2;0;255;152m▀[0m[38;2;0;107;48m[48;2;46;33;31m▀[0m[38;2;79;83;82m[48;2;163;151;170m▀[0m[38;2;72;48;63m[48;2;0;0;0m▀[0m[38;2;26;18;18m[48;2;50;42;42m▀[0m[38;2;127;132;131m[48;2;162;166;168m▀[0m[38;2;146;146;148m[48;2;132;129;132m▀[0m[38;2;129;129;132m[48;2;129;124;129m▀[0m
[38;2;122;126;126m[48;2;122;126;126m▀[0m[38;2;122;126;126m[48;2;121;127;126m▀[0m[38;2;126;125;126m[48;2;117;128;125m▀[0m[38;2;128;124;128m[48;2;115;128;123m▀[0m[38;2;132;128;132m[48;2;114;137;126m▀[0m[38;2;159;153;158m[48;2;125;150;139m▀[0m[38;2;77;54;62m[48;2;152;136;142m▀[0m[38;2;0;74;60m[48;2;0;85;63m▀[0m[38;2;0;0;0m[48;2;0;15;0m▀[0m[38;2;161;93;54m[48;2;130;25;0m▀[0m[38;2;71;7;7m[48;2;46;0;0m▀[0m[38;2;0;0;0m[48;2;15;0;0m▀[0m[38;2;0;0;0m[48;2;3;3;3m▀[0m[38;2;12;2;2m[48;2;0;3;2m▀[0m[38;2;22;1;0m[48;2;28;0;0m▀[0m[38;2;0;0;2m[48;2;30;0;0m▀[0m[38;2;0;0;2m[48;2;157;0;0m▀[0m[38;2;212;0;0m[48;2;255;0;0m▀[0m[38;2;255;0;0m[48;2;255;0;0m▀[0m[38;2;201;16;15m[48;2;204;38;32m▀[0m[38;2;155;102;103m[48;2;201;81;78m▀[0m[38;2;164;118;110m[48;2;255;0;0m▀[0m[38;2;99;173;170m[48;2;240;91;89m▀[0m[38;2;136;95;84m[48;2;66;186;183m▀[0m[38;2;255;209;201m[48;2;215;182;173m▀[0m[38;2;137;180;187m[48;2;108;133;137m▀[0m[38;2;0;0;0m[48;2;0;0;0m▀[0m[38;2;71;84;61m[48;2;125;109;82m▀[0m[38;2;0;255;147m[48;2;0;248;133m▀[0m[38;2;102;86;95m[48;2;41;41;52m▀[0m[38;2;70;79;88m[48;2;0;0;0m▀[0m[38;2;0;0;0m[48;2;110;104;107m▀[0m[38;2;145;158;150m[48;2;154;152;160m▀[0m[38;2;126;145;139m[48;2;134;128;136m▀[0m[38;2;117;136;127m[48;2;130;126;135m▀[0m[38;2;115;130;123m[48;2;119;127;131m▀[0m
[38;2;115;131;123m[48;2;128;128;131m▀[0m[38;2;115;134;124m[48;2;125;129;129m▀[0m[38;2;115;131;126m[48;2;123;128;124m▀[0m[38;2;119;129;129m[48;2;116;131;122m▀[0m[38;2;130;126;134m[48;2;113;132;115m▀[0m[38;2;130;128;139m[48;2;109;140;114m▀[0m[38;2;156;146;152m[48;2;102;139;109m▀[0m[38;2;124;166;153m[48;2;169;192;166m▀[0m[38;2;0;0;0m[48;2;66;66;69m▀[0m[38;2;53;0;0m[48;2;0;0;0m▀[0m[38;2;38;0;0m[48;2;41;0;0m▀[0m[38;2;29;0;0m[48;2;34;0;0m▀[0m[38;2;0;3;3m[48;2;0;0;0m▀[0m[38;2;0;0;0m[48;2;0;0;0m▀[0m[38;2;25;0;0m[48;2;0;15;17m▀[0m[38;2;0;0;0m[48;2;99;122;120m▀[0m[38;2;115;0;0m[48;2;0;28;28m▀[0m[38;2;255;0;0m[48;2;43;0;0m▀[0m[38;2;255;0;0m[48;2;255;0;0m▀[0m[38;2;212;42;38m[48;2;255;0;0m▀[0m[38;2;143;128;124m[48;2;0;25;19m▀[0m[38;2;255;0;0m[48;2;0;0;0m▀[0m[38;2;131;0;0m[48;2;69;93;93m▀[0m[38;2;5;88;87m[48;2;9;99;100m▀[0m[38;2;97;154;151m[48;2;144;189;192m▀[0m[38;2;198;215;219m[48;2;174;200;198m▀[0m[38;2;13;4;13m[48;2;0;2;2m▀[0m[38;2;142;58;39m[48;2;50;0;0m▀[0m[38;2;62;129;108m[48;2;221;175;186m▀[0m[38;2;40;19;36m[48;2;41;45;51m▀[0m[38;2;24;9;12m[48;2;145;153;151m▀[0m[38;2;161;188;158m[48;2;127;145;139m▀[0m[38;2;109;139;109m[48;2;120;135;127m▀[0m[38;2;111;138;115m[48;2;115;131;123m▀[0m[38;2;112;133;112m[48;2;114;130;121m▀[0m[38;2;108;134;116m[48;2;112;131;116m▀[0m
[38;2;108;133;111m[48;2;113;130;121m▀[0m[38;2;104;134;108m[48;2;114;130;127m▀[0m[38;2;107;133;110m[48;2;116;129;129m▀[0m[38;2;113;132;110m[48;2;116;129;128m▀[0m[38;2;113;132;115m[48;2;115;129;128m▀[0m[38;2;113;131;119m[48;2;114;130;125m▀[0m[38;2;117;133;129m[48;2;112;135;130m▀[0m[38;2;126;148;141m[48;2;109;137;130m▀[0m[38;2;168;192;190m[48;2;161;196;195m▀[0m[38;2;30;15;3m[48;2;133;123;114m▀[0m[38;2;63;25;3m[48;2;27;0;0m▀[0m[38;2;24;0;0m[48;2;42;0;0m▀[0m[38;2;0;1;0m[48;2;0;0;0m▀[0m[38;2;0;0;0m[48;2;0;0;0m▀[0m[38;2;21;1;0m[48;2;133;0;0m▀[0m[38;2;255;32;35m[48;2;255;0;0m▀[0m[38;2;239;51;45m[48;2;255;0;0m▀[0m[38;2;59;120;107m[48;2;160;31;23m▀[0m[38;2;255;0;0m[48;2;255;0;0m▀[0m[38;2;255;8;1m[48;2;255;20;24m▀[0m[38;2;73;200;187m[48;2;94;255;255m▀[0m[38;2;255;73;71m[48;2;173;241;229m▀[0m[38;2;255;0;0m[48;2;247;14;2m▀[0m[38;2;255;0;0m[48;2;255;0;0m▀[0m[38;2;174;226;225m[48;2;124;142;140m▀[0m[38;2;27;87;82m[48;2;71;16;15m▀[0m[38;2;0;0;0m[48;2;42;0;0m▀[0m[38;2;0;0;0m[48;2;0;111;49m▀[0m[38;2;0;0;0m[48;2;0;26;16m▀[0m[38;2;107;112;117m[48;2;200;199;199m▀[0m[38;2;158;175;168m[48;2;116;138;132m▀[0m[38;2;111;129;126m[48;2;117;136;128m▀[0m[38;2;115;132;130m[48;2;114;132;126m▀[0m[38;2;115;131;126m[48;2;114;132;126m▀[0m[38;2;114;131;126m[48;2;114;131;126m▀[0m[38;2;113;131;125m[48;2;114;131;124m▀[0m
