[38;2;170;170;171m[48;2;124;124;125m▀[0m[38;2;86;89;88m[48;2;50;50;51m▀[0m[38;2;0;0;0m[48;2;0;0;0m▀[0m[38;2;0;0;0m[48;2;0;0;0m▀[0m[38;2;73;78;78m[48;2;0;0;0m▀[0m[38;2;29;31;31m[48;2;71;69;72m▀[0m[38;2;131;133;133m[48;2;143;142;143m▀[0m[38;2;126;128;128m[48;2;138;139;136m▀[0m[38;2;49;53;53m[48;2;39;41;43m▀[0m[38;2;75;78;77m[48;2;16;16;17m▀[0m[38;2;110;112;114m[48;2;57;61;61m▀[0m[38;2;9;11;12m[48;2;0;0;0m▀[0m[38;2;0;0;0m[48;2;0;0;0m▀[0m[38;2;0;0;0m[48;2;0;0;0m▀[0m[38;2;0;0;0m[48;2;0;0;0m▀[0m[38;2;4;3;3m[48;2;0;0;0m▀[0m[38;2;140;142;144m[48;2;42;42;43m▀[0m[38;2;158;162;162m[48;2;87;92;93m▀[0m[38;2;0;0;0m[48;2;0;0;0m▀[0m[38;2;0;0;0m[48;2;0;0;0m▀[0m[38;2;0;0;0m[48;2;0;0;0m▀[0m[38;2;12;12;12m[48;2;0;0;0m▀[0m[38;2;47;47;49m[48;2;21;24;24m▀[0m[38;2;0;0;0m[48;2;0;0;0m▀[0m[38;2;0;0;0m[48;2;0;0;0m▀[0m[38;2;84;86;86m[48;2;126;130;130m▀[0m[38;2;158;160;160m[48;2;149;151;151m▀[0m[38;2;62;62;62m[48;2;31;33;33m▀[0m[38;2;52;52;53m[48;2;41;43;43m▀[0m[38;2;21;21;22m[48;2;42;46;43m▀[0m[38;2;9;11;12m[48;2;0;0;0m▀[0m[38;2;0;0;0m[48;2;42;44;45m▀[0m[38;2;40;44;44m[48;2;71;73;73m▀[0m[38;2;116;118;118m[48;2;150;153;152m▀[0m[38;2;159;158;158m[48;2;67;69;69m▀[0m[38;2;131;131;133m[48;2;12;15;15m▀[0m
[38;2;134;133;133m[48;2;52;55;56m▀[0m[38;2;98;96;99m[48;2;80;84;84m▀[0m[38;2;49;49;47m[48;2;98;100;100m▀[0m[38;2;0;0;0m[48;2;0;0;0m▀[0m[38;2;0;0;0m[48;2;0;0;0m▀[0m[38;2;100;102;102m[48;2;92;94;94m▀[0m[38;2;137;139;140m[48;2;142;144;145m▀[0m[38;2;140;141;138m[48;2;139;141;141m▀[0m[38;2;61;63;63m[48;2;86;88;88m▀[0m[38;2;0;0;0m[48;2;0;0;0m▀[0m[38;2;0;0;1m[48;2;0;0;0m▀[0m[38;2;0;0;0m[48;2;19;19;20m▀[0m[38;2;0;0;0m[48;2;166;168;168m▀[0m[38;2;0;0;0m[48;2;156;159;159m▀[0m[38;2;26;29;28m[48;2;0;0;0m▀[0m[38;2;24;24;26m[48;2;0;0;0m▀[0m[38;2;15;15;15m[48;2;0;0;0m▀[0m[38;2;0;0;0m[48;2;82;84;82m▀[0m[38;2;31;31;31m[48;2;87;91;87m▀[0m[38;2;0;0;0m[48;2;227;227;228m▀[0m[38;2;0;0;0m[48;2;145;145;145m▀[0m[38;2;0;0;0m[48;2;0;0;0m▀[0m[38;2;0;0;0m[48;2;0;0;0m▀[0m[38;2;0;0;0m[48;2;0;0;0m▀[0m[38;2;5;5;5m[48;2;20;23;23m▀[0m[38;2;153;155;155m[48;2;160;162;162m▀[0m[38;2;135;137;137m[48;2;116;118;118m▀[0m[38;2;18;20;22m[48;2;12;10;13m▀[0m[38;2;12;14;16m[48;2;12;16;16m▀[0m[38;2;30;32;32m[48;2;4;7;7m▀[0m[38;2;0;0;0m[48;2;15;14;15m▀[0m[38;2;86;90;89m[48;2;129;131;133m▀[0m[38;2;103;105;103m[48;2;172;170;173m▀[0m[38;2;93;96;95m[48;2;255;255;255m▀[0m[38;2;71;71;72m[48;2;85;88;87m▀[0m[38;2;0;0;0m[48;2;0;0;0m▀[0m
[38;2;112;112;112m[48;2;102;105;105m▀[0m[38;2;232;235;234m[48;2;116;118;118m▀[0m[38;2;144;143;143m[48;2;105;108;108m▀[0m[38;2;8;8;8m[48;2;0;0;0m▀[0m[38;2;0;0;0m[48;2;0;0;0m▀[0m[38;2;66;68;68m[48;2;10;8;11m▀[0m[38;2;158;160;160m[48;2;135;137;137m▀[0m[38;2;158;161;161m[48;2;61;61;61m▀[0m[38;2;45;47;47m[48;2;0;0;0m▀[0m[38;2;0;0;0m[48;2;18;20;20m▀[0m[38;2;35;37;37m[48;2;240;240;240m▀[0m[38;2;255;255;255m[48;2;255;255;255m▀[0m[38;2;225;223;226m[48;2;255;255;255m▀[0m[38;2;201;199;202m[48;2;214;214;214m▀[0m[38;2;165;167;167m[48;2;228;229;226m▀[0m[38;2;95;95;95m[48;2;255;255;255m▀[0m[38;2;0;0;0m[48;2;195;195;195m▀[0m[38;2;101;101;101m[48;2;15;18;18m▀[0m[38;2;255;255;255m[48;2;255;255;255m▀[0m[38;2;117;117;117m[48;2;255;255;255m▀[0m[38;2;198;201;201m[48;2;94;94;96m▀[0m[38;2;255;255;255m[48;2;255;255;255m▀[0m[38;2;0;0;0m[48;2;171;170;170m▀[0m[38;2;0;0;0m[48;2;0;0;0m▀[0m[38;2;24;26;26m[48;2;0;0;0m▀[0m[38;2;169;174;171m[48;2;129;131;131m▀[0m[38;2;84;87;86m[48;2;53;55;55m▀[0m[38;2;0;1;1m[48;2;4;4;4m▀[0m[38;2;19;22;24m[48;2;21;21;22m▀[0m[38;2;0;0;0m[48;2;0;0;0m▀[0m[38;2;0;0;0m[48;2;0;0;0m▀[0m[38;2;87;90;90m[48;2;2;2;2m▀[0m[38;2;113;115;115m[48;2;255;255;255m▀[0m[38;2;126;128;128m[48;2;81;83;83m▀[0m[38;2;57;60;61m[48;2;0;0;0m▀[0m[38;2;0;0;0m[48;2;0;0;0m▀[0m
[38;2;27;29;29m[48;2;0;0;0m▀[0m[38;2;165;168;168m[48;2;255;255;255m▀[0m[38;2;85;85;85m[48;2;0;3;3m▀[0m[38;2;0;0;0m[48;2;0;0;0m▀[0m[38;2;33;35;35m[48;2;54;56;56m▀[0m[38;2;0;0;0m[48;2;51;51;49m▀[0m[38;2;0;0;0m[48;2;0;0;0m▀[0m[38;2;0;0;0m[48;2;0;0;0m▀[0m[38;2;0;0;0m[48;2;68;70;70m▀[0m[38;2;207;210;209m[48;2;255;255;255m▀[0m[38;2;255;255;255m[48;2;255;255;255m▀[0m[38;2;236;235;235m[48;2;131;134;134m▀[0m[38;2;255;255;255m[48;2;180;183;183m▀[0m[38;2;190;190;190m[48;2;192;195;195m▀[0m[38;2;175;178;177m[48;2;97;97;98m▀[0m[38;2;255;255;255m[48;2;255;255;255m▀[0m[38;2;245;244;244m[48;2;238;240;240m▀[0m[38;2;172;171;172m[48;2;189;189;189m▀[0m[38;2;249;248;248m[48;2;134;135;132m▀[0m[38;2;255;255;255m[48;2;255;255;255m▀[0m[38;2;253;253;253m[48;2;216;216;216m▀[0m[38;2;255;255;255m[48;2;167;167;167m▀[0m[38;2;255;255;255m[48;2;255;255;255m▀[0m[38;2;0;0;0m[48;2;148;148;150m▀[0m[38;2;0;0;0m[48;2;0;0;0m▀[0m[38;2;34;36;36m[48;2;0;0;0m▀[0m[38;2;16;18;18m[48;2;12;12;12m▀[0m[38;2;12;15;15m[48;2;14;14;14m▀[0m[38;2;26;29;29m[48;2;22;25;25m▀[0m[38;2;0;0;0m[48;2;0;0;0m▀[0m[38;2;0;0;0m[48;2;0;0;0m▀[0m[38;2;0;0;0m[48;2;0;0;0m▀[0m[38;2;255;255;255m[48;2;145;145;145m▀[0m[38;2;42;41;41m[48;2;0;0;0m▀[0m[38;2;0;0;0m[48;2;0;0;0m▀[0m[38;2;0;0;0m[48;2;0;0;0m▀[0m
[38;2;0;0;0m[48;2;0;0;0m▀[0m[38;2;93;93;93m[48;2;89;89;89m▀[0m[38;2;0;0;0m[48;2;4;6;6m▀[0m[38;2;0;0;0m[48;2;2;1;1m▀[0m[38;2;0;0;0m[48;2;3;5;5m▀[0m[38;2;8;8;10m[48;2;13;13;15m▀[0m[38;2;0;0;0m[48;2;0;0;0m▀[0m[38;2;0;0;0m[48;2;78;80;80m▀[0m[38;2;170;174;174m[48;2;207;209;211m▀[0m[38;2;255;255;255m[48;2;255;255;255m▀[0m[38;2;255;255;255m[48;2;245;244;244m▀[0m[38;2;185;189;186m[48;2;102;105;101m▀[0m[38;2;131;133;131m[48;2;189;190;182m▀[0m[38;2;233;237;230m[48;2;71;66;75m▀[0m[38;2;210;216;211m[48;2;24;24;31m▀[0m[38;2;255;255;255m[48;2;255;255;255m▀[0m[38;2;224;226;226m[48;2;236;239;238m▀[0m[38;2;109;112;112m[48;2;239;242;239m▀[0m[38;2;123;122;122m[48;2;56;55;56m▀[0m[38;2;110;110;107m[48;2;162;161;159m▀[0m[38;2;102;102;102m[48;2;161;161;161m▀[0m[38;2;208;207;208m[48;2;60;59;60m▀[0m[38;2;255;255;255m[48;2;255;255;255m▀[0m[38;2;224;224;226m[48;2;228;230;230m▀[0m[38;2;0;0;0m[48;2;35;37;37m▀[0m[38;2;0;0;0m[48;2;0;0;0m▀[0m[38;2;0;0;0m[48;2;24;27;27m▀[0m[38;2;0;0;0m[48;2;25;28;28m▀[0m[38;2;0;0;0m[48;2;33;37;37m▀[0m[38;2;0;0;0m[48;2;48;50;51m▀[0m[38;2;0;0;0m[48;2;38;37;37m▀[0m[38;2;0;0;0m[48;2;0;0;0m▀[0m[38;2;110;110;110m[48;2;133;133;133m▀[0m[38;2;0;0;0m[48;2;34;37;36m▀[0m[38;2;0;0;0m[48;2;10;12;13m▀[0m[38;2;0;0;0m[48;2;20;22;22m▀[0m
[38;2;28;28;28m[48;2;43;43;43m▀[0m[38;2;114;117;117m[48;2;98;100;100m▀[0m[38;2;63;65;65m[48;2;46;48;48m▀[0m[38;2;55;59;59m[48;2;47;52;52m▀[0m[38;2;61;63;65m[48;2;46;48;49m▀[0m[38;2;48;52;52m[48;2;0;0;0m▀[0m[38;2;30;32;32m[48;2;4;3;3m▀[0m[38;2;133;136;136m[48;2;128;130;130m▀[0m[38;2;207;209;207m[48;2;199;201;201m▀[0m[38;2;236;240;239m[48;2;153;155;155m▀[0m[38;2;255;255;255m[48;2;162;164;164m▀[0m[38;2;110;116;112m[48;2;255;255;255m▀[0m[38;2;72;67;73m[48;2;201;199;202m▀[0m[38;2;23;0;39m[48;2;80;80;78m▀[0m[38;2;35;30;39m[48;2;121;129;125m▀[0m[38;2;255;255;255m[48;2;210;213;212m▀[0m[38;2;255;255;255m[48;2;255;255;255m▀[0m[38;2;255;255;255m[48;2;255;255;255m▀[0m[38;2;15;20;20m[48;2;219;215;215m▀[0m[38;2;191;186;184m[48;2;0;0;0m▀[0m[38;2;30;30;30m[48;2;200;203;203m▀[0m[38;2;165;164;165m[48;2;255;255;255m▀[0m[38;2;255;255;255m[48;2;255;255;255m▀[0m[38;2;222;226;227m[48;2;221;223;224m▀[0m[38;2;115;118;119m[48;2;169;172;171m▀[0m[38;2;42;44;45m[48;2;89;91;92m▀[0m[38;2;88;89;86m[48;2;49;51;51m▀[0m[38;2;74;78;75m[48;2;71;70;68m▀[0m[38;2;76;78;78m[48;2;65;68;64m▀[0m[38;2;88;90;90m[48;2;53;55;55m▀[0m[38;2;107;110;107m[48;2;13;16;15m▀[0m[38;2;35;37;37m[48;2;77;76;76m▀[0m[38;2;132;132;133m[48;2;149;150;146m▀[0m[38;2;66;69;68m[48;2;31;34;34m▀[0m[38;2;62;65;65m[48;2;11;13;13m▀[0m[38;2;74;78;78m[48;2;16;20;17m▀[0m
[38;2;38;41;43m[48;2;4;7;7m▀[0m[38;2;136;140;140m[48;2;174;176;178m▀[0m[38;2;46;47;44m[48;2;164;168;170m▀[0m[38;2;0;0;0m[48;2;157;159;161m▀[0m[38;2;0;0;0m[48;2;84;86;89m▀[0m[38;2;0;0;0m[48;2;100;102;107m▀[0m[38;2;6;8;8m[48;2;62;61;62m▀[0m[38;2;114;118;118m[48;2;96;98;99m▀[0m[38;2;162;164;164m[48;2;143;145;145m▀[0m[38;2;26;24;27m[48;2;0;0;0m▀[0m[38;2;97;97;97m[48;2;32;30;33m▀[0m[38;2;129;129;130m[48;2;0;0;0m▀[0m[38;2;0;0;0m[48;2;0;0;0m▀[0m[38;2;0;0;0m[48;2;0;0;0m▀[0m[38;2;24;24;26m[48;2;19;18;18m▀[0m[38;2;216;216;214m[48;2;198;201;198m▀[0m[38;2;255;255;255m[48;2;255;255;255m▀[0m[38;2;217;217;217m[48;2;108;111;111m▀[0m[38;2;0;0;0m[48;2;6;8;8m▀[0m[38;2;0;0;0m[48;2;214;214;212m▀[0m[38;2;255;255;255m[48;2;255;255;255m▀[0m[38;2;197;202;202m[48;2;54;57;57m▀[0m[38;2;247;246;246m[48;2;255;255;255m▀[0m[38;2;231;233;235m[48;2;185;189;189m▀[0m[38;2;136;138;138m[48;2;163;167;167m▀[0m[38;2;124;121;126m[48;2;52;54;56m▀[0m[38;2;61;61;58m[48;2;96;95;95m▀[0m[38;2;57;55;58m[48;2;103;102;102m▀[0m[38;2;81;84;81m[48;2;68;68;66m▀[0m[38;2;62;62;63m[48;2;24;27;26m▀[0m[38;2;120;122;124m[48;2;186;184;187m▀[0m[38;2;126;130;129m[48;2;255;254;255m▀[0m[38;2;116;119;118m[48;2;168;167;165m▀[0m[38;2;41;41;43m[48;2;29;30;27m▀[0m[38;2;59;61;61m[48;2;78;82;82m▀[0m[38;2;33;35;35m[48;2;147;149;151m▀[0m
[38;2;120;117;117m[48;2;255;255;255m▀[0m[38;2;206;204;207m[48;2;45;47;45m▀[0m[38;2;144;143;143m[48;2;7;8;5m▀[0m[38;2;114;116;116m[48;2;48;50;50m▀[0m[38;2;98;100;101m[48;2;81;83;81m▀[0m[38;2;102;106;110m[48;2;162;166;167m▀[0m[38;2;52;56;55m[48;2;0;2;3m▀[0m[38;2;0;0;0m[48;2;33;36;35m▀[0m[38;2;88;92;93m[48;2;122;124;125m▀[0m[38;2;13;15;17m[48;2;0;0;0m▀[0m[38;2;0;0;0m[48;2;1;0;2m▀[0m[38;2;62;62;62m[48;2;170;173;175m▀[0m[38;2;255;255;255m[48;2;9;9;9m▀[0m[38;2;11;10;10m[48;2;0;0;0m▀[0m[38;2;0;0;0m[48;2;0;0;0m▀[0m[38;2;243;245;245m[48;2;255;255;255m▀[0m[38;2;221;220;221m[48;2;108;107;107m▀[0m[38;2;0;0;0m[48;2;153;156;153m▀[0m[38;2;185;187;187m[48;2;255;255;255m▀[0m[38;2;255;255;255m[48;2;136;135;135m▀[0m[38;2;89;91;91m[48;2;106;108;109m▀[0m[38;2;25;27;27m[48;2;45;48;48m▀[0m[38;2;242;242;242m[48;2;137;140;142m▀[0m[38;2;205;204;204m[48;2;255;255;255m▀[0m[38;2;152;154;154m[48;2;144;144;145m▀[0m[38;2;135;137;140m[48;2;115;117;117m▀[0m[38;2;25;27;29m[48;2;170;174;175m▀[0m[38;2;123;125;125m[48;2;148;148;146m▀[0m[38;2;236;235;235m[48;2;149;149;150m▀[0m[38;2;255;255;255m[48;2;148;146;151m▀[0m[38;2;255;255;255m[48;2;172;170;175m▀[0m[38;2;255;255;255m[48;2;56;60;56m▀[0m[38;2;128;130;130m[48;2;97;100;99m▀[0m[38;2;47;49;49m[48;2;26;24;27m▀[0m[38;2;129;131;131m[48;2;221;220;220m▀[0m[38;2;29;32;32m[48;2;214;214;214m▀[0m
[38;2;145;147;147m[48;2;76;78;78m▀[0m[38;2;183;186;185m[48;2;230;230;231m▀[0m[38;2;182;184;184m[48;2;247;245;248m▀[0m[38;2;171;174;173m[48;2;211;214;215m▀[0m[38;2;235;233;236m[48;2;243;245;247m▀[0m[38;2;255;255;255m[48;2;234;236;234m▀[0m[38;2;238;238;239m[48;2;194;198;198m▀[0m[38;2;208;208;211m[48;2;57;65;66m▀[0m[38;2;46;48;48m[48;2;66;69;69m▀[0m[38;2;0;2;2m[48;2;255;255;255m▀[0m[38;2;37;34;34m[48;2;255;255;255m▀[0m[38;2;0;0;0m[48;2;255;255;255m▀[0m[38;2;0;0;0m[48;2;221;217;219m▀[0m[38;2;0;0;0m[48;2;159;164;165m▀[0m[38;2;144;146;146m[48;2;213;213;210m▀[0m[38;2;145;149;146m[48;2;235;231;230m▀[0m[38;2;140;140;140m[48;2;80;80;80m▀[0m[38;2;204;207;207m[48;2;0;0;0m▀[0m[38;2;88;87;87m[48;2;0;0;0m▀[0m[38;2;114;117;117m[48;2;73;76;76m▀[0m[38;2;24;23;24m[48;2;53;53;53m▀[0m[38;2;7;10;10m[48;2;0;0;0m▀[0m[38;2;55;58;58m[48;2;0;0;0m▀[0m[38;2;220;222;222m[48;2;58;57;57m▀[0m[38;2;225;227;227m[48;2;255;255;255m▀[0m[38;2;49;51;51m[48;2;159;159;159m▀[0m[38;2;164;168;170m[48;2;56;58;58m▀[0m[38;2;194;196;198m[48;2;120;122;124m▀[0m[38;2;146;146;144m[48;2;255;255;255m▀[0m[38;2;47;50;51m[48;2;255;255;255m▀[0m[38;2;203;201;204m[48;2;255;255;255m▀[0m[38;2;196;199;200m[48;2;186;186;187m▀[0m[38;2;221;221;221m[48;2;183;183;183m▀[0m[38;2;0;0;0m[48;2;165;163;160m▀[0m[38;2;184;183;183m[48;2;255;255;255m▀[0m[38;2;148;148;149m[48;2;160;159;157m▀[0m
[38;2;255;255;255m[48;2;242;241;241m▀[0m[38;2;114;114;115m[48;2;58;60;60m▀[0m[38;2;0;0;0m[48;2;58;60;62m▀[0m[38;2;112;115;114m[48;2;103;105;105m▀[0m[38;2;213;214;211m[48;2;255;255;255m▀[0m[38;2;77;79;79m[48;2;226;225;225m▀[0m[38;2;0;0;0m[48;2;38;37;37m▀[0m[38;2;0;0;0m[48;2;0;0;0m▀[0m[38;2;200;198;195m[48;2;231;230;227m▀[0m[38;2;255;255;255m[48;2;228;224;223m▀[0m[38;2;255;255;255m[48;2;255;255;255m▀[0m[38;2;255;255;255m[48;2;255;255;253m▀[0m[38;2;255;255;255m[48;2;204;202;198m▀[0m[38;2;253;249;249m[48;2;255;255;255m▀[0m[38;2;221;224;221m[48;2;255;255;255m▀[0m[38;2;255;255;255m[48;2;210;210;208m▀[0m[38;2;255;255;255m[48;2;228;224;223m▀[0m[38;2;126;123;125m[48;2;255;255;255m▀[0m[38;2;0;0;0m[48;2;180;180;177m▀[0m[38;2;8;10;10m[48;2;0;0;0m▀[0m[38;2;0;0;0m[48;2;0;0;0m▀[0m[38;2;0;0;0m[48;2;254;250;250m▀[0m[38;2;63;65;65m[48;2;255;255;255m▀[0m[38;2;0;0;0m[48;2;199;200;197m▀[0m[38;2;4;4;4m[48;2;123;125;125m▀[0m[38;2;147;147;149m[48;2;27;29;29m▀[0m[38;2;167;167;169m[48;2;123;126;126m▀[0m[38;2;45;45;45m[48;2;144;147;147m▀[0m[38;2;11;11;12m[48;2;49;52;54m▀[0m[38;2;69;72;73m[48;2;41;44;49m▀[0m[38;2;97;99;99m[48;2;7;10;11m▀[0m[38;2;62;65;65m[48;2;255;255;255m▀[0m[38;2;34;37;37m[48;2;241;241;241m▀[0m[38;2;183;176;174m[48;2;0;0;0m▀[0m[38;2;255;255;255m[48;2;88;88;88m▀[0m[38;2;255;255;255m[48;2;239;239;240m▀[0m
[38;2;152;154;154m[48;2;99;101;101m▀[0m[38;2;156;158;158m[48;2;83;87;84m▀[0m[38;2;77;79;79m[48;2;71;73;73m▀[0m[38;2;53;57;54m[48;2;96;100;97m▀[0m[38;2;72;76;76m[48;2;99;100;97m▀[0m[38;2;112;114;114m[48;2;102;104;106m▀[0m[38;2;152;151;151m[48;2;106;108;109m▀[0m[38;2;26;29;29m[48;2;0;0;0m▀[0m[38;2;192;191;188m[48;2;187;187;188m▀[0m[38;2;255;255;255m[48;2;255;255;255m▀[0m[38;2;255;255;253m[48;2;255;255;255m▀[0m[38;2;255;255;255m[48;2;234;233;229m▀[0m[38;2;202;200;198m[48;2;223;218;217m▀[0m[38;2;167;164;166m[48;2;105;105;106m▀[0m[38;2;255;255;255m[48;2;176;178;176m▀[0m[38;2;232;228;227m[48;2;215;215;216m▀[0m[38;2;239;238;235m[48;2;255;255;255m▀[0m[38;2;227;224;226m[48;2;214;214;215m▀[0m[38;2;255;255;255m[48;2;255;255;255m▀[0m[38;2;20;24;24m[48;2;112;109;109m▀[0m[38;2;0;0;0m[48;2;0;0;0m▀[0m[38;2;211;208;210m[48;2;213;214;211m▀[0m[38;2;255;255;255m[48;2;255;255;255m▀[0m[38;2;255;255;255m[48;2;220;222;223m▀[0m[38;2;203;201;205m[48;2;221;217;216m▀[0m[38;2;232;231;231m[48;2;235;235;232m▀[0m[38;2;255;255;253m[48;2;255;255;249m▀[0m[38;2;255;255;255m[48;2;255;255;255m▀[0m[38;2;203;199;199m[48;2;255;255;255m▀[0m[38;2;170;170;171m[48;2;187;182;177m▀[0m[38;2;255;255;255m[48;2;119;119;119m▀[0m[38;2;255;255;255m[48;2;205;208;208m▀[0m[38;2;183;183;183m[48;2;187;190;191m▀[0m[38;2;181;181;179m[48;2;255;255;255m▀[0m[38;2;17;19;19m[48;2;242;242;242m▀[0m[38;2;0;0;0m[48;2;0;0;0m▀[0m
[38;2;160;164;164m[48;2;51;50;50m▀[0m[38;2;133;132;132m[48;2;129;131;133m▀[0m[38;2;156;156;157m[48;2;150;150;153m▀[0m[38;2;59;61;61m[48;2;160;162;162m▀[0m[38;2;64;68;70m[48;2;253;250;250m▀[0m[38;2;255;255;255m[48;2;157;159;159m▀[0m[38;2;112;116;116m[48;2;26;28;30m▀[0m[38;2;0;0;0m[48;2;0;0;0m▀[0m[38;2;85;90;90m[48;2;0;0;0m▀[0m[38;2;255;255;255m[48;2;255;255;255m▀[0m[38;2;255;255;255m[48;2;152;148;147m▀[0m[38;2;246;244;242m[48;2;214;215;210m▀[0m[38;2;255;255;255m[48;2;255;255;255m▀[0m[38;2;102;105;104m[48;2;220;217;219m▀[0m[38;2;123;126;127m[48;2;148;150;151m▀[0m[38;2;242;241;242m[48;2;255;255;255m▀[0m[38;2;250;248;246m[48;2;157;160;159m▀[0m[38;2;136;139;140m[48;2;166;164;162m▀[0m[38;2;255;255;255m[48;2;255;255;255m▀[0m[38;2;156;156;156m[48;2;141;143;143m▀[0m[38;2;0;0;0m[48;2;0;0;0m▀[0m[38;2;239;236;238m[48;2;248;246;244m▀[0m[38;2;255;255;255m[48;2;250;249;246m▀[0m[38;2;230;228;226m[48;2;228;223;222m▀[0m[38;2;255;255;255m[48;2;242;241;239m▀[0m[38;2;178;181;181m[48;2;145;148;151m▀[0m[38;2;181;181;182m[48;2;172;174;172m▀[0m[38;2;255;254;250m[48;2;238;236;232m▀[0m[38;2;248;243;239m[48;2;252;247;245m▀[0m[38;2;255;255;255m[48;2;255;255;255m▀[0m[38;2;144;143;140m[48;2;255;255;255m▀[0m[38;2;0;0;0m[48;2;95;95;97m▀[0m[38;2;94;96;96m[48;2;0;2;2m▀[0m[38;2;84;87;87m[48;2;127;129;129m▀[0m[38;2;182;185;184m[48;2;136;139;139m▀[0m[38;2;121;118;118m[48;2;149;149;149m▀[0m
