[38;2;115;117;117m[48;2;216;216;216m▀[0m[38;2;72;75;74m[48;2;119;122;121m▀[0m[38;2;0;0;0m[48;2;112;112;114m▀[0m[38;2;115;118;115m[48;2;223;223;223m▀[0m[38;2;255;255;255m[48;2;59;61;59m▀[0m[38;2;117;116;114m[48;2;237;236;237m▀[0m[38;2;255;255;255m[48;2;254;254;254m▀[0m[38;2;68;71;70m[48;2;67;67;65m▀[0m[38;2;0;0;0m[48;2;0;0;0m▀[0m[38;2;0;0;0m[48;2;94;94;94m▀[0m[38;2;0;0;0m[48;2;5;5;5m▀[0m[38;2;0;0;0m[48;2;112;112;112m▀[0m[38;2;239;239;239m[48;2;187;187;187m▀[0m[38;2;41;44;44m[48;2;0;0;0m▀[0m[38;2;0;0;0m[48;2;76;78;78m▀[0m[38;2;4;4;5m[48;2;255;255;255m▀[0m[38;2;102;101;99m[48;2;255;255;255m▀[0m[38;2;123;123;123m[48;2;255;255;255m▀[0m[38;2;145;145;145m[48;2;255;255;255m▀[0m[38;2;113;113;113m[48;2;255;255;255m▀[0m[38;2;79;79;79m[48;2;255;255;255m▀[0m[38;2;0;0;0m[48;2;229;228;228m▀[0m[38;2;0;0;0m[48;2;0;0;0m▀[0m[38;2;255;255;255m[48;2;65;67;68m▀[0m[38;2;18;18;20m[48;2;182;179;182m▀[0m[38;2;0;0;0m[48;2;0;0;0m▀[0m[38;2;0;0;0m[48;2;0;0;0m▀[0m[38;2;0;0;0m[48;2;19;19;19m▀[0m[38;2;255;255;255m[48;2;255;255;255m▀[0m[38;2;69;68;68m[48;2;255;255;255m▀[0m[38;2;0;0;0m[48;2;64;64;64m▀[0m[38;2;63;63;63m[48;2;205;208;205m▀[0m[38;2;255;255;255m[48;2;221;221;222m▀[0m[38;2;204;204;205m[48;2;3;3;4m▀[0m[38;2;0;0;0m[48;2;110;113;110m▀[0m[38;2;0;0;0m[48;2;234;233;231m▀[0m
[38;2;47;49;51m[48;2;0;0;0m▀[0m[38;2;20;20;21m[48;2;118;118;115m▀[0m[38;2;204;204;202m[48;2;29;29;26m▀[0m[38;2;255;255;255m[48;2;132;135;130m▀[0m[38;2;160;160;160m[48;2;236;236;238m▀[0m[38;2;240;240;240m[48;2;207;210;212m▀[0m[38;2;255;255;255m[48;2;255;255;255m▀[0m[38;2;0;0;0m[48;2;99;99;99m▀[0m[38;2;0;0;0m[48;2;0;0;0m▀[0m[38;2;3;3;3m[48;2;0;0;0m▀[0m[38;2;45;45;45m[48;2;0;0;0m▀[0m[38;2;255;255;255m[48;2;112;112;112m▀[0m[38;2;6;5;6m[48;2;178;177;178m▀[0m[38;2;16;18;18m[48;2;255;255;255m▀[0m[38;2;255;255;255m[48;2;255;255;255m▀[0m[38;2;255;255;255m[48;2;129;131;131m▀[0m[38;2;171;170;170m[48;2;90;90;88m▀[0m[38;2;255;255;255m[48;2;243;245;247m▀[0m[38;2;246;246;246m[48;2;255;255;255m▀[0m[38;2;235;235;235m[48;2;165;169;169m▀[0m[38;2;248;247;247m[48;2;117;119;119m▀[0m[38;2;255;255;255m[48;2;236;238;238m▀[0m[38;2;255;255;255m[48;2;255;255;255m▀[0m[38;2;76;75;76m[48;2;255;255;255m▀[0m[38;2;197;197;197m[48;2;68;68;68m▀[0m[38;2;0;0;0m[48;2;0;0;0m▀[0m[38;2;0;0;0m[48;2;0;0;0m▀[0m[38;2;0;0;0m[48;2;0;0;0m▀[0m[38;2;255;255;255m[48;2;229;232;229m▀[0m[38;2;200;200;200m[48;2;244;244;244m▀[0m[38;2;255;255;255m[48;2;255;255;255m▀[0m[38;2;255;255;255m[48;2;255;255;255m▀[0m[38;2;255;255;255m[48;2;255;255;255m▀[0m[38;2;118;121;118m[48;2;202;202;202m▀[0m[38;2;255;255;255m[48;2;47;50;50m▀[0m[38;2;223;225;226m[48;2;0;0;0m▀[0m
[38;2;0;0;0m[48;2;0;0;0m▀[0m[38;2;153;153;153m[48;2;0;0;0m▀[0m[38;2;232;232;232m[48;2;44;44;44m▀[0m[38;2;0;0;0m[48;2;202;205;202m▀[0m[38;2;229;229;229m[48;2;255;255;255m▀[0m[38;2;255;255;255m[48;2;255;255;255m▀[0m[38;2;255;255;255m[48;2;255;255;255m▀[0m[38;2;191;191;191m[48;2;255;255;255m▀[0m[38;2;0;0;0m[48;2;128;125;129m▀[0m[38;2;8;11;11m[48;2;0;0;0m▀[0m[38;2;21;24;24m[48;2;0;0;0m▀[0m[38;2;0;0;0m[48;2;107;107;107m▀[0m[38;2;255;255;255m[48;2;255;255;255m▀[0m[38;2;255;255;255m[48;2;248;250;248m▀[0m[38;2;202;201;202m[48;2;32;44;48m▀[0m[38;2;145;165;165m[48;2;31;0;0m▀[0m[38;2;187;203;203m[48;2;102;45;39m▀[0m[38;2;160;164;164m[48;2;255;255;255m▀[0m[38;2;207;209;209m[48;2;158;158;158m▀[0m[38;2;166;170;170m[48;2;192;200;203m▀[0m[38;2;147;158;158m[48;2;127;28;19m▀[0m[38;2;120;135;132m[48;2;6;0;0m▀[0m[38;2;175;175;173m[48;2;0;0;0m▀[0m[38;2;255;255;255m[48;2;255;255;255m▀[0m[38;2;255;255;255m[48;2;255;255;255m▀[0m[38;2;143;143;143m[48;2;133;133;134m▀[0m[38;2;0;0;0m[48;2;0;0;0m▀[0m[38;2;0;0;0m[48;2;0;0;0m▀[0m[38;2;180;183;183m[48;2;224;227;227m▀[0m[38;2;255;255;255m[48;2;234;234;234m▀[0m[38;2;249;249;249m[48;2;249;252;249m▀[0m[38;2;183;182;183m[48;2;255;255;255m▀[0m[38;2;2;5;5m[48;2;75;77;78m▀[0m[38;2;0;0;0m[48;2;250;249;249m▀[0m[38;2;125;125;125m[48;2;99;98;98m▀[0m[38;2;0;0;0m[48;2;0;0;0m▀[0m
[38;2;0;0;0m[48;2;255;255;255m▀[0m[38;2;0;0;0m[48;2;0;0;0m▀[0m[38;2;0;0;0m[48;2;0;0;0m▀[0m[38;2;63;62;63m[48;2;0;0;0m▀[0m[38;2;255;255;255m[48;2;0;0;0m▀[0m[38;2;255;255;255m[48;2;46;46;46m▀[0m[38;2;255;255;255m[48;2;157;160;157m▀[0m[38;2;255;255;255m[48;2;255;255;255m▀[0m[38;2;255;255;255m[48;2;0;0;0m▀[0m[38;2;250;250;250m[48;2;255;255;255m▀[0m[38;2;21;24;21m[48;2;100;104;103m▀[0m[38;2;178;177;178m[48;2;0;0;0m▀[0m[38;2;255;255;255m[48;2;125;128;128m▀[0m[38;2;175;174;174m[48;2;147;147;147m▀[0m[38;2;25;33;34m[48;2;138;140;138m▀[0m[38;2;233;177;175m[48;2;255;255;255m▀[0m[38;2;255;255;255m[48;2;255;255;255m▀[0m[38;2;255;255;255m[48;2;255;255;255m▀[0m[38;2;255;255;255m[48;2;222;224;226m▀[0m[38;2;255;255;255m[48;2;255;255;255m▀[0m[38;2;255;255;255m[48;2;255;255;255m▀[0m[38;2;255;255;255m[48;2;241;249;248m▀[0m[38;2;121;126;128m[48;2;115;118;118m▀[0m[38;2;228;230;230m[48;2;146;146;146m▀[0m[38;2;255;255;255m[48;2;97;97;95m▀[0m[38;2;88;88;86m[48;2;0;0;0m▀[0m[38;2;0;0;0m[48;2;48;46;49m▀[0m[38;2;52;52;50m[48;2;255;255;255m▀[0m[38;2;194;194;194m[48;2;248;248;248m▀[0m[38;2;255;255;255m[48;2;139;139;139m▀[0m[38;2;255;255;255m[48;2;255;255;255m▀[0m[38;2;255;255;255m[48;2;255;255;255m▀[0m[38;2;255;255;255m[48;2;28;28;26m▀[0m[38;2;41;40;40m[48;2;0;0;0m▀[0m[38;2;0;0;0m[48;2;0;0;0m▀[0m[38;2;0;0;0m[48;2;2;2;3m▀[0m
[38;2;255;255;255m[48;2;255;255;255m▀[0m[38;2;255;255;255m[48;2;255;255;255m▀[0m[38;2;129;129;129m[48;2;255;255;255m▀[0m[38;2;0;0;0m[48;2;255;255;255m▀[0m[38;2;0;0;0m[48;2;0;0;0m▀[0m[38;2;0;0;0m[48;2;0;0;0m▀[0m[38;2;0;0;0m[48;2;0;0;0m▀[0m[38;2;168;168;168m[48;2;0;0;0m▀[0m[38;2;62;62;62m[48;2;27;30;30m▀[0m[38;2;255;255;255m[48;2;182;182;182m▀[0m[38;2;249;248;248m[48;2;238;237;237m▀[0m[38;2;189;192;192m[48;2;255;255;255m▀[0m[38;2;255;255;255m[48;2;255;255;255m▀[0m[38;2;255;255;255m[48;2;183;182;182m▀[0m[38;2;255;255;255m[48;2;48;48;45m▀[0m[38;2;225;224;225m[48;2;255;255;255m▀[0m[38;2;252;253;250m[48;2;122;125;122m▀[0m[38;2;17;19;21m[48;2;0;0;0m▀[0m[38;2;0;0;0m[48;2;20;20;20m▀[0m[38;2;0;0;0m[48;2;0;0;0m▀[0m[38;2;219;222;221m[48;2;81;81;81m▀[0m[38;2;238;238;238m[48;2;255;255;255m▀[0m[38;2;255;255;255m[48;2;92;90;93m▀[0m[38;2;255;255;255m[48;2;89;89;92m▀[0m[38;2;255;255;255m[48;2;255;255;255m▀[0m[38;2;122;122;123m[48;2;255;255;255m▀[0m[38;2;156;156;156m[48;2;255;255;255m▀[0m[38;2;255;255;255m[48;2;206;205;205m▀[0m[38;2;135;135;135m[48;2;172;172;173m▀[0m[38;2;0;0;0m[48;2;0;0;0m▀[0m[38;2;217;219;219m[48;2;0;0;0m▀[0m[38;2;4;4;4m[48;2;0;0;0m▀[0m[38;2;0;0;0m[48;2;0;0;0m▀[0m[38;2;0;0;0m[48;2;34;34;31m▀[0m[38;2;0;0;0m[48;2;255;255;255m▀[0m[38;2;255;255;255m[48;2;255;255;255m▀[0m
[38;2;255;255;255m[48;2;255;255;255m▀[0m[38;2;255;255;255m[48;2;46;46;46m▀[0m[38;2;148;151;151m[48;2;0;0;0m▀[0m[38;2;0;0;0m[48;2;0;0;0m▀[0m[38;2;0;0;0m[48;2;0;0;0m▀[0m[38;2;0;0;0m[48;2;0;0;0m▀[0m[38;2;0;0;0m[48;2;0;0;0m▀[0m[38;2;23;23;23m[48;2;0;0;0m▀[0m[38;2;38;38;38m[48;2;22;22;22m▀[0m[38;2;0;0;0m[48;2;0;0;0m▀[0m[38;2;0;0;0m[48;2;0;0;0m▀[0m[38;2;247;246;246m[48;2;88;85;88m▀[0m[38;2;255;255;255m[48;2;155;155;155m▀[0m[38;2;255;255;255m[48;2;255;255;255m▀[0m[38;2;40;43;43m[48;2;200;203;203m▀[0m[38;2;255;255;255m[48;2;150;150;150m▀[0m[38;2;255;255;255m[48;2;255;255;255m▀[0m[38;2;176;176;176m[48;2;255;255;255m▀[0m[38;2;143;143;143m[48;2;255;255;255m▀[0m[38;2;198;198;198m[48;2;255;255;255m▀[0m[38;2;255;255;255m[48;2;255;255;255m▀[0m[38;2;255;255;255m[48;2;255;255;255m▀[0m[38;2;91;93;93m[48;2;68;70;70m▀[0m[38;2;131;131;132m[48;2;255;255;255m▀[0m[38;2;255;255;255m[48;2;255;255;255m▀[0m[38;2;255;255;255m[48;2;170;170;170m▀[0m[38;2;53;53;53m[48;2;0;0;0m▀[0m[38;2;132;132;130m[48;2;51;51;53m▀[0m[38;2;44;44;42m[48;2;52;54;54m▀[0m[38;2;0;0;0m[48;2;36;36;36m▀[0m[38;2;0;0;0m[48;2;4;4;4m▀[0m[38;2;41;41;41m[48;2;0;0;0m▀[0m[38;2;255;255;255m[48;2;108;108;108m▀[0m[38;2;255;255;255m[48;2;255;255;255m▀[0m[38;2;255;255;255m[48;2;255;255;255m▀[0m[38;2;255;255;255m[48;2;255;255;255m▀[0m
[38;2;0;0;0m[48;2;0;0;0m▀[0m[38;2;0;0;0m[48;2;0;0;0m▀[0m[38;2;0;0;0m[48;2;0;0;0m▀[0m[38;2;0;0;0m[48;2;0;0;0m▀[0m[38;2;0;0;0m[48;2;0;0;0m▀[0m[38;2;0;0;0m[48;2;1;1;1m▀[0m[38;2;0;0;0m[48;2;1;1;1m▀[0m[38;2;0;0;0m[48;2;0;0;0m▀[0m[38;2;0;0;0m[48;2;0;0;0m▀[0m[38;2;0;0;0m[48;2;0;0;0m▀[0m[38;2;0;0;0m[48;2;0;0;0m▀[0m[38;2;0;0;0m[48;2;0;0;0m▀[0m[38;2;84;84;86m[48;2;0;0;0m▀[0m[38;2;233;236;235m[48;2;143;146;147m▀[0m[38;2;255;255;255m[48;2;0;0;0m▀[0m[38;2;255;255;255m[48;2;16;15;15m▀[0m[38;2;255;255;255m[48;2;149;149;149m▀[0m[38;2;113;113;111m[48;2;5;5;6m▀[0m[38;2;237;237;235m[48;2;0;0;0m▀[0m[38;2;132;132;132m[48;2;0;0;0m▀[0m[38;2;47;47;45m[48;2;70;70;70m▀[0m[38;2;253;255;253m[48;2;230;230;230m▀[0m[38;2;255;255;255m[48;2;28;28;28m▀[0m[38;2;255;255;255m[48;2;7;5;8m▀[0m[38;2;166;166;166m[48;2;68;71;71m▀[0m[38;2;53;56;56m[48;2;0;0;0m▀[0m[38;2;0;0;0m[48;2;0;0;0m▀[0m[38;2;23;26;26m[48;2;0;0;0m▀[0m[38;2;5;4;4m[48;2;0;0;0m▀[0m[38;2;0;0;0m[48;2;0;0;0m▀[0m[38;2;0;0;0m[48;2;0;0;0m▀[0m[38;2;0;0;0m[48;2;0;0;0m▀[0m[38;2;0;0;0m[48;2;0;0;0m▀[0m[38;2;0;0;0m[48;2;0;0;0m▀[0m[38;2;255;255;255m[48;2;0;0;0m▀[0m[38;2;255;255;255m[48;2;255;255;255m▀[0m
[38;2;73;73;73m[48;2;64;63;64m▀[0m[38;2;73;73;73m[48;2;72;75;72m▀[0m[38;2;10;10;10m[48;2;80;80;80m▀[0m[38;2;0;0;0m[48;2;10;10;10m▀[0m[38;2;0;0;0m[48;2;0;0;0m▀[0m[38;2;1;1;1m[48;2;0;0;0m▀[0m[38;2;1;1;1m[48;2;0;0;0m▀[0m[38;2;0;0;0m[48;2;0;0;0m▀[0m[38;2;0;0;0m[48;2;0;0;0m▀[0m[38;2;0;0;0m[48;2;0;0;0m▀[0m[38;2;64;67;67m[48;2;178;178;180m▀[0m[38;2;225;223;226m[48;2;255;255;255m▀[0m[38;2;0;0;0m[48;2;0;0;0m▀[0m[38;2;0;0;0m[48;2;117;116;116m▀[0m[38;2;87;89;89m[48;2;0;0;0m▀[0m[38;2;129;130;127m[48;2;14;13;13m▀[0m[38;2;47;47;49m[48;2;22;22;24m▀[0m[38;2;11;11;12m[48;2;0;0;0m▀[0m[38;2;6;6;4m[48;2;0;0;0m▀[0m[38;2;53;53;53m[48;2;4;4;4m▀[0m[38;2;0;0;0m[48;2;40;42;40m▀[0m[38;2;0;0;0m[48;2;72;72;70m▀[0m[38;2;109;109;109m[48;2;36;39;39m▀[0m[38;2;87;87;87m[48;2;24;22;25m▀[0m[38;2;0;0;0m[48;2;0;0;0m▀[0m[38;2;33;35;35m[48;2;214;214;216m▀[0m[38;2;82;85;82m[48;2;142;142;144m▀[0m[38;2;0;0;0m[48;2;0;0;0m▀[0m[38;2;0;0;0m[48;2;0;0;0m▀[0m[38;2;0;0;0m[48;2;0;0;0m▀[0m[38;2;0;0;0m[48;2;0;0;0m▀[0m[38;2;0;0;0m[48;2;0;0;0m▀[0m[38;2;0;0;0m[48;2;0;0;0m▀[0m[38;2;0;0;0m[48;2;24;24;24m▀[0m[38;2;0;0;0m[48;2;62;62;59m▀[0m[38;2;0;0;0m[48;2;18;18;18m▀[0m
[38;2;48;47;48m[48;2;2;2;2m▀[0m[38;2;43;46;46m[48;2;86;89;89m▀[0m[38;2;63;63;63m[48;2;86;89;89m▀[0m[38;2;8;11;11m[48;2;3;3;3m▀[0m[38;2;0;0;0m[48;2;0;0;0m▀[0m[38;2;0;0;0m[48;2;0;0;0m▀[0m[38;2;0;0;0m[48;2;0;0;0m▀[0m[38;2;0;0;0m[48;2;0;0;0m▀[0m[38;2;0;0;0m[48;2;0;0;0m▀[0m[38;2;0;0;0m[48;2;139;139;139m▀[0m[38;2;233;233;231m[48;2;179;179;177m▀[0m[38;2;43;46;46m[48;2;0;0;0m▀[0m[38;2;46;48;48m[48;2;67;70;70m▀[0m[38;2;255;255;255m[48;2;255;255;255m▀[0m[38;2;57;58;55m[48;2;75;77;77m▀[0m[38;2;0;0;0m[48;2;0;0;0m▀[0m[38;2;9;6;6m[48;2;0;0;0m▀[0m[38;2;14;14;12m[48;2;10;10;10m▀[0m[38;2;15;17;17m[48;2;60;62;62m▀[0m[38;2;0;0;0m[48;2;30;30;31m▀[0m[38;2;0;0;0m[48;2;0;0;0m▀[0m[38;2;7;9;9m[48;2;0;0;0m▀[0m[38;2;0;0;0m[48;2;0;0;0m▀[0m[38;2;242;241;241m[48;2;255;255;255m▀[0m[38;2;116;115;116m[48;2;122;125;125m▀[0m[38;2;170;170;170m[48;2;0;0;0m▀[0m[38;2;229;229;229m[48;2;156;155;155m▀[0m[38;2;0;0;0m[48;2;7;7;7m▀[0m[38;2;0;0;0m[48;2;0;0;0m▀[0m[38;2;0;0;0m[48;2;0;0;0m▀[0m[38;2;0;0;0m[48;2;0;0;0m▀[0m[38;2;0;0;0m[48;2;0;0;0m▀[0m[38;2;36;36;36m[48;2;52;52;52m▀[0m[38;2;83;83;83m[48;2;66;66;66m▀[0m[38;2;67;70;67m[48;2;53;56;53m▀[0m[38;2;73;73;73m[48;2;51;51;51m▀[0m
[38;2;0;0;0m[48;2;255;255;255m▀[0m[38;2;255;255;255m[48;2;255;255;255m▀[0m[38;2;212;215;215m[48;2;238;240;241m▀[0m[38;2;78;82;82m[48;2;131;134;134m▀[0m[38;2;0;0;0m[48;2;0;0;0m▀[0m[38;2;0;0;0m[48;2;0;0;0m▀[0m[38;2;0;0;0m[48;2;0;0;0m▀[0m[38;2;17;17;17m[48;2;163;166;163m▀[0m[38;2;255;255;255m[48;2;255;255;255m▀[0m[38;2;234;237;237m[48;2;255;255;255m▀[0m[38;2;255;255;255m[48;2;217;217;217m▀[0m[38;2;134;134;134m[48;2;195;198;198m▀[0m[38;2;43;43;43m[48;2;75;78;78m▀[0m[38;2;255;255;255m[48;2;87;86;86m▀[0m[38;2;0;0;0m[48;2;27;27;29m▀[0m[38;2;0;0;0m[48;2;0;0;0m▀[0m[38;2;0;0;0m[48;2;0;0;0m▀[0m[38;2;2;2;2m[48;2;9;8;8m▀[0m[38;2;47;49;49m[48;2;34;34;34m▀[0m[38;2;45;50;49m[48;2;46;49;50m▀[0m[38;2;0;0;0m[48;2;0;0;0m▀[0m[38;2;0;0;0m[48;2;0;0;0m▀[0m[38;2;0;0;0m[48;2;0;0;0m▀[0m[38;2;176;176;176m[48;2;62;62;62m▀[0m[38;2;209;208;209m[48;2;130;132;132m▀[0m[38;2;89;92;92m[48;2;137;137;139m▀[0m[38;2;167;166;166m[48;2;242;244;244m▀[0m[38;2;255;255;255m[48;2;251;251;251m▀[0m[38;2;204;204;201m[48;2;255;255;255m▀[0m[38;2;0;0;0m[48;2;231;231;231m▀[0m[38;2;0;0;0m[48;2;0;0;0m▀[0m[38;2;0;0;0m[48;2;79;79;79m▀[0m[38;2;51;54;56m[48;2;123;126;128m▀[0m[38;2;101;101;101m[48;2;255;255;255m▀[0m[38;2;19;19;19m[48;2;5;5;5m▀[0m[38;2;42;42;39m[48;2;0;0;0m▀[0m
[38;2;255;255;255m[48;2;248;248;248m▀[0m[38;2;255;255;255m[48;2;255;255;255m▀[0m[38;2;255;255;255m[48;2;255;255;255m▀[0m[38;2;121;126;123m[48;2;112;115;117m▀[0m[38;2;0;0;0m[48;2;0;0;0m▀[0m[38;2;0;0;0m[48;2;0;0;0m▀[0m[38;2;0;0;0m[48;2;0;0;0m▀[0m[38;2;215;218;218m[48;2;252;254;255m▀[0m[38;2;255;255;255m[48;2;255;255;255m▀[0m[38;2;255;255;255m[48;2;254;254;254m▀[0m[38;2;255;255;255m[48;2;219;219;219m▀[0m[38;2;124;127;127m[48;2;229;232;229m▀[0m[38;2;49;49;49m[48;2;218;218;218m▀[0m[38;2;6;8;8m[48;2;227;227;227m▀[0m[38;2;120;123;123m[48;2;255;255;255m▀[0m[38;2;255;255;255m[48;2;255;255;255m▀[0m[38;2;169;168;168m[48;2;255;255;255m▀[0m[38;2;35;35;32m[48;2;255;255;255m▀[0m[38;2;61;61;63m[48;2;165;168;165m▀[0m[38;2;7;7;7m[48;2;178;178;178m▀[0m[38;2;50;49;49m[48;2;207;207;204m▀[0m[38;2;154;153;153m[48;2;255;255;255m▀[0m[38;2;255;255;255m[48;2;255;255;255m▀[0m[38;2;79;79;79m[48;2;255;255;255m▀[0m[38;2;0;0;0m[48;2;199;201;199m▀[0m[38;2;110;110;110m[48;2;177;177;174m▀[0m[38;2;129;132;133m[48;2;229;229;227m▀[0m[38;2;255;255;255m[48;2;255;255;255m▀[0m[38;2;255;255;255m[48;2;255;255;255m▀[0m[38;2;255;255;255m[48;2;255;255;255m▀[0m[38;2;0;0;0m[48;2;0;0;0m▀[0m[38;2;98;98;98m[48;2;49;49;51m▀[0m[38;2;220;220;220m[48;2;255;255;255m▀[0m[38;2;255;255;255m[48;2;255;255;255m▀[0m[38;2;255;255;255m[48;2;255;255;255m▀[0m[38;2;43;45;46m[48;2;255;255;255m▀[0m
[38;2;0;0;0m[48;2;38;38;38m▀[0m[38;2;66;69;69m[48;2;0;0;0m▀[0m[38;2;119;121;121m[48;2;0;0;0m▀[0m[38;2;73;76;77m[48;2;0;0;0m▀[0m[38;2;0;0;0m[48;2;0;0;0m▀[0m[38;2;0;0;0m[48;2;0;0;0m▀[0m[38;2;0;0;0m[48;2;0;0;0m▀[0m[38;2;253;253;253m[48;2;255;255;255m▀[0m[38;2;255;255;255m[48;2;255;255;255m▀[0m[38;2;255;255;255m[48;2;255;255;255m▀[0m[38;2;237;237;237m[48;2;184;184;186m▀[0m[38;2;255;255;255m[48;2;255;255;255m▀[0m[38;2;255;255;255m[48;2;255;255;255m▀[0m[38;2;255;255;255m[48;2;255;255;255m▀[0m[38;2;255;255;255m[48;2;255;255;255m▀[0m[38;2;74;78;78m[48;2;61;62;59m▀[0m[38;2;234;236;236m[48;2;78;80;80m▀[0m[38;2;233;237;237m[48;2;255;255;255m▀[0m[38;2;72;74;74m[48;2;133;136;136m▀[0m[38;2;255;255;255m[48;2;255;255;255m▀[0m[38;2;255;255;255m[48;2;255;255;255m▀[0m[38;2;224;224;225m[48;2;200;200;198m▀[0m[38;2;166;169;169m[48;2;63;61;64m▀[0m[38;2;250;253;249m[48;2;227;227;227m▀[0m[38;2;255;255;255m[48;2;255;255;255m▀[0m[38;2;255;255;255m[48;2;255;255;255m▀[0m[38;2;209;209;207m[48;2;228;228;233m▀[0m[38;2;246;246;246m[48;2;255;255;255m▀[0m[38;2;255;255;255m[48;2;255;255;255m▀[0m[38;2;255;255;255m[48;2;255;255;255m▀[0m[38;2;0;0;0m[48;2;0;0;0m▀[0m[38;2;29;32;32m[48;2;0;1;1m▀[0m[38;2;245;247;248m[48;2;132;134;135m▀[0m[38;2;255;255;255m[48;2;0;0;0m▀[0m[38;2;255;255;255m[48;2;0;0;0m▀[0m[38;2;255;255;255m[48;2;0;0;0m▀[0m
