[38;2;0;1;1m[48;2;0;0;0m▀[0m[38;2;0;1;1m[48;2;0;1;1m▀[0m[38;2;1;1;1m[48;2;1;1;1m▀[0m[38;2;0;2;2m[48;2;1;1;1m▀[0m[38;2;1;1;1m[48;2;0;1;1m▀[0m[38;2;1;1;1m[48;2;0;1;1m▀[0m[38;2;1;1;1m[48;2;1;1;1m▀[0m[38;2;1;1;1m[48;2;0;1;1m▀[0m[38;2;1;1;1m[48;2;1;1;1m▀[0m[38;2;0;1;1m[48;2;1;1;1m▀[0m[38;2;0;1;1m[48;2;0;0;0m▀[0m[38;2;0;0;0m[48;2;0;0;0m▀[0m[38;2;0;0;0m[48;2;0;0;0m▀[0m[38;2;72;74;74m[48;2;114;117;117m▀[0m[38;2;135;137;139m[48;2;110;112;113m▀[0m[38;2;0;0;0m[48;2;18;18;19m▀[0m[38;2;0;0;0m[48;2;0;0;0m▀[0m[38;2;0;0;0m[48;2;0;0;0m▀[0m[38;2;1;1;1m[48;2;0;0;0m▀[0m[38;2;0;0;0m[48;2;0;0;0m▀[0m[38;2;0;0;0m[48;2;0;0;0m▀[0m[38;2;0;0;0m[48;2;0;0;0m▀[0m[38;2;126;128;128m[48;2;150;150;152m▀[0m[38;2;0;0;0m[48;2;55;55;55m▀[0m[38;2;0;0;0m[48;2;0;0;0m▀[0m[38;2;0;0;0m[48;2;0;0;0m▀[0m[38;2;1;1;1m[48;2;0;0;0m▀[0m[38;2;0;1;1m[48;2;0;1;1m▀[0m[38;2;1;1;1m[48;2;1;1;1m▀[0m[38;2;0;1;1m[48;2;0;1;1m▀[0m[38;2;0;1;1m[48;2;1;1;1m▀[0m[38;2;0;1;1m[48;2;0;1;1m▀[0m[38;2;1;1;1m[48;2;1;1;1m▀[0m[38;2;1;1;1m[48;2;1;1;1m▀[0m[38;2;1;1;1m[48;2;1;1;1m▀[0m[38;2;1;1;1m[48;2;1;1;1m▀[0m
[38;2;0;1;1m[48;2;1;1;1m▀[0m[38;2;0;1;1m[48;2;1;1;1m▀[0m[38;2;0;1;1m[48;2;1;1;1m▀[0m[38;2;0;1;1m[48;2;0;0;0m▀[0m[38;2;1;1;1m[48;2;0;0;0m▀[0m[38;2;1;1;1m[48;2;0;0;0m▀[0m[38;2;0;2;2m[48;2;0;0;0m▀[0m[38;2;0;0;0m[48;2;0;0;0m▀[0m[38;2;0;0;0m[48;2;0;0;0m▀[0m[38;2;0;0;0m[48;2;0;0;0m▀[0m[38;2;0;0;0m[48;2;0;0;0m▀[0m[38;2;0;0;0m[48;2;0;0;0m▀[0m[38;2;0;1;1m[48;2;0;0;0m▀[0m[38;2;88;91;93m[48;2;59;59;59m▀[0m[38;2;13;15;15m[48;2;0;0;0m▀[0m[38;2;0;0;0m[48;2;9;8;8m▀[0m[38;2;0;0;0m[48;2;97;97;98m▀[0m[38;2;0;0;0m[48;2;23;23;23m▀[0m[38;2;0;0;0m[48;2;26;29;28m▀[0m[38;2;0;0;0m[48;2;37;37;37m▀[0m[38;2;0;0;0m[48;2;102;105;104m▀[0m[38;2;0;0;0m[48;2;0;0;0m▀[0m[38;2;43;46;48m[48;2;2;5;5m▀[0m[38;2;99;102;104m[48;2;29;31;31m▀[0m[38;2;0;0;0m[48;2;0;0;0m▀[0m[38;2;0;0;0m[48;2;20;18;23m▀[0m[38;2;0;0;0m[48;2;0;0;0m▀[0m[38;2;0;0;0m[48;2;0;0;0m▀[0m[38;2;0;0;0m[48;2;0;0;0m▀[0m[38;2;0;0;0m[48;2;0;0;0m▀[0m[38;2;0;1;1m[48;2;0;0;0m▀[0m[38;2;1;1;1m[48;2;0;0;0m▀[0m[38;2;1;1;2m[48;2;0;0;0m▀[0m[38;2;1;1;1m[48;2;0;0;0m▀[0m[38;2;1;1;1m[48;2;0;2;2m▀[0m[38;2;0;1;1m[48;2;2;2;2m▀[0m
[38;2;1;1;1m[48;2;0;1;1m▀[0m[38;2;0;2;2m[48;2;0;0;0m▀[0m[38;2;0;0;0m[48;2;0;0;0m▀[0m[38;2;0;0;0m[48;2;0;0;0m▀[0m[38;2;0;0;0m[48;2;0;0;0m▀[0m[38;2;0;0;0m[48;2;1;1;1m▀[0m[38;2;42;45;47m[48;2;164;167;167m▀[0m[38;2;0;0;0m[48;2;120;121;118m▀[0m[38;2;0;0;0m[48;2;66;66;66m▀[0m[38;2;0;0;0m[48;2;70;70;70m▀[0m[38;2;0;0;0m[48;2;158;163;163m▀[0m[38;2;0;0;0m[48;2;255;255;255m▀[0m[38;2;0;0;0m[48;2;221;221;219m▀[0m[38;2;108;108;108m[48;2;179;179;181m▀[0m[38;2;13;11;14m[48;2;16;20;24m▀[0m[38;2;0;0;0m[48;2;0;0;0m▀[0m[38;2;99;99;101m[48;2;0;0;0m▀[0m[38;2;13;13;13m[48;2;0;0;0m▀[0m[38;2;0;0;0m[48;2;0;0;0m▀[0m[38;2;37;40;41m[48;2;0;0;0m▀[0m[38;2;91;94;93m[48;2;0;0;0m▀[0m[38;2;0;0;0m[48;2;0;0;0m▀[0m[38;2;85;89;91m[48;2;56;63;65m▀[0m[38;2;210;214;214m[48;2;105;112;112m▀[0m[38;2;91;93;91m[48;2;206;210;212m▀[0m[38;2;124;126;128m[48;2;255;255;255m▀[0m[38;2;0;0;0m[48;2;179;181;186m▀[0m[38;2;0;0;0m[48;2;96;95;95m▀[0m[38;2;0;0;0m[48;2;110;110;108m▀[0m[38;2;0;0;0m[48;2;102;102;103m▀[0m[38;2;0;0;0m[48;2;59;61;61m▀[0m[38;2;0;0;0m[48;2;60;63;63m▀[0m[38;2;0;0;0m[48;2;5;8;5m▀[0m[38;2;0;0;0m[48;2;0;0;0m▀[0m[38;2;0;0;0m[48;2;0;0;0m▀[0m[38;2;0;0;0m[48;2;0;0;0m▀[0m
[38;2;0;0;0m[48;2;0;0;0m▀[0m[38;2;0;0;0m[48;2;0;0;0m▀[0m[38;2;0;0;0m[48;2;0;0;0m▀[0m[38;2;29;27;30m[48;2;218;220;220m▀[0m[38;2;172;172;169m[48;2;97;100;100m▀[0m[38;2;169;170;167m[48;2;0;0;0m▀[0m[38;2;117;116;116m[48;2;0;0;0m▀[0m[38;2;122;125;125m[48;2;24;28;32m▀[0m[38;2;68;70;70m[48;2;53;56;58m▀[0m[38;2;51;53;53m[48;2;34;39;40m▀[0m[38;2;206;208;208m[48;2;0;0;0m▀[0m[38;2;113;111;114m[48;2;0;0;0m▀[0m[38;2;0;0;0m[48;2;0;0;0m▀[0m[38;2;0;0;0m[48;2;0;0;0m▀[0m[38;2;12;16;17m[48;2;0;0;0m▀[0m[38;2;0;0;0m[48;2;159;165;176m▀[0m[38;2;0;0;0m[48;2;0;0;0m▀[0m[38;2;0;0;0m[48;2;130;121;93m▀[0m[38;2;0;0;0m[48;2;201;188;142m▀[0m[38;2;0;0;0m[48;2;0;0;0m▀[0m[38;2;0;0;0m[48;2;102;108;122m▀[0m[38;2;0;0;0m[48;2;0;0;0m▀[0m[38;2;0;0;0m[48;2;0;0;0m▀[0m[38;2;0;0;0m[48;2;0;0;0m▀[0m[38;2;0;0;0m[48;2;0;0;0m▀[0m[38;2;29;32;34m[48;2;0;0;0m▀[0m[38;2;213;216;218m[48;2;0;0;0m▀[0m[38;2;134;134;134m[48;2;0;0;0m▀[0m[38;2;98;98;96m[48;2;15;22;23m▀[0m[38;2;121;121;123m[48;2;10;15;16m▀[0m[38;2;199;203;203m[48;2;21;26;26m▀[0m[38;2;164;166;166m[48;2;0;0;0m▀[0m[38;2;188;191;190m[48;2;0;0;0m▀[0m[38;2;90;89;89m[48;2;166;168;170m▀[0m[38;2;0;0;0m[48;2;174;177;176m▀[0m[38;2;11;11;11m[48;2;140;140;138m▀[0m
[38;2;0;0;0m[48;2;0;0;0m▀[0m[38;2;0;0;0m[48;2;0;0;0m▀[0m[38;2;119;119;117m[48;2;248;251;254m▀[0m[38;2;148;146;149m[48;2;5;7;8m▀[0m[38;2;0;0;0m[48;2;0;0;0m▀[0m[38;2;76;83;89m[48;2;28;32;34m▀[0m[38;2;99;104;109m[48;2;11;11;11m▀[0m[38;2;87;90;91m[48;2;19;19;19m▀[0m[38;2;76;81;82m[48;2;19;22;22m▀[0m[38;2;99;106;107m[48;2;14;18;19m▀[0m[38;2;72;79;80m[48;2;52;59;63m▀[0m[38;2;0;1;1m[48;2;5;5;7m▀[0m[38;2;23;23;23m[48;2;80;80;80m▀[0m[38;2;0;0;0m[48;2;255;255;255m▀[0m[38;2;142;146;153m[48;2;255;255;255m▀[0m[38;2;255;255;255m[48;2;221;204;147m▀[0m[38;2;154;136;84m[48;2;245;223;144m▀[0m[38;2;255;255;209m[48;2;222;200;138m▀[0m[38;2;255;255;222m[48;2;227;206;142m▀[0m[38;2;227;201;132m[48;2;241;215;148m▀[0m[38;2;219;216;225m[48;2;199;173;111m▀[0m[38;2;160;164;181m[48;2;255;255;255m▀[0m[38;2;255;255;255m[48;2;255;255;255m▀[0m[38;2;65;68;68m[48;2;122;122;122m▀[0m[38;2;0;0;0m[48;2;0;0;0m▀[0m[38;2;21;26;27m[48;2;58;63;64m▀[0m[38;2;16;21;22m[48;2;27;30;31m▀[0m[38;2;59;64;64m[48;2;84;88;93m▀[0m[38;2;104;112;113m[48;2;53;57;59m▀[0m[38;2;100;104;105m[48;2;27;31;31m▀[0m[38;2;89;96;96m[48;2;61;64;66m▀[0m[38;2;73;86;86m[48;2;81;89;89m▀[0m[38;2;34;38;40m[48;2;93;102;102m▀[0m[38;2;0;0;0m[48;2;0;4;1m▀[0m[38;2;255;255;255m[48;2;80;83;84m▀[0m[38;2;98;98;98m[48;2;154;158;158m▀[0m
[38;2;60;60;62m[48;2;27;29;35m▀[0m[38;2;12;15;17m[48;2;4;8;18m▀[0m[38;2;255;255;255m[48;2;198;206;215m▀[0m[38;2;60;60;69m[48;2;0;0;0m▀[0m[38;2;0;0;0m[48;2;0;0;0m▀[0m[38;2;0;0;0m[48;2;0;0;0m▀[0m[38;2;3;5;6m[48;2;64;72;87m▀[0m[38;2;33;36;36m[48;2;76;80;84m▀[0m[38;2;44;47;50m[48;2;69;73;74m▀[0m[38;2;14;18;17m[48;2;83;87;88m▀[0m[38;2;0;0;0m[48;2;0;0;0m▀[0m[38;2;0;0;0m[48;2;28;28;28m▀[0m[38;2;13;13;14m[48;2;212;214;217m▀[0m[38;2;244;252;255m[48;2;255;255;255m▀[0m[38;2;249;236;206m[48;2;182;169;132m▀[0m[38;2;173;153;97m[48;2;130;129;116m▀[0m[38;2;179;165;131m[48;2;182;171;141m▀[0m[38;2;225;200;142m[48;2;213;193;153m▀[0m[38;2;235;216;156m[48;2;168;160;131m▀[0m[38;2;196;181;139m[48;2;100;96;79m▀[0m[38;2;175;166;118m[48;2;39;42;37m▀[0m[38;2;192;179;129m[48;2;60;63;55m▀[0m[38;2;255;255;255m[48;2;97;100;107m▀[0m[38;2;255;255;255m[48;2;175;173;177m▀[0m[38;2;22;24;22m[48;2;116;115;115m▀[0m[38;2;0;3;2m[48;2;0;0;0m▀[0m[38;2;26;29;29m[48;2;0;0;0m▀[0m[38;2;35;38;38m[48;2;0;0;0m▀[0m[38;2;0;0;0m[48;2;40;43;44m▀[0m[38;2;0;0;0m[48;2;67;72;77m▀[0m[38;2;20;20;23m[48;2;59;67;76m▀[0m[38;2;22;22;22m[48;2;16;24;36m▀[0m[38;2;0;0;0m[48;2;0;0;0m▀[0m[38;2;0;0;0m[48;2;0;0;0m▀[0m[38;2;85;85;86m[48;2;92;94;99m▀[0m[38;2;216;223;224m[48;2;255;255;255m▀[0m
[38;2;0;0;0m[48;2;0;0;0m▀[0m[38;2;76;86;106m[48;2;156;156;148m▀[0m[38;2;223;216;172m[48;2;255;255;189m▀[0m[38;2;218;196;118m[48;2;255;253;160m▀[0m[38;2;235;212;135m[48;2;255;248;164m▀[0m[38;2;172;157;109m[48;2;214;191;128m▀[0m[38;2;51;50;48m[48;2;69;63;44m▀[0m[38;2;0;0;3m[48;2;3;7;14m▀[0m[38;2;27;27;29m[48;2;49;52;53m▀[0m[38;2;47;49;50m[48;2;79;84;85m▀[0m[38;2;43;41;44m[48;2;80;84;86m▀[0m[38;2;0;0;0m[48;2;47;52;51m▀[0m[38;2;85;88;88m[48;2;19;24;24m▀[0m[38;2;250;255;255m[48;2;7;10;13m▀[0m[38;2;183;188;192m[48;2;49;52;55m▀[0m[38;2;33;40;48m[48;2;21;24;29m▀[0m[38;2;58;61;54m[48;2;19;27;32m▀[0m[38;2;14;17;23m[48;2;42;50;58m▀[0m[38;2;12;21;35m[48;2;65;72;73m▀[0m[38;2;20;28;43m[48;2;69;77;81m▀[0m[38;2;20;28;41m[48;2;48;53;57m▀[0m[38;2;15;22;31m[48;2;54;57;57m▀[0m[38;2;23;28;33m[48;2;62;67;72m▀[0m[38;2;9;12;13m[48;2;33;36;41m▀[0m[38;2;0;1;1m[48;2;0;0;0m▀[0m[38;2;0;0;0m[48;2;0;0;0m▀[0m[38;2;0;0;0m[48;2;0;0;0m▀[0m[38;2;60;63;65m[48;2;51;54;56m▀[0m[38;2;87;92;96m[48;2;38;46;46m▀[0m[38;2;63;70;76m[48;2;15;17;19m▀[0m[38;2;62;71;79m[48;2;188;175;131m▀[0m[38;2;95;98;90m[48;2;229;210;147m▀[0m[38;2;153;140;94m[48;2;247;221;144m▀[0m[38;2;110;103;87m[48;2;255;255;203m▀[0m[38;2;0;0;0m[48;2;126;117;84m▀[0m[38;2;125;127;140m[48;2;0;0;0m▀[0m
[38;2;0;0;0m[48;2;70;76;85m▀[0m[38;2;247;232;176m[48;2;255;251;181m▀[0m[38;2;255;245;159m[48;2;243;221;156m▀[0m[38;2;255;255;185m[48;2;255;255;193m▀[0m[38;2;194;175;119m[48;2;8;8;10m▀[0m[38;2;0;0;0m[48;2;36;47;64m▀[0m[38;2;39;47;60m[48;2;65;72;76m▀[0m[38;2;60;69;74m[48;2;59;63;64m▀[0m[38;2;48;55;56m[48;2;61;65;67m▀[0m[38;2;35;37;38m[48;2;57;61;62m▀[0m[38;2;39;41;42m[48;2;58;63;64m▀[0m[38;2;43;47;48m[48;2;72;79;81m▀[0m[38;2;64;68;70m[48;2;77;82;84m▀[0m[38;2;76;81;81m[48;2;63;67;67m▀[0m[38;2;74;77;78m[48;2;70;70;73m▀[0m[38;2;69;72;73m[48;2;77;81;81m▀[0m[38;2;51;54;56m[48;2;46;51;50m▀[0m[38;2;82;87;89m[48;2;76;81;80m▀[0m[38;2;62;69;71m[48;2;69;73;74m▀[0m[38;2;73;79;78m[48;2;65;70;69m▀[0m[38;2;61;66;67m[48;2;24;27;28m▀[0m[38;2;44;49;50m[48;2;0;0;0m▀[0m[38;2;53;56;57m[48;2;2;0;1m▀[0m[38;2;11;8;11m[48;2;14;12;10m▀[0m[38;2;0;0;0m[48;2;33;38;39m▀[0m[38;2;0;0;0m[48;2;23;26;27m▀[0m[38;2;15;15;17m[48;2;37;41;41m▀[0m[38;2;52;55;57m[48;2;58;66;69m▀[0m[38;2;35;38;40m[48;2;60;67;71m▀[0m[38;2;7;11;12m[48;2;48;52;56m▀[0m[38;2;32;32;28m[48;2;8;15;29m▀[0m[38;2;148;135;95m[48;2;0;0;0m▀[0m[38;2;255;237;167m[48;2;211;193;137m▀[0m[38;2;255;238;150m[48;2;255;246;176m▀[0m[38;2;255;255;208m[48;2;247;221;142m▀[0m[38;2;40;50;72m[48;2;255;255;255m▀[0m
[38;2;162;159;153m[48;2;174;171;155m▀[0m[38;2;250;228;156m[48;2;254;231;162m▀[0m[38;2;234;216;159m[48;2;170;157;114m▀[0m[38;2;21;17;13m[48;2;0;0;0m▀[0m[38;2;0;0;0m[48;2;9;13;22m▀[0m[38;2;71;81;89m[48;2;61;66;71m▀[0m[38;2;66;74;79m[48;2;67;74;75m▀[0m[38;2;66;71;70m[48;2;66;73;77m▀[0m[38;2;57;65;64m[48;2;59;63;67m▀[0m[38;2;66;73;75m[48;2;67;75;76m▀[0m[38;2;65;70;71m[48;2;72;75;76m▀[0m[38;2;59;63;63m[48;2;62;65;62m▀[0m[38;2;70;77;77m[48;2;71;78;78m▀[0m[38;2;52;56;56m[48;2;63;69;67m▀[0m[38;2;74;77;78m[48;2;73;78;78m▀[0m[38;2;85;89;86m[48;2;73;78;78m▀[0m[38;2;72;77;78m[48;2;36;40;40m▀[0m[38;2;85;90;91m[48;2;21;24;24m▀[0m[38;2;33;36;35m[48;2;0;0;0m▀[0m[38;2;0;0;0m[48;2;88;85;88m▀[0m[38;2;0;0;0m[48;2;60;63;64m▀[0m[38;2;38;40;40m[48;2;0;0;0m▀[0m[38;2;3;2;3m[48;2;0;0;0m▀[0m[38;2;6;9;8m[48;2;44;49;49m▀[0m[38;2;72;80;81m[48;2;65;68;69m▀[0m[38;2;91;98;98m[48;2;67;71;70m▀[0m[38;2;51;55;59m[48;2;66;70;72m▀[0m[38;2;46;49;48m[48;2;88;94;93m▀[0m[38;2;56;59;60m[48;2;65;68;69m▀[0m[38;2;74;78;83m[48;2;79;82;83m▀[0m[38;2;51;55;56m[48;2;70;74;79m▀[0m[38;2;28;36;49m[48;2;61;65;66m▀[0m[38;2;21;24;24m[48;2;0;0;12m▀[0m[38;2;227;210;151m[48;2;11;14;14m▀[0m[38;2;239;212;137m[48;2;244;223;162m▀[0m[38;2;255;240;201m[48;2;220;201;138m▀[0m
[38;2;184;174;145m[48;2;211;198;159m▀[0m[38;2;252;229;165m[48;2;244;226;166m▀[0m[38;2;157;146;110m[48;2;164;151;114m▀[0m[38;2;0;0;0m[48;2;0;0;0m▀[0m[38;2;2;6;10m[48;2;0;0;0m▀[0m[38;2;49;53;57m[48;2;0;0;0m▀[0m[38;2;39;47;50m[48;2;0;0;0m▀[0m[38;2;43;47;48m[48;2;0;0;0m▀[0m[38;2;60;67;69m[48;2;4;7;9m▀[0m[38;2;59;62;67m[48;2;16;21;21m▀[0m[38;2;41;45;46m[48;2;41;45;51m▀[0m[38;2;63;66;69m[48;2;39;47;56m▀[0m[38;2;86;94;95m[48;2;0;5;11m▀[0m[38;2;58;63;65m[48;2;0;0;0m▀[0m[38;2;5;8;8m[48;2;0;0;0m▀[0m[38;2;0;0;0m[48;2;0;0;0m▀[0m[38;2;0;0;0m[48;2;0;0;0m▀[0m[38;2;0;0;0m[48;2;85;88;88m▀[0m[38;2;173;172;172m[48;2;27;26;26m▀[0m[38;2;123;126;126m[48;2;0;0;0m▀[0m[38;2;0;0;0m[48;2;0;0;0m▀[0m[38;2;0;0;0m[48;2;0;0;0m▀[0m[38;2;44;51;51m[48;2;0;0;0m▀[0m[38;2;85;93;94m[48;2;0;4;8m▀[0m[38;2;68;71;74m[48;2;27;34;40m▀[0m[38;2;55;63;67m[48;2;55;59;61m▀[0m[38;2;59;63;65m[48;2;63;68;73m▀[0m[38;2;69;74;75m[48;2;68;75;80m▀[0m[38;2;65;69;70m[48;2;68;76;76m▀[0m[38;2;70;75;75m[48;2;61;66;68m▀[0m[38;2;65;70;72m[48;2;66;71;73m▀[0m[38;2;54;58;62m[48;2;76;81;85m▀[0m[38;2;21;28;39m[48;2;2;8;18m▀[0m[38;2;0;0;0m[48;2;0;0;0m▀[0m[38;2;219;205;157m[48;2;209;193;158m▀[0m[38;2;221;201;145m[48;2;220;204;154m▀[0m
[38;2;188;175;129m[48;2;196;181;130m▀[0m[38;2;198;185;137m[48;2;227;208;149m▀[0m[38;2;175;162;123m[48;2;191;176;138m▀[0m[38;2;0;0;0m[48;2;22;29;43m▀[0m[38;2;32;41;45m[48;2;0;0;0m▀[0m[38;2;65;70;72m[48;2;36;43;44m▀[0m[38;2;70;74;76m[48;2;14;18;20m▀[0m[38;2;74;79;85m[48;2;0;0;0m▀[0m[38;2;43;51;64m[48;2;0;0;0m▀[0m[38;2;2;19;54m[48;2;113;82;9m▀[0m[38;2;0;0;20m[48;2;178;122;0m▀[0m[38;2;0;0;2m[48;2;209;179;80m▀[0m[38;2;20;22;28m[48;2;159;171;184m▀[0m[38;2;54;56;57m[48;2;168;168;162m▀[0m[38;2;60;60;61m[48;2;165;168;168m▀[0m[38;2;32;34;34m[48;2;164;168;167m▀[0m[38;2;12;14;14m[48;2;117;119;120m▀[0m[38;2;46;49;51m[48;2;145;148;145m▀[0m[38;2;67;69;69m[48;2;150;152;152m▀[0m[38;2;0;0;0m[48;2;141;143;141m▀[0m[38;2;56;56;58m[48;2;150;152;150m▀[0m[38;2;42;42;45m[48;2;119;122;122m▀[0m[38;2;42;42;45m[48;2;151;155;154m▀[0m[38;2;39;42;45m[48;2;161;169;183m▀[0m[38;2;0;0;7m[48;2;193;165;80m▀[0m[38;2;0;7;48m[48;2;192;144;0m▀[0m[38;2;0;10;46m[48;2;100;88;36m▀[0m[38;2;11;22;34m[48;2;26;30;41m▀[0m[38;2;25;29;34m[48;2;34;43;60m▀[0m[38;2;0;0;0m[48;2;32;37;37m▀[0m[38;2;0;0;0m[48;2;7;10;10m▀[0m[38;2;0;0;0m[48;2;18;22;24m▀[0m[38;2;0;0;0m[48;2;32;40;46m▀[0m[38;2;0;0;0m[48;2;0;0;0m▀[0m[38;2;197;179;148m[48;2;189;175;137m▀[0m[38;2;224;206;155m[48;2;229;210;154m▀[0m
[38;2;199;183;136m[48;2;204;186;134m▀[0m[38;2;221;206;154m[48;2;210;195;144m▀[0m[38;2;206;187;132m[48;2;254;232;168m▀[0m[38;2;11;12;24m[48;2;33;30;17m▀[0m[38;2;93;96;103m[48;2;0;0;0m▀[0m[38;2;76;76;76m[48;2;13;13;15m▀[0m[38;2;81;84;85m[48;2;68;71;76m▀[0m[38;2;0;0;0m[48;2;53;58;80m▀[0m[38;2;9;7;10m[48;2;109;108;91m▀[0m[38;2;255;238;21m[48;2;255;208;17m▀[0m[38;2;255;255;113m[48;2;210;216;227m▀[0m[38;2;164;146;94m[48;2;136;146;165m▀[0m[38;2;132;140;148m[48;2;139;139;127m▀[0m[38;2;131;131;125m[48;2;129;132;124m▀[0m[38;2;126;129;129m[48;2;101;104;96m▀[0m[38;2;130;129;129m[48;2;133;132;128m▀[0m[38;2;137;136;137m[48;2;120;124;123m▀[0m[38;2;130;133;132m[48;2;125;125;122m▀[0m[38;2;129;132;129m[48;2;126;127;123m▀[0m[38;2;134;136;134m[48;2;111;113;115m▀[0m[38;2;113;115;115m[48;2;119;120;117m▀[0m[38;2;136;139;135m[48;2;136;136;124m▀[0m[38;2;139;140;133m[48;2;139;139;121m▀[0m[38;2;131;134;134m[48;2;133;133;116m▀[0m[38;2;171;155;120m[48;2;153;159;174m▀[0m[38;2;255;255;141m[48;2;197;209;242m▀[0m[38;2;255;222;0m[48;2;255;205;40m▀[0m[38;2;94;80;27m[48;2;156;128;37m▀[0m[38;2;8;19;45m[48;2;0;0;0m▀[0m[38;2;46;51;53m[48;2;0;0;0m▀[0m[38;2;48;55;57m[48;2;0;0;0m▀[0m[38;2;82;92;96m[48;2;0;0;0m▀[0m[38;2;17;25;30m[48;2;54;54;59m▀[0m[38;2;0;0;0m[48;2;59;63;69m▀[0m[38;2;210;197;151m[48;2;222;204;153m▀[0m[38;2;227;210;155m[48;2;208;194;148m▀[0m
