pose:pose-00-fin-0042-03-beas,47,20,255,180,177
pose:pose-00-fin-0042-03-beas,54,20,255,173,170
pose:pose-00-fin-0042-03-beas,50,21,234,156,149
pose:pose-00-fin-0042-03-beas,54,42,255,175,175
pose:pose-00-fin-0042-03-beas,57,19,255,184,179
pose:pose-00-fin-0042-03-beas,48,14,229,151,147
pose:pose-00-fin-0042-03-beas,44,43,255,171,168
pose:pose-00-fin-0042-03-beas,50,41,225,144,142
pose:pose-00-fin-0042-03-beas,56,37,238,151,149
pose:pose-00-fin-0042-03-beas,42,18,255,188,187
pose:pose-01-fin-0019-04-goon,46,37,254,204,184
pose:pose-01-fin-0019-04-goon,49,30,255,190,214
pose:pose-01-fin-0019-04-goon,55,37,255,211,191
pose:pose-01-fin-0019-04-goon,58,30,255,167,195
pose:pose-01-fin-0019-04-goon,53,31,255,142,173
pose:pose-01-fin-0019-04-goon,61,35,252,205,181
pose:pose-01-fin-0019-04-goon,42,30,255,190,214
pose:pose-01-fin-0019-04-goon,38,28,255,167,185
pose:pose-01-fin-0019-04-goon,51,17,234,186,175
pose:pose-01-fin-0019-04-goon,42,36,251,200,187
pose:pose-02-fin-0087-00-beas,49,49,255,175,171
pose:pose-02-fin-0087-00-beas,48,4,253,184,181
pose:pose-02-fin-0087-00-beas,44,20,255,198,186
pose:pose-02-fin-0087-00-beas,45,17,247,178,174
pose:pose-02-fin-0087-00-beas,46,27,231,143,141
pose:pose-02-fin-0087-00-beas,53,5,255,133,124
pose:pose-02-fin-0087-00-beas,55,20,255,136,136
pose:pose-02-fin-0087-00-beas,55,16,236,142,138
pose:pose-02-fin-0087-00-beas,56,24,250,203,203
pose:pose-02-fin-0087-00-beas,43,3,252,212,214
pose:pose-03-sci-0014-10-goon,50,14,255,202,175
pose:pose-03-sci-0014-10-goon,50,25,255,187,153
pose:pose-03-sci-0014-10-goon,47,23,255,199,177
pose:pose-03-sci-0014-10-goon,54,19,255,193,176
pose:pose-03-sci-0014-10-goon,50,21,255,184,145
pose:pose-03-sci-0014-10-goon,55,23,255,206,164
pose:pose-03-sci-0014-10-goon,53,15,255,201,183
pose:pose-03-sci-0014-10-goon,56,14,255,200,177
pose:pose-03-sci-0014-10-goon,58,24,255,201,173
pose:pose-03-sci-0014-10-goon,42,26,255,225,152
pose:pose-04-sci-0008-07-corr,55,20,255,174,173
pose:pose-04-sci-0008-07-corr,47,28,255,192,187
pose:pose-04-sci-0008-07-corr,56,34,255,166,160
pose:pose-04-sci-0008-07-corr,45,30,255,159,154
pose:pose-04-sci-0008-07-corr,48,49,255,153,150
pose:pose-04-sci-0008-07-corr,60,30,254,171,166
pose:pose-04-sci-0008-07-corr,44,21,231,151,152
pose:pose-04-sci-0008-07-corr,52,21,255,206,205
pose:pose-04-sci-0008-07-corr,50,37,231,176,173
pose:pose-04-sci-0008-07-corr,54,37,239,130,130
pose:pose-05-fin-0087-02-beas,65,5,242,204,186
pose:pose-05-fin-0087-02-beas,50,31,255,255,255
pose:pose-05-fin-0087-02-beas,50,13,255,255,255
pose:pose-05-fin-0087-02-beas,51,7,255,255,255
pose:pose-05-fin-0087-02-beas,49,10,255,255,255
pose:pose-05-fin-0087-02-beas,52,11,255,255,255
pose:pose-05-fin-0087-02-beas,48,40,255,255,255
pose:pose-05-fin-0087-02-beas,48,15,255,255,255
pose:pose-05-fin-0087-02-beas,53,40,255,255,255
pose:pose-05-fin-0087-02-beas,53,20,255,255,255
pose:pose-06-sci-0014-15-goon,47,20,255,205,179
pose:pose-06-sci-0014-15-goon,51,43,255,201,172
pose:pose-06-sci-0014-15-goon,54,34,254,206,182
pose:pose-06-sci-0014-15-goon,48,17,255,187,129
pose:pose-06-sci-0014-15-goon,58,28,255,184,170
pose:pose-06-sci-0014-15-goon,35,15,255,255,163
pose:pose-06-sci-0014-15-goon,48,6,255,146,141
pose:pose-06-sci-0014-15-goon,38,35,255,234,182
pose:pose-06-sci-0014-15-goon,44,41,255,191,155
pose:pose-06-sci-0014-15-goon,42,36,255,206,189
pose:pose-07-dmg-0066-01,49,34,255,193,181
pose:pose-07-dmg-0066-01,49,25,255,165,164
pose:pose-07-dmg-0066-01,51,13,255,165,163
pose:pose-07-dmg-0066-01,55,37,253,176,179
pose:pose-07-dmg-0066-01,50,37,255,143,138
pose:pose-07-dmg-0066-01,57,43,255,163,155
pose:pose-07-dmg-0066-01,56,40,255,124,112
pose:pose-07-dmg-0066-01,47,13,255,222,223
pose:pose-07-dmg-0066-01,51,9,255,249,255
pose:pose-07-dmg-0066-01,50,28,255,255,255
pose:pose-08-sci-0020-00-inqu,50,18,253,175,179
pose:pose-08-sci-0020-00-inqu,47,24,255,178,173
pose:pose-08-sci-0020-00-inqu,51,34,255,186,190
pose:pose-08-sci-0020-00-inqu,57,26,255,178,163
pose:pose-08-sci-0020-00-inqu,52,45,255,159,157
pose:pose-08-sci-0020-00-inqu,58,36,243,183,167
pose:pose-08-sci-0020-00-inqu,55,11,255,144,140
pose:pose-08-sci-0020-00-inqu,63,35,250,179,168
pose:pose-08-sci-0020-00-inqu,44,10,255,139,137
pose:pose-08-sci-0020-00-inqu,55,5,255,132,128
pose:pose-09-sci-0014-03-goon,51,49,254,194,174
pose:pose-09-sci-0014-03-goon,49,43,253,179,168
pose:pose-09-sci-0014-03-goon,52,45,255,179,161
pose:pose-09-sci-0014-03-goon,54,30,254,198,185
pose:pose-09-sci-0014-03-goon,55,49,255,184,179
pose:pose-09-sci-0014-03-goon,51,40,224,164,150
pose:pose-09-sci-0014-03-goon,54,6,255,180,116
pose:pose-09-sci-0014-03-goon,40,27,246,181,162
pose:pose-09-sci-0014-03-goon,54,43,255,172,147
pose:pose-09-sci-0014-03-goon,58,46,255,188,179
pose:pose-10-sci-0008-01-corr,50,26,255,164,160
pose:pose-10-sci-0008-01-corr,47,30,255,158,148
pose:pose-10-sci-0008-01-corr,43,37,255,183,183
pose:pose-10-sci-0008-01-corr,42,44,255,184,170
pose:pose-10-sci-0008-01-corr,46,33,226,143,144
pose:pose-10-sci-0008-01-corr,39,39,255,160,161
pose:pose-10-sci-0008-01-corr,47,47,254,130,122
pose:pose-10-sci-0008-01-corr,37,28,255,153,154
pose:pose-10-sci-0008-01-corr,47,43,255,118,109
pose:pose-10-sci-0008-01-corr,74,3,255,222,192
pose:pose-11-dmg-0066-00,55,37,255,176,164
pose:pose-11-dmg-0066-00,52,39,255,190,188
pose:pose-11-dmg-0066-00,47,47,255,169,160
pose:pose-11-dmg-0066-00,54,49,255,187,183
pose:pose-11-dmg-0066-00,44,40,255,143,141
pose:pose-11-dmg-0066-00,52,6,255,119,121
pose:pose-11-dmg-0066-00,44,25,255,211,205
pose:pose-11-dmg-0066-00,44,7,255,116,103
pose:pose-11-dmg-0066-00,60,23,255,127,123
pose:pose-11-dmg-0066-00,54,26,255,228,225
pose:pose-12-sci-0002-12-beas,52,29,255,213,173
pose:pose-12-sci-0002-12-beas,48,36,255,200,166
pose:pose-12-sci-0002-12-beas,50,48,255,180,171
pose:pose-12-sci-0002-12-beas,48,24,255,192,121
pose:pose-12-sci-0002-12-beas,46,28,230,186,140
pose:pose-12-sci-0002-12-beas,51,18,255,207,82
pose:pose-12-sci-0002-12-beas,60,17,255,211,148
pose:pose-12-sci-0002-12-beas,61,27,255,199,161
pose:pose-12-sci-0002-12-beas,46,38,255,231,201
pose:pose-12-sci-0002-12-beas,53,8,255,200,91
pose:pose-13-sci-0007-02-beas,53,33,255,201,180
pose:pose-13-sci-0007-02-beas,50,23,255,199,186
pose:pose-13-sci-0007-02-beas,57,33,255,189,182
pose:pose-13-sci-0007-02-beas,56,16,255,165,157
pose:pose-13-sci-0007-02-beas,53,18,255,205,197
pose:pose-13-sci-0007-02-beas,43,31,255,157,152
pose:pose-13-sci-0007-02-beas,43,22,255,148,125
pose:pose-13-sci-0007-02-beas,53,22,255,234,217
pose:pose-13-sci-0007-02-beas,35,26,255,189,185
pose:pose-13-sci-0007-02-beas,65,25,255,189,187
pose:pose-14-dmg-0076-03,48,14,255,115,106
pose:pose-14-dmg-0076-03,43,34,248,200,192
pose:pose-14-dmg-0076-03,57,13,255,132,112
pose:pose-14-dmg-0076-03,60,41,252,199,194
pose:pose-14-dmg-0076-03,39,10,227,127,123
pose:pose-14-dmg-0076-03,47,48,255,230,222
pose:pose-14-dmg-0076-03,56,10,255,234,229
pose:pose-14-dmg-0076-03,75,38,255,183,179
pose:pose-14-dmg-0076-03,26,38,255,160,159
pose:pose-14-dmg-0076-03,55,48,253,231,225
pose:pose-15-dmg-0014-02,48,14,255,199,191
pose:pose-15-dmg-0014-02,45,21,255,143,135
pose:pose-15-dmg-0014-02,67,9,255,187,172
pose:pose-15-dmg-0014-02,54,45,241,180,183
pose:pose-15-dmg-0014-02,33,10,255,185,181
pose:pose-15-dmg-0014-02,45,42,255,133,123
pose:pose-15-dmg-0014-02,50,48,255,219,225
pose:pose-15-dmg-0014-02,51,5,255,251,251
pose:pose-15-dmg-0014-02,50,25,255,255,255
pose:pose-15-dmg-0014-02,49,19,252,248,255
pose:pose-16-sci-0019-10-goon-rg60996,50,13,255,181,154
pose:pose-16-sci-0019-10-goon-rg60996,47,20,255,187,177
pose:pose-16-sci-0019-10-goon-rg60996,52,49,255,179,174
pose:pose-16-sci-0019-10-goon-rg60996,56,39,255,188,154
pose:pose-16-sci-0019-10-goon-rg60996,47,11,239,172,138
pose:pose-16-sci-0019-10-goon-rg60996,55,20,255,166,146
pose:pose-16-sci-0019-10-goon-rg60996,52,23,255,147,133
pose:pose-16-sci-0019-10-goon-rg60996,58,31,242,175,161
pose:pose-16-sci-0019-10-goon-rg60996,59,43,255,201,184
pose:pose-16-sci-0019-10-goon-rg60996,54,32,255,131,110
pose:pose-17-eros-1785904132-98135-v1,49,40,255,164,157
pose:pose-17-eros-1785904132-98135-v1,45,40,255,162,154
pose:pose-17-eros-1785904132-98135-v1,54,40,254,206,205
pose:pose-17-eros-1785904132-98135-v1,52,46,255,134,121
pose:pose-17-eros-1785904132-98135-v1,62,7,255,127,123
pose:pose-17-eros-1785904132-98135-v1,37,7,255,223,218
pose:pose-17-eros-1785904132-98135-v1,45,36,252,235,235
pose:pose-17-eros-1785904132-98135-v1,50,29,255,255,255
pose:pose-17-eros-1785904132-98135-v1,50,18,255,255,255
pose:pose-17-eros-1785904132-98135-v1,29,37,242,191,183
pose:pose-18-eros-1785904132-52152-v0,44,33,255,210,182
pose:pose-18-eros-1785904132-52152-v0,50,47,255,219,195
pose:pose-18-eros-1785904132-52152-v0,51,35,255,137,136
pose:pose-18-eros-1785904132-52152-v0,39,33,255,165,146
pose:pose-18-eros-1785904132-52152-v0,57,33,255,211,201
pose:pose-18-eros-1785904132-52152-v0,29,40,255,153,142
pose:pose-18-eros-1785904132-52152-v0,49,31,255,255,255
pose:pose-18-eros-1785904132-52152-v0,47,39,255,255,255
pose:pose-18-eros-1785904132-52152-v0,35,40,224,181,173
pose:pose-18-eros-1785904132-52152-v0,50,43,254,254,255
pose:pose-19-sci-0008-05-corr,54,18,255,199,181
pose:pose-19-sci-0008-05-corr,43,10,255,198,199
pose:pose-19-sci-0008-05-corr,54,41,255,131,129
pose:pose-19-sci-0008-05-corr,35,17,255,193,192
pose:pose-19-sci-0008-05-corr,58,44,216,147,138
pose:pose-19-sci-0008-05-corr,55,23,243,205,204
pose:pose-19-sci-0008-05-corr,65,34,255,146,121
pose:pose-19-sci-0008-05-corr,47,39,255,249,247
pose:pose-19-sci-0008-05-corr,50,10,255,255,255
pose:pose-19-sci-0008-05-corr,51,36,255,255,255
wide,53,18,255,200,184
wide,43,10,249,192,193
wide,53,40,255,225,226
wide,42,47,255,220,221
wide,35,17,254,188,187
wide,50,51,255,255,255
wide,50,47,255,255,255
wide,50,10,255,255,255
wide,51,36,255,255,255
punch,57,18,255,222,204
punch,65,34,255,193,186
punch,50,4,255,255,255
punch,52,8,255,255,255
punch,48,51,255,255,255
punch,47,9,255,255,255
punch,54,3,255,255,255
punch,46,18,255,255,255
punch,46,4,255,255,255
