[38;2;1;0;1m[48;2;1;1;1m▀[0m[38;2;0;0;0m[48;2;0;0;0m▀[0m[38;2;0;0;0m[48;2;0;0;0m▀[0m[38;2;0;0;0m[48;2;0;0;0m▀[0m[38;2;5;163;184m[48;2;3;138;164m▀[0m[38;2;255;255;255m[48;2;255;255;255m▀[0m[38;2;255;255;255m[48;2;255;255;255m▀[0m[38;2;0;197;213m[48;2;0;205;228m▀[0m[38;2;0;123;165m[48;2;0;135;185m▀[0m[38;2;95;243;253m[48;2;193;255;255m▀[0m[38;2;79;233;247m[48;2;217;255;255m▀[0m[38;2;169;252;252m[48;2;119;255;255m▀[0m[38;2;255;255;255m[48;2;23;255;255m▀[0m[38;2;255;255;255m[48;2;68;228;255m▀[0m[38;2;229;255;255m[48;2;56;121;132m▀[0m[38;2;159;0;0m[48;2;0;0;0m▀[0m[38;2;177;206;222m[48;2;255;64;38m▀[0m[38;2;0;202;255m[48;2;102;192;224m▀[0m[38;2;198;255;255m[48;2;0;148;221m▀[0m[38;2;18;243;255m[48;2;0;169;227m▀[0m[38;2;91;230;255m[48;2;255;116;109m▀[0m[38;2;202;0;0m[48;2;50;0;0m▀[0m[38;2;161;158;166m[48;2;45;96;108m▀[0m[38;2;255;255;255m[48;2;54;255;255m▀[0m[38;2;255;255;255m[48;2;0;255;255m▀[0m[38;2;255;255;255m[48;2;91;255;255m▀[0m[38;2;97;245;253m[48;2;245;255;255m▀[0m[38;2;83;239;255m[48;2;198;255;255m▀[0m[38;2;109;255;255m[48;2;115;255;255m▀[0m[38;2;0;96;155m[48;2;0;104;157m▀[0m[38;2;68;180;203m[48;2;54;189;214m▀[0m[38;2;255;255;255m[48;2;255;255;255m▀[0m[38;2;218;255;255m[48;2;115;236;255m▀[0m[38;2;0;35;54m[48;2;0;0;0m▀[0m[38;2;0;0;0m[48;2;0;0;0m▀[0m[38;2;0;0;0m[48;2;0;0;0m▀[0m
[38;2;1;1;0m[48;2;0;0;0m▀[0m[38;2;0;0;0m[48;2;0;0;0m▀[0m[38;2;0;0;0m[48;2;0;0;0m▀[0m[38;2;0;0;0m[48;2;0;0;0m▀[0m[38;2;0;92;116m[48;2;184;167;166m▀[0m[38;2;255;255;255m[48;2;255;255;255m▀[0m[38;2;255;255;255m[48;2;255;255;255m▀[0m[38;2;13;208;234m[48;2;218;255;255m▀[0m[38;2;47;209;238m[48;2;255;205;206m▀[0m[38;2;220;255;255m[48;2;0;160;230m▀[0m[38;2;0;255;255m[48;2;0;163;225m▀[0m[38;2;0;248;255m[48;2;4;0;0m▀[0m[38;2;0;137;176m[48;2;0;0;0m▀[0m[38;2;0;1;18m[48;2;0;0;0m▀[0m[38;2;0;0;0m[48;2;73;79;75m▀[0m[38;2;0;125;138m[48;2;142;218;225m▀[0m[38;2;140;0;0m[48;2;0;0;0m▀[0m[38;2;119;19;28m[48;2;0;22;28m▀[0m[38;2;0;113;148m[48;2;13;104;133m▀[0m[38;2;46;64;85m[48;2;8;69;86m▀[0m[38;2;140;0;0m[48;2;0;0;0m▀[0m[38;2;0;54;56m[48;2;67;121;124m▀[0m[38;2;52;70;70m[48;2;182;228;234m▀[0m[38;2;0;19;25m[48;2;0;0;0m▀[0m[38;2;0;137;173m[48;2;0;0;0m▀[0m[38;2;0;235;255m[48;2;0;0;0m▀[0m[38;2;0;239;255m[48;2;0;130;174m▀[0m[38;2;225;255;255m[48;2;0;157;227m▀[0m[38;2;251;255;255m[48;2;212;180;183m▀[0m[38;2;0;149;192m[48;2;213;255;255m▀[0m[38;2;21;186;215m[48;2;187;255;255m▀[0m[38;2;255;255;255m[48;2;255;255;255m▀[0m[38;2;156;255;255m[48;2;246;255;255m▀[0m[38;2;0;0;0m[48;2;0;0;0m▀[0m[38;2;0;0;0m[48;2;0;0;0m▀[0m[38;2;0;0;0m[48;2;0;0;0m▀[0m
[38;2;0;0;0m[48;2;0;0;0m▀[0m[38;2;0;0;0m[48;2;0;0;0m▀[0m[38;2;12;84;88m[48;2;0;0;0m▀[0m[38;2;255;160;154m[48;2;255;219;208m▀[0m[38;2;255;255;255m[48;2;255;255;255m▀[0m[38;2;255;255;255m[48;2;37;177;196m▀[0m[38;2;0;228;255m[48;2;0;56;110m▀[0m[38;2;0;137;159m[48;2;255;255;255m▀[0m[38;2;76;41;41m[48;2;117;108;103m▀[0m[38;2;43;165;206m[48;2;101;74;56m▀[0m[38;2;0;0;0m[48;2;0;22;26m▀[0m[38;2;0;0;0m[48;2;0;0;0m▀[0m[38;2;0;0;0m[48;2;0;0;0m▀[0m[38;2;0;0;0m[48;2;23;177;191m▀[0m[38;2;0;92;102m[48;2;0;108;120m▀[0m[38;2;62;39;41m[48;2;0;0;0m▀[0m[38;2;93;0;0m[48;2;255;0;0m▀[0m[38;2;0;0;0m[48;2;255;0;0m▀[0m[38;2;0;70;86m[48;2;0;0;0m▀[0m[38;2;0;9;18m[48;2;93;0;0m▀[0m[38;2;41;0;0m[48;2;255;16;0m▀[0m[38;2;138;0;0m[48;2;199;0;0m▀[0m[38;2;0;125;144m[48;2;0;68;86m▀[0m[38;2;0;0;0m[48;2;0;186;214m▀[0m[38;2;0;0;0m[48;2;0;0;0m▀[0m[38;2;0;0;0m[48;2;0;0;0m▀[0m[38;2;0;0;0m[48;2;0;29;40m▀[0m[38;2;0;133;176m[48;2;0;60;73m▀[0m[38;2;0;96;119m[48;2;0;22;38m▀[0m[38;2;41;111;128m[48;2;255;255;255m▀[0m[38;2;0;221;255m[48;2;0;121;163m▀[0m[38;2;255;255;255m[48;2;0;115;146m▀[0m[38;2;255;255;255m[48;2;255;255;255m▀[0m[38;2;255;28;21m[48;2;255;232;218m▀[0m[38;2;61;115;122m[48;2;255;255;255m▀[0m[38;2;0;113;147m[48;2;0;255;255m▀[0m
[38;2;0;0;0m[48;2;0;0;0m▀[0m[38;2;0;0;0m[48;2;0;0;0m▀[0m[38;2;100;126;126m[48;2;31;255;255m▀[0m[38;2;255;207;199m[48;2;255;152;145m▀[0m[38;2;211;247;253m[48;2;85;117;123m▀[0m[38;2;0;0;17m[48;2;0;18;51m▀[0m[38;2;0;109;161m[48;2;17;102;144m▀[0m[38;2;82;234;255m[48;2;0;104;150m▀[0m[38;2;203;255;255m[48;2;255;255;255m▀[0m[38;2;66;75;88m[48;2;95;250;255m▀[0m[38;2;0;116;157m[48;2;0;148;204m▀[0m[38;2;0;72;88m[48;2;0;52;60m▀[0m[38;2;0;47;50m[48;2;15;110;138m▀[0m[38;2;0;84;98m[48;2;34;38;39m▀[0m[38;2;0;0;0m[48;2;0;0;0m▀[0m[38;2;0;0;0m[48;2;0;0;0m▀[0m[38;2;151;0;0m[48;2;0;109;130m▀[0m[38;2;255;0;0m[48;2;0;127;150m▀[0m[38;2;0;0;0m[48;2;0;0;0m▀[0m[38;2;246;0;0m[48;2;0;10;19m▀[0m[38;2;255;0;0m[48;2;0;142;181m▀[0m[38;2;0;1;7m[48;2;0;16;22m▀[0m[38;2;0;0;0m[48;2;0;0;0m▀[0m[38;2;0;77;101m[48;2;25;31;30m▀[0m[38;2;0;57;66m[48;2;0;113;138m▀[0m[38;2;0;55;56m[48;2;0;64;71m▀[0m[38;2;0;138;176m[48;2;0;117;168m▀[0m[38;2;72;90;96m[48;2;66;243;255m▀[0m[38;2;207;228;233m[48;2;255;255;255m▀[0m[38;2;117;255;255m[48;2;0;117;165m▀[0m[38;2;0;131;182m[48;2;10;102;142m▀[0m[38;2;0;0;6m[48;2;0;29;68m▀[0m[38;2;163;241;241m[48;2;32;123;128m▀[0m[38;2;255;255;255m[48;2;255;113;98m▀[0m[38;2;255;255;255m[48;2;255;255;255m▀[0m[38;2;0;15;27m[48;2;0;21;37m▀[0m
[38;2;0;0;0m[48;2;0;0;0m▀[0m[38;2;0;0;0m[48;2;0;0;0m▀[0m[38;2;0;253;255m[48;2;0;255;255m▀[0m[38;2;255;255;255m[48;2;164;255;255m▀[0m[38;2;54;107;110m[48;2;38;58;58m▀[0m[38;2;0;52;86m[48;2;0;11;29m▀[0m[38;2;22;105;147m[48;2;16;62;85m▀[0m[38;2;28;136;175m[48;2;24;134;174m▀[0m[38;2;13;172;232m[48;2;26;87;114m▀[0m[38;2;12;141;196m[48;2;0;0;0m▀[0m[38;2;16;81;111m[48;2;0;0;0m▀[0m[38;2;0;0;0m[48;2;26;166;204m▀[0m[38;2;4;74;95m[48;2;113;202;219m▀[0m[38;2;43;103;121m[48;2;8;10;13m▀[0m[38;2;22;29;34m[48;2;8;57;73m▀[0m[38;2;0;0;0m[48;2;0;0;0m▀[0m[38;2;0;70;79m[48;2;0;3;4m▀[0m[38;2;0;231;255m[48;2;0;27;34m▀[0m[38;2;0;255;255m[48;2;0;33;37m▀[0m[38;2;0;255;255m[48;2;0;11;14m▀[0m[38;2;0;103;123m[48;2;0;17;17m▀[0m[38;2;0;0;0m[48;2;0;0;0m▀[0m[38;2;10;23;27m[48;2;11;29;37m▀[0m[38;2;35;123;146m[48;2;0;0;2m▀[0m[38;2;7;58;76m[48;2;168;184;181m▀[0m[38;2;0;21;31m[48;2;62;218;251m▀[0m[38;2;13;67;98m[48;2;0;0;0m▀[0m[38;2;17;149;205m[48;2;0;0;0m▀[0m[38;2;10;163;218m[48;2;21;72;92m▀[0m[38;2;26;136;176m[48;2;20;122;158m▀[0m[38;2;22;102;134m[48;2;8;59;77m▀[0m[38;2;0;70;107m[48;2;2;24;48m▀[0m[38;2;0;56;64m[48;2;0;0;3m▀[0m[38;2;255;151;140m[48;2;35;255;255m▀[0m[38;2;255;255;255m[48;2;126;255;255m▀[0m[38;2;0;197;228m[48;2;38;151;178m▀[0m
[38;2;0;0;0m[48;2;0;0;0m▀[0m[38;2;0;0;0m[48;2;0;0;0m▀[0m[38;2;46;255;255m[48;2;67;255;255m▀[0m[38;2;170;255;255m[48;2;255;255;255m▀[0m[38;2;84;98;97m[48;2;113;75;70m▀[0m[38;2;0;0;0m[48;2;0;0;0m▀[0m[38;2;0;0;0m[48;2;0;0;0m▀[0m[38;2;8;15;20m[48;2;0;0;0m▀[0m[38;2;0;0;0m[48;2;0;0;0m▀[0m[38;2;0;0;0m[48;2;0;0;0m▀[0m[38;2;0;0;0m[48;2;0;0;0m▀[0m[38;2;25;48;56m[48;2;5;0;2m▀[0m[38;2;22;46;57m[48;2;22;46;59m▀[0m[38;2;31;132;167m[48;2;16;31;43m▀[0m[38;2;40;162;201m[48;2;2;0;0m▀[0m[38;2;8;6;9m[48;2;0;0;0m▀[0m[38;2;0;0;0m[48;2;0;0;0m▀[0m[38;2;0;33;39m[48;2;1;0;0m▀[0m[38;2;2;0;0m[48;2;0;25;32m▀[0m[38;2;3;3;3m[48;2;2;2;4m▀[0m[38;2;1;7;6m[48;2;0;0;0m▀[0m[38;2;0;0;0m[48;2;0;0;0m▀[0m[38;2;38;110;137m[48;2;0;0;0m▀[0m[38;2;43;137;176m[48;2;12;16;18m▀[0m[38;2;30;67;81m[48;2;17;32;39m▀[0m[38;2;39;54;62m[48;2;6;4;8m▀[0m[38;2;0;0;0m[48;2;0;0;0m▀[0m[38;2;0;0;0m[48;2;0;0;0m▀[0m[38;2;0;0;0m[48;2;0;0;0m▀[0m[38;2;0;0;0m[48;2;0;0;0m▀[0m[38;2;0;0;0m[48;2;0;0;0m▀[0m[38;2;0;0;0m[48;2;0;0;0m▀[0m[38;2;76;42;41m[48;2;77;29;28m▀[0m[38;2;21;255;255m[48;2;206;255;255m▀[0m[38;2;8;255;255m[48;2;107;255;255m▀[0m[38;2;89;154;177m[48;2;123;181;197m▀[0m
[38;2;0;0;0m[48;2;0;0;0m▀[0m[38;2;0;41;55m[48;2;0;126;149m▀[0m[38;2;176;255;255m[48;2;255;255;255m▀[0m[38;2;205;220;222m[48;2;78;109;130m▀[0m[38;2;0;0;0m[48;2;0;49;81m▀[0m[38;2;0;0;0m[48;2;0;0;0m▀[0m[38;2;0;0;0m[48;2;0;239;255m▀[0m[38;2;40;78;83m[48;2;227;255;255m▀[0m[38;2;23;9;5m[48;2;79;114;135m▀[0m[38;2;0;0;0m[48;2;0;0;0m▀[0m[38;2;0;0;0m[48;2;0;21;27m▀[0m[38;2;7;0;0m[48;2;0;100;122m▀[0m[38;2;0;0;0m[48;2;4;0;0m▀[0m[38;2;0;0;0m[48;2;0;0;0m▀[0m[38;2;0;0;0m[48;2;2;0;0m▀[0m[38;2;0;0;0m[48;2;1;0;0m▀[0m[38;2;2;0;0m[48;2;1;0;0m▀[0m[38;2;1;0;0m[48;2;2;0;0m▀[0m[38;2;0;31;41m[48;2;0;30;35m▀[0m[38;2;2;0;3m[48;2;0;10;13m▀[0m[38;2;2;0;0m[48;2;1;0;0m▀[0m[38;2;2;0;0m[48;2;2;0;0m▀[0m[38;2;0;0;0m[48;2;2;0;0m▀[0m[38;2;0;0;0m[48;2;0;0;0m▀[0m[38;2;0;0;0m[48;2;2;0;0m▀[0m[38;2;1;0;0m[48;2;0;57;62m▀[0m[38;2;1;1;3m[48;2;0;109;125m▀[0m[38;2;0;0;0m[48;2;0;0;0m▀[0m[38;2;0;0;0m[48;2;0;75;104m▀[0m[38;2;70;92;95m[48;2;213;255;255m▀[0m[38;2;0;0;0m[48;2;0;255;255m▀[0m[38;2;0;0;0m[48;2;0;0;7m▀[0m[38;2;0;0;0m[48;2;0;29;57m▀[0m[38;2;136;188;200m[48;2;30;97;131m▀[0m[38;2;183;255;255m[48;2;187;255;255m▀[0m[38;2;147;210;219m[48;2;186;231;237m▀[0m
[38;2;0;0;0m[48;2;0;0;0m▀[0m[38;2;42;242;255m[48;2;184;255;255m▀[0m[38;2;250;255;255m[48;2;223;255;255m▀[0m[38;2;0;0;11m[48;2;0;0;0m▀[0m[38;2;13;50;80m[48;2;0;0;0m▀[0m[38;2;0;29;42m[48;2;14;47;64m▀[0m[38;2;5;174;222m[48;2;41;98;125m▀[0m[38;2;77;199;232m[48;2;7;86;118m▀[0m[38;2;19;71;94m[48;2;0;0;1m▀[0m[38;2;0;0;0m[48;2;0;0;0m▀[0m[38;2;0;0;0m[48;2;0;0;0m▀[0m[38;2;0;112;137m[48;2;0;0;0m▀[0m[38;2;0;197;233m[48;2;0;46;57m▀[0m[38;2;0;47;55m[48;2;0;38;44m▀[0m[38;2;3;0;0m[48;2;0;0;0m▀[0m[38;2;2;0;4m[48;2;0;2;3m▀[0m[38;2;0;21;25m[48;2;0;7;10m▀[0m[38;2;0;96;111m[48;2;0;0;0m▀[0m[38;2;0;10;12m[48;2;0;1;3m▀[0m[38;2;0;40;45m[48;2;0;0;0m▀[0m[38;2;0;59;68m[48;2;0;0;1m▀[0m[38;2;0;14;17m[48;2;0;8;11m▀[0m[38;2;2;2;2m[48;2;0;0;0m▀[0m[38;2;2;1;0m[48;2;0;0;0m▀[0m[38;2;0;125;138m[48;2;0;36;39m▀[0m[38;2;0;170;194m[48;2;0;0;0m▀[0m[38;2;0;4;3m[48;2;0;0;0m▀[0m[38;2;0;0;0m[48;2;0;11;19m▀[0m[38;2;4;18;31m[48;2;0;0;0m▀[0m[38;2;48;172;200m[48;2;12;81;105m▀[0m[38;2;23;198;243m[48;2;29;101;125m▀[0m[38;2;4;44;57m[48;2;22;65;81m▀[0m[38;2;12;47;67m[48;2;0;0;5m▀[0m[38;2;0;0;10m[48;2;0;0;0m▀[0m[38;2;117;255;255m[48;2;96;255;255m▀[0m[38;2;238;255;255m[48;2;244;255;255m▀[0m
[38;2;0;97;108m[48;2;16;202;220m▀[0m[38;2;255;255;255m[48;2;255;255;255m▀[0m[38;2;176;255;255m[48;2;126;255;255m▀[0m[38;2;0;0;0m[48;2;0;79;117m▀[0m[38;2;0;0;0m[48;2;0;0;3m▀[0m[38;2;19;60;84m[48;2;15;11;14m▀[0m[38;2;31;78;102m[48;2;24;37;50m▀[0m[38;2;28;57;74m[48;2;9;0;0m▀[0m[38;2;0;0;0m[48;2;0;0;0m▀[0m[38;2;35;140;162m[48;2;0;202;242m▀[0m[38;2;142;253;255m[48;2;255;255;255m▀[0m[38;2;0;0;0m[48;2;13;255;255m▀[0m[38;2;0;0;0m[48;2;0;82;117m▀[0m[38;2;0;0;0m[48;2;0;61;83m▀[0m[38;2;0;0;0m[48;2;0;1;2m▀[0m[38;2;0;0;0m[48;2;0;0;0m▀[0m[38;2;20;0;0m[48;2;209;0;0m▀[0m[38;2;0;0;0m[48;2;0;0;0m▀[0m[38;2;0;18;21m[48;2;0;0;0m▀[0m[38;2;0;3;5m[48;2;0;0;0m▀[0m[38;2;31;0;0m[48;2;130;0;0m▀[0m[38;2;0;0;0m[48;2;91;0;0m▀[0m[38;2;0;0;0m[48;2;0;0;0m▀[0m[38;2;0;0;0m[48;2;0;0;0m▀[0m[38;2;0;0;0m[48;2;0;5;16m▀[0m[38;2;0;21;45m[48;2;0;186;221m▀[0m[38;2;18;130;139m[48;2;228;255;255m▀[0m[38;2;62;255;255m[48;2;52;255;255m▀[0m[38;2;0;0;0m[48;2;0;0;0m▀[0m[38;2;21;31;36m[48;2;0;0;0m▀[0m[38;2;25;87;111m[48;2;16;26;35m▀[0m[38;2;33;76;95m[48;2;20;15;21m▀[0m[38;2;0;0;0m[48;2;0;0;0m▀[0m[38;2;0;0;0m[48;2;0;65;102m▀[0m[38;2;96;255;255m[48;2;73;229;236m▀[0m[38;2;221;255;255m[48;2;207;255;255m▀[0m
[38;2;55;159;181m[48;2;112;182;199m▀[0m[38;2;255;255;255m[48;2;255;255;255m▀[0m[38;2;71;155;164m[48;2;23;81;91m▀[0m[38;2;0;90;135m[48;2;0;69;111m▀[0m[38;2;29;178;211m[48;2;0;62;87m▀[0m[38;2;0;0;0m[48;2;0;0;0m▀[0m[38;2;0;0;0m[48;2;0;0;0m▀[0m[38;2;0;0;0m[48;2;46;153;157m▀[0m[38;2;0;18;47m[48;2;0;191;250m▀[0m[38;2;0;213;255m[48;2;0;178;225m▀[0m[38;2;158;255;255m[48;2;130;255;255m▀[0m[38;2;248;255;255m[48;2;201;255;255m▀[0m[38;2;36;152;175m[48;2;107;196;216m▀[0m[38;2;0;0;0m[48;2;0;0;0m▀[0m[38;2;0;0;0m[48;2;0;0;0m▀[0m[38;2;61;0;0m[48;2;112;0;0m▀[0m[38;2;255;0;0m[48;2;255;0;0m▀[0m[38;2;21;92;95m[48;2;71;139;140m▀[0m[38;2;156;189;195m[48;2;255;255;255m▀[0m[38;2;54;130;132m[48;2;78;212;218m▀[0m[38;2;252;18;20m[48;2;255;0;0m▀[0m[38;2;210;0;0m[48;2;255;0;0m▀[0m[38;2;0;0;0m[48;2;0;0;0m▀[0m[38;2;0;0;0m[48;2;0;0;0m▀[0m[38;2;0;0;0m[48;2;0;70;96m▀[0m[38;2;186;255;255m[48;2;200;255;255m▀[0m[38;2;240;255;255m[48;2;181;255;255m▀[0m[38;2;23;243;255m[48;2;35;210;249m▀[0m[38;2;0;93;146m[48;2;0;175;240m▀[0m[38;2;0;0;0m[48;2;64;202;204m▀[0m[38;2;0;0;0m[48;2;0;4;8m▀[0m[38;2;0;0;0m[48;2;0;0;0m▀[0m[38;2;19;94;105m[48;2;0;21;31m▀[0m[38;2;14;175;210m[48;2;0;93;122m▀[0m[38;2;33;113;127m[48;2;12;38;48m▀[0m[38;2;216;255;255m[48;2;198;255;255m▀[0m
[38;2;165;224;232m[48;2;220;244;238m▀[0m[38;2;222;255;255m[48;2;166;245;248m▀[0m[38;2;0;0;0m[48;2;0;0;0m▀[0m[38;2;17;170;196m[48;2;25;78;92m▀[0m[38;2;23;142;154m[48;2;82;255;255m▀[0m[38;2;0;0;0m[48;2;16;90;107m▀[0m[38;2;5;11;20m[48;2;0;0;0m▀[0m[38;2;201;255;255m[48;2;92;164;156m▀[0m[38;2;0;195;255m[48;2;0;202;255m▀[0m[38;2;0;172;215m[48;2;0;178;216m▀[0m[38;2;138;255;255m[48;2;141;255;255m▀[0m[38;2;190;255;255m[48;2;199;255;255m▀[0m[38;2;74;195;216m[48;2;29;157;183m▀[0m[38;2;0;0;0m[48;2;0;0;0m▀[0m[38;2;0;0;0m[48;2;70;92;95m▀[0m[38;2;255;113;114m[48;2;159;220;227m▀[0m[38;2;255;38;43m[48;2;0;0;0m▀[0m[38;2;0;29;26m[48;2;87;127;129m▀[0m[38;2;0;0;0m[48;2;157;193;194m▀[0m[38;2;0;0;0m[48;2;179;212;214m▀[0m[38;2;27;0;0m[48;2;107;164;170m▀[0m[38;2;255;114;112m[48;2;0;18;19m▀[0m[38;2;112;163;161m[48;2;197;229;227m▀[0m[38;2;0;0;0m[48;2;0;0;0m▀[0m[38;2;2;0;0m[48;2;0;0;0m▀[0m[38;2;195;255;255m[48;2;171;255;255m▀[0m[38;2;177;255;255m[48;2;182;255;255m▀[0m[38;2;44;209;244m[48;2;46;203;239m▀[0m[38;2;0;144;215m[48;2;0;174;246m▀[0m[38;2;193;255;255m[48;2;76;215;215m▀[0m[38;2;30;65;64m[48;2;0;0;0m▀[0m[38;2;0;0;0m[48;2;13;38;55m▀[0m[38;2;21;71;76m[48;2;57;255;255m▀[0m[38;2;49;231;255m[48;2;34;157;181m▀[0m[38;2;0;0;0m[48;2;0;0;0m▀[0m[38;2;112;249;251m[48;2;48;147;165m▀[0m
[38;2;152;255;255m[48;2;92;255;255m▀[0m[38;2;0;152;162m[48;2;0;255;255m▀[0m[38;2;0;0;0m[48;2;0;0;0m▀[0m[38;2;0;0;0m[48;2;0;0;0m▀[0m[38;2;1;8;17m[48;2;2;0;0m▀[0m[38;2;26;147;178m[48;2;3;30;43m▀[0m[38;2;17;15;24m[48;2;41;127;158m▀[0m[38;2;0;0;0m[48;2;0;0;0m▀[0m[38;2;0;166;228m[48;2;0;116;169m▀[0m[38;2;0;200;237m[48;2;0;220;255m▀[0m[38;2;127;255;255m[48;2;121;255;255m▀[0m[38;2;195;255;255m[48;2;182;255;255m▀[0m[38;2;26;145;167m[48;2;12;83;99m▀[0m[38;2;0;0;0m[48;2;0;0;0m▀[0m[38;2;103;131;134m[48;2;236;126;116m▀[0m[38;2;0;21;22m[48;2;0;0;0m▀[0m[38;2;0;0;0m[48;2;0;0;0m▀[0m[38;2;42;56;56m[48;2;0;0;0m▀[0m[38;2;255;255;255m[48;2;0;0;0m▀[0m[38;2;239;255;255m[48;2;0;0;0m▀[0m[38;2;38;52;52m[48;2;0;0;0m▀[0m[38;2;0;0;0m[48;2;0;0;0m▀[0m[38;2;89;134;134m[48;2;70;45;40m▀[0m[38;2;20;15;15m[48;2;169;55;36m▀[0m[38;2;0;0;0m[48;2;0;0;0m▀[0m[38;2;138;255;255m[48;2;147;254;255m▀[0m[38;2;182;255;255m[48;2;178;255;255m▀[0m[38;2;54;221;253m[48;2;52;241;255m▀[0m[38;2;0;165;242m[48;2;0;139;204m▀[0m[38;2;0;0;0m[48;2;0;0;0m▀[0m[38;2;12;0;0m[48;2;39;95;117m▀[0m[38;2;37;159;200m[48;2;15;57;75m▀[0m[38;2;1;63;83m[48;2;0;0;0m▀[0m[38;2;0;0;0m[48;2;0;0;0m▀[0m[38;2;0;0;0m[48;2;0;0;0m▀[0m[38;2;14;44;55m[48;2;27;236;255m▀[0m
