[38;2;61;34;22m[48;2;109;87;77m▀[0m[38;2;216;255;255m[48;2;166;255;255m▀[0m[38;2;0;38;97m[48;2;0;0;46m▀[0m[38;2;0;99;162m[48;2;0;68;119m▀[0m[38;2;0;151;225m[48;2;0;141;206m▀[0m[38;2;0;163;237m[48;2;0;187;255m▀[0m[38;2;0;27;61m[48;2;0;88;136m▀[0m[38;2;0;85;128m[48;2;0;33;68m▀[0m[38;2;0;171;255m[48;2;0;171;255m▀[0m[38;2;0;190;255m[48;2;0;188;255m▀[0m[38;2;255;0;0m[48;2;255;0;0m▀[0m[38;2;255;0;0m[48;2;255;0;0m▀[0m[38;2;0;226;255m[48;2;81;154;213m▀[0m[38;2;0;203;255m[48;2;0;255;255m▀[0m[38;2;0;230;255m[48;2;0;168;180m▀[0m[38;2;0;255;255m[48;2;0;14;0m▀[0m[38;2;11;206;216m[48;2;0;0;0m▀[0m[38;2;0;255;255m[48;2;0;0;0m▀[0m[38;2;0;255;255m[48;2;0;31;31m▀[0m[38;2;170;201;214m[48;2;0;49;55m▀[0m[38;2;255;0;0m[48;2;165;65;69m▀[0m[38;2;255;0;0m[48;2;255;0;0m▀[0m[38;2;12;120;185m[48;2;14;217;255m▀[0m[38;2;0;197;255m[48;2;0;253;255m▀[0m[38;2;0;143;237m[48;2;0;207;255m▀[0m[38;2;0;126;213m[48;2;0;184;247m▀[0m[38;2;0;106;190m[48;2;0;184;240m▀[0m[38;2;0;142;220m[48;2;0;158;236m▀[0m[38;2;0;131;204m[48;2;0;138;215m▀[0m[38;2;0;126;197m[48;2;0;142;218m▀[0m[38;2;0;129;179m[48;2;0;101;146m▀[0m[38;2;0;43;78m[48;2;0;55;101m▀[0m[38;2;0;135;206m[48;2;0;166;240m▀[0m[38;2;0;136;213m[48;2;0;153;231m▀[0m[38;2;27;172;222m[48;2;0;113;182m▀[0m[38;2;132;255;255m[48;2;29;149;192m▀[0m
[38;2;128;143;132m[48;2;167;205;193m▀[0m[38;2;144;255;255m[48;2;90;255;255m▀[0m[38;2;0;0;17m[48;2;0;21;67m▀[0m[38;2;0;26;65m[48;2;0;0;25m▀[0m[38;2;0;123;189m[48;2;0;102;156m▀[0m[38;2;0;186;255m[48;2;0;178;255m▀[0m[38;2;0;114;173m[48;2;0;162;227m▀[0m[38;2;0;31;70m[48;2;0;73;130m▀[0m[38;2;0;146;210m[48;2;0;102;171m▀[0m[38;2;0;201;255m[48;2;0;164;255m▀[0m[38;2;255;0;0m[48;2;179;61;78m▀[0m[38;2;255;0;0m[48;2;255;0;0m▀[0m[38;2;255;8;0m[48;2;129;150;155m▀[0m[38;2;0;255;255m[48;2;0;36;33m▀[0m[38;2;0;0;0m[48;2;0;0;0m▀[0m[38;2;0;0;0m[48;2;0;0;0m▀[0m[38;2;0;112;107m[48;2;0;42;44m▀[0m[38;2;0;159;159m[48;2;0;75;81m▀[0m[38;2;0;130;134m[48;2;0;72;79m▀[0m[38;2;0;27;22m[48;2;0;12;9m▀[0m[38;2;0;62;60m[48;2;0;13;4m▀[0m[38;2;104;64;64m[48;2;0;29;29m▀[0m[38;2;192;209;204m[48;2;0;94;96m▀[0m[38;2;255;255;255m[48;2;228;255;255m▀[0m[38;2;255;255;255m[48;2;255;255;255m▀[0m[38;2;255;255;255m[48;2;255;255;255m▀[0m[38;2;104;255;255m[48;2;178;255;255m▀[0m[38;2;0;154;217m[48;2;0;113;195m▀[0m[38;2;0;128;191m[48;2;0;85;150m▀[0m[38;2;0;150;203m[48;2;0;87;148m▀[0m[38;2;0;87;139m[48;2;0;66;122m▀[0m[38;2;0;93;151m[48;2;0;145;220m▀[0m[38;2;0;182;255m[48;2;0;189;255m▀[0m[38;2;0;157;231m[48;2;0;132;197m▀[0m[38;2;0;31;92m[48;2;0;0;41m▀[0m[38;2;19;73;117m[48;2;207;202;202m▀[0m
[38;2;211;255;255m[48;2;211;255;255m▀[0m[38;2;7;255;255m[48;2;3;226;255m▀[0m[38;2;43;84;123m[48;2;31;97;130m▀[0m[38;2;0;0;6m[48;2;0;0;12m▀[0m[38;2;0;77;124m[48;2;0;51;88m▀[0m[38;2;0;165;238m[48;2;0;145;207m▀[0m[38;2;0;195;255m[48;2;0;179;251m▀[0m[38;2;0;88;144m[48;2;0;88;149m▀[0m[38;2;0;103;176m[48;2;0;121;200m▀[0m[38;2;0;149;237m[48;2;0;139;223m▀[0m[38;2;0;255;255m[48;2;57;255;255m▀[0m[38;2;255;43;36m[48;2;163;255;255m▀[0m[38;2;0;188;190m[48;2;0;2;0m▀[0m[38;2;0;0;0m[48;2;0;0;6m▀[0m[38;2;44;152;186m[48;2;0;107;131m▀[0m[38;2;0;59;71m[48;2;152;63;85m▀[0m[38;2;0;0;0m[48;2;255;4;0m▀[0m[38;2;0;0;0m[48;2;255;0;0m▀[0m[38;2;0;6;14m[48;2;255;0;0m▀[0m[38;2;0;0;0m[48;2;255;0;0m▀[0m[38;2;0;0;0m[48;2;198;0;0m▀[0m[38;2;0;0;0m[48;2;0;0;0m▀[0m[38;2;0;103;107m[48;2;0;71;69m▀[0m[38;2;0;182;200m[48;2;0;190;202m▀[0m[38;2;255;255;255m[48;2;8;255;255m▀[0m[38;2;255;255;255m[48;2;255;255;255m▀[0m[38;2;180;255;255m[48;2;239;255;255m▀[0m[38;2;0;142;223m[48;2;0;165;235m▀[0m[38;2;0;99;174m[48;2;0;107;185m▀[0m[38;2;0;99;167m[48;2;0;105;174m▀[0m[38;2;0;82;141m[48;2;0;88;146m▀[0m[38;2;0;187;254m[48;2;0;185;250m▀[0m[38;2;0;190;255m[48;2;0;193;255m▀[0m[38;2;0;77;140m[48;2;0;25;79m▀[0m[38;2;53;43;69m[48;2;73;74;94m▀[0m[38;2;172;255;255m[48;2;48;248;255m▀[0m
[38;2;187;255;255m[48;2;172;255;255m▀[0m[38;2;10;186;240m[48;2;0;129;191m▀[0m[38;2;30;96;131m[48;2;59;91;122m▀[0m[38;2;0;0;26m[48;2;0;4;34m▀[0m[38;2;0;28;59m[48;2;6;12;43m▀[0m[38;2;0;117;175m[48;2;0;87;132m▀[0m[38;2;0;163;232m[48;2;0;153;219m▀[0m[38;2;0;111;174m[48;2;0;171;213m▀[0m[38;2;0;135;213m[48;2;0;109;187m▀[0m[38;2;0;143;230m[48;2;0;151;230m▀[0m[38;2;94;255;255m[48;2;46;255;255m▀[0m[38;2;26;255;255m[48;2;0;255;255m▀[0m[38;2;0;0;0m[48;2;0;3;0m▀[0m[38;2;30;57;74m[48;2;255;0;0m▀[0m[38;2;255;0;0m[48;2;255;0;0m▀[0m[38;2;255;0;0m[48;2;255;0;0m▀[0m[38;2;255;0;0m[48;2;255;0;0m▀[0m[38;2;255;0;0m[48;2;255;0;0m▀[0m[38;2;255;0;0m[48;2;255;0;0m▀[0m[38;2;255;0;0m[48;2;255;0;0m▀[0m[38;2;255;0;0m[48;2;255;0;0m▀[0m[38;2;0;0;0m[48;2;0;0;0m▀[0m[38;2;0;15;13m[48;2;0;0;0m▀[0m[38;2;0;250;255m[48;2;0;191;206m▀[0m[38;2;0;155;169m[48;2;0;8;12m▀[0m[38;2;130;255;255m[48;2;0;203;210m▀[0m[38;2;255;255;255m[48;2;21;255;255m▀[0m[38;2;0;186;255m[48;2;0;214;255m▀[0m[38;2;0;117;202m[48;2;0;131;222m▀[0m[38;2;0;115;184m[48;2;0;123;199m▀[0m[38;2;0;94;152m[48;2;0;100;167m▀[0m[38;2;0;193;255m[48;2;0;185;250m▀[0m[38;2;0;172;234m[48;2;0;131;188m▀[0m[38;2;0;0;29m[48;2;0;0;15m▀[0m[38;2;102;102;114m[48;2;44;62;82m▀[0m[38;2;58;156;203m[48;2;108;169;205m▀[0m
[38;2;125;204;234m[48;2;53;187;235m▀[0m[38;2;0;33;106m[48;2;0;136;204m▀[0m[38;2;52;50;82m[48;2;10;146;194m▀[0m[38;2;0;2;34m[48;2;0;71;127m▀[0m[38;2;5;8;40m[48;2;0;87;140m▀[0m[38;2;0;36;79m[48;2;0;72;141m▀[0m[38;2;0;142;192m[48;2;0;132;184m▀[0m[38;2;0;168;217m[48;2;0;169;223m▀[0m[38;2;0;212;252m[48;2;0;222;255m▀[0m[38;2;0;183;244m[48;2;0;237;255m▀[0m[38;2;0;255;255m[48;2;0;239;246m▀[0m[38;2;0;185;187m[48;2;0;26;26m▀[0m[38;2;101;124;119m[48;2;17;26;24m▀[0m[38;2;255;0;0m[48;2;255;81;82m▀[0m[38;2;255;0;0m[48;2;255;0;0m▀[0m[38;2;255;0;0m[48;2;215;43;64m▀[0m[38;2;83;201;228m[48;2;0;207;238m▀[0m[38;2;111;170;202m[48;2;23;192;218m▀[0m[38;2;255;29;34m[48;2;18;206;250m▀[0m[38;2;255;18;22m[48;2;33;209;249m▀[0m[38;2;38;72;83m[48;2;38;149;185m▀[0m[38;2;0;0;0m[48;2;0;0;0m▀[0m[38;2;0;0;0m[48;2;0;0;0m▀[0m[38;2;0;132;132m[48;2;0;103;108m▀[0m[38;2;0;131;136m[48;2;0;227;238m▀[0m[38;2;0;0;0m[48;2;0;0;0m▀[0m[38;2;0;255;255m[48;2;0;0;0m▀[0m[38;2;0;255;255m[48;2;0;255;255m▀[0m[38;2;0;115;215m[48;2;0;207;255m▀[0m[38;2;0;105;191m[48;2;0;224;255m▀[0m[38;2;0;96;175m[48;2;0;204;245m▀[0m[38;2;0;178;239m[48;2;0;164;212m▀[0m[38;2;0;70;112m[48;2;0;61;121m▀[0m[38;2;0;0;22m[48;2;0;68;124m▀[0m[38;2;0;25;61m[48;2;0;57;115m▀[0m[38;2;153;185;198m[48;2;165;221;232m▀[0m
[38;2;25;194;250m[48;2;12;178;237m▀[0m[38;2;0;182;251m[48;2;0;178;233m▀[0m[38;2;0;167;220m[48;2;0;139;193m▀[0m[38;2;0;90;149m[48;2;0;85;141m▀[0m[38;2;0;110;164m[48;2;0;104;160m▀[0m[38;2;0;85;154m[48;2;0;80;147m▀[0m[38;2;0;145;191m[48;2;0;163;205m▀[0m[38;2;0;161;221m[48;2;0;178;246m▀[0m[38;2;0;158;240m[48;2;0;255;255m▀[0m[38;2;0;255;255m[48;2;0;107;99m▀[0m[38;2;0;146;139m[48;2;7;0;0m▀[0m[38;2;0;42;38m[48;2;0;94;93m▀[0m[38;2;0;0;0m[48;2;0;0;0m▀[0m[38;2;106;45;37m[48;2;0;0;0m▀[0m[38;2;187;71;75m[48;2;62;69;71m▀[0m[38;2;61;228;255m[48;2;106;209;250m▀[0m[38;2;0;53;54m[48;2;74;113;142m▀[0m[38;2;0;0;0m[48;2;51;65;81m▀[0m[38;2;25;76;84m[48;2;65;115;131m▀[0m[38;2;99;193;229m[48;2;115;182;221m▀[0m[38;2;72;150;185m[48;2;8;104;118m▀[0m[38;2;0;0;0m[48;2;16;20;8m▀[0m[38;2;0;8;2m[48;2;93;0;0m▀[0m[38;2;0;73;75m[48;2;0;38;40m▀[0m[38;2;0;185;195m[48;2;0;39;41m▀[0m[38;2;0;0;0m[48;2;0;0;0m▀[0m[38;2;0;0;0m[48;2;0;0;0m▀[0m[38;2;83;253;255m[48;2;112;227;230m▀[0m[38;2;33;255;255m[48;2;57;255;255m▀[0m[38;2;0;255;255m[48;2;0;255;255m▀[0m[38;2;0;255;255m[48;2;0;255;255m▀[0m[38;2;0;162;207m[48;2;0;177;220m▀[0m[38;2;0;83;149m[48;2;0;85;152m▀[0m[38;2;0;98;155m[48;2;0;95;157m▀[0m[38;2;0;70;133m[48;2;0;67;136m▀[0m[38;2;168;218;232m[48;2;117;174;202m▀[0m
[38;2;0;140;213m[48;2;0;167;231m▀[0m[38;2;0;186;234m[48;2;3;190;238m▀[0m[38;2;0;128;186m[48;2;0;122;191m▀[0m[38;2;0;88;150m[48;2;0;101;171m▀[0m[38;2;0;104;165m[48;2;0;112;178m▀[0m[38;2;0;86;159m[48;2;0;95;171m▀[0m[38;2;0;172;218m[48;2;0;186;229m▀[0m[38;2;0;239;255m[48;2;0;244;255m▀[0m[38;2;0;255;254m[48;2;0;255;255m▀[0m[38;2;0;0;0m[48;2;12;66;65m▀[0m[38;2;0;0;0m[48;2;42;0;0m▀[0m[38;2;0;115;123m[48;2;54;169;173m▀[0m[38;2;0;0;0m[48;2;1;0;0m▀[0m[38;2;62;0;0m[48;2;81;0;0m▀[0m[38;2;0;0;0m[48;2;0;255;255m▀[0m[38;2;0;255;255m[48;2;0;255;255m▀[0m[38;2;75;151;187m[48;2;0;255;255m▀[0m[38;2;123;194;244m[48;2;3;0;0m▀[0m[38;2;87;150;184m[48;2;0;0;0m▀[0m[38;2;18;2;5m[48;2;7;0;0m▀[0m[38;2;0;50;48m[48;2;0;3;0m▀[0m[38;2;0;0;0m[48;2;61;137;138m▀[0m[38;2;0;0;0m[48;2;47;54;54m▀[0m[38;2;0;87;102m[48;2;0;255;255m▀[0m[38;2;0;167;177m[48;2;255;255;255m▀[0m[38;2;0;0;0m[48;2;255;179;175m▀[0m[38;2;0;0;0m[48;2;255;231;228m▀[0m[38;2;187;255;255m[48;2;252;255;255m▀[0m[38;2;62;255;255m[48;2;61;255;255m▀[0m[38;2;0;255;255m[48;2;0;255;255m▀[0m[38;2;0;251;255m[48;2;0;255;255m▀[0m[38;2;0;197;241m[48;2;0;210;250m▀[0m[38;2;0;98;172m[48;2;0;122;193m▀[0m[38;2;0;102;167m[48;2;0;115;183m▀[0m[38;2;0;89;157m[48;2;0;115;182m▀[0m[38;2;22;126;171m[48;2;0;110;174m▀[0m
[38;2;0;255;255m[48;2;0;255;255m▀[0m[38;2;9;255;255m[48;2;0;255;255m▀[0m[38;2;0;171;222m[48;2;0;247;255m▀[0m[38;2;0;106;176m[48;2;0;163;217m▀[0m[38;2;0;126;191m[48;2;0;130;202m▀[0m[38;2;0;113;184m[48;2;0;131;206m▀[0m[38;2;0;212;247m[48;2;0;219;249m▀[0m[38;2;0;238;255m[48;2;0;241;255m▀[0m[38;2;0;255;255m[48;2;0;255;255m▀[0m[38;2;97;255;255m[48;2;129;255;255m▀[0m[38;2;255;242;245m[48;2;56;0;0m▀[0m[38;2;108;60;56m[48;2;31;17;14m▀[0m[38;2;0;0;0m[48;2;136;160;160m▀[0m[38;2;18;0;0m[48;2;133;140;149m▀[0m[38;2;66;213;230m[48;2;115;103;114m▀[0m[38;2;61;216;226m[48;2;127;180;183m▀[0m[38;2;197;215;216m[48;2;77;177;176m▀[0m[38;2;0;0;0m[48;2;18;48;57m▀[0m[38;2;15;0;3m[48;2;39;28;47m▀[0m[38;2;21;21;24m[48;2;35;29;44m▀[0m[38;2;0;0;0m[48;2;28;80;89m▀[0m[38;2;170;135;133m[48;2;13;239;243m▀[0m[38;2;244;240;238m[48;2;9;220;229m▀[0m[38;2;224;255;255m[48;2;36;132;149m▀[0m[38;2;242;227;224m[48;2;30;87;108m▀[0m[38;2;170;148;143m[48;2;61;108;114m▀[0m[38;2;69;24;18m[48;2;11;14;9m▀[0m[38;2;181;82;75m[48;2;0;0;0m▀[0m[38;2;131;255;255m[48;2;42;119;119m▀[0m[38;2;0;255;255m[48;2;0;255;255m▀[0m[38;2;0;255;255m[48;2;0;255;255m▀[0m[38;2;0;222;255m[48;2;0;236;255m▀[0m[38;2;0;140;216m[48;2;0;164;230m▀[0m[38;2;0;132;204m[48;2;0;134;215m▀[0m[38;2;0;141;203m[48;2;0;141;218m▀[0m[38;2;0;136;200m[48;2;0;147;217m▀[0m
[38;2;0;255;255m[48;2;131;255;255m▀[0m[38;2;0;255;255m[48;2;137;255;255m▀[0m[38;2;0;255;255m[48;2;155;255;255m▀[0m[38;2;0;255;255m[48;2;49;255;255m▀[0m[38;2;0;135;213m[48;2;0;181;255m▀[0m[38;2;0;151;222m[48;2;0;161;233m▀[0m[38;2;0;225;255m[48;2;0;235;255m▀[0m[38;2;0;249;255m[48;2;0;255;255m▀[0m[38;2;0;255;255m[48;2;0;255;255m▀[0m[38;2;9;32;28m[48;2;87;9;5m▀[0m[38;2;0;0;0m[48;2;4;0;0m▀[0m[38;2;22;46;48m[48;2;37;51;58m▀[0m[38;2;45;36;56m[48;2;56;48;68m▀[0m[38;2;37;42;66m[48;2;56;56;77m▀[0m[38;2;39;37;60m[48;2;54;45;64m▀[0m[38;2;45;68;94m[48;2;52;35;57m▀[0m[38;2;57;255;255m[48;2;45;36;55m▀[0m[38;2;50;240;255m[48;2;52;54;72m▀[0m[38;2;52;40;60m[48;2;44;84;101m▀[0m[38;2;44;61;79m[48;2;47;66;79m▀[0m[38;2;55;255;255m[48;2;51;52;70m▀[0m[38;2;52;212;227m[48;2;49;18;37m▀[0m[38;2;50;36;58m[48;2;53;42;64m▀[0m[38;2;38;15;36m[48;2;54;46;66m▀[0m[38;2;41;32;57m[48;2;57;51;71m▀[0m[38;2;29;0;10m[48;2;63;49;66m▀[0m[38;2;0;49;47m[48;2;35;65;72m▀[0m[38;2;5;0;0m[48;2;17;0;1m▀[0m[38;2;36;0;0m[48;2;103;0;0m▀[0m[38;2;0;255;255m[48;2;0;215;214m▀[0m[38;2;0;255;255m[48;2;0;255;255m▀[0m[38;2;0;238;255m[48;2;0;238;255m▀[0m[38;2;0;182;247m[48;2;0;230;255m▀[0m[38;2;14;205;255m[48;2;230;233;243m▀[0m[38;2;255;255;255m[48;2;51;8;25m▀[0m[38;2;255;255;255m[48;2;34;15;36m▀[0m
[38;2;205;131;143m[48;2;67;77;96m▀[0m[38;2;113;38;52m[48;2;0;0;0m▀[0m[38;2;136;6;9m[48;2;0;0;0m▀[0m[38;2;255;96;69m[48;2;29;0;0m▀[0m[38;2;211;255;255m[48;2;135;0;0m▀[0m[38;2;0;196;255m[48;2;1;218;255m▀[0m[38;2;0;242;255m[48;2;0;255;255m▀[0m[38;2;0;255;255m[48;2;0;255;255m▀[0m[38;2;27;255;255m[48;2;27;90;72m▀[0m[38;2;97;8;11m[48;2;59;3;15m▀[0m[38;2;40;17;28m[48;2;57;69;91m▀[0m[38;2;74;38;57m[48;2;60;55;75m▀[0m[38;2;0;164;179m[48;2;35;96;113m▀[0m[38;2;0;255;255m[48;2;0;208;220m▀[0m[38;2;15;133;146m[48;2;45;79;93m▀[0m[38;2;56;45;61m[48;2;62;64;82m▀[0m[38;2;47;66;86m[48;2;55;72;92m▀[0m[38;2;50;52;73m[48;2;50;65;83m▀[0m[38;2;37;117;136m[48;2;50;74;91m▀[0m[38;2;47;79;96m[48;2;58;73;94m▀[0m[38;2;50;56;74m[48;2;51;70;87m▀[0m[38;2;47;71;89m[48;2;55;74;95m▀[0m[38;2;59;34;54m[48;2;63;55;75m▀[0m[38;2;0;184;197m[48;2;30;108;125m▀[0m[38;2;0;255;255m[48;2;0;240;246m▀[0m[38;2;24;136;153m[48;2;47;82;99m▀[0m[38;2;71;45;63m[48;2;57;61;81m▀[0m[38;2;42;41;60m[48;2;58;73;94m▀[0m[38;2;111;40;46m[48;2;51;9;30m▀[0m[38;2;73;164;156m[48;2;38;56;48m▀[0m[38;2;0;255;255m[48;2;0;255;255m▀[0m[38;2;0;248;255m[48;2;0;255;255m▀[0m[38;2;0;255;255m[48;2;0;255;255m▀[0m[38;2;139;37;49m[48;2;255;39;37m▀[0m[38;2;15;0;0m[48;2;255;0;0m▀[0m[38;2;123;0;0m[48;2;4;0;0m▀[0m
[38;2;103;99;109m[48;2;0;0;27m▀[0m[38;2;62;59;75m[48;2;59;40;53m▀[0m[38;2;0;0;0m[48;2;22;0;0m▀[0m[38;2;0;0;21m[48;2;0;0;0m▀[0m[38;2;0;0;3m[48;2;0;161;211m▀[0m[38;2;0;131;176m[48;2;0;244;255m▀[0m[38;2;0;255;255m[48;2;0;255;255m▀[0m[38;2;0;211;235m[48;2;0;53;60m▀[0m[38;2;0;0;0m[48;2;0;0;0m▀[0m[38;2;42;14;22m[48;2;23;0;0m▀[0m[38;2;65;78;103m[48;2;44;47;54m▀[0m[38;2;62;77;99m[48;2;63;77;94m▀[0m[38;2;65;66;82m[48;2;56;73;91m▀[0m[38;2;78;47;70m[48;2;41;59;74m▀[0m[38;2;69;69;94m[48;2;8;4;6m▀[0m[38;2;43;52;66m[48;2;8;0;0m▀[0m[38;2;34;23;28m[48;2;18;108;119m▀[0m[38;2;50;45;60m[48;2;31;112;131m▀[0m[38;2;35;80;92m[48;2;13;87;92m▀[0m[38;2;17;35;40m[48;2;2;41;41m▀[0m[38;2;52;43;60m[48;2;37;132;151m▀[0m[38;2;33;39;49m[48;2;42;39;49m▀[0m[38;2;51;66;80m[48;2;0;0;0m▀[0m[38;2;72;67;86m[48;2;18;14;17m▀[0m[38;2;79;41;65m[48;2;43;57;68m▀[0m[38;2;67;68;90m[48;2;52;66;80m▀[0m[38;2;61;81;105m[48;2;49;62;79m▀[0m[38;2;62;79;104m[48;2;33;16;25m▀[0m[38;2;37;11;22m[48;2;17;16;17m▀[0m[38;2;0;0;0m[48;2;0;0;0m▀[0m[38;2;0;243;248m[48;2;0;92;91m▀[0m[38;2;0;255;255m[48;2;0;255;255m▀[0m[38;2;0;255;255m[48;2;0;255;255m▀[0m[38;2;142;206;235m[48;2;0;255;255m▀[0m[38;2;0;0;0m[48;2;0;173;207m▀[0m[38;2;0;0;0m[48;2;0;0;7m▀[0m
[38;2;0;69;104m[48;2;0;19;40m▀[0m[38;2;0;0;7m[48;2;0;71;93m▀[0m[38;2;0;139;155m[48;2;0;38;49m▀[0m[38;2;0;174;189m[48;2;0;252;252m▀[0m[38;2;0;198;231m[48;2;0;255;255m▀[0m[38;2;0;255;255m[48;2;0;255;255m▀[0m[38;2;0;255;255m[48;2;0;204;216m▀[0m[38;2;0;0;0m[48;2;0;0;0m▀[0m[38;2;0;0;0m[48;2;0;0;0m▀[0m[38;2;7;55;55m[48;2;0;31;31m▀[0m[38;2;13;0;0m[48;2;2;47;44m▀[0m[38;2;14;0;0m[48;2;20;31;33m▀[0m[38;2;14;1;0m[48;2;6;10;7m▀[0m[38;2;0;0;0m[48;2;0;0;0m▀[0m[38;2;0;0;0m[48;2;47;64;82m▀[0m[38;2;67;56;73m[48;2;63;76;94m▀[0m[38;2;17;154;168m[48;2;57;61;75m▀[0m[38;2;10;145;167m[48;2;46;76;96m▀[0m[38;2;49;50;67m[48;2;57;53;67m▀[0m[38;2;44;73;86m[48;2;45;58;71m▀[0m[38;2;0;200;213m[48;2;50;69;85m▀[0m[38;2;66;77;96m[48;2;55;63;81m▀[0m[38;2;47;59;72m[48;2;57;75;96m▀[0m[38;2;0;0;0m[48;2;29;41;49m▀[0m[38;2;0;0;0m[48;2;0;0;0m▀[0m[38;2;4;0;0m[48;2;26;61;61m▀[0m[38;2;4;0;0m[48;2;42;79;81m▀[0m[38;2;14;1;0m[48;2;0;37;37m▀[0m[38;2;0;79;73m[48;2;0;0;0m▀[0m[38;2;0;0;0m[48;2;0;0;0m▀[0m[38;2;0;0;0m[48;2;0;0;0m▀[0m[38;2;0;255;255m[48;2;0;255;255m▀[0m[38;2;0;255;255m[48;2;205;255;255m▀[0m[38;2;61;218;255m[48;2;255;156;158m▀[0m[38;2;43;127;154m[48;2;158;85;97m▀[0m[38;2;0;0;0m[48;2;65;83;108m▀[0m
