[38;2;0;0;0m[48;2;0;0;1m▀[0m[38;2;0;1;1m[48;2;0;1;1m▀[0m[38;2;0;0;0m[48;2;0;0;0m▀[0m[38;2;0;0;0m[48;2;0;0;0m▀[0m[38;2;0;1;0m[48;2;0;1;0m▀[0m[38;2;0;1;0m[48;2;0;1;1m▀[0m[38;2;0;0;0m[48;2;0;1;0m▀[0m[38;2;0;0;0m[48;2;0;0;0m▀[0m[38;2;0;0;0m[48;2;0;0;0m▀[0m[38;2;0;0;0m[48;2;0;1;1m▀[0m[38;2;0;0;0m[48;2;0;1;0m▀[0m[38;2;0;0;0m[48;2;0;0;0m▀[0m[38;2;0;0;0m[48;2;0;0;0m▀[0m[38;2;19;0;0m[48;2;0;0;0m▀[0m[38;2;255;0;0m[48;2;8;0;0m▀[0m[38;2;84;1;0m[48;2;7;0;0m▀[0m[38;2;9;0;0m[48;2;0;0;0m▀[0m[38;2;10;1;1m[48;2;13;0;0m▀[0m[38;2;12;1;1m[48;2;17;0;0m▀[0m[38;2;19;2;1m[48;2;7;2;0m▀[0m[38;2;105;0;0m[48;2;58;0;0m▀[0m[38;2;255;0;0m[48;2;65;0;0m▀[0m[38;2;23;0;0m[48;2;0;1;1m▀[0m[38;2;0;0;1m[48;2;0;1;1m▀[0m[38;2;0;1;1m[48;2;0;0;1m▀[0m[38;2;0;1;1m[48;2;0;0;0m▀[0m[38;2;0;1;1m[48;2;0;0;0m▀[0m[38;2;0;1;0m[48;2;0;1;0m▀[0m[38;2;0;1;0m[48;2;0;0;0m▀[0m[38;2;0;0;0m[48;2;0;0;0m▀[0m[38;2;0;1;0m[48;2;0;1;0m▀[0m[38;2;0;0;0m[48;2;0;0;0m▀[0m[38;2;0;0;0m[48;2;0;0;0m▀[0m[38;2;0;0;0m[48;2;0;0;0m▀[0m[38;2;0;0;0m[48;2;0;0;0m▀[0m[38;2;0;0;0m[48;2;0;0;0m▀[0m
[38;2;0;0;0m[48;2;0;0;0m▀[0m[38;2;0;1;1m[48;2;0;1;1m▀[0m[38;2;0;1;1m[48;2;0;1;1m▀[0m[38;2;0;1;1m[48;2;1;0;0m▀[0m[38;2;0;1;0m[48;2;0;0;0m▀[0m[38;2;0;1;1m[48;2;65;0;0m▀[0m[38;2;0;0;1m[48;2;130;2;0m▀[0m[38;2;0;0;0m[48;2;0;0;0m▀[0m[38;2;0;0;0m[48;2;0;1;1m▀[0m[38;2;0;1;0m[48;2;0;0;0m▀[0m[38;2;0;0;0m[48;2;0;0;0m▀[0m[38;2;0;0;0m[48;2;0;0;0m▀[0m[38;2;0;0;0m[48;2;0;0;0m▀[0m[38;2;0;0;0m[48;2;0;0;0m▀[0m[38;2;0;4;3m[48;2;0;0;0m▀[0m[38;2;0;0;0m[48;2;255;233;231m▀[0m[38;2;0;0;0m[48;2;179;57;55m▀[0m[38;2;0;0;0m[48;2;78;9;7m▀[0m[38;2;0;0;0m[48;2;26;0;0m▀[0m[38;2;0;0;0m[48;2;0;0;0m▀[0m[38;2;0;0;0m[48;2;0;0;0m▀[0m[38;2;0;0;0m[48;2;0;0;0m▀[0m[38;2;0;0;0m[48;2;0;0;0m▀[0m[38;2;0;1;1m[48;2;0;0;0m▀[0m[38;2;255;0;0m[48;2;159;0;0m▀[0m[38;2;18;0;0m[48;2;35;0;0m▀[0m[38;2;0;0;0m[48;2;0;0;0m▀[0m[38;2;0;1;1m[48;2;0;1;1m▀[0m[38;2;0;1;1m[48;2;0;1;1m▀[0m[38;2;0;0;0m[48;2;0;0;0m▀[0m[38;2;0;0;0m[48;2;0;0;0m▀[0m[38;2;0;0;0m[48;2;0;0;0m▀[0m[38;2;0;0;0m[48;2;0;0;0m▀[0m[38;2;0;0;0m[48;2;0;0;0m▀[0m[38;2;0;0;0m[48;2;0;0;0m▀[0m[38;2;0;0;0m[48;2;0;0;0m▀[0m
[38;2;0;1;1m[48;2;0;0;0m▀[0m[38;2;0;1;1m[48;2;0;1;0m▀[0m[38;2;0;1;0m[48;2;0;1;0m▀[0m[38;2;1;0;0m[48;2;0;1;0m▀[0m[38;2;0;0;0m[48;2;0;0;0m▀[0m[38;2;58;0;0m[48;2;0;0;0m▀[0m[38;2;152;0;0m[48;2;0;0;1m▀[0m[38;2;0;0;0m[48;2;0;1;1m▀[0m[38;2;0;0;0m[48;2;0;0;0m▀[0m[38;2;0;0;0m[48;2;0;0;0m▀[0m[38;2;0;0;0m[48;2;155;0;0m▀[0m[38;2;212;81;73m[48;2;255;11;0m▀[0m[38;2;232;168;163m[48;2;255;255;255m▀[0m[38;2;173;48;40m[48;2;221;226;226m▀[0m[38;2;146;51;42m[48;2;104;106;104m▀[0m[38;2;255;255;255m[48;2;69;87;87m▀[0m[38;2;255;255;255m[48;2;0;0;0m▀[0m[38;2;162;110;107m[48;2;0;0;0m▀[0m[38;2;226;103;94m[48;2;0;0;0m▀[0m[38;2;197;102;101m[48;2;84;130;133m▀[0m[38;2;255;0;0m[48;2;255;206;194m▀[0m[38;2;65;0;0m[48;2;255;255;244m▀[0m[38;2;0;0;0m[48;2;167;18;7m▀[0m[38;2;0;0;0m[48;2;0;0;0m▀[0m[38;2;34;0;0m[48;2;0;0;0m▀[0m[38;2;84;0;0m[48;2;0;0;0m▀[0m[38;2;0;0;0m[48;2;0;0;0m▀[0m[38;2;42;1;0m[48;2;46;1;0m▀[0m[38;2;0;1;1m[48;2;64;0;0m▀[0m[38;2;0;0;0m[48;2;20;0;0m▀[0m[38;2;0;0;0m[48;2;0;1;1m▀[0m[38;2;0;0;0m[48;2;0;0;0m▀[0m[38;2;0;0;0m[48;2;1;1;0m▀[0m[38;2;0;0;0m[48;2;0;0;0m▀[0m[38;2;0;0;0m[48;2;0;0;0m▀[0m[38;2;0;0;0m[48;2;0;0;0m▀[0m
[38;2;0;1;1m[48;2;0;0;0m▀[0m[38;2;0;0;0m[48;2;0;0;0m▀[0m[38;2;0;1;1m[48;2;0;1;1m▀[0m[38;2;0;0;1m[48;2;76;0;0m▀[0m[38;2;0;1;1m[48;2;0;1;1m▀[0m[38;2;0;1;0m[48;2;0;0;0m▀[0m[38;2;0;1;1m[48;2;8;0;0m▀[0m[38;2;0;0;0m[48;2;0;0;0m▀[0m[38;2;0;0;0m[48;2;0;0;0m▀[0m[38;2;64;0;0m[48;2;158;0;0m▀[0m[38;2;255;0;0m[48;2;255;97;75m▀[0m[38;2;255;214;203m[48;2;175;184;185m▀[0m[38;2;103;169;177m[48;2;0;0;0m▀[0m[38;2;0;0;0m[48;2;0;0;0m▀[0m[38;2;0;0;0m[48;2;0;0;0m▀[0m[38;2;0;0;0m[48;2;37;41;42m▀[0m[38;2;33;38;39m[48;2;10;14;16m▀[0m[38;2;0;0;0m[48;2;0;0;0m▀[0m[38;2;0;0;0m[48;2;0;0;0m▀[0m[38;2;0;0;0m[48;2;11;24;30m▀[0m[38;2;0;34;39m[48;2;0;0;0m▀[0m[38;2;95;145;146m[48;2;0;0;0m▀[0m[38;2;243;180;178m[48;2;0;59;59m▀[0m[38;2;140;10;7m[48;2;255;169;164m▀[0m[38;2;255;0;0m[48;2;255;5;0m▀[0m[38;2;0;0;0m[48;2;0;0;0m▀[0m[38;2;0;0;0m[48;2;0;0;0m▀[0m[38;2;0;0;0m[48;2;0;0;0m▀[0m[38;2;212;0;0m[48;2;200;0;0m▀[0m[38;2;195;0;0m[48;2;0;1;1m▀[0m[38;2;0;1;1m[48;2;0;1;1m▀[0m[38;2;0;1;0m[48;2;0;1;1m▀[0m[38;2;0;0;0m[48;2;36;1;0m▀[0m[38;2;0;0;0m[48;2;0;0;0m▀[0m[38;2;0;0;0m[48;2;0;0;0m▀[0m[38;2;0;0;0m[48;2;0;1;0m▀[0m
[38;2;0;0;0m[48;2;0;0;0m▀[0m[38;2;0;0;0m[48;2;0;0;0m▀[0m[38;2;0;0;0m[48;2;0;0;0m▀[0m[38;2;124;3;0m[48;2;45;4;0m▀[0m[38;2;99;0;0m[48;2;75;0;0m▀[0m[38;2;0;0;0m[48;2;123;0;0m▀[0m[38;2;0;0;0m[48;2;0;0;0m▀[0m[38;2;12;0;0m[48;2;209;8;0m▀[0m[38;2;115;0;0m[48;2;255;255;255m▀[0m[38;2;255;105;89m[48;2;255;255;255m▀[0m[38;2;223;175;174m[48;2;0;67;74m▀[0m[38;2;0;0;0m[48;2;0;0;0m▀[0m[38;2;0;0;0m[48;2;0;6;8m▀[0m[38;2;20;29;29m[48;2;10;12;12m▀[0m[38;2;76;78;78m[48;2;0;0;0m▀[0m[38;2;91;96;95m[48;2;0;0;0m▀[0m[38;2;21;25;27m[48;2;0;0;0m▀[0m[38;2;0;0;0m[48;2;55;54;54m▀[0m[38;2;2;5;4m[48;2;0;0;0m▀[0m[38;2;83;85;85m[48;2;0;0;0m▀[0m[38;2;58;60;60m[48;2;0;0;0m▀[0m[38;2;10;20;20m[48;2;0;0;0m▀[0m[38;2;0;0;0m[48;2;3;12;15m▀[0m[38;2;0;43;47m[48;2;0;0;0m▀[0m[38;2;252;214;213m[48;2;70;117;120m▀[0m[38;2;191;134;134m[48;2;255;186;186m▀[0m[38;2;13;5;2m[48;2;17;0;0m▀[0m[38;2;74;0;0m[48;2;255;0;0m▀[0m[38;2;10;1;2m[48;2;0;0;0m▀[0m[38;2;0;0;0m[48;2;0;0;0m▀[0m[38;2;0;0;1m[48;2;82;0;0m▀[0m[38;2;99;0;0m[48;2;108;1;0m▀[0m[38;2;135;0;0m[48;2;57;0;0m▀[0m[38;2;0;0;0m[48;2;0;0;0m▀[0m[38;2;0;0;0m[48;2;0;0;0m▀[0m[38;2;0;0;0m[48;2;0;0;0m▀[0m
[38;2;0;0;0m[48;2;0;0;0m▀[0m[38;2;0;0;0m[48;2;0;0;0m▀[0m[38;2;0;0;0m[48;2;0;0;0m▀[0m[38;2;91;0;0m[48;2;103;0;0m▀[0m[38;2;0;0;0m[48;2;0;0;0m▀[0m[38;2;35;0;0m[48;2;0;0;0m▀[0m[38;2;49;0;0m[48;2;0;0;0m▀[0m[38;2;255;0;0m[48;2;123;0;0m▀[0m[38;2;255;0;0m[48;2;255;63;41m▀[0m[38;2;189;196;197m[48;2;104;149;151m▀[0m[38;2;0;0;0m[48;2;0;0;0m▀[0m[38;2;0;0;0m[48;2;0;0;0m▀[0m[38;2;0;0;0m[48;2;29;32;35m▀[0m[38;2;8;13;15m[48;2;119;122;122m▀[0m[38;2;87;94;94m[48;2;87;86;87m▀[0m[38;2;0;0;0m[48;2;151;151;151m▀[0m[38;2;91;94;94m[48;2;255;255;255m▀[0m[38;2;255;255;255m[48;2;255;255;255m▀[0m[38;2;45;48;47m[48;2;248;250;248m▀[0m[38;2;0;0;0m[48;2;34;25;25m▀[0m[38;2;145;153;157m[48;2;54;56;56m▀[0m[38;2;23;28;27m[48;2;139;150;149m▀[0m[38;2;0;0;0m[48;2;39;48;55m▀[0m[38;2;0;0;0m[48;2;0;0;0m▀[0m[38;2;0;0;0m[48;2;0;0;0m▀[0m[38;2;238;93;87m[48;2;82;121;124m▀[0m[38;2;255;0;0m[48;2;255;74;56m▀[0m[38;2;174;0;0m[48;2;141;0;0m▀[0m[38;2;53;0;0m[48;2;0;0;0m▀[0m[38;2;127;0;0m[48;2;0;0;0m▀[0m[38;2;31;0;0m[48;2;0;0;0m▀[0m[38;2;0;0;0m[48;2;15;0;0m▀[0m[38;2;69;4;0m[48;2;72;0;0m▀[0m[38;2;0;0;0m[48;2;0;0;0m▀[0m[38;2;0;0;0m[48;2;0;0;0m▀[0m[38;2;0;1;0m[48;2;0;1;1m▀[0m
[38;2;0;0;0m[48;2;0;0;0m▀[0m[38;2;0;0;0m[48;2;37;0;0m▀[0m[38;2;15;0;0m[48;2;104;0;0m▀[0m[38;2;255;255;255m[48;2;255;255;255m▀[0m[38;2;141;36;27m[48;2;255;255;255m▀[0m[38;2;0;0;0m[48;2;90;0;0m▀[0m[38;2;2;0;0m[48;2;224;0;0m▀[0m[38;2;153;141;138m[48;2;255;171;172m▀[0m[38;2;255;255;255m[48;2;255;206;202m▀[0m[38;2;0;1;2m[48;2;0;0;0m▀[0m[38;2;0;0;0m[48;2;0;0;0m▀[0m[38;2;13;18;24m[48;2;25;35;36m▀[0m[38;2;0;0;0m[48;2;117;112;114m▀[0m[38;2;38;43;40m[48;2;255;255;255m▀[0m[38;2;242;247;246m[48;2;255;255;255m▀[0m[38;2;255;255;255m[48;2;135;168;168m▀[0m[38;2;255;255;255m[48;2;127;145;145m▀[0m[38;2;210;214;214m[48;2;170;179;179m▀[0m[38;2;255;255;255m[48;2;96;109;111m▀[0m[38;2;255;255;255m[48;2;194;228;229m▀[0m[38;2;145;131;127m[48;2;255;255;255m▀[0m[38;2;2;0;0m[48;2;255;255;255m▀[0m[38;2;0;0;0m[48;2;131;150;149m▀[0m[38;2;0;0;0m[48;2;1;9;10m▀[0m[38;2;0;0;0m[48;2;0;0;0m▀[0m[38;2;0;92;95m[48;2;0;39;39m▀[0m[38;2;255;213;204m[48;2;255;255;255m▀[0m[38;2;255;0;0m[48;2;255;44;42m▀[0m[38;2;56;0;0m[48;2;7;0;0m▀[0m[38;2;0;0;0m[48;2;0;0;0m▀[0m[38;2;25;0;0m[48;2;207;0;0m▀[0m[38;2;205;28;11m[48;2;255;255;255m▀[0m[38;2;191;141;136m[48;2;255;255;255m▀[0m[38;2;0;0;0m[48;2;147;5;0m▀[0m[38;2;0;0;0m[48;2;0;0;0m▀[0m[38;2;0;0;0m[48;2;0;0;0m▀[0m
[38;2;0;2;1m[48;2;69;74;75m▀[0m[38;2;0;0;0m[48;2;22;36;39m▀[0m[38;2;0;0;0m[48;2;0;0;0m▀[0m[38;2;119;49;37m[48;2;0;0;0m▀[0m[38;2;255;255;255m[48;2;143;98;95m▀[0m[38;2;206;57;44m[48;2;167;154;151m▀[0m[38;2;66;0;0m[48;2;168;0;0m▀[0m[38;2;118;0;0m[48;2;157;121;114m▀[0m[38;2;255;158;151m[48;2;255;255;255m▀[0m[38;2;0;0;0m[48;2;0;0;0m▀[0m[38;2;0;0;0m[48;2;0;0;0m▀[0m[38;2;0;0;0m[48;2;25;29;30m▀[0m[38;2;172;126;119m[48;2;134;104;102m▀[0m[38;2;255;255;255m[48;2;255;255;255m▀[0m[38;2;224;255;255m[48;2;255;255;255m▀[0m[38;2;0;0;0m[48;2;255;95;87m▀[0m[38;2;232;217;214m[48;2;255;255;255m▀[0m[38;2;242;255;255m[48;2;255;255;255m▀[0m[38;2;235;244;244m[48;2;255;255;255m▀[0m[38;2;50;0;0m[48;2;255;103;93m▀[0m[38;2;206;229;230m[48;2;252;252;250m▀[0m[38;2;255;255;255m[48;2;223;212;212m▀[0m[38;2;220;169;167m[48;2;231;199;196m▀[0m[38;2;50;52;57m[48;2;194;201;203m▀[0m[38;2;0;0;0m[48;2;0;0;0m▀[0m[38;2;0;0;0m[48;2;1;70;79m▀[0m[38;2;255;255;255m[48;2;255;255;255m▀[0m[38;2;133;173;173m[48;2;255;0;0m▀[0m[38;2;0;0;0m[48;2;185;0;0m▀[0m[38;2;0;0;0m[48;2;0;0;0m▀[0m[38;2;91;10;5m[48;2;232;118;118m▀[0m[38;2;255;255;255m[48;2;185;151;142m▀[0m[38;2;255;174;159m[48;2;3;0;0m▀[0m[38;2;73;17;5m[48;2;0;0;0m▀[0m[38;2;0;0;0m[48;2;11;23;26m▀[0m[38;2;0;0;0m[48;2;61;68;68m▀[0m
[38;2;0;0;0m[48;2;0;0;0m▀[0m[38;2;37;40;42m[48;2;0;0;0m▀[0m[38;2;3;7;7m[48;2;0;0;0m▀[0m[38;2;0;0;0m[48;2;0;0;0m▀[0m[38;2;0;0;0m[48;2;0;0;0m▀[0m[38;2;129;103;95m[48;2;80;47;37m▀[0m[38;2;107;0;0m[48;2;103;26;13m▀[0m[38;2;255;39;35m[48;2;255;0;0m▀[0m[38;2;255;215;208m[48;2;255;54;41m▀[0m[38;2;18;113;119m[48;2;189;160;160m▀[0m[38;2;0;0;0m[48;2;0;0;0m▀[0m[38;2;194;215;215m[48;2;170;185;187m▀[0m[38;2;255;255;255m[48;2;255;255;255m▀[0m[38;2;211;203;204m[48;2;255;255;255m▀[0m[38;2;255;255;255m[48;2;255;255;255m▀[0m[38;2;255;188;183m[48;2;255;94;83m▀[0m[38;2;255;255;255m[48;2;195;236;240m▀[0m[38;2;255;255;255m[48;2;113;136;137m▀[0m[38;2;255;255;255m[48;2;137;190;191m▀[0m[38;2;255;135;126m[48;2;255;0;0m▀[0m[38;2;255;255;255m[48;2;255;255;251m▀[0m[38;2;255;255;255m[48;2;230;252;252m▀[0m[38;2;255;255;255m[48;2;255;255;255m▀[0m[38;2;241;255;255m[48;2;255;255;255m▀[0m[38;2;0;0;0m[48;2;0;0;0m▀[0m[38;2;89;168;169m[48;2;176;131;123m▀[0m[38;2;255;255;255m[48;2;255;0;0m▀[0m[38;2;255;0;0m[48;2;255;0;0m▀[0m[38;2;255;0;0m[48;2;255;0;0m▀[0m[38;2;175;0;0m[48;2;244;40;29m▀[0m[38;2;182;95;92m[48;2;127;90;85m▀[0m[38;2;0;0;0m[48;2;0;0;0m▀[0m[38;2;0;0;0m[48;2;0;0;0m▀[0m[38;2;7;18;18m[48;2;0;0;0m▀[0m[38;2;26;33;33m[48;2;0;0;0m▀[0m[38;2;0;0;0m[48;2;0;0;0m▀[0m
[38;2;0;0;0m[48;2;40;40;40m▀[0m[38;2;0;0;0m[48;2;32;35;35m▀[0m[38;2;0;0;0m[48;2;23;27;27m▀[0m[38;2;0;0;0m[48;2;0;0;2m▀[0m[38;2;0;0;0m[48;2;0;0;0m▀[0m[38;2;98;7;0m[48;2;37;0;0m▀[0m[38;2;33;0;0m[48;2;214;0;0m▀[0m[38;2;255;0;0m[48;2;0;0;0m▀[0m[38;2;255;0;0m[48;2;255;0;0m▀[0m[38;2;202;115;109m[48;2;248;50;37m▀[0m[38;2;0;50;52m[48;2;232;255;255m▀[0m[38;2;255;255;255m[48;2;121;148;150m▀[0m[38;2;255;255;255m[48;2;255;255;255m▀[0m[38;2;255;255;255m[48;2;127;137;137m▀[0m[38;2;204;200;202m[48;2;0;0;0m▀[0m[38;2;129;0;0m[48;2;0;0;0m▀[0m[38;2;0;0;0m[48;2;0;0;0m▀[0m[38;2;0;0;0m[48;2;0;0;0m▀[0m[38;2;0;0;0m[48;2;18;0;0m▀[0m[38;2;185;0;0m[48;2;12;0;0m▀[0m[38;2;138;155;153m[48;2;0;0;0m▀[0m[38;2;255;255;255m[48;2;88;99;101m▀[0m[38;2;255;255;255m[48;2;226;247;247m▀[0m[38;2;255;255;255m[48;2;0;32;33m▀[0m[38;2;38;119;124m[48;2;235;255;255m▀[0m[38;2;123;169;170m[48;2;217;130;123m▀[0m[38;2;255;0;0m[48;2;255;0;0m▀[0m[38;2;255;0;0m[48;2;255;0;0m▀[0m[38;2;181;0;0m[48;2;0;0;0m▀[0m[38;2;166;5;0m[48;2;32;0;0m▀[0m[38;2;199;38;22m[48;2;59;0;0m▀[0m[38;2;0;0;0m[48;2;0;0;0m▀[0m[38;2;0;0;0m[48;2;0;0;0m▀[0m[38;2;0;0;0m[48;2;0;0;0m▀[0m[38;2;0;0;0m[48;2;7;7;7m▀[0m[38;2;0;0;0m[48;2;23;26;26m▀[0m
[38;2;0;0;0m[48;2;15;15;16m▀[0m[38;2;8;8;8m[48;2;0;0;0m▀[0m[38;2;8;8;8m[48;2;0;0;0m▀[0m[38;2;0;0;0m[48;2;0;0;0m▀[0m[38;2;0;0;0m[48;2;0;1;0m▀[0m[38;2;0;0;1m[48;2;0;0;0m▀[0m[38;2;148;0;0m[48;2;0;2;2m▀[0m[38;2;213;0;0m[48;2;233;2;0m▀[0m[38;2;0;0;0m[48;2;125;0;0m▀[0m[38;2;255;0;0m[48;2;239;0;0m▀[0m[38;2;255;57;51m[48;2;255;58;31m▀[0m[38;2;0;4;8m[48;2;255;255;255m▀[0m[38;2;0;0;0m[48;2;0;8;8m▀[0m[38;2;0;0;0m[48;2;0;0;0m▀[0m[38;2;0;0;0m[48;2;0;0;0m▀[0m[38;2;0;0;0m[48;2;0;0;0m▀[0m[38;2;0;0;0m[48;2;0;0;0m▀[0m[38;2;0;0;0m[48;2;0;0;0m▀[0m[38;2;0;0;0m[48;2;0;0;0m▀[0m[38;2;0;0;0m[48;2;0;0;0m▀[0m[38;2;0;0;0m[48;2;0;0;0m▀[0m[38;2;0;0;0m[48;2;0;0;0m▀[0m[38;2;0;0;0m[48;2;0;41;45m▀[0m[38;2;0;31;37m[48;2;255;251;250m▀[0m[38;2;255;109;98m[48;2;255;70;53m▀[0m[38;2;255;0;0m[48;2;255;0;0m▀[0m[38;2;255;0;0m[48;2;255;0;0m▀[0m[38;2;0;0;0m[48;2;110;2;0m▀[0m[38;2;0;0;0m[48;2;105;4;0m▀[0m[38;2;98;1;0m[48;2;0;2;2m▀[0m[38;2;0;0;0m[48;2;0;0;0m▀[0m[38;2;0;0;1m[48;2;0;0;0m▀[0m[38;2;0;3;3m[48;2;0;0;0m▀[0m[38;2;32;34;36m[48;2;0;0;0m▀[0m[38;2;45;48;48m[48;2;0;0;0m▀[0m[38;2;41;43;43m[48;2;0;0;0m▀[0m
[38;2;44;47;49m[48;2;24;0;0m▀[0m[38;2;49;60;60m[48;2;92;73;73m▀[0m[38;2;0;0;0m[48;2;77;85;85m▀[0m[38;2;0;0;0m[48;2;0;0;0m▀[0m[38;2;0;0;1m[48;2;0;0;0m▀[0m[38;2;0;1;1m[48;2;0;0;0m▀[0m[38;2;0;1;1m[48;2;0;0;0m▀[0m[38;2;12;3;2m[48;2;0;0;0m▀[0m[38;2;94;0;0m[48;2;0;0;0m▀[0m[38;2;31;0;0m[48;2;0;0;0m▀[0m[38;2;22;0;0m[48;2;0;0;0m▀[0m[38;2;221;15;8m[48;2;0;0;0m▀[0m[38;2;71;58;52m[48;2;110;0;0m▀[0m[38;2;0;0;10m[48;2;0;0;0m▀[0m[38;2;153;189;214m[48;2;255;255;255m▀[0m[38;2;0;0;0m[48;2;139;139;139m▀[0m[38;2;0;0;0m[48;2;33;56;80m▀[0m[38;2;0;0;0m[48;2;40;71;88m▀[0m[38;2;0;0;0m[48;2;207;233;252m▀[0m[38;2;115;44;50m[48;2;255;255;255m▀[0m[38;2;130;177;198m[48;2;147;190;203m▀[0m[38;2;0;0;0m[48;2;0;0;0m▀[0m[38;2;0;65;69m[48;2;255;0;0m▀[0m[38;2;255;27;17m[48;2;188;0;0m▀[0m[38;2;89;0;0m[48;2;0;0;0m▀[0m[38;2;111;0;0m[48;2;0;0;0m▀[0m[38;2;165;0;0m[48;2;0;0;0m▀[0m[38;2;160;0;0m[48;2;0;0;1m▀[0m[38;2;0;4;3m[48;2;0;0;0m▀[0m[38;2;0;1;1m[48;2;0;1;1m▀[0m[38;2;0;1;1m[48;2;0;2;2m▀[0m[38;2;0;0;0m[48;2;0;0;0m▀[0m[38;2;0;0;0m[48;2;48;51;51m▀[0m[38;2;0;2;2m[48;2;22;27;29m▀[0m[38;2;0;0;0m[48;2;8;0;0m▀[0m[38;2;0;0;0m[48;2;149;62;58m▀[0m
