[38;2;176;178;178m[48;2;160;162;162m▀[0m[38;2;255;255;255m[48;2;255;255;255m▀[0m[38;2;93;92;92m[48;2;60;62;62m▀[0m[38;2;0;0;0m[48;2;0;0;0m▀[0m[38;2;0;0;0m[48;2;14;17;16m▀[0m[38;2;84;84;85m[48;2;80;82;82m▀[0m[38;2;12;15;14m[48;2;15;19;16m▀[0m[38;2;7;9;9m[48;2;0;0;0m▀[0m[38;2;0;0;2m[48;2;0;1;1m▀[0m[38;2;13;18;18m[48;2;0;3;3m▀[0m[38;2;0;1;2m[48;2;0;0;0m▀[0m[38;2;0;0;0m[48;2;0;0;0m▀[0m[38;2;33;137;137m[48;2;31;34;33m▀[0m[38;2;255;104;98m[48;2;255;44;33m▀[0m[38;2;255;0;0m[48;2;255;0;0m▀[0m[38;2;255;0;0m[48;2;255;0;0m▀[0m[38;2;159;25;23m[48;2;17;34;35m▀[0m[38;2;96;21;23m[48;2;0;29;24m▀[0m[38;2;119;65;66m[48;2;77;33;31m▀[0m[38;2;68;101;102m[48;2;74;78;82m▀[0m[38;2;15;42;52m[48;2;0;57;38m▀[0m[38;2;32;38;48m[48;2;0;110;50m▀[0m[38;2;255;0;0m[48;2;96;2;1m▀[0m[38;2;255;0;0m[48;2;255;0;0m▀[0m[38;2;255;139;133m[48;2;255;0;0m▀[0m[38;2;59;169;169m[48;2;255;174;174m▀[0m[38;2;0;33;35m[48;2;209;139;137m▀[0m[38;2;0;0;0m[48;2;61;37;35m▀[0m[38;2;0;0;0m[48;2;0;0;0m▀[0m[38;2;0;0;0m[48;2;0;0;0m▀[0m[38;2;31;31;31m[48;2;7;10;9m▀[0m[38;2;80;82;82m[48;2;94;96;96m▀[0m[38;2;0;0;0m[48;2;12;14;14m▀[0m[38;2;0;0;0m[48;2;0;0;0m▀[0m[38;2;243;246;246m[48;2;17;20;19m▀[0m[38;2;255;255;255m[48;2;165;165;166m▀[0m
[38;2;0;0;0m[48;2;0;0;0m▀[0m[38;2;0;0;0m[48;2;0;0;0m▀[0m[38;2;0;0;0m[48;2;154;157;156m▀[0m[38;2;0;0;0m[48;2;0;0;0m▀[0m[38;2;28;30;30m[48;2;43;46;45m▀[0m[38;2;78;80;80m[48;2;58;60;60m▀[0m[38;2;10;13;12m[48;2;0;0;0m▀[0m[38;2;0;0;0m[48;2;0;0;0m▀[0m[38;2;3;6;5m[48;2;0;2;2m▀[0m[38;2;0;0;0m[48;2;0;0;0m▀[0m[38;2;0;5;6m[48;2;0;24;24m▀[0m[38;2;3;64;64m[48;2;255;110;101m▀[0m[38;2;191;177;171m[48;2;255;34;26m▀[0m[38;2;255;46;35m[48;2;156;0;0m▀[0m[38;2;255;0;0m[48;2;240;0;0m▀[0m[38;2;194;0;0m[48;2;253;0;0m▀[0m[38;2;0;72;39m[48;2;88;121;113m▀[0m[38;2;0;121;52m[48;2;116;107;112m▀[0m[38;2;122;122;123m[48;2;98;105;106m▀[0m[38;2;164;150;148m[48;2;105;113;112m▀[0m[38;2;76;88;71m[48;2;90;84;88m▀[0m[38;2;48;110;66m[48;2;95;79;87m▀[0m[38;2;0;87;85m[48;2;79;79;75m▀[0m[38;2;156;0;0m[48;2;0;41;38m▀[0m[38;2;255;0;0m[48;2;0;0;0m▀[0m[38;2;255;0;0m[48;2;154;5;3m▀[0m[38;2;255;0;0m[48;2;70;2;0m▀[0m[38;2;0;0;0m[48;2;0;0;0m▀[0m[38;2;0;0;0m[48;2;17;64;67m▀[0m[38;2;0;0;0m[48;2;0;15;15m▀[0m[38;2;0;0;0m[48;2;0;0;0m▀[0m[38;2;107;109;109m[48;2;98;101;101m▀[0m[38;2;40;40;40m[48;2;62;65;65m▀[0m[38;2;0;0;0m[48;2;37;40;40m▀[0m[38;2;0;0;0m[48;2;150;152;152m▀[0m[38;2;0;0;0m[48;2;0;0;0m▀[0m
[38;2;124;126;126m[48;2;211;209;212m▀[0m[38;2;0;0;0m[48;2;11;11;11m▀[0m[38;2;84;84;82m[48;2;0;0;0m▀[0m[38;2;8;11;11m[48;2;0;0;0m▀[0m[38;2;58;61;60m[48;2;70;73;73m▀[0m[38;2;39;44;44m[48;2;13;15;15m▀[0m[38;2;0;0;0m[48;2;0;0;0m▀[0m[38;2;0;1;0m[48;2;0;4;4m▀[0m[38;2;0;0;0m[48;2;0;0;0m▀[0m[38;2;0;0;0m[48;2;232;255;255m▀[0m[38;2;0;0;0m[48;2;0;123;123m▀[0m[38;2;133;0;0m[48;2;0;86;92m▀[0m[38;2;255;0;0m[48;2;197;171;167m▀[0m[38;2;130;0;0m[48;2;255;0;0m▀[0m[38;2;192;0;0m[48;2;0;0;0m▀[0m[38;2;65;38;34m[48;2;0;58;60m▀[0m[38;2;58;117;115m[48;2;12;94;93m▀[0m[38;2;58;80;80m[48;2;50;104;103m▀[0m[38;2;51;65;72m[48;2;57;69;72m▀[0m[38;2;66;74;75m[48;2;61;74;78m▀[0m[38;2;31;44;50m[48;2;63;84;81m▀[0m[38;2;60;90;90m[48;2;69;115;115m▀[0m[38;2;32;101;104m[48;2;72;35;30m▀[0m[38;2;0;72;76m[48;2;0;0;0m▀[0m[38;2;130;0;0m[48;2;255;0;0m▀[0m[38;2;162;0;0m[48;2;255;0;0m▀[0m[38;2;166;140;135m[48;2;255;39;24m▀[0m[38;2;0;108;111m[48;2;255;91;86m▀[0m[38;2;169;192;191m[48;2;255;59;52m▀[0m[38;2;0;14;14m[48;2;35;33;31m▀[0m[38;2;0;0;0m[48;2;0;0;0m▀[0m[38;2;82;87;87m[48;2;36;44;44m▀[0m[38;2;125;128;128m[48;2;193;197;197m▀[0m[38;2;27;30;30m[48;2;0;0;0m▀[0m[38;2;28;27;27m[48;2;0;0;0m▀[0m[38;2;94;96;98m[48;2;116;118;120m▀[0m
[38;2;255;255;255m[48;2;238;243;240m▀[0m[38;2;124;127;126m[48;2;193;195;195m▀[0m[38;2;0;0;0m[48;2;0;0;0m▀[0m[38;2;0;0;0m[48;2;12;12;10m▀[0m[38;2;90;93;93m[48;2;99;102;102m▀[0m[38;2;0;0;0m[48;2;0;0;0m▀[0m[38;2;0;0;0m[48;2;0;0;0m▀[0m[38;2;10;15;15m[48;2;8;15;16m▀[0m[38;2;0;0;0m[48;2;0;0;0m▀[0m[38;2;205;62;59m[48;2;0;0;0m▀[0m[38;2;255;100;91m[48;2;212;0;0m▀[0m[38;2;255;101;93m[48;2;255;0;0m▀[0m[38;2;255;1;0m[48;2;255;0;0m▀[0m[38;2;246;0;0m[48;2;255;0;0m▀[0m[38;2;46;0;0m[48;2;194;0;0m▀[0m[38;2;0;0;0m[48;2;21;0;0m▀[0m[38;2;206;0;0m[48;2;255;0;0m▀[0m[38;2;101;69;68m[48;2;255;0;0m▀[0m[38;2;56;104;105m[48;2;0;41;45m▀[0m[38;2;96;104;105m[48;2;1;12;14m▀[0m[38;2;27;99;96m[48;2;0;62;66m▀[0m[38;2;157;18;15m[48;2;246;4;0m▀[0m[38;2;255;0;0m[48;2;255;0;0m▀[0m[38;2;0;0;0m[48;2;227;0;0m▀[0m[38;2;228;0;0m[48;2;255;0;0m▀[0m[38;2;255;0;0m[48;2;255;0;0m▀[0m[38;2;255;0;0m[48;2;255;0;0m▀[0m[38;2;21;0;0m[48;2;134;0;0m▀[0m[38;2;88;0;0m[48;2;0;0;0m▀[0m[38;2;208;46;44m[48;2;0;8;13m▀[0m[38;2;0;0;0m[48;2;18;0;0m▀[0m[38;2;0;0;0m[48;2;0;0;0m▀[0m[38;2;201;204;206m[48;2;180;184;184m▀[0m[38;2;0;0;0m[48;2;11;11;11m▀[0m[38;2;0;0;0m[48;2;0;0;0m▀[0m[38;2;109;111;111m[48;2;251;253;253m▀[0m
[38;2;19;19;19m[48;2;255;255;255m▀[0m[38;2;0;0;0m[48;2;96;96;96m▀[0m[38;2;0;0;0m[48;2;0;0;0m▀[0m[38;2;41;41;42m[48;2;87;90;92m▀[0m[38;2;77;82;82m[48;2;70;72;72m▀[0m[38;2;0;0;0m[48;2;0;0;0m▀[0m[38;2;0;0;0m[48;2;1;4;4m▀[0m[38;2;0;14;14m[48;2;0;10;10m▀[0m[38;2;0;10;13m[48;2;0;10;10m▀[0m[38;2;0;76;80m[48;2;192;16;3m▀[0m[38;2;62;9;9m[48;2;255;0;0m▀[0m[38;2;255;0;0m[48;2;255;0;0m▀[0m[38;2;255;0;0m[48;2;147;205;211m▀[0m[38;2;169;0;0m[48;2;7;100;111m▀[0m[38;2;255;0;0m[48;2;24;0;0m▀[0m[38;2;255;0;0m[48;2;255;0;0m▀[0m[38;2;205;0;0m[48;2;250;0;0m▀[0m[38;2;167;14;10m[48;2;0;72;81m▀[0m[38;2;10;65;69m[48;2;60;82;82m▀[0m[38;2;41;59;60m[48;2;78;91;88m▀[0m[38;2;30;81;81m[48;2;55;69;72m▀[0m[38;2;60;53;51m[48;2;7;88;94m▀[0m[38;2;255;0;0m[48;2;255;0;0m▀[0m[38;2;255;0;0m[48;2;138;0;0m▀[0m[38;2;119;0;0m[48;2;4;72;101m▀[0m[38;2;212;196;202m[48;2;60;136;157m▀[0m[38;2;255;92;88m[48;2;109;242;247m▀[0m[38;2;255;0;0m[48;2;255;27;27m▀[0m[38;2;255;0;0m[48;2;255;0;0m▀[0m[38;2;182;0;0m[48;2;0;11;15m▀[0m[38;2;12;0;0m[48;2;0;8;11m▀[0m[38;2;0;0;0m[48;2;0;0;0m▀[0m[38;2;144;146;148m[48;2;105;110;112m▀[0m[38;2;52;52;52m[48;2;104;106;108m▀[0m[38;2;0;0;0m[48;2;0;0;0m▀[0m[38;2;0;0;0m[48;2;113;115;115m▀[0m
[38;2;255;255;255m[48;2;236;238;238m▀[0m[38;2;149;152;151m[48;2;42;44;45m▀[0m[38;2;0;0;0m[48;2;0;0;0m▀[0m[38;2;131;131;133m[48;2;150;153;154m▀[0m[38;2;34;36;36m[48;2;0;0;0m▀[0m[38;2;0;0;0m[48;2;0;0;0m▀[0m[38;2;11;13;13m[48;2;20;23;23m▀[0m[38;2;0;9;11m[48;2;0;2;2m▀[0m[38;2;3;0;0m[48;2;0;0;0m▀[0m[38;2;201;0;0m[48;2;59;0;0m▀[0m[38;2;255;0;0m[48;2;255;0;0m▀[0m[38;2;175;78;75m[48;2;165;124;126m▀[0m[38;2;49;156;173m[48;2;51;66;105m▀[0m[38;2;57;68;94m[48;2;0;243;56m▀[0m[38;2;0;165;73m[48;2;0;255;127m▀[0m[38;2;62;120;58m[48;2;0;179;73m▀[0m[38;2;209;134;152m[48;2;77;67;97m▀[0m[38;2;163;197;201m[48;2;115;128;128m▀[0m[38;2;109;120;122m[48;2;112;116;116m▀[0m[38;2;58;64;63m[48;2;66;68;66m▀[0m[38;2;144;158;157m[48;2;110;110;112m▀[0m[38;2;221;218;236m[48;2;89;76;87m▀[0m[38;2;117;173;151m[48;2;46;49;52m▀[0m[38;2;0;255;46m[48;2;15;255;112m▀[0m[38;2;0;255;63m[48;2;0;255;46m▀[0m[38;2;17;43;39m[48;2;12;129;48m▀[0m[38;2;73;93;110m[48;2;73;54;87m▀[0m[38;2;78;148;152m[48;2;132;155;156m▀[0m[38;2;164;0;0m[48;2;130;0;0m▀[0m[38;2;46;2;0m[48;2;0;0;0m▀[0m[38;2;0;14;16m[48;2;0;27;28m▀[0m[38;2;0;0;0m[48;2;0;0;0m▀[0m[38;2;51;55;55m[48;2;0;0;2m▀[0m[38;2;164;167;163m[48;2;193;193;191m▀[0m[38;2;0;0;0m[48;2;21;23;25m▀[0m[38;2;216;218;220m[48;2;80;82;82m▀[0m
[38;2;0;0;0m[48;2;47;49;47m▀[0m[38;2;0;0;0m[48;2;28;31;32m▀[0m[38;2;28;30;31m[48;2;107;111;112m▀[0m[38;2;152;154;156m[48;2;127;129;127m▀[0m[38;2;0;0;0m[48;2;0;0;0m▀[0m[38;2;2;2;2m[48;2;28;31;30m▀[0m[38;2;15;22;22m[48;2;10;12;12m▀[0m[38;2;0;0;0m[48;2;0;0;0m▀[0m[38;2;0;0;0m[48;2;0;0;0m▀[0m[38;2;0;0;0m[48;2;140;0;0m▀[0m[38;2;10;0;0m[48;2;248;14;13m▀[0m[38;2;130;127;132m[48;2;106;145;149m▀[0m[38;2;62;72;90m[48;2;50;47;55m▀[0m[38;2;0;175;45m[48;2;94;47;82m▀[0m[38;2;107;237;131m[48;2;147;90;122m▀[0m[38;2;120;77;99m[48;2;98;81;88m▀[0m[38;2;77;61;72m[48;2;60;51;57m▀[0m[38;2;62;64;66m[48;2;51;53;53m▀[0m[38;2;60;60;60m[48;2;99;99;99m▀[0m[38;2;63;65;63m[48;2;131;137;136m▀[0m[38;2;65;62;64m[48;2;58;71;71m▀[0m[38;2;68;66;73m[48;2;62;62;64m▀[0m[38;2;83;59;76m[48;2;70;62;65m▀[0m[38;2;186;124;154m[48;2;74;65;71m▀[0m[38;2;92;87;86m[48;2;105;82;99m▀[0m[38;2;83;79;82m[48;2;72;58;72m▀[0m[38;2;66;60;71m[48;2;62;60;63m▀[0m[38;2;108;143;144m[48;2;117;128;128m▀[0m[38;2;255;37;33m[48;2;80;84;85m▀[0m[38;2;72;0;0m[48;2;0;0;0m▀[0m[38;2;0;26;27m[48;2;2;12;15m▀[0m[38;2;0;0;0m[48;2;22;29;29m▀[0m[38;2;0;0;0m[48;2;0;0;0m▀[0m[38;2;194;194;194m[48;2;180;182;182m▀[0m[38;2;70;72;73m[48;2;108;108;108m▀[0m[38;2;18;20;20m[48;2;42;44;44m▀[0m
[38;2;115;119;118m[48;2;49;54;56m▀[0m[38;2;63;67;68m[48;2;99;112;115m▀[0m[38;2;157;159;162m[48;2;196;214;216m▀[0m[38;2;65;69;70m[48;2;8;15;15m▀[0m[38;2;0;0;0m[48;2;0;0;0m▀[0m[38;2;13;16;15m[48;2;5;9;8m▀[0m[38;2;11;13;14m[48;2;11;13;14m▀[0m[38;2;0;0;0m[48;2;0;0;0m▀[0m[38;2;0;0;0m[48;2;0;0;0m▀[0m[38;2;0;0;0m[48;2;0;0;0m▀[0m[38;2;105;65;64m[48;2;107;131;131m▀[0m[38;2;113;131;131m[48;2;95;99;99m▀[0m[38;2;59;59;61m[48;2;89;94;93m▀[0m[38;2;46;44;47m[48;2;13;11;14m▀[0m[38;2;47;45;50m[48;2;40;42;42m▀[0m[38;2;53;49;52m[48;2;88;88;86m▀[0m[38;2;70;67;67m[48;2;27;26;24m▀[0m[38;2;54;54;55m[48;2;56;56;54m▀[0m[38;2;95;101;100m[48;2;88;94;93m▀[0m[38;2;175;155;151m[48;2;69;62;60m▀[0m[38;2;85;38;36m[48;2;46;26;26m▀[0m[38;2;79;92;92m[48;2;32;28;26m▀[0m[38;2;74;89;92m[48;2;106;66;61m▀[0m[38;2;69;74;76m[48;2;119;80;76m▀[0m[38;2;18;27;25m[48;2;23;15;14m▀[0m[38;2;26;28;30m[48;2;32;43;42m▀[0m[38;2;91;91;91m[48;2;100;103;102m▀[0m[38;2;92;96;97m[48;2;74;77;73m▀[0m[38;2;123;131;132m[48;2;150;149;147m▀[0m[38;2;0;0;0m[48;2;0;0;0m▀[0m[38;2;0;5;5m[48;2;0;0;0m▀[0m[38;2;4;8;8m[48;2;0;0;0m▀[0m[38;2;0;0;0m[48;2;0;0;0m▀[0m[38;2;132;139;139m[48;2;64;67;64m▀[0m[38;2;164;173;176m[48;2;222;196;191m▀[0m[38;2;47;50;50m[48;2;40;50;53m▀[0m
[38;2;114;140;143m[48;2;81;89;92m▀[0m[38;2;244;254;254m[48;2;112;0;0m▀[0m[38;2;175;160;157m[48;2;228;0;0m▀[0m[38;2;0;0;0m[48;2;130;100;98m▀[0m[38;2;0;0;0m[48;2;0;0;0m▀[0m[38;2;38;43;43m[48;2;2;7;9m▀[0m[38;2;4;8;7m[48;2;0;5;6m▀[0m[38;2;0;0;0m[48;2;0;0;0m▀[0m[38;2;0;0;0m[48;2;0;0;0m▀[0m[38;2;1;4;4m[48;2;58;60;63m▀[0m[38;2;150;152;152m[48;2;118;120;120m▀[0m[38;2;74;77;73m[48;2;73;73;70m▀[0m[38;2;86;88;89m[48;2;85;85;85m▀[0m[38;2;46;46;47m[48;2;0;0;0m▀[0m[38;2;75;75;73m[48;2;26;29;28m▀[0m[38;2;24;24;22m[48;2;219;221;222m▀[0m[38;2;152;152;152m[48;2;255;255;255m▀[0m[38;2;255;255;255m[48;2;126;126;124m▀[0m[38;2;236;236;234m[48;2;16;18;16m▀[0m[38;2;245;250;251m[48;2;52;52;53m▀[0m[38;2;189;221;222m[48;2;139;163;165m▀[0m[38;2;83;56;52m[48;2;188;166;165m▀[0m[38;2;0;0;0m[48;2;64;0;0m▀[0m[38;2;0;0;0m[48;2;38;0;0m▀[0m[38;2;66;2;0m[48;2;116;70;63m▀[0m[38;2;47;65;63m[48;2;11;32;33m▀[0m[38;2;91;94;93m[48;2;88;91;90m▀[0m[38;2;76;76;74m[48;2;79;79;77m▀[0m[38;2;127;128;125m[48;2;95;96;93m▀[0m[38;2;60;60;58m[48;2;104;105;102m▀[0m[38;2;0;0;0m[48;2;0;0;0m▀[0m[38;2;20;30;33m[48;2;0;0;0m▀[0m[38;2;0;0;0m[48;2;127;161;161m▀[0m[38;2;110;134;134m[48;2;91;46;46m▀[0m[38;2;118;77;68m[48;2;0;0;0m▀[0m[38;2;53;78;81m[48;2;14;0;0m▀[0m
[38;2;39;0;0m[48;2;4;0;0m▀[0m[38;2;0;0;0m[48;2;17;40;40m▀[0m[38;2;119;82;80m[48;2;52;30;26m▀[0m[38;2;102;94;95m[48;2;0;0;0m▀[0m[38;2;30;52;49m[48;2;94;30;29m▀[0m[38;2;0;0;0m[48;2;100;73;69m▀[0m[38;2;0;0;0m[48;2;182;163;162m▀[0m[38;2;0;0;0m[48;2;208;121;119m▀[0m[38;2;0;0;0m[48;2;255;189;183m▀[0m[38;2;84;89;89m[48;2;255;255;255m▀[0m[38;2;71;74;74m[48;2;59;60;57m▀[0m[38;2;83;83;85m[48;2;60;60;58m▀[0m[38;2;43;43;40m[48;2;29;29;29m▀[0m[38;2;0;0;0m[48;2;238;237;238m▀[0m[38;2;255;255;255m[48;2;209;214;215m▀[0m[38;2;193;195;193m[48;2;29;31;29m▀[0m[38;2;162;165;164m[48;2;40;39;37m▀[0m[38;2;99;98;96m[48;2;30;29;27m▀[0m[38;2;57;57;58m[48;2;80;80;81m▀[0m[38;2;69;74;70m[48;2;83;83;81m▀[0m[38;2;41;57;55m[48;2;60;71;71m▀[0m[38;2;126;152;151m[48;2;69;90;91m▀[0m[38;2;242;0;0m[48;2;89;0;0m▀[0m[38;2;195;0;0m[48;2;33;32;28m▀[0m[38;2;68;84;82m[48;2;255;255;255m▀[0m[38;2;0;0;0m[48;2;61;66;67m▀[0m[38;2;76;80;79m[48;2;0;0;0m▀[0m[38;2;89;92;89m[48;2;86;85;83m▀[0m[38;2;53;53;51m[48;2;138;156;157m▀[0m[38;2;145;156;158m[48;2;255;255;255m▀[0m[38;2;74;85;87m[48;2;255;255;255m▀[0m[38;2;38;67;67m[48;2;87;74;72m▀[0m[38;2;244;0;0m[48;2;10;0;0m▀[0m[38;2;233;0;0m[48;2;99;134;137m▀[0m[38;2;75;85;85m[48;2;32;65;65m▀[0m[38;2;128;0;0m[48;2;0;4;4m▀[0m
[38;2;62;84;84m[48;2;154;157;157m▀[0m[38;2;86;97;95m[48;2;0;0;0m▀[0m[38;2;47;67;67m[48;2;0;0;0m▀[0m[38;2;9;24;27m[48;2;0;25;24m▀[0m[38;2;30;0;0m[48;2;55;25;25m▀[0m[38;2;0;0;0m[48;2;175;0;0m▀[0m[38;2;213;127;120m[48;2;43;6;2m▀[0m[38;2;255;227;230m[48;2;13;0;0m▀[0m[38;2;255;255;255m[48;2;45;84;83m▀[0m[38;2;255;255;255m[48;2;49;60;58m▀[0m[38;2;126;127;124m[48;2;40;54;56m▀[0m[38;2;44;46;46m[48;2;200;205;205m▀[0m[38;2;246;249;249m[48;2;93;97;94m▀[0m[38;2;105;105;105m[48;2;26;28;26m▀[0m[38;2;84;89;90m[48;2;188;191;192m▀[0m[38;2;78;80;78m[48;2;74;73;71m▀[0m[38;2;64;64;62m[48;2;74;74;72m▀[0m[38;2;59;59;57m[48;2;81;81;79m▀[0m[38;2;83;81;79m[48;2;87;86;84m▀[0m[38;2;85;87;85m[48;2;58;60;58m▀[0m[38;2;12;20;21m[48;2;39;46;47m▀[0m[38;2;58;80;81m[48;2;64;84;85m▀[0m[38;2;65;0;0m[48;2;36;0;0m▀[0m[38;2;6;0;0m[48;2;31;39;39m▀[0m[38;2;120;115;109m[48;2;106;0;0m▀[0m[38;2;255;255;255m[48;2;39;74;75m▀[0m[38;2;0;0;0m[48;2;148;158;161m▀[0m[38;2;29;32;33m[48;2;0;0;0m▀[0m[38;2;106;122;122m[48;2;70;77;77m▀[0m[38;2;170;118;113m[48;2;92;36;26m▀[0m[38;2;20;15;13m[48;2;70;40;33m▀[0m[38;2;0;0;0m[48;2;31;0;0m▀[0m[38;2;0;14;15m[48;2;9;27;29m▀[0m[38;2;17;33;33m[48;2;0;0;0m▀[0m[38;2;78;87;87m[48;2;28;31;31m▀[0m[38;2;97;107;107m[48;2;67;71;71m▀[0m
[38;2;120;120;122m[48;2;79;82;81m▀[0m[38;2;38;41;42m[48;2;44;44;45m▀[0m[38;2;0;0;0m[48;2;0;0;0m▀[0m[38;2;0;10;12m[48;2;6;10;10m▀[0m[38;2;26;12;13m[48;2;0;0;0m▀[0m[38;2;89;32;33m[48;2;59;86;90m▀[0m[38;2;16;52;53m[48;2;0;0;0m▀[0m[38;2;78;56;52m[48;2;0;0;0m▀[0m[38;2;82;84;82m[48;2;0;0;0m▀[0m[38;2;48;62;62m[48;2;157;161;162m▀[0m[38;2;213;168;164m[48;2;142;102;95m▀[0m[38;2;88;84;82m[48;2;43;47;46m▀[0m[38;2;29;32;33m[48;2;59;63;64m▀[0m[38;2;128;130;131m[48;2;138;141;140m▀[0m[38;2;139;139;137m[48;2;67;67;65m▀[0m[38;2;56;55;51m[48;2;73;73;71m▀[0m[38;2;81;81;79m[48;2;75;78;80m▀[0m[38;2;77;79;77m[48;2;86;77;70m▀[0m[38;2;78;82;81m[48;2;84;77;73m▀[0m[38;2;77;80;79m[48;2;86;91;90m▀[0m[38;2;76;79;79m[48;2;51;56;55m▀[0m[38;2;35;52;53m[48;2;59;88;86m▀[0m[38;2;13;0;0m[48;2;255;188;186m▀[0m[38;2;40;61;64m[48;2;255;202;195m▀[0m[38;2;122;92;92m[48;2;255;59;55m▀[0m[38;2;107;154;154m[48;2;255;142;129m▀[0m[38;2;255;255;255m[48;2;255;235;234m▀[0m[38;2;83;96;95m[48;2;255;255;255m▀[0m[38;2;0;0;0m[48;2;62;67;67m▀[0m[38;2;136;92;83m[48;2;0;0;0m▀[0m[38;2;104;78;72m[48;2;32;46;46m▀[0m[38;2;54;35;35m[48;2;21;34;34m▀[0m[38;2;1;15;15m[48;2;0;0;0m▀[0m[38;2;0;0;0m[48;2;0;0;0m▀[0m[38;2;72;70;73m[48;2;19;21;21m▀[0m[38;2;178;180;181m[48;2;116;118;118m▀[0m
