[38;2;215;222;231m[48;2;221;228;233m▀[0m[38;2;215;225;230m[48;2;221;228;233m▀[0m[38;2;215;225;230m[48;2;221;228;233m▀[0m[38;2;215;222;231m[48;2;221;228;232m▀[0m[38;2;215;225;230m[48;2;221;228;233m▀[0m[38;2;215;222;230m[48;2;221;228;232m▀[0m[38;2;215;222;230m[48;2;221;228;233m▀[0m[38;2;215;225;230m[48;2;221;228;232m▀[0m[38;2;213;222;230m[48;2;221;228;232m▀[0m[38;2;213;220;225m[48;2;222;227;232m▀[0m[38;2;214;221;229m[48;2;222;229;234m▀[0m[38;2;216;224;229m[48;2;225;230;235m▀[0m[38;2;216;223;229m[48;2;227;232;236m▀[0m[38;2;220;228;236m[48;2;228;233;237m▀[0m[38;2;226;235;243m[48;2;252;255;255m▀[0m[38;2;244;251;255m[48;2;255;255;255m▀[0m[38;2;255;255;255m[48;2;251;250;247m▀[0m[38;2;255;255;255m[48;2;101;113;118m▀[0m[38;2;255;255;255m[48;2;41;52;65m▀[0m[38;2;255;255;255m[48;2;42;52;59m▀[0m[38;2;255;255;255m[48;2;87;101;108m▀[0m[38;2;255;255;255m[48;2;179;182;184m▀[0m[38;2;255;255;255m[48;2;255;255;255m▀[0m[38;2;228;235;241m[48;2;255;255;255m▀[0m[38;2;220;227;235m[48;2;244;247;249m▀[0m[38;2;215;223;229m[48;2;230;234;238m▀[0m[38;2;213;221;229m[48;2;223;228;232m▀[0m[38;2;214;221;229m[48;2;219;226;234m▀[0m[38;2;213;225;228m[48;2;221;228;232m▀[0m[38;2;215;222;227m[48;2;223;228;233m▀[0m[38;2;213;222;230m[48;2;221;228;233m▀[0m[38;2;215;222;230m[48;2;221;228;233m▀[0m[38;2;215;222;230m[48;2;221;228;233m▀[0m[38;2;214;222;230m[48;2;220;227;233m▀[0m[38;2;214;222;230m[48;2;220;227;233m▀[0m[38;2;213;222;230m[48;2;221;228;233m▀[0m
[38;2;226;231;235m[48;2;230;234;238m▀[0m[38;2;224;231;235m[48;2;230;235;239m▀[0m[38;2;224;231;235m[48;2;230;234;239m▀[0m[38;2;224;231;235m[48;2;229;234;238m▀[0m[38;2;224;231;235m[48;2;230;234;239m▀[0m[38;2;224;231;235m[48;2;229;234;238m▀[0m[38;2;224;231;235m[48;2;229;234;238m▀[0m[38;2;224;231;235m[48;2;229;234;238m▀[0m[38;2;224;231;235m[48;2;231;235;239m▀[0m[38;2;226;231;236m[48;2;233;237;241m▀[0m[38;2;229;234;238m[48;2;234;238;242m▀[0m[38;2;230;235;239m[48;2;239;243;249m▀[0m[38;2;239;246;248m[48;2;255;255;255m▀[0m[38;2;253;255;255m[48;2;255;255;255m▀[0m[38;2;255;255;255m[48;2;255;255;255m▀[0m[38;2;248;248;245m[48;2;40;54;62m▀[0m[38;2;21;39;44m[48;2;24;49;64m▀[0m[38;2;47;75;84m[48;2;28;53;61m▀[0m[38;2;43;64;73m[48;2;19;55;61m▀[0m[38;2;46;71;79m[48;2;24;58;65m▀[0m[38;2;73;95;106m[48;2;4;30;36m▀[0m[38;2;35;60;75m[48;2;69;94;107m▀[0m[38;2;100;112;116m[48;2;0;0;12m▀[0m[38;2;255;255;255m[48;2;165;169;169m▀[0m[38;2;255;255;255m[48;2;255;255;255m▀[0m[38;2;255;255;255m[48;2;255;255;255m▀[0m[38;2;233;241;241m[48;2;252;255;255m▀[0m[38;2;224;233;233m[48;2;233;238;242m▀[0m[38;2;226;231;235m[48;2;231;236;240m▀[0m[38;2;225;232;236m[48;2;230;235;239m▀[0m[38;2;226;231;235m[48;2;228;235;237m▀[0m[38;2;224;231;235m[48;2;229;234;238m▀[0m[38;2;224;231;235m[48;2;229;234;238m▀[0m[38;2;224;231;235m[48;2;229;234;238m▀[0m[38;2;224;231;235m[48;2;229;234;238m▀[0m[38;2;224;231;233m[48;2;229;234;238m▀[0m
[38;2;234;238;244m[48;2;233;237;241m▀[0m[38;2;233;237;241m[48;2;244;248;249m▀[0m[38;2;234;238;242m[48;2;236;240;242m▀[0m[38;2;233;238;242m[48;2;237;241;243m▀[0m[38;2;233;238;242m[48;2;237;240;243m▀[0m[38;2;233;238;240m[48;2;237;240;243m▀[0m[38;2;233;237;241m[48;2;236;240;244m▀[0m[38;2;233;237;241m[48;2;237;241;243m▀[0m[38;2;235;239;241m[48;2;239;243;244m▀[0m[38;2;237;241;243m[48;2;240;244;246m▀[0m[38;2;242;246;248m[48;2;251;253;253m▀[0m[38;2;255;255;255m[48;2;255;255;255m▀[0m[38;2;255;255;255m[48;2;255;255;255m▀[0m[38;2;255;255;255m[48;2;255;255;255m▀[0m[38;2;175;179;181m[48;2;7;9;9m▀[0m[38;2;0;0;0m[48;2;0;0;0m▀[0m[38;2;11;0;9m[48;2;19;0;0m▀[0m[38;2;0;0;0m[48;2;31;0;0m▀[0m[38;2;0;0;0m[48;2;255;0;0m▀[0m[38;2;0;0;0m[48;2;255;0;0m▀[0m[38;2;0;0;0m[48;2;103;0;0m▀[0m[38;2;0;0;0m[48;2;35;0;0m▀[0m[38;2;0;0;0m[48;2;0;0;0m▀[0m[38;2;0;0;0m[48;2;0;0;0m▀[0m[38;2;255;255;255m[48;2;248;252;251m▀[0m[38;2;255;255;255m[48;2;255;255;255m▀[0m[38;2;251;255;255m[48;2;255;255;255m▀[0m[38;2;239;243;245m[48;2;247;250;252m▀[0m[38;2;236;240;242m[48;2;239;243;245m▀[0m[38;2;234;238;240m[48;2;237;241;243m▀[0m[38;2;232;237;241m[48;2;236;240;242m▀[0m[38;2;233;237;241m[48;2;236;240;244m▀[0m[38;2;233;237;241m[48;2;236;240;242m▀[0m[38;2;233;237;241m[48;2;236;240;242m▀[0m[38;2;233;237;241m[48;2;236;240;242m▀[0m[38;2;233;237;241m[48;2;236;240;242m▀[0m
[38;2;209;212;213m[48;2;255;255;255m▀[0m[38;2;231;234;234m[48;2;228;232;234m▀[0m[38;2;252;252;254m[48;2;228;231;232m▀[0m[38;2;242;245;245m[48;2;252;252;255m▀[0m[38;2;239;243;245m[48;2;248;252;254m▀[0m[38;2;239;243;245m[48;2;243;247;246m▀[0m[38;2;239;243;245m[48;2;244;247;249m▀[0m[38;2;240;243;245m[48;2;241;245;247m▀[0m[38;2;242;245;247m[48;2;243;246;248m▀[0m[38;2;243;247;249m[48;2;244;248;250m▀[0m[38;2;247;250;252m[48;2;244;248;250m▀[0m[38;2;255;255;255m[48;2;255;255;255m▀[0m[38;2;255;255;255m[48;2;255;255;255m▀[0m[38;2;255;255;255m[48;2;255;255;255m▀[0m[38;2;0;0;0m[48;2;0;0;0m▀[0m[38;2;0;0;0m[48;2;0;0;0m▀[0m[38;2;0;0;0m[48;2;0;0;0m▀[0m[38;2;0;0;0m[48;2;29;66;66m▀[0m[38;2;116;0;0m[48;2;0;0;0m▀[0m[38;2;155;0;0m[48;2;0;0;0m▀[0m[38;2;0;0;0m[48;2;23;60;58m▀[0m[38;2;0;0;0m[48;2;0;0;0m▀[0m[38;2;0;0;0m[48;2;0;0;0m▀[0m[38;2;0;0;0m[48;2;0;0;0m▀[0m[38;2;172;174;175m[48;2;111;111;112m▀[0m[38;2;255;255;255m[48;2;255;255;255m▀[0m[38;2;255;255;255m[48;2;255;255;255m▀[0m[38;2;248;251;254m[48;2;246;251;255m▀[0m[38;2;242;245;247m[48;2;243;246;248m▀[0m[38;2;240;243;245m[48;2;245;248;247m▀[0m[38;2;240;243;245m[48;2;246;249;248m▀[0m[38;2;243;243;245m[48;2;254;254;252m▀[0m[38;2;242;245;245m[48;2;255;255;255m▀[0m[38;2;243;245;243m[48;2;255;255;255m▀[0m[38;2;243;246;247m[48;2;255;255;255m▀[0m[38;2;246;248;249m[48;2;255;255;255m▀[0m
[38;2;206;224;235m[48;2;104;151;176m▀[0m[38;2;255;255;255m[48;2;164;197;213m▀[0m[38;2;255;255;255m[48;2;255;255;255m▀[0m[38;2;226;228;229m[48;2;255;255;255m▀[0m[38;2;246;245;246m[48;2;245;236;231m▀[0m[38;2;255;255;255m[48;2;243;236;235m▀[0m[38;2;252;255;255m[48;2;255;255;255m▀[0m[38;2;255;255;255m[48;2;255;255;255m▀[0m[38;2;255;255;255m[48;2;249;251;253m▀[0m[38;2;250;252;255m[48;2;255;255;255m▀[0m[38;2;250;252;253m[48;2;255;255;255m▀[0m[38;2;255;255;255m[48;2;255;255;255m▀[0m[38;2;255;255;255m[48;2;255;255;255m▀[0m[38;2;255;255;255m[48;2;237;240;240m▀[0m[38;2;0;0;0m[48;2;0;0;0m▀[0m[38;2;0;0;0m[48;2;0;0;0m▀[0m[38;2;3;2;2m[48;2;123;109;106m▀[0m[38;2;83;49;49m[48;2;225;34;34m▀[0m[38;2;0;0;0m[48;2;158;169;167m▀[0m[38;2;0;0;0m[48;2;163;193;193m▀[0m[38;2;86;41;41m[48;2;211;140;140m▀[0m[38;2;85;6;6m[48;2;215;122;122m▀[0m[38;2;0;0;0m[48;2;0;12;15m▀[0m[38;2;0;0;0m[48;2;0;0;0m▀[0m[38;2;56;60;59m[48;2;0;1;0m▀[0m[38;2;255;255;255m[48;2;255;255;255m▀[0m[38;2;255;255;255m[48;2;255;255;255m▀[0m[38;2;253;255;255m[48;2;255;255;255m▀[0m[38;2;247;250;253m[48;2;255;255;255m▀[0m[38;2;255;255;255m[48;2;255;255;255m▀[0m[38;2;255;255;255m[48;2;206;224;234m▀[0m[38;2;255;255;255m[48;2;129;178;194m▀[0m[38;2;255;255;255m[48;2;138;178;197m▀[0m[38;2;240;244;249m[48;2;128;175;197m▀[0m[38;2;245;249;250m[48;2;159;198;216m▀[0m[38;2;175;205;220m[48;2;144;185;207m▀[0m
[38;2;113;152;172m[48;2;158;189;205m▀[0m[38;2;113;157;178m[48;2;132;167;187m▀[0m[38;2;121;165;187m[48;2;149;182;201m▀[0m[38;2;157;187;204m[48;2;128;170;189m▀[0m[38;2;206;233;249m[48;2;111;155;181m▀[0m[38;2;210;228;240m[48;2;162;203;227m▀[0m[38;2;233;229;232m[48;2;160;196;220m▀[0m[38;2;79;75;75m[48;2;83;112;125m▀[0m[38;2;144;139;138m[48;2;131;146;157m▀[0m[38;2;255;255;255m[48;2;255;255;255m▀[0m[38;2;255;255;255m[48;2;255;255;255m▀[0m[38;2;255;255;255m[48;2;255;255;255m▀[0m[38;2;255;255;255m[48;2;255;255;255m▀[0m[38;2;255;255;255m[48;2;255;255;255m▀[0m[38;2;0;0;0m[48;2;0;0;0m▀[0m[38;2;0;0;0m[48;2;0;0;0m▀[0m[38;2;95;129;132m[48;2;225;0;0m▀[0m[38;2;188;245;248m[48;2;218;168;168m▀[0m[38;2;203;224;227m[48;2;108;126;126m▀[0m[38;2;202;238;238m[48;2;27;0;0m▀[0m[38;2;191;225;225m[48;2;137;176;176m▀[0m[38;2;170;216;218m[48;2;243;40;40m▀[0m[38;2;0;0;0m[48;2;41;0;0m▀[0m[38;2;0;0;0m[48;2;0;0;0m▀[0m[38;2;47;49;47m[48;2;204;201;203m▀[0m[38;2;255;255;255m[48;2;255;255;255m▀[0m[38;2;255;255;255m[48;2;230;252;255m▀[0m[38;2;255;255;255m[48;2;168;208;227m▀[0m[38;2;221;234;241m[48;2;155;197;214m▀[0m[38;2;174;205;220m[48;2;156;194;213m▀[0m[38;2;121;173;191m[48;2;167;202;221m▀[0m[38;2;140;185;202m[48;2;181;212;225m▀[0m[38;2;161;198;216m[48;2;190;221;233m▀[0m[38;2;180;210;228m[48;2;164;194;209m▀[0m[38;2;157;190;210m[48;2;144;179;196m▀[0m[38;2;131;169;189m[48;2;157;188;203m▀[0m
[38;2;177;209;225m[48;2;255;255;255m▀[0m[38;2;160;192;212m[48;2;255;255;255m▀[0m[38;2;170;212;229m[48;2;189;208;221m▀[0m[38;2;206;246;255m[48;2;26;34;40m▀[0m[38;2;186;221;241m[48;2;114;141;155m▀[0m[38;2;150;187;206m[48;2;186;228;251m▀[0m[38;2;182;226;245m[48;2;178;222;241m▀[0m[38;2;116;153;170m[48;2;88;118;133m▀[0m[38;2;49;74;86m[48;2;21;30;39m▀[0m[38;2;177;228;248m[48;2;169;210;232m▀[0m[38;2;164;203;225m[48;2;169;210;232m▀[0m[38;2;200;229;253m[48;2;167;215;241m▀[0m[38;2;229;252;255m[48;2;173;205;221m▀[0m[38;2;255;255;255m[48;2;196;195;185m▀[0m[38;2;195;202;202m[48;2;163;171;169m▀[0m[38;2;0;0;0m[48;2;101;119;120m▀[0m[38;2;194;23;24m[48;2;40;100;101m▀[0m[38;2;255;77;76m[48;2;46;112;112m▀[0m[38;2;50;43;43m[48;2;0;0;0m▀[0m[38;2;129;27;21m[48;2;0;0;0m▀[0m[38;2;0;14;14m[48;2;0;10;14m▀[0m[38;2;255;171;171m[48;2;97;166;170m▀[0m[38;2;48;2;4m[48;2;75;110;110m▀[0m[38;2;92;124;124m[48;2;149;160;158m▀[0m[38;2;255;255;255m[48;2;174;172;166m▀[0m[38;2;230;253;255m[48;2;202;194;188m▀[0m[38;2;171;214;237m[48;2;164;196;212m▀[0m[38;2;170;210;228m[48;2;171;212;232m▀[0m[38;2;181;219;234m[48;2;117;149;165m▀[0m[38;2;175;207;224m[48;2;151;189;206m▀[0m[38;2;174;209;222m[48;2;183;218;233m▀[0m[38;2;176;208;220m[48;2;191;226;245m▀[0m[38;2;186;217;233m[48;2;151;184;203m▀[0m[38;2;192;229;247m[48;2;58;72;83m▀[0m[38;2;188;225;242m[48;2;113;135;144m▀[0m[38;2;173;204;221m[48;2;234;255;255m▀[0m
[38;2;188;190;193m[48;2;0;0;0m▀[0m[38;2;184;188;189m[48;2;0;0;0m▀[0m[38;2;83;82;82m[48;2;0;0;0m▀[0m[38;2;0;0;0m[48;2;0;0;0m▀[0m[38;2;88;97;106m[48;2;132;148;155m▀[0m[38;2;255;255;255m[48;2;251;255;255m▀[0m[38;2;255;255;255m[48;2;235;240;244m▀[0m[38;2;162;186;196m[48;2;149;158;161m▀[0m[38;2;177;192;198m[48;2;136;143;148m▀[0m[38;2;255;255;255m[48;2;215;217;219m▀[0m[38;2;219;239;249m[48;2;164;167;170m▀[0m[38;2;232;255;255m[48;2;189;194;199m▀[0m[38;2;192;210;210m[48;2;155;178;181m▀[0m[38;2;115;126;121m[48;2;128;70;66m▀[0m[38;2;75;112;114m[48;2;255;0;0m▀[0m[38;2;160;188;192m[48;2;255;236;232m▀[0m[38;2;194;202;206m[48;2;255;255;255m▀[0m[38;2;172;121;121m[48;2;255;255;255m▀[0m[38;2;156;136;134m[48;2;255;17;14m▀[0m[38;2;116;177;172m[48;2;255;0;0m▀[0m[38;2;162;138;139m[48;2;255;0;0m▀[0m[38;2;169;111;109m[48;2;255;255;255m▀[0m[38;2;176;194;190m[48;2;255;255;255m▀[0m[38;2;133;165;163m[48;2;255;185;180m▀[0m[38;2;79;124;121m[48;2;205;0;0m▀[0m[38;2;122;123;115m[48;2;102;119;110m▀[0m[38;2;185;200;208m[48;2;165;174;172m▀[0m[38;2;215;246;255m[48;2;255;255;255m▀[0m[38;2;154;172;178m[48;2;222;221;218m▀[0m[38;2;233;254;255m[48;2;179;184;188m▀[0m[38;2;247;255;255m[48;2;170;177;185m▀[0m[38;2;248;255;255m[48;2;205;208;210m▀[0m[38;2;150;160;168m[48;2;148;156;162m▀[0m[38;2;0;0;0m[48;2;18;31;39m▀[0m[38;2;16;7;3m[48;2;0;0;0m▀[0m[38;2;215;223;228m[48;2;15;23;22m▀[0m
[38;2;31;44;55m[48;2;0;0;1m▀[0m[38;2;45;58;69m[48;2;0;6;14m▀[0m[38;2;16;19;24m[48;2;0;3;7m▀[0m[38;2;0;0;0m[48;2;0;0;0m▀[0m[38;2;58;71;79m[48;2;2;16;19m▀[0m[38;2;0;0;0m[48;2;79;100;113m▀[0m[38;2;0;0;1m[48;2;142;168;184m▀[0m[38;2;0;5;18m[48;2;126;150;163m▀[0m[38;2;0;0;7m[48;2;134;152;162m▀[0m[38;2;13;32;45m[48;2;182;209;223m▀[0m[38;2;64;84;94m[48;2;167;193;210m▀[0m[38;2;98;118;137m[48;2;205;244;255m▀[0m[38;2;97;132;133m[48;2;44;72;79m▀[0m[38;2;155;47;36m[48;2;125;140;136m▀[0m[38;2;255;43;26m[48;2;159;198;196m▀[0m[38;2;164;157;151m[48;2;163;186;185m▀[0m[38;2;153;177;176m[48;2;132;140;141m▀[0m[38;2;210;255;255m[48;2;84;114;112m▀[0m[38;2;255;255;255m[48;2;226;211;207m▀[0m[38;2;255;20;14m[48;2;255;221;217m▀[0m[38;2;255;255;255m[48;2;245;255;255m▀[0m[38;2;210;239;235m[48;2;106;106;104m▀[0m[38;2;172;162;161m[48;2;146;141;140m▀[0m[38;2;215;154;153m[48;2;147;189;187m▀[0m[38;2;255;0;0m[48;2;168;178;175m▀[0m[38;2;137;97;90m[48;2;110;107;101m▀[0m[38;2;97;122;125m[48;2;35;55;56m▀[0m[38;2;78;101;127m[48;2;205;230;249m▀[0m[38;2;46;60;80m[48;2;183;209;223m▀[0m[38;2;0;0;14m[48;2;178;202;219m▀[0m[38;2;0;0;6m[48;2;150;166;181m▀[0m[38;2;0;0;0m[48;2;117;130;142m▀[0m[38;2;22;31;40m[48;2;46;51;57m▀[0m[38;2;52;68;79m[48;2;0;0;0m▀[0m[38;2;5;12;16m[48;2;0;0;0m▀[0m[38;2;20;24;33m[48;2;9;15;25m▀[0m
[38;2;95;119;130m[48;2;148;168;177m▀[0m[38;2;126;150;164m[48;2;149;170;179m▀[0m[38;2;111;131;139m[48;2;166;192;202m▀[0m[38;2;89;101;106m[48;2;190;218;230m▀[0m[38;2;116;130;138m[48;2;181;201;211m▀[0m[38;2;182;195;209m[48;2;147;136;145m▀[0m[38;2;159;167;177m[48;2;176;166;175m▀[0m[38;2;126;127;140m[48;2;206;210;220m▀[0m[38;2;142;126;143m[48;2;222;231;241m▀[0m[38;2;180;181;198m[48;2;255;255;255m▀[0m[38;2;192;218;235m[48;2;255;255;255m▀[0m[38;2;255;255;255m[48;2;239;255;255m▀[0m[38;2;133;127;136m[48;2;113;115;135m▀[0m[38;2;65;39;33m[48;2;69;0;0m▀[0m[38;2;199;216;216m[48;2;0;0;0m▀[0m[38;2;92;95;95m[48;2;0;0;0m▀[0m[38;2;63;70;71m[48;2;173;175;173m▀[0m[38;2;244;255;255m[48;2;173;181;182m▀[0m[38;2;255;255;255m[48;2;138;134;133m▀[0m[38;2;220;108;106m[48;2;172;84;81m▀[0m[38;2;225;242;243m[48;2;123;141;139m▀[0m[38;2;228;227;228m[48;2;185;180;179m▀[0m[38;2;36;46;47m[48;2;138;137;134m▀[0m[38;2;145;150;151m[48;2;0;0;0m▀[0m[38;2;228;245;242m[48;2;19;0;0m▀[0m[38;2;0;0;0m[48;2;17;0;0m▀[0m[38;2;108;124;132m[48;2;176;201;219m▀[0m[38;2;255;255;255m[48;2;255;255;255m▀[0m[38;2;157;135;150m[48;2;255;255;255m▀[0m[38;2;145;124;135m[48;2;227;240;254m▀[0m[38;2;151;173;188m[48;2;201;222;232m▀[0m[38;2;181;201;222m[48;2;170;186;201m▀[0m[38;2;146;168;181m[48;2;148;166;179m▀[0m[38;2;125;145;154m[48;2;157;175;191m▀[0m[38;2;137;160;169m[48;2;167;188;202m▀[0m[38;2;153;186;195m[48;2;136;157;165m▀[0m
[38;2;102;90;87m[48;2;255;255;255m▀[0m[38;2;110;67;76m[48;2;255;247;247m▀[0m[38;2;167;132;150m[48;2;222;211;212m▀[0m[38;2;195;201;216m[48;2;186;193;201m▀[0m[38;2;209;224;238m[48;2;153;167;176m▀[0m[38;2;218;219;237m[48;2;150;172;183m▀[0m[38;2;220;227;243m[48;2;152;185;195m▀[0m[38;2;248;255;255m[48;2;76;103;120m▀[0m[38;2;209;239;255m[48;2;25;45;62m▀[0m[38;2;135;159;174m[48;2;0;0;0m▀[0m[38;2;108;130;145m[48;2;0;0;0m▀[0m[38;2;0;11;25m[48;2;111;139;151m▀[0m[38;2;71;105;115m[48;2;233;255;255m▀[0m[38;2;14;0;0m[48;2;0;0;0m▀[0m[38;2;0;0;0m[48;2;0;0;0m▀[0m[38;2;136;146;147m[48;2;147;148;145m▀[0m[38;2;165;164;162m[48;2;133;131;129m▀[0m[38;2;124;122;120m[48;2;179;178;176m▀[0m[38;2;124;125;121m[48;2;193;196;195m▀[0m[38;2;127;133;132m[48;2;133;130;132m▀[0m[38;2;120;122;120m[48;2;206;206;204m▀[0m[38;2;128;131;128m[48;2;162;160;157m▀[0m[38;2;165;167;168m[48;2;132;132;129m▀[0m[38;2;65;76;78m[48;2;134;137;139m▀[0m[38;2;0;0;0m[48;2;0;0;0m▀[0m[38;2;48;0;0m[48;2;0;0;0m▀[0m[38;2;4;37;53m[48;2;112;146;157m▀[0m[38;2;114;141;159m[48;2;0;0;0m▀[0m[38;2;189;228;241m[48;2;0;15;28m▀[0m[38;2;246;255;255m[48;2;23;48;63m▀[0m[38;2;231;239;252m[48;2;111;142;158m▀[0m[38;2;215;228;241m[48;2;159;183;194m▀[0m[38;2;198;200;216m[48;2;195;211;221m▀[0m[38;2;173;169;185m[48;2;215;224;228m▀[0m[38;2;133;60;78m[48;2;255;255;255m▀[0m[38;2;93;0;0m[48;2;255;255;255m▀[0m
[38;2;225;228;225m[48;2;105;107;105m▀[0m[38;2;255;255;255m[48;2;111;110;104m▀[0m[38;2;255;255;255m[48;2;113;111;105m▀[0m[38;2;255;255;255m[48;2;117;118;114m▀[0m[38;2;255;255;255m[48;2;132;132;128m▀[0m[38;2;255;255;255m[48;2;163;158;156m▀[0m[38;2;250;245;244m[48;2;223;218;213m▀[0m[38;2;146;151;153m[48;2;255;255;255m▀[0m[38;2;0;0;0m[48;2;255;255;255m▀[0m[38;2;0;0;0m[48;2;247;151;150m▀[0m[38;2;151;198;216m[48;2;255;175;181m▀[0m[38;2;255;255;255m[48;2;255;255;255m▀[0m[38;2;40;48;49m[48;2;0;0;0m▀[0m[38;2;0;0;0m[48;2;18;13;12m▀[0m[38;2;24;27;24m[48;2;255;255;255m▀[0m[38;2;147;145;148m[48;2;255;255;255m▀[0m[38;2;208;210;211m[48;2;246;250;250m▀[0m[38;2;255;255;255m[48;2;238;238;238m▀[0m[38;2;255;255;255m[48;2;224;224;224m▀[0m[38;2;255;255;255m[48;2;231;231;231m▀[0m[38;2;255;255;255m[48;2;230;230;228m▀[0m[38;2;255;255;255m[48;2;253;255;255m▀[0m[38;2;196;197;194m[48;2;255;255;255m▀[0m[38;2;140;139;139m[48;2;255;255;255m▀[0m[38;2;0;0;0m[48;2;222;218;217m▀[0m[38;2;0;0;0m[48;2;0;0;0m▀[0m[38;2;169;196;204m[48;2;57;75;71m▀[0m[38;2;128;179;194m[48;2;255;185;187m▀[0m[38;2;0;0;0m[48;2;255;133;125m▀[0m[38;2;85;92;94m[48;2;255;255;255m▀[0m[38;2;206;209;210m[48;2;206;201;196m▀[0m[38;2;254;250;246m[48;2;146;144;138m▀[0m[38;2;251;246;240m[48;2;120;118;115m▀[0m[38;2;235;233;227m[48;2;118;114;110m▀[0m[38;2;217;216;213m[48;2;122;118;116m▀[0m[38;2;187;186;182m[48;2;121;121;117m▀[0m
