[38;2;47;50;49m[48;2;134;134;135m▀[0m[38;2;163;163;161m[48;2;161;161;159m▀[0m[38;2;172;172;169m[48;2;177;177;175m▀[0m[38;2;164;167;164m[48;2;128;128;128m▀[0m[38;2;1;3;4m[48;2;16;18;18m▀[0m[38;2;0;0;0m[48;2;0;0;0m▀[0m[38;2;121;123;123m[48;2;2;1;1m▀[0m[38;2;53;52;52m[48;2;15;17;17m▀[0m[38;2;28;28;29m[48;2;125;127;127m▀[0m[38;2;0;0;0m[48;2;12;11;11m▀[0m[38;2;0;0;0m[48;2;0;0;0m▀[0m[38;2;0;0;0m[48;2;32;37;37m▀[0m[38;2;32;37;37m[48;2;0;0;0m▀[0m[38;2;130;139;139m[48;2;0;0;0m▀[0m[38;2;119;130;132m[48;2;0;0;0m▀[0m[38;2;110;117;117m[48;2;61;111;113m▀[0m[38;2;231;239;239m[48;2;117;146;146m▀[0m[38;2;255;255;255m[48;2;255;255;255m▀[0m[38;2;255;255;255m[48;2;255;255;255m▀[0m[38;2;168;168;168m[48;2;255;255;255m▀[0m[38;2;63;66;66m[48;2;131;133;133m▀[0m[38;2;157;158;154m[48;2;211;214;214m▀[0m[38;2;81;84;84m[48;2;101;105;105m▀[0m[38;2;0;0;0m[48;2;0;0;0m▀[0m[38;2;0;0;0m[48;2;0;0;0m▀[0m[38;2;0;0;1m[48;2;0;0;0m▀[0m[38;2;0;0;0m[48;2;0;0;0m▀[0m[38;2;145;147;147m[48;2;153;152;152m▀[0m[38;2;0;0;0m[48;2;165;164;162m▀[0m[38;2;68;71;71m[48;2;113;113;113m▀[0m[38;2;202;205;202m[48;2;185;186;183m▀[0m[38;2;117;118;115m[48;2;172;171;171m▀[0m[38;2;0;0;0m[48;2;16;19;16m▀[0m[38;2;0;0;0m[48;2;0;0;0m▀[0m[38;2;0;2;2m[48;2;79;79;79m▀[0m[38;2;0;0;0m[48;2;25;25;25m▀[0m
[38;2;135;135;133m[48;2;159;159;157m▀[0m[38;2;133;136;135m[48;2;83;83;84m▀[0m[38;2;196;193;193m[48;2;199;199;196m▀[0m[38;2;120;123;120m[48;2;75;78;75m▀[0m[38;2;0;0;0m[48;2;0;0;0m▀[0m[38;2;0;0;0m[48;2;0;0;0m▀[0m[38;2;3;3;5m[48;2;0;0;0m▀[0m[38;2;0;0;0m[48;2;0;0;0m▀[0m[38;2;74;73;73m[48;2;121;124;121m▀[0m[38;2;239;240;236m[48;2;208;213;212m▀[0m[38;2;99;104;103m[48;2;133;150;148m▀[0m[38;2;78;94;92m[48;2;0;0;0m▀[0m[38;2;0;32;35m[48;2;0;24;32m▀[0m[38;2;0;0;0m[48;2;134;0;0m▀[0m[38;2;52;0;0m[48;2;255;0;0m▀[0m[38;2;49;0;0m[48;2;255;0;0m▀[0m[38;2;35;93;93m[48;2;204;11;0m▀[0m[38;2;187;223;223m[48;2;50;150;157m▀[0m[38;2;255;255;255m[48;2;255;255;255m▀[0m[38;2;255;255;255m[48;2;211;228;229m▀[0m[38;2;50;55;55m[48;2;0;0;0m▀[0m[38;2;16;25;25m[48;2;0;15;16m▀[0m[38;2;14;36;39m[48;2;23;56;58m▀[0m[38;2;0;0;0m[48;2;0;0;0m▀[0m[38;2;8;17;16m[48;2;73;118;119m▀[0m[38;2;255;255;255m[48;2;255;255;255m▀[0m[38;2;255;255;255m[48;2;255;255;255m▀[0m[38;2;0;0;0m[48;2;35;39;36m▀[0m[38;2;190;190;190m[48;2;16;19;19m▀[0m[38;2;179;180;177m[48;2;185;186;183m▀[0m[38;2;180;180;177m[48;2;199;202;197m▀[0m[38;2;176;178;178m[48;2;137;136;136m▀[0m[38;2;26;29;29m[48;2;0;0;0m▀[0m[38;2;0;0;0m[48;2;0;0;0m▀[0m[38;2;101;104;101m[48;2;82;85;85m▀[0m[38;2;82;85;85m[48;2;8;8;10m▀[0m
[38;2;189;189;187m[48;2;129;129;127m▀[0m[38;2;126;129;128m[48;2;202;201;202m▀[0m[38;2;39;38;39m[48;2;10;12;13m▀[0m[38;2;0;0;0m[48;2;37;39;39m▀[0m[38;2;0;0;0m[48;2;0;0;0m▀[0m[38;2;0;0;0m[48;2;0;0;0m▀[0m[38;2;72;74;74m[48;2;120;122;122m▀[0m[38;2;145;146;143m[48;2;137;140;140m▀[0m[38;2;195;199;196m[48;2;196;204;204m▀[0m[38;2;203;211;212m[48;2;125;142;143m▀[0m[38;2;120;146;145m[48;2;0;14;18m▀[0m[38;2;0;0;0m[48;2;34;0;0m▀[0m[38;2;98;0;0m[48;2;255;21;0m▀[0m[38;2;255;0;0m[48;2;255;50;34m▀[0m[38;2;255;45;26m[48;2;251;154;149m▀[0m[38;2;255;77;54m[48;2;255;90;71m▀[0m[38;2;255;0;0m[48;2;208;176;174m▀[0m[38;2;152;96;91m[48;2;255;0;0m▀[0m[38;2;175;255;255m[48;2;153;209;214m▀[0m[38;2;179;217;220m[48;2;0;36;39m▀[0m[38;2;0;10;16m[48;2;0;0;0m▀[0m[38;2;0;40;44m[48;2;44;0;0m▀[0m[38;2;255;2;0m[48;2;255;0;0m▀[0m[38;2;210;0;0m[48;2;255;0;0m▀[0m[38;2;0;3;10m[48;2;255;33;9m▀[0m[38;2;255;255;255m[48;2;0;37;42m▀[0m[38;2;255;255;255m[48;2;12;64;65m▀[0m[38;2;150;160;159m[48;2;0;0;0m▀[0m[38;2;0;0;0m[48;2;0;0;0m▀[0m[38;2;54;53;53m[48;2;0;0;0m▀[0m[38;2;226;228;226m[48;2;1;1;1m▀[0m[38;2;104;105;102m[48;2;0;0;0m▀[0m[38;2;0;0;0m[48;2;0;0;0m▀[0m[38;2;0;0;0m[48;2;0;0;0m▀[0m[38;2;89;94;94m[48;2;3;1;4m▀[0m[38;2;0;0;0m[48;2;0;0;0m▀[0m
[38;2;0;0;0m[48;2;104;104;104m▀[0m[38;2;46;45;45m[48;2;85;84;85m▀[0m[38;2;213;214;211m[48;2;109;111;109m▀[0m[38;2;163;167;164m[48;2;183;182;179m▀[0m[38;2;124;126;126m[48;2;121;122;119m▀[0m[38;2;61;63;63m[48;2;88;91;91m▀[0m[38;2;0;0;0m[48;2;32;35;35m▀[0m[38;2;67;71;71m[48;2;0;0;0m▀[0m[38;2;35;44;48m[48;2;0;0;0m▀[0m[38;2;0;0;0m[48;2;0;0;0m▀[0m[38;2;0;0;0m[48;2;127;0;0m▀[0m[38;2;255;0;0m[48;2;255;129;100m▀[0m[38;2;255;255;255m[48;2;255;75;57m▀[0m[38;2;246;115;99m[48;2;255;0;0m▀[0m[38;2;255;0;0m[48;2;255;0;0m▀[0m[38;2;255;33;16m[48;2;197;156;153m▀[0m[38;2;232;255;255m[48;2;225;255;255m▀[0m[38;2;140;0;0m[48;2;201;255;255m▀[0m[38;2;251;0;0m[48;2;255;0;0m▀[0m[38;2;255;0;0m[48;2;255;0;0m▀[0m[38;2;210;0;0m[48;2;143;55;51m▀[0m[38;2;208;230;241m[48;2;0;182;156m▀[0m[38;2;255;37;18m[48;2;32;105;99m▀[0m[38;2;255;0;0m[48;2;111;0;0m▀[0m[38;2;255;0;0m[48;2;255;0;0m▀[0m[38;2;198;0;0m[48;2;255;0;0m▀[0m[38;2;0;0;0m[48;2;0;0;0m▀[0m[38;2;0;0;0m[48;2;0;0;0m▀[0m[38;2;0;0;0m[48;2;49;56;56m▀[0m[38;2;19;22;22m[48;2;231;234;231m▀[0m[38;2;39;39;39m[48;2;100;100;100m▀[0m[38;2;0;0;0m[48;2;192;191;192m▀[0m[38;2;0;0;0m[48;2;93;92;92m▀[0m[38;2;0;0;0m[48;2;0;0;0m▀[0m[38;2;0;0;0m[48;2;0;0;0m▀[0m[38;2;0;0;0m[48;2;0;0;0m▀[0m
[38;2;204;206;206m[48;2;149;148;149m▀[0m[38;2;150;149;149m[48;2;155;155;155m▀[0m[38;2;55;57;58m[48;2;117;119;120m▀[0m[38;2;72;74;74m[48;2;62;66;63m▀[0m[38;2;61;64;61m[48;2;28;31;31m▀[0m[38;2;84;84;84m[48;2;115;118;115m▀[0m[38;2;124;127;127m[48;2;194;194;192m▀[0m[38;2;60;68;68m[48;2;115;121;119m▀[0m[38;2;0;0;0m[48;2;0;40;42m▀[0m[38;2;0;0;0m[48;2;0;0;0m▀[0m[38;2;255;0;0m[48;2;255;0;0m▀[0m[38;2;255;42;11m[48;2;255;0;0m▀[0m[38;2;255;0;0m[48;2;255;0;0m▀[0m[38;2;255;0;0m[48;2;255;0;0m▀[0m[38;2;253;0;0m[48;2;6;11;16m▀[0m[38;2;91;181;183m[48;2;68;187;185m▀[0m[38;2;0;88;58m[48;2;0;132;51m▀[0m[38;2;148;255;255m[48;2;199;249;235m▀[0m[38;2;255;69;56m[48;2;217;188;191m▀[0m[38;2;160;0;0m[48;2;237;253;248m▀[0m[38;2;185;225;228m[48;2;255;255;255m▀[0m[38;2;23;162;93m[48;2;255;255;255m▀[0m[38;2;177;255;255m[48;2;255;255;255m▀[0m[38;2;66;143;150m[48;2;217;147;139m▀[0m[38;2;255;0;0m[48;2;229;0;0m▀[0m[38;2;255;0;0m[48;2;207;0;0m▀[0m[38;2;0;0;0m[48;2;0;0;0m▀[0m[38;2;0;0;0m[48;2;0;0;0m▀[0m[38;2;170;178;177m[48;2;149;153;155m▀[0m[38;2;211;214;209m[48;2;91;91;89m▀[0m[38;2;141;144;141m[48;2;11;14;14m▀[0m[38;2;231;234;231m[48;2;78;77;77m▀[0m[38;2;136;140;142m[48;2;104;107;107m▀[0m[38;2;0;0;0m[48;2;1;0;2m▀[0m[38;2;17;17;17m[48;2;107;109;109m▀[0m[38;2;59;59;59m[48;2;108;111;111m▀[0m
[38;2;155;155;153m[48;2;165;165;166m▀[0m[38;2;113;113;113m[48;2;125;127;125m▀[0m[38;2;112;114;112m[48;2;168;170;168m▀[0m[38;2;144;147;144m[48;2;188;188;186m▀[0m[38;2;125;128;127m[48;2;181;181;181m▀[0m[38;2;31;30;31m[48;2;91;90;91m▀[0m[38;2;126;129;129m[48;2;0;0;0m▀[0m[38;2;163;171;170m[48;2;0;0;1m▀[0m[38;2;0;27;29m[48;2;0;0;0m▀[0m[38;2;20;31;29m[48;2;0;0;0m▀[0m[38;2;255;0;0m[48;2;153;0;0m▀[0m[38;2;255;2;0m[48;2;255;0;0m▀[0m[38;2;255;0;0m[48;2;255;0;0m▀[0m[38;2;255;0;0m[48;2;255;0;0m▀[0m[38;2;158;90;87m[48;2;255;0;0m▀[0m[38;2;211;255;255m[48;2;163;165;165m▀[0m[38;2;255;255;255m[48;2;255;255;255m▀[0m[38;2;255;255;255m[48;2;255;255;255m▀[0m[38;2;255;255;255m[48;2;255;255;255m▀[0m[38;2;255;255;255m[48;2;255;255;255m▀[0m[38;2;255;255;255m[48;2;201;214;216m▀[0m[38;2;255;255;255m[48;2;123;136;136m▀[0m[38;2;255;255;255m[48;2;255;255;255m▀[0m[38;2;241;237;236m[48;2;255;255;255m▀[0m[38;2;104;0;0m[48;2;195;44;31m▀[0m[38;2;47;0;0m[48;2;0;0;0m▀[0m[38;2;44;6;1m[48;2;0;47;51m▀[0m[38;2;0;0;0m[48;2;0;0;0m▀[0m[38;2;136;147;149m[48;2;203;206;206m▀[0m[38;2;39;39;40m[48;2;126;126;126m▀[0m[38;2;71;71;71m[48;2;182;182;179m▀[0m[38;2;128;128;128m[48;2;196;196;196m▀[0m[38;2;162;165;162m[48;2;128;130;130m▀[0m[38;2;87;90;90m[48;2;0;0;0m▀[0m[38;2;213;212;212m[48;2;152;153;150m▀[0m[38;2;77;80;80m[48;2;27;25;28m▀[0m
[38;2;71;74;75m[48;2;25;25;26m▀[0m[38;2;139;142;139m[48;2;172;172;172m▀[0m[38;2;0;0;0m[48;2;76;75;73m▀[0m[38;2;114;117;114m[48;2;0;0;0m▀[0m[38;2;199;199;199m[48;2;124;126;127m▀[0m[38;2;166;168;166m[48;2;183;185;183m▀[0m[38;2;150;150;148m[48;2;203;206;203m▀[0m[38;2;73;75;73m[48;2;213;216;215m▀[0m[38;2;0;13;13m[48;2;216;226;226m▀[0m[38;2;0;0;0m[48;2;199;222;225m▀[0m[38;2;24;0;0m[48;2;123;169;172m▀[0m[38;2;188;0;0m[48;2;0;1;2m▀[0m[38;2;147;0;0m[48;2;1;18;22m▀[0m[38;2;255;0;0m[48;2;16;88;96m▀[0m[38;2;255;0;0m[48;2;221;0;0m▀[0m[38;2;255;0;0m[48;2;186;0;0m▀[0m[38;2;197;45;38m[48;2;111;165;165m▀[0m[38;2;217;238;242m[48;2;252;255;255m▀[0m[38;2;255;255;255m[48;2;255;255;255m▀[0m[38;2;160;146;147m[48;2;255;172;168m▀[0m[38;2;140;135;137m[48;2;255;198;194m▀[0m[38;2;191;205;208m[48;2;255;255;255m▀[0m[38;2;255;255;255m[48;2;255;255;255m▀[0m[38;2;255;255;255m[48;2;176;75;65m▀[0m[38;2;72;0;0m[48;2;245;0;0m▀[0m[38;2;0;0;0m[48;2;0;0;0m▀[0m[38;2;0;26;30m[48;2;2;23;28m▀[0m[38;2;0;0;0m[48;2;0;0;0m▀[0m[38;2;147;150;147m[48;2;28;31;31m▀[0m[38;2;137;138;135m[48;2;180;182;182m▀[0m[38;2;161;164;161m[48;2;188;188;188m▀[0m[38;2;183;183;179m[48;2;188;188;186m▀[0m[38;2;103;103;105m[48;2;0;0;0m▀[0m[38;2;105;108;108m[48;2;96;98;98m▀[0m[38;2;148;151;153m[48;2;5;5;7m▀[0m[38;2;0;0;0m[48;2;0;0;0m▀[0m
[38;2;0;0;0m[48;2;0;0;0m▀[0m[38;2;88;88;88m[48;2;0;0;0m▀[0m[38;2;224;224;222m[48;2;175;176;173m▀[0m[38;2;0;0;0m[48;2;125;124;124m▀[0m[38;2;0;0;0m[48;2;0;0;0m▀[0m[38;2;86;88;89m[48;2;0;0;0m▀[0m[38;2;106;109;111m[48;2;0;0;0m▀[0m[38;2;135;138;135m[48;2;0;0;0m▀[0m[38;2;126;129;128m[48;2;0;0;0m▀[0m[38;2;123;127;128m[48;2;0;0;0m▀[0m[38;2;185;202;200m[48;2;26;30;31m▀[0m[38;2;163;199;199m[48;2;139;146;147m▀[0m[38;2;72;112;112m[48;2;159;172;171m▀[0m[38;2;131;230;237m[48;2;154;170;168m▀[0m[38;2;163;195;195m[48;2;0;87;93m▀[0m[38;2;255;0;0m[48;2;174;0;0m▀[0m[38;2;152;40;27m[48;2;255;0;0m▀[0m[38;2;255;255;255m[48;2;21;76;80m▀[0m[38;2;255;255;255m[48;2;86;134;138m▀[0m[38;2;255;255;255m[48;2;151;121;118m▀[0m[38;2;255;255;255m[48;2;161;48;39m▀[0m[38;2;255;255;255m[48;2;122;146;142m▀[0m[38;2;226;239;241m[48;2;114;125;124m▀[0m[38;2;0;0;0m[48;2;172;211;214m▀[0m[38;2;174;0;0m[48;2;51;51;49m▀[0m[38;2;115;0;0m[48;2;152;0;0m▀[0m[38;2;0;20;27m[48;2;0;27;31m▀[0m[38;2;3;3;3m[48;2;32;35;35m▀[0m[38;2;0;0;0m[48;2;0;0;0m▀[0m[38;2;104;106;106m[48;2;0;0;0m▀[0m[38;2;181;183;185m[48;2;0;0;0m▀[0m[38;2;8;10;11m[48;2;14;16;14m▀[0m[38;2;84;84;84m[48;2;229;231;231m▀[0m[38;2;187;189;189m[48;2;111;110;111m▀[0m[38;2;0;0;0m[48;2;0;0;0m▀[0m[38;2;0;0;0m[48;2;71;73;73m▀[0m
[38;2;0;0;0m[48;2;59;59;59m▀[0m[38;2;0;0;0m[48;2;0;0;0m▀[0m[38;2;0;0;0m[48;2;0;0;0m▀[0m[38;2;201;204;201m[48;2;69;71;73m▀[0m[38;2;92;91;92m[48;2;234;235;232m▀[0m[38;2;0;0;0m[48;2;182;179;179m▀[0m[38;2;0;0;0m[48;2;192;192;192m▀[0m[38;2;0;0;0m[48;2;74;76;78m▀[0m[38;2;4;4;4m[48;2;10;13;13m▀[0m[38;2;116;118;119m[48;2;26;25;26m▀[0m[38;2;164;165;162m[48;2;104;104;104m▀[0m[38;2;173;173;171m[48;2;114;111;114m▀[0m[38;2;168;170;170m[48;2;108;113;109m▀[0m[38;2;80;93;95m[48;2;88;97;95m▀[0m[38;2;57;97;97m[48;2;139;152;152m▀[0m[38;2;105;182;183m[48;2;153;213;214m▀[0m[38;2;255;0;0m[48;2;200;0;0m▀[0m[38;2;205;0;0m[48;2;200;25;9m▀[0m[38;2;33;112;113m[48;2;217;255;255m▀[0m[38;2;62;76;76m[48;2;95;100;101m▀[0m[38;2;147;161;164m[48;2;100;104;104m▀[0m[38;2;68;73;73m[48;2;114;118;115m▀[0m[38;2;219;225;224m[48;2;58;60;61m▀[0m[38;2;188;201;203m[48;2;0;1;3m▀[0m[38;2;65;73;71m[48;2;0;0;0m▀[0m[38;2;35;0;0m[48;2;0;0;0m▀[0m[38;2;18;29;31m[48;2;0;6;10m▀[0m[38;2;0;0;0m[48;2;76;81;80m▀[0m[38;2;0;0;0m[48;2;137;140;139m▀[0m[38;2;0;0;0m[48;2;164;167;167m▀[0m[38;2;4;6;6m[48;2;174;175;172m▀[0m[38;2;69;71;71m[48;2;130;129;126m▀[0m[38;2;167;169;169m[48;2;175;176;173m▀[0m[38;2;106;108;108m[48;2;71;73;71m▀[0m[38;2;0;0;0m[48;2;0;0;0m▀[0m[38;2;30;30;30m[48;2;0;11;15m▀[0m
[38;2;46;46;46m[48;2;0;0;0m▀[0m[38;2;50;50;50m[48;2;57;59;59m▀[0m[38;2;0;0;0m[48;2;28;27;27m▀[0m[38;2;14;16;18m[48;2;0;0;0m▀[0m[38;2;178;182;182m[48;2;40;44;46m▀[0m[38;2;211;211;208m[48;2;160;162;163m▀[0m[38;2;197;200;195m[48;2;159;162;159m▀[0m[38;2;222;222;219m[48;2;128;132;129m▀[0m[38;2;226;229;226m[48;2;84;86;86m▀[0m[38;2;212;214;214m[48;2;23;23;24m▀[0m[38;2;163;165;165m[48;2;76;79;80m▀[0m[38;2;91;95;95m[48;2;132;136;136m▀[0m[38;2;171;175;172m[48;2;151;153;153m▀[0m[38;2;215;217;215m[48;2;136;138;138m▀[0m[38;2;190;201;203m[48;2;38;43;43m▀[0m[38;2;127;148;149m[48;2;0;0;0m▀[0m[38;2;33;20;16m[48;2;0;0;0m▀[0m[38;2;66;76;74m[48;2;0;0;0m▀[0m[38;2;101;116;120m[48;2;0;0;0m▀[0m[38;2;23;27;28m[48;2;0;0;0m▀[0m[38;2;11;15;15m[48;2;0;0;0m▀[0m[38;2;0;0;0m[48;2;23;25;25m▀[0m[38;2;0;0;0m[48;2;52;54;52m▀[0m[38;2;0;0;0m[48;2;42;41;42m▀[0m[38;2;0;0;0m[48;2;163;163;163m▀[0m[38;2;104;112;110m[48;2;213;213;211m▀[0m[38;2;185;189;188m[48;2;205;204;202m▀[0m[38;2;213;216;215m[48;2;127;129;127m▀[0m[38;2;219;222;218m[48;2;63;65;63m▀[0m[38;2;214;216;214m[48;2;51;53;51m▀[0m[38;2;209;211;211m[48;2;63;65;65m▀[0m[38;2;227;228;225m[48;2;62;64;64m▀[0m[38;2;198;200;200m[48;2;58;60;60m▀[0m[38;2;30;29;27m[48;2;0;0;0m▀[0m[38;2;0;0;0m[48;2;0;0;0m▀[0m[38;2;24;44;49m[48;2;63;115;125m▀[0m
[38;2;249;251;249m[48;2;255;255;255m▀[0m[38;2;0;0;0m[48;2;95;95;95m▀[0m[38;2;98;98;96m[48;2;6;6;7m▀[0m[38;2;0;0;0m[48;2;9;9;11m▀[0m[38;2;0;0;0m[48;2;6;8;8m▀[0m[38;2;0;0;0m[48;2;130;138;139m▀[0m[38;2;0;0;0m[48;2;0;19;22m▀[0m[38;2;0;0;0m[48;2;0;0;0m▀[0m[38;2;0;0;0m[48;2;0;78;82m▀[0m[38;2;0;0;0m[48;2;96;141;144m▀[0m[38;2;0;0;0m[48;2;50;63;65m▀[0m[38;2;0;0;0m[48;2;28;36;40m▀[0m[38;2;0;0;0m[48;2;9;14;14m▀[0m[38;2;0;0;0m[48;2;13;16;13m▀[0m[38;2;0;0;0m[48;2;109;112;112m▀[0m[38;2;0;0;0m[48;2;105;105;105m▀[0m[38;2;52;54;54m[48;2;68;71;71m▀[0m[38;2;70;74;76m[48;2;1;4;4m▀[0m[38;2;48;51;48m[48;2;0;0;0m▀[0m[38;2;21;23;24m[48;2;0;0;0m▀[0m[38;2;90;92;90m[48;2;128;133;130m▀[0m[38;2;182;186;183m[48;2;166;165;165m▀[0m[38;2;214;215;212m[48;2;178;181;178m▀[0m[38;2;190;193;190m[48;2;153;156;156m▀[0m[38;2;139;139;136m[48;2;165;168;168m▀[0m[38;2;85;82;85m[48;2;131;134;134m▀[0m[38;2;99;98;96m[48;2;32;34;35m▀[0m[38;2;151;152;149m[48;2;0;0;0m▀[0m[38;2;123;125;123m[48;2;105;104;104m▀[0m[38;2;23;23;23m[48;2;125;125;125m▀[0m[38;2;0;0;0m[48;2;0;0;0m▀[0m[38;2;0;0;0m[48;2;0;0;0m▀[0m[38;2;0;0;0m[48;2;24;20;20m▀[0m[38;2;0;0;0m[48;2;144;134;131m▀[0m[38;2;0;0;0m[48;2;0;0;0m▀[0m[38;2;107;200;216m[48;2;144;255;255m▀[0m
[38;2;255;255;255m[48;2;255;255;255m▀[0m[38;2;255;255;255m[48;2;255;255;255m▀[0m[38;2;48;48;49m[48;2;0;0;0m▀[0m[38;2;137;140;137m[48;2;69;72;72m▀[0m[38;2;3;8;8m[48;2;200;207;207m▀[0m[38;2;94;115;114m[48;2;16;46;48m▀[0m[38;2;160;212;215m[48;2;27;61;60m▀[0m[38;2;234;24;6m[48;2;255;0;0m▀[0m[38;2;255;39;17m[48;2;227;0;0m▀[0m[38;2;168;81;72m[48;2;31;4;0m▀[0m[38;2;213;242;240m[48;2;255;255;255m▀[0m[38;2;255;255;255m[48;2;255;255;255m▀[0m[38;2;192;183;184m[48;2;255;255;255m▀[0m[38;2;3;3;4m[48;2;255;255;255m▀[0m[38;2;0;0;0m[48;2;136;137;134m▀[0m[38;2;0;0;0m[48;2;201;201;202m▀[0m[38;2;0;0;0m[48;2;80;80;80m▀[0m[38;2;0;0;0m[48;2;8;11;11m▀[0m[38;2;0;0;0m[48;2;0;0;0m▀[0m[38;2;0;0;0m[48;2;0;0;0m▀[0m[38;2;0;0;0m[48;2;0;0;0m▀[0m[38;2;0;0;0m[48;2;0;0;0m▀[0m[38;2;11;11;11m[48;2;0;0;0m▀[0m[38;2;0;0;0m[48;2;16;16;13m▀[0m[38;2;0;0;0m[48;2;28;32;31m▀[0m[38;2;0;0;0m[48;2;6;9;6m▀[0m[38;2;0;0;0m[48;2;0;0;0m▀[0m[38;2;0;0;0m[48;2;0;0;0m▀[0m[38;2;0;0;0m[48;2;0;0;0m▀[0m[38;2;0;0;0m[48;2;2;2;2m▀[0m[38;2;0;0;0m[48;2;157;160;160m▀[0m[38;2;174;178;177m[48;2;206;209;206m▀[0m[38;2;245;245;242m[48;2;130;127;127m▀[0m[38;2;99;79;79m[48;2;0;0;0m▀[0m[38;2;0;0;0m[48;2;0;0;0m▀[0m[38;2;189;255;255m[48;2;166;255;255m▀[0m
