[38;2;0;0;0m[48;2;0;0;2m▀[0m[38;2;197;150;93m[48;2;255;183;105m▀[0m[38;2;0;0;0m[48;2;188;0;0m▀[0m[38;2;14;0;0m[48;2;255;0;0m▀[0m[38;2;194;3;0m[48;2;255;0;0m▀[0m[38;2;255;15;0m[48;2;244;93;66m▀[0m[38;2;255;5;0m[48;2;255;38;0m▀[0m[38;2;255;17;0m[48;2;255;12;0m▀[0m[38;2;255;51;25m[48;2;255;29;0m▀[0m[38;2;255;19;0m[48;2;183;7;0m▀[0m[38;2;0;0;0m[48;2;0;0;0m▀[0m[38;2;0;0;0m[48;2;0;0;0m▀[0m[38;2;170;192;152m[48;2;0;0;5m▀[0m[38;2;96;109;88m[48;2;170;186;149m▀[0m[38;2;0;0;0m[48;2;130;139;117m▀[0m[38;2;0;0;0m[48;2;85;89;76m▀[0m[38;2;0;0;0m[48;2;0;0;0m▀[0m[38;2;0;0;0m[48;2;0;0;0m▀[0m[38;2;0;0;0m[48;2;0;0;0m▀[0m[38;2;0;0;2m[48;2;0;0;0m▀[0m[38;2;0;0;0m[48;2;0;0;0m▀[0m[38;2;0;0;0m[48;2;0;0;0m▀[0m[38;2;0;0;0m[48;2;0;0;0m▀[0m[38;2;0;0;0m[48;2;175;186;153m▀[0m[38;2;128;137;112m[48;2;255;255;244m▀[0m[38;2;0;10;13m[48;2;0;0;0m▀[0m[38;2;0;0;0m[48;2;0;0;0m▀[0m[38;2;255;9;0m[48;2;145;0;0m▀[0m[38;2;255;14;0m[48;2;255;66;32m▀[0m[38;2;255;0;0m[48;2;255;9;0m▀[0m[38;2;227;56;29m[48;2;184;185;181m▀[0m[38;2;255;26;0m[48;2;255;100;80m▀[0m[38;2;203;0;0m[48;2;255;0;0m▀[0m[38;2;0;7;10m[48;2;163;61;20m▀[0m[38;2;122;52;11m[48;2;147;115;76m▀[0m[38;2;0;0;0m[48;2;0;0;18m▀[0m
[38;2;2;67;97m[48;2;2;94;128m▀[0m[38;2;229;173;96m[48;2;191;144;85m▀[0m[38;2;255;42;0m[48;2;255;62;1m▀[0m[38;2;255;0;0m[48;2;255;0;0m▀[0m[38;2;231;8;0m[48;2;255;10;0m▀[0m[38;2;255;21;0m[48;2;211;17;0m▀[0m[38;2;255;19;0m[48;2;255;19;0m▀[0m[38;2;255;17;0m[48;2;255;15;0m▀[0m[38;2;255;13;0m[48;2;64;10;0m▀[0m[38;2;0;2;4m[48;2;0;0;2m▀[0m[38;2;0;0;0m[48;2;0;0;3m▀[0m[38;2;0;0;0m[48;2;0;0;1m▀[0m[38;2;0;0;0m[48;2;0;0;0m▀[0m[38;2;49;54;46m[48;2;0;0;0m▀[0m[38;2;239;254;209m[48;2;0;0;0m▀[0m[38;2;255;255;252m[48;2;0;0;0m▀[0m[38;2;94;107;90m[48;2;0;0;0m▀[0m[38;2;26;29;25m[48;2;32;35;28m▀[0m[38;2;117;120;100m[48;2;103;107;90m▀[0m[38;2;32;31;27m[48;2;15;15;13m▀[0m[38;2;10;10;8m[48;2;0;0;0m▀[0m[38;2;0;0;0m[48;2;0;0;0m▀[0m[38;2;17;20;20m[48;2;0;0;0m▀[0m[38;2;55;61;48m[48;2;0;0;0m▀[0m[38;2;8;13;10m[48;2;0;0;0m▀[0m[38;2;0;0;0m[48;2;0;0;0m▀[0m[38;2;0;0;0m[48;2;0;0;0m▀[0m[38;2;0;0;0m[48;2;0;0;1m▀[0m[38;2;255;21;0m[48;2;121;3;0m▀[0m[38;2;255;26;0m[48;2;255;24;0m▀[0m[38;2;255;120;93m[48;2;255;2;0m▀[0m[38;2;255;22;0m[48;2;236;0;0m▀[0m[38;2;255;0;0m[48;2;255;0;0m▀[0m[38;2;255;107;12m[48;2;255;98;5m▀[0m[38;2;123;159;121m[48;2;100;155;132m▀[0m[38;2;46;134;152m[48;2;63;144;159m▀[0m
[38;2;34;123;147m[48;2;87;167;165m▀[0m[38;2;183;147;88m[48;2;138;124;88m▀[0m[38;2;255;85;14m[48;2;255;89;24m▀[0m[38;2;255;0;0m[48;2;100;0;0m▀[0m[38;2;175;14;0m[48;2;0;0;1m▀[0m[38;2;31;5;3m[48;2;0;0;0m▀[0m[38;2;0;2;5m[48;2;0;0;2m▀[0m[38;2;0;0;2m[48;2;0;2;4m▀[0m[38;2;71;14;0m[48;2;44;5;1m▀[0m[38;2;55;7;0m[48;2;10;5;4m▀[0m[38;2;48;7;0m[48;2;0;2;3m▀[0m[38;2;7;2;2m[48;2;0;1;2m▀[0m[38;2;0;0;0m[48;2;0;1;2m▀[0m[38;2;0;0;0m[48;2;0;0;2m▀[0m[38;2;0;0;0m[48;2;0;0;0m▀[0m[38;2;0;0;0m[48;2;0;1;0m▀[0m[38;2;0;0;0m[48;2;0;0;0m▀[0m[38;2;0;0;0m[48;2;0;0;1m▀[0m[38;2;0;0;0m[48;2;0;2;4m▀[0m[38;2;0;0;0m[48;2;0;0;3m▀[0m[38;2;0;0;0m[48;2;0;0;2m▀[0m[38;2;0;0;0m[48;2;0;2;2m▀[0m[38;2;0;0;0m[48;2;0;2;2m▀[0m[38;2;0;1;1m[48;2;0;1;2m▀[0m[38;2;0;0;3m[48;2;0;1;2m▀[0m[38;2;0;0;2m[48;2;0;2;2m▀[0m[38;2;0;0;2m[48;2;0;2;3m▀[0m[38;2;0;0;2m[48;2;29;4;1m▀[0m[38;2;0;0;0m[48;2;69;10;2m▀[0m[38;2;38;0;0m[48;2;0;4;6m▀[0m[38;2;71;7;0m[48;2;0;0;0m▀[0m[38;2;95;4;0m[48;2;0;0;0m▀[0m[38;2;224;0;0m[48;2;0;0;0m▀[0m[38;2;255;48;0m[48;2;170;0;0m▀[0m[38;2;98;166;150m[48;2;119;119;102m▀[0m[38;2;74;142;149m[48;2;81;151;150m▀[0m
[38;2;99;159;155m[48;2;86;139;130m▀[0m[38;2;103;117;101m[48;2;116;132;120m▀[0m[38;2;149;52;18m[48;2;29;0;0m▀[0m[38;2;0;0;0m[48;2;77;0;0m▀[0m[38;2;0;0;0m[48;2;97;6;0m▀[0m[38;2;0;1;3m[48;2;0;1;4m▀[0m[38;2;0;0;2m[48;2;0;0;2m▀[0m[38;2;27;3;1m[48;2;18;4;2m▀[0m[38;2;119;5;0m[48;2;85;11;0m▀[0m[38;2;35;3;1m[48;2;4;3;3m▀[0m[38;2;0;2;2m[48;2;0;0;1m▀[0m[38;2;0;1;2m[48;2;0;0;2m▀[0m[38;2;0;1;2m[48;2;0;0;2m▀[0m[38;2;0;1;2m[48;2;0;0;2m▀[0m[38;2;0;2;2m[48;2;0;0;2m▀[0m[38;2;0;0;2m[48;2;0;4;3m▀[0m[38;2;0;0;2m[48;2;73;3;0m▀[0m[38;2;0;2;2m[48;2;0;1;3m▀[0m[38;2;0;2;3m[48;2;0;0;3m▀[0m[38;2;0;0;2m[48;2;0;0;2m▀[0m[38;2;12;4;3m[48;2;129;10;0m▀[0m[38;2;0;0;3m[48;2;153;7;0m▀[0m[38;2;0;0;2m[48;2;0;0;2m▀[0m[38;2;0;2;2m[48;2;0;0;3m▀[0m[38;2;0;2;3m[48;2;0;0;2m▀[0m[38;2;0;2;2m[48;2;0;0;2m▀[0m[38;2;0;0;2m[48;2;38;4;1m▀[0m[38;2;0;0;1m[48;2;94;6;0m▀[0m[38;2;109;9;0m[48;2;53;3;0m▀[0m[38;2;48;4;0m[48;2;0;0;2m▀[0m[38;2;0;0;2m[48;2;0;2;2m▀[0m[38;2;0;0;0m[48;2;0;0;0m▀[0m[38;2;0;0;0m[48;2;0;0;0m▀[0m[38;2;67;33;7m[48;2;0;0;0m▀[0m[38;2;148;99;82m[48;2;58;67;66m▀[0m[38;2;83;119;114m[48;2;94;112;104m▀[0m
[38;2;59;106;105m[48;2;35;69;69m▀[0m[38;2;145;132;113m[48;2;145;158;140m▀[0m[38;2;218;0;0m[48;2;149;61;14m▀[0m[38;2;138;0;0m[48;2;0;0;0m▀[0m[38;2;0;0;0m[48;2;0;0;0m▀[0m[38;2;0;0;0m[48;2;49;5;0m▀[0m[38;2;0;2;2m[48;2;0;0;3m▀[0m[38;2;0;1;1m[48;2;0;1;2m▀[0m[38;2;18;2;2m[48;2;0;1;2m▀[0m[38;2;53;7;0m[48;2;0;3;3m▀[0m[38;2;76;7;0m[48;2;72;8;0m▀[0m[38;2;33;6;2m[48;2;46;12;2m▀[0m[38;2;0;0;3m[48;2;111;3;0m▀[0m[38;2;0;0;3m[48;2;255;0;0m▀[0m[38;2;115;10;0m[48;2;203;1;0m▀[0m[38;2;171;7;0m[48;2;171;4;0m▀[0m[38;2;129;12;0m[48;2;93;4;0m▀[0m[38;2;0;4;3m[48;2;0;0;3m▀[0m[38;2;0;3;3m[48;2;0;0;3m▀[0m[38;2;0;2;4m[48;2;143;9;0m▀[0m[38;2;120;4;0m[48;2;54;3;0m▀[0m[38;2;255;12;0m[48;2;120;7;0m▀[0m[38;2;115;5;0m[48;2;155;1;0m▀[0m[38;2;61;6;0m[48;2;188;1;0m▀[0m[38;2;49;6;0m[48;2;255;14;0m▀[0m[38;2;62;7;0m[48;2;119;5;0m▀[0m[38;2;64;8;0m[48;2;54;4;0m▀[0m[38;2;59;3;0m[48;2;0;0;3m▀[0m[38;2;0;2;2m[48;2;0;2;2m▀[0m[38;2;0;2;3m[48;2;0;1;2m▀[0m[38;2;0;2;2m[48;2;0;2;2m▀[0m[38;2;2;0;0m[48;2;0;0;0m▀[0m[38;2;46;0;0m[48;2;118;29;0m▀[0m[38;2;0;0;0m[48;2;143;55;4m▀[0m[38;2;56;37;32m[48;2;96;40;33m▀[0m[38;2;65;108;104m[48;2;51;67;60m▀[0m
[38;2;17;33;33m[48;2;1;6;8m▀[0m[38;2;152;208;190m[48;2;132;193;185m▀[0m[38;2;0;18;17m[48;2;127;140;93m▀[0m[38;2;75;29;3m[48;2;255;161;76m▀[0m[38;2;245;14;0m[48;2;122;0;0m▀[0m[38;2;31;0;0m[48;2;0;0;0m▀[0m[38;2;0;0;3m[48;2;0;0;3m▀[0m[38;2;0;2;2m[48;2;0;2;2m▀[0m[38;2;0;1;1m[48;2;0;2;2m▀[0m[38;2;0;2;2m[48;2;0;1;2m▀[0m[38;2;0;0;2m[48;2;0;0;2m▀[0m[38;2;26;2;2m[48;2;29;3;1m▀[0m[38;2;96;7;0m[48;2;0;0;2m▀[0m[38;2;255;39;0m[48;2;255;19;0m▀[0m[38;2;255;38;0m[48;2;255;68;0m▀[0m[38;2;0;0;5m[48;2;89;0;0m▀[0m[38;2;1;0;6m[48;2;192;1;0m▀[0m[38;2;255;14;0m[48;2;255;25;0m▀[0m[38;2;203;8;0m[48;2;255;36;0m▀[0m[38;2;255;15;0m[48;2;255;33;0m▀[0m[38;2;255;12;0m[48;2;255;18;0m▀[0m[38;2;0;0;7m[48;2;95;0;0m▀[0m[38;2;68;21;0m[48;2;156;21;0m▀[0m[38;2;255;30;0m[48;2;255;47;0m▀[0m[38;2;255;2;0m[48;2;192;0;0m▀[0m[38;2;39;9;1m[48;2;10;14;6m▀[0m[38;2;35;5;0m[48;2;0;0;1m▀[0m[38;2;0;0;2m[48;2;0;0;2m▀[0m[38;2;0;2;3m[48;2;0;0;3m▀[0m[38;2;0;1;2m[48;2;0;0;2m▀[0m[38;2;0;0;2m[48;2;0;0;3m▀[0m[38;2;0;0;0m[48;2;56;0;0m▀[0m[38;2;0;0;0m[48;2;0;0;0m▀[0m[38;2;69;55;38m[48;2;123;102;59m▀[0m[38;2;149;161;145m[48;2;140;212;196m▀[0m[38;2;25;36;38m[48;2;0;10;15m▀[0m
[38;2;0;0;0m[48;2;0;0;0m▀[0m[38;2;107;180;178m[48;2;100;175;168m▀[0m[38;2;181;179;125m[48;2;121;162;129m▀[0m[38;2;255;108;29m[48;2;255;93;13m▀[0m[38;2;160;0;0m[48;2;255;0;0m▀[0m[38;2;0;0;6m[48;2;54;0;0m▀[0m[38;2;0;0;1m[48;2;0;0;0m▀[0m[38;2;0;0;2m[48;2;51;7;0m▀[0m[38;2;0;2;3m[48;2;0;0;3m▀[0m[38;2;0;0;2m[48;2;0;0;0m▀[0m[38;2;0;0;0m[48;2;0;0;0m▀[0m[38;2;0;0;0m[48;2;0;0;2m▀[0m[38;2;0;0;0m[48;2;126;82;56m▀[0m[38;2;88;0;0m[48;2;111;6;0m▀[0m[38;2;255;41;0m[48;2;7;54;59m▀[0m[38;2;255;55;0m[48;2;239;154;123m▀[0m[38;2;255;0;0m[48;2;177;6;0m▀[0m[38;2;255;29;0m[48;2;0;0;0m▀[0m[38;2;14;41;47m[48;2;12;0;0m▀[0m[38;2;88;24;14m[48;2;0;0;0m▀[0m[38;2;255;14;0m[48;2;0;0;0m▀[0m[38;2;255;18;0m[48;2;238;42;12m▀[0m[38;2;255;13;0m[48;2;180;124;112m▀[0m[38;2;255;31;0m[48;2;17;24;25m▀[0m[38;2;0;0;0m[48;2;149;56;39m▀[0m[38;2;0;0;0m[48;2;15;59;55m▀[0m[38;2;0;0;0m[48;2;0;0;0m▀[0m[38;2;0;0;0m[48;2;0;0;0m▀[0m[38;2;72;3;0m[48;2;49;5;0m▀[0m[38;2;0;1;3m[48;2;255;17;0m▀[0m[38;2;0;0;1m[48;2;120;8;0m▀[0m[38;2;0;0;0m[48;2;54;0;0m▀[0m[38;2;255;0;0m[48;2;255;12;0m▀[0m[38;2;240;188;113m[48;2;218;188;129m▀[0m[38;2;104;192;188m[48;2;94;186;183m▀[0m[38;2;0;0;0m[48;2;0;0;0m▀[0m
[38;2;0;0;0m[48;2;76;73;82m▀[0m[38;2;73;144;138m[48;2;30;96;91m▀[0m[38;2;114;168;127m[48;2;110;177;137m▀[0m[38;2;255;89;4m[48;2;255;73;0m▀[0m[38;2;255;0;0m[48;2;255;4;0m▀[0m[38;2;255;0;0m[48;2;228;129;116m▀[0m[38;2;166;7;0m[48;2;255;12;0m▀[0m[38;2;55;12;0m[48;2;255;17;0m▀[0m[38;2;0;0;0m[48;2;137;5;0m▀[0m[38;2;0;0;5m[48;2;141;14;0m▀[0m[38;2;0;0;0m[48;2;30;4;0m▀[0m[38;2;0;25;22m[48;2;0;0;0m▀[0m[38;2;255;230;144m[48;2;3;25;15m▀[0m[38;2;255;71;22m[48;2;0;17;18m▀[0m[38;2;0;0;0m[48;2;0;0;0m▀[0m[38;2;0;46;50m[48;2;113;7;0m▀[0m[38;2;0;31;26m[48;2;0;0;0m▀[0m[38;2;0;43;48m[48;2;15;29;31m▀[0m[38;2;58;120;132m[48;2;255;188;163m▀[0m[38;2;96;140;149m[48;2;249;113;102m▀[0m[38;2;0;0;7m[48;2;0;0;0m▀[0m[38;2;0;0;3m[48;2;0;0;0m▀[0m[38;2;0;30;45m[48;2;30;0;0m▀[0m[38;2;50;44;28m[48;2;0;0;0m▀[0m[38;2;255;201;104m[48;2;0;49;38m▀[0m[38;2;200;121;87m[48;2;0;0;0m▀[0m[38;2;0;0;0m[48;2;0;0;0m▀[0m[38;2;0;0;6m[48;2;154;7;0m▀[0m[38;2;0;0;3m[48;2;255;8;0m▀[0m[38;2;157;9;0m[48;2;255;19;0m▀[0m[38;2;255;7;0m[48;2;255;18;0m▀[0m[38;2;255;0;0m[48;2;255;17;0m▀[0m[38;2;255;2;0m[48;2;255;0;0m▀[0m[38;2;194;177;104m[48;2;188;179;97m▀[0m[38;2;85;180;179m[48;2;66;171;166m▀[0m[38;2;0;0;0m[48;2;0;0;0m▀[0m
[38;2;163;160;172m[48;2;199;202;202m▀[0m[38;2;0;59;60m[48;2;0;41;43m▀[0m[38;2;113;154;121m[48;2;102;143;116m▀[0m[38;2;255;94;29m[48;2;255;129;64m▀[0m[38;2;255;31;20m[48;2;255;0;0m▀[0m[38;2;255;143;135m[48;2;255;0;0m▀[0m[38;2;255;0;0m[48;2;0;0;0m▀[0m[38;2;198;8;0m[48;2;0;44;61m▀[0m[38;2;183;7;0m[48;2;0;31;46m▀[0m[38;2;247;21;0m[48;2;0;0;0m▀[0m[38;2;245;20;0m[48;2;203;13;0m▀[0m[38;2;129;8;0m[48;2;255;31;0m▀[0m[38;2;84;0;0m[48;2;255;19;0m▀[0m[38;2;0;0;0m[48;2;255;16;0m▀[0m[38;2;0;0;0m[48;2;89;8;0m▀[0m[38;2;27;2;0m[48;2;104;5;0m▀[0m[38;2;140;33;0m[48;2;25;0;0m▀[0m[38;2;0;0;0m[48;2;104;8;0m▀[0m[38;2;31;0;0m[48;2;7;0;0m▀[0m[38;2;0;0;0m[48;2;0;0;0m▀[0m[38;2;0;2;8m[48;2;72;17;8m▀[0m[38;2;47;30;22m[48;2;66;44;41m▀[0m[38;2;0;0;0m[48;2;122;4;0m▀[0m[38;2;95;0;0m[48;2;207;13;0m▀[0m[38;2;77;0;0m[48;2;255;25;0m▀[0m[38;2;113;0;0m[48;2;255;35;0m▀[0m[38;2;224;4;0m[48;2;220;13;0m▀[0m[38;2;255;9;0m[48;2;0;0;0m▀[0m[38;2;204;3;0m[48;2;0;56;69m▀[0m[38;2;175;0;0m[48;2;0;43;61m▀[0m[38;2;255;18;0m[48;2;0;0;0m▀[0m[38;2;255;28;0m[48;2;255;0;0m▀[0m[38;2;255;0;0m[48;2;255;0;0m▀[0m[38;2;168;160;85m[48;2;183;175;118m▀[0m[38;2;29;137;133m[48;2;132;208;228m▀[0m[38;2;20;24;35m[48;2;47;57;64m▀[0m
[38;2;213;217;222m[48;2;201;206;212m▀[0m[38;2;17;55;67m[48;2;0;10;24m▀[0m[38;2;240;255;254m[48;2;255;255;255m▀[0m[38;2;255;163;79m[48;2;255;190;95m▀[0m[38;2;255;0;0m[48;2;255;0;0m▀[0m[38;2;91;0;0m[48;2;0;0;0m▀[0m[38;2;0;0;0m[48;2;0;0;0m▀[0m[38;2;0;7;10m[48;2;0;0;0m▀[0m[38;2;0;5;7m[48;2;0;0;0m▀[0m[38;2;0;0;0m[48;2;0;0;3m▀[0m[38;2;0;0;5m[48;2;0;0;2m▀[0m[38;2;197;13;0m[48;2;0;0;2m▀[0m[38;2;1;5;4m[48;2;0;0;2m▀[0m[38;2;1;4;4m[48;2;0;0;2m▀[0m[38;2;0;0;3m[48;2;0;0;5m▀[0m[38;2;14;7;5m[48;2;0;0;1m▀[0m[38;2;0;1;3m[48;2;0;53;61m▀[0m[38;2;79;1;0m[48;2;74;60;58m▀[0m[38;2;0;0;0m[48;2;43;0;0m▀[0m[38;2;0;0;0m[48;2;39;38;39m▀[0m[38;2;223;16;0m[48;2;3;21;27m▀[0m[38;2;80;34;22m[48;2;0;0;0m▀[0m[38;2;0;0;0m[48;2;0;0;1m▀[0m[38;2;8;6;4m[48;2;0;0;2m▀[0m[38;2;2;6;5m[48;2;0;0;2m▀[0m[38;2;255;14;0m[48;2;0;0;2m▀[0m[38;2;39;5;0m[48;2;0;2;3m▀[0m[38;2;0;0;0m[48;2;0;0;0m▀[0m[38;2;0;13;20m[48;2;0;0;0m▀[0m[38;2;0;15;23m[48;2;0;0;0m▀[0m[38;2;0;0;0m[48;2;0;0;0m▀[0m[38;2;148;0;0m[48;2;0;0;0m▀[0m[38;2;255;0;0m[48;2;255;0;0m▀[0m[38;2;236;245;181m[48;2;255;244;177m▀[0m[38;2;255;255;255m[48;2;229;255;255m▀[0m[38;2;38;47;54m[48;2;12;22;25m▀[0m
[38;2;227;232;234m[48;2;241;248;250m▀[0m[38;2;0;11;24m[48;2;0;13;25m▀[0m[38;2;255;255;255m[48;2;255;255;255m▀[0m[38;2;255;169;68m[48;2;201;28;0m▀[0m[38;2;14;0;0m[48;2;0;0;0m▀[0m[38;2;0;0;0m[48;2;57;6;0m▀[0m[38;2;0;0;1m[48;2;0;0;0m▀[0m[38;2;0;0;2m[48;2;7;5;2m▀[0m[38;2;17;4;4m[48;2;0;2;4m▀[0m[38;2;0;0;3m[48;2;0;1;3m▀[0m[38;2;0;0;2m[48;2;44;7;1m▀[0m[38;2;0;0;2m[48;2;49;9;0m▀[0m[38;2;0;3;3m[48;2;12;5;3m▀[0m[38;2;0;2;2m[48;2;0;0;2m▀[0m[38;2;0;0;0m[48;2;0;0;2m▀[0m[38;2;58;3;0m[48;2;2;0;3m▀[0m[38;2;68;0;0m[48;2;208;9;0m▀[0m[38;2;0;4;5m[48;2;255;11;0m▀[0m[38;2;0;0;0m[48;2;0;0;3m▀[0m[38;2;0;0;2m[48;2;0;0;0m▀[0m[38;2;0;0;7m[48;2;255;22;0m▀[0m[38;2;24;2;2m[48;2;109;3;0m▀[0m[38;2;0;0;3m[48;2;0;0;0m▀[0m[38;2;0;0;3m[48;2;0;0;2m▀[0m[38;2;0;1;3m[48;2;33;5;2m▀[0m[38;2;0;0;2m[48;2;90;10;0m▀[0m[38;2;0;0;2m[48;2;75;7;0m▀[0m[38;2;0;0;3m[48;2;0;2;3m▀[0m[38;2;11;4;4m[48;2;0;0;3m▀[0m[38;2;0;0;2m[48;2;5;5;3m▀[0m[38;2;0;0;0m[48;2;0;0;0m▀[0m[38;2;0;0;0m[48;2;111;0;0m▀[0m[38;2;134;0;0m[48;2;46;0;0m▀[0m[38;2;255;226;151m[48;2;232;146;105m▀[0m[38;2;251;255;255m[48;2;255;255;255m▀[0m[38;2;0;10;11m[48;2;0;0;0m▀[0m
[38;2;255;255;255m[48;2;255;255;255m▀[0m[38;2;0;13;20m[48;2;0;23;29m▀[0m[38;2;255;255;255m[48;2;255;255;255m▀[0m[38;2;108;0;0m[48;2;158;0;0m▀[0m[38;2;0;0;0m[48;2;0;0;0m▀[0m[38;2;0;0;0m[48;2;0;0;0m▀[0m[38;2;0;0;2m[48;2;0;0;2m▀[0m[38;2;92;11;0m[48;2;27;5;0m▀[0m[38;2;104;14;0m[48;2;183;17;0m▀[0m[38;2;12;2;3m[48;2;239;26;0m▀[0m[38;2;33;5;1m[48;2;255;24;0m▀[0m[38;2;0;0;2m[48;2;255;19;0m▀[0m[38;2;0;0;2m[48;2;0;0;2m▀[0m[38;2;12;4;1m[48;2;118;7;0m▀[0m[38;2;0;0;2m[48;2;255;14;0m▀[0m[38;2;0;0;2m[48;2;0;0;3m▀[0m[38;2;122;11;0m[48;2;67;9;0m▀[0m[38;2;255;22;0m[48;2;166;8;0m▀[0m[38;2;255;10;0m[48;2;255;28;0m▀[0m[38;2;255;21;0m[48;2;255;16;0m▀[0m[38;2;255;21;0m[48;2;0;0;5m▀[0m[38;2;0;0;3m[48;2;65;2;0m▀[0m[38;2;53;23;14m[48;2;234;40;4m▀[0m[38;2;0;6;5m[48;2;0;4;6m▀[0m[38;2;0;0;0m[48;2;0;0;0m▀[0m[38;2;0;0;2m[48;2;209;13;0m▀[0m[38;2;41;3;1m[48;2;255;28;0m▀[0m[38;2;21;0;2m[48;2;255;32;0m▀[0m[38;2;102;5;0m[48;2;171;12;0m▀[0m[38;2;64;8;0m[48;2;0;3;3m▀[0m[38;2;0;0;0m[48;2;0;0;0m▀[0m[38;2;0;0;0m[48;2;0;0;0m▀[0m[38;2;0;0;0m[48;2;0;0;0m▀[0m[38;2;168;88;70m[48;2;216;49;21m▀[0m[38;2;255;255;255m[48;2;255;255;255m▀[0m[38;2;0;0;0m[48;2;0;0;0m▀[0m
