[38;2;0;1;1m[48;2;0;1;1m▀[0m[38;2;0;0;0m[48;2;0;0;0m▀[0m[38;2;18;20;20m[48;2;14;17;19m▀[0m[38;2;5;7;7m[48;2;6;4;7m▀[0m[38;2;0;0;0m[48;2;0;0;0m▀[0m[38;2;0;0;0m[48;2;0;0;0m▀[0m[38;2;215;215;216m[48;2;37;39;39m▀[0m[38;2;86;85;85m[48;2;16;20;20m▀[0m[38;2;59;61;63m[48;2;0;0;0m▀[0m[38;2;0;0;0m[48;2;0;0;0m▀[0m[38;2;67;71;70m[48;2;108;112;112m▀[0m[38;2;215;219;216m[48;2;130;130;127m▀[0m[38;2;188;191;188m[48;2;233;233;230m▀[0m[38;2;180;183;180m[48;2;246;246;243m▀[0m[38;2;138;143;138m[48;2;231;234;233m▀[0m[38;2;154;159;155m[48;2;126;129;129m▀[0m[38;2;119;125;119m[48;2;139;144;141m▀[0m[38;2;97;100;100m[48;2;154;158;157m▀[0m[38;2;0;0;0m[48;2;0;0;0m▀[0m[38;2;0;0;0m[48;2;176;177;174m▀[0m[38;2;107;111;107m[48;2;239;240;236m▀[0m[38;2;86;88;90m[48;2;236;240;237m▀[0m[38;2;0;0;0m[48;2;252;253;249m▀[0m[38;2;70;70;70m[48;2;183;184;180m▀[0m[38;2;81;84;83m[48;2;138;140;140m▀[0m[38;2;86;88;86m[48;2;144;144;144m▀[0m[38;2;222;224;225m[48;2;148;150;151m▀[0m[38;2;43;43;41m[48;2;255;255;255m▀[0m[38;2;0;0;0m[48;2;23;26;23m▀[0m[38;2;255;255;255m[48;2;227;229;229m▀[0m[38;2;55;59;61m[48;2;71;78;78m▀[0m[38;2;0;0;0m[48;2;0;0;0m▀[0m[38;2;5;4;4m[48;2;1;4;4m▀[0m[38;2;0;0;0m[48;2;0;0;0m▀[0m[38;2;1;5;1m[48;2;5;7;7m▀[0m[38;2;17;21;18m[48;2;12;14;16m▀[0m
[38;2;0;1;1m[48;2;0;1;1m▀[0m[38;2;0;0;0m[48;2;0;0;0m▀[0m[38;2;7;9;10m[48;2;0;0;0m▀[0m[38;2;7;9;9m[48;2;0;0;0m▀[0m[38;2;0;0;0m[48;2;0;0;0m▀[0m[38;2;0;0;0m[48;2;106;109;108m▀[0m[38;2;75;79;78m[48;2;116;120;115m▀[0m[38;2;0;0;0m[48;2;16;20;16m▀[0m[38;2;0;0;0m[48;2;91;93;93m▀[0m[38;2;0;0;0m[48;2;156;158;156m▀[0m[38;2;36;40;40m[48;2;223;224;221m▀[0m[38;2;255;255;255m[48;2;255;255;253m▀[0m[38;2;238;240;238m[48;2;227;227;224m▀[0m[38;2;124;124;124m[48;2;96;96;97m▀[0m[38;2;122;122;120m[48;2;115;118;117m▀[0m[38;2;171;175;174m[48;2;178;182;179m▀[0m[38;2;198;202;197m[48;2;35;39;36m▀[0m[38;2;32;35;36m[48;2;41;43;44m▀[0m[38;2;229;233;232m[48;2;204;206;204m▀[0m[38;2;255;255;255m[48;2;224;227;227m▀[0m[38;2;226;230;226m[48;2;214;218;211m▀[0m[38;2;222;223;218m[48;2;205;208;203m▀[0m[38;2;219;220;216m[48;2;207;211;206m▀[0m[38;2;250;250;244m[48;2;209;209;206m▀[0m[38;2;199;202;197m[48;2;254;255;251m▀[0m[38;2;151;149;152m[48;2;98;102;101m▀[0m[38;2;53;55;57m[48;2;0;0;0m▀[0m[38;2;86;88;90m[48;2;255;255;255m▀[0m[38;2;255;255;255m[48;2;255;255;255m▀[0m[38;2;17;20;19m[48;2;232;236;231m▀[0m[38;2;0;1;1m[48;2;0;0;0m▀[0m[38;2;0;0;0m[48;2;0;0;0m▀[0m[38;2;0;0;0m[48;2;0;0;0m▀[0m[38;2;0;0;0m[48;2;0;0;0m▀[0m[38;2;6;6;7m[48;2;3;5;5m▀[0m[38;2;3;5;5m[48;2;2;2;2m▀[0m
[38;2;0;0;0m[48;2;0;0;0m▀[0m[38;2;0;0;0m[48;2;0;0;0m▀[0m[38;2;0;0;0m[48;2;0;0;0m▀[0m[38;2;0;0;0m[48;2;98;102;103m▀[0m[38;2;169;174;170m[48;2;213;216;215m▀[0m[38;2;255;255;255m[48;2;232;232;229m▀[0m[38;2;195;199;195m[48;2;211;212;208m▀[0m[38;2;15;14;15m[48;2;59;61;62m▀[0m[38;2;42;46;45m[48;2;11;13;14m▀[0m[38;2;195;198;195m[48;2;255;255;255m▀[0m[38;2;255;255;255m[48;2;255;255;255m▀[0m[38;2;255;255;255m[48;2;188;192;191m▀[0m[38;2;213;216;215m[48;2;33;35;37m▀[0m[38;2;106;109;108m[48;2;37;41;41m▀[0m[38;2;147;150;151m[48;2;94;94;95m▀[0m[38;2;179;183;182m[48;2;97;102;102m▀[0m[38;2;0;0;0m[48;2;0;0;0m▀[0m[38;2;187;188;185m[48;2;27;30;32m▀[0m[38;2;235;236;233m[48;2;169;173;172m▀[0m[38;2;214;218;214m[48;2;233;236;233m▀[0m[38;2;213;216;212m[48;2;234;237;233m▀[0m[38;2;215;215;215m[48;2;215;219;216m▀[0m[38;2;208;209;206m[48;2;209;210;206m▀[0m[38;2;209;209;206m[48;2;222;223;219m▀[0m[38;2;243;246;243m[48;2;255;255;255m▀[0m[38;2;139;143;143m[48;2;164;166;166m▀[0m[38;2;54;55;52m[48;2;3;7;4m▀[0m[38;2;255;255;255m[48;2;255;255;255m▀[0m[38;2;255;255;255m[48;2;226;230;234m▀[0m[38;2;255;255;255m[48;2;255;255;255m▀[0m[38;2;0;0;0m[48;2;23;24;21m▀[0m[38;2;0;0;0m[48;2;0;0;0m▀[0m[38;2;0;0;0m[48;2;0;0;0m▀[0m[38;2;0;0;0m[48;2;0;0;0m▀[0m[38;2;3;3;3m[48;2;0;0;0m▀[0m[38;2;0;1;1m[48;2;0;0;0m▀[0m
[38;2;0;0;0m[48;2;0;0;0m▀[0m[38;2;0;0;0m[48;2;0;0;0m▀[0m[38;2;11;13;13m[48;2;57;58;55m▀[0m[38;2;104;106;106m[48;2;116;120;117m▀[0m[38;2;184;187;186m[48;2;227;230;225m▀[0m[38;2;214;217;214m[48;2;239;243;240m▀[0m[38;2;220;221;218m[48;2;252;255;254m▀[0m[38;2;110;109;110m[48;2;237;238;234m▀[0m[38;2;150;152;153m[48;2;81;80;81m▀[0m[38;2;68;68;69m[48;2;16;15;15m▀[0m[38;2;15;17;18m[48;2;0;0;0m▀[0m[38;2;71;75;77m[48;2;0;0;0m▀[0m[38;2;0;0;0m[48;2;0;0;0m▀[0m[38;2;52;53;50m[48;2;0;0;0m▀[0m[38;2;25;24;25m[48;2;1;0;0m▀[0m[38;2;18;18;20m[48;2;0;0;0m▀[0m[38;2;3;4;1m[48;2;115;118;115m▀[0m[38;2;34;34;34m[48;2;184;184;184m▀[0m[38;2;0;0;0m[48;2;0;0;0m▀[0m[38;2;79;81;82m[48;2;36;38;39m▀[0m[38;2;180;184;180m[48;2;255;255;255m▀[0m[38;2;155;156;153m[48;2;255;255;255m▀[0m[38;2;175;179;175m[48;2;255;255;255m▀[0m[38;2;191;195;191m[48;2;255;255;255m▀[0m[38;2;255;255;255m[48;2;38;40;38m▀[0m[38;2;101;104;105m[48;2;0;0;0m▀[0m[38;2;0;0;0m[48;2;45;44;44m▀[0m[38;2;255;255;255m[48;2;0;0;0m▀[0m[38;2;255;255;255m[48;2;0;0;0m▀[0m[38;2;0;0;0m[48;2;0;0;0m▀[0m[38;2;0;0;0m[48;2;94;94;94m▀[0m[38;2;20;22;24m[48;2;0;0;0m▀[0m[38;2;0;0;0m[48;2;0;0;0m▀[0m[38;2;0;0;0m[48;2;0;0;0m▀[0m[38;2;0;0;0m[48;2;0;0;0m▀[0m[38;2;0;0;0m[48;2;0;0;0m▀[0m
[38;2;0;0;0m[48;2;0;0;0m▀[0m[38;2;41;43;44m[48;2;92;94;96m▀[0m[38;2;34;35;32m[48;2;0;0;0m▀[0m[38;2;134;140;138m[48;2;146;150;147m▀[0m[38;2;255;255;255m[48;2;255;255;255m▀[0m[38;2;224;225;220m[48;2;255;255;255m▀[0m[38;2;255;255;255m[48;2;183;184;180m▀[0m[38;2;92;96;96m[48;2;181;184;185m▀[0m[38;2;76;75;75m[48;2;255;255;255m▀[0m[38;2;187;191;190m[48;2;100;104;103m▀[0m[38;2;142;141;142m[48;2;0;0;0m▀[0m[38;2;40;37;39m[48;2;214;215;212m▀[0m[38;2;0;0;0m[48;2;66;68;69m▀[0m[38;2;52;57;57m[48;2;0;0;0m▀[0m[38;2;0;0;0m[48;2;98;99;96m▀[0m[38;2;0;0;0m[48;2;31;31;31m▀[0m[38;2;74;73;73m[48;2;0;0;0m▀[0m[38;2;173;175;173m[48;2;167;166;164m▀[0m[38;2;0;0;0m[48;2;237;236;236m▀[0m[38;2;154;156;157m[48;2;255;255;255m▀[0m[38;2;134;136;136m[48;2;168;150;165m▀[0m[38;2;255;255;255m[48;2;41;36;40m▀[0m[38;2;255;255;255m[48;2;85;85;88m▀[0m[38;2;85;87;89m[48;2;0;0;0m▀[0m[38;2;0;0;0m[48;2;0;0;0m▀[0m[38;2;0;0;0m[48;2;224;223;223m▀[0m[38;2;21;20;20m[48;2;19;21;21m▀[0m[38;2;0;0;0m[48;2;0;0;0m▀[0m[38;2;0;0;0m[48;2;0;0;0m▀[0m[38;2;243;245;245m[48;2;255;255;255m▀[0m[38;2;255;255;255m[48;2;117;120;120m▀[0m[38;2;0;0;0m[48;2;0;0;0m▀[0m[38;2;20;20;18m[48;2;255;255;255m▀[0m[38;2;15;18;18m[48;2;255;255;255m▀[0m[38;2;212;217;212m[48;2;81;86;83m▀[0m[38;2;255;255;255m[48;2;173;175;175m▀[0m
[38;2;255;255;255m[48;2;255;255;255m▀[0m[38;2;178;182;179m[48;2;41;43;44m▀[0m[38;2;0;0;0m[48;2;0;0;0m▀[0m[38;2;24;27;27m[48;2;0;0;0m▀[0m[38;2;79;81;79m[48;2;0;0;0m▀[0m[38;2;103;105;103m[48;2;102;106;105m▀[0m[38;2;212;212;208m[48;2;252;255;254m▀[0m[38;2;255;255;255m[48;2;170;174;175m▀[0m[38;2;255;255;255m[48;2;164;167;167m▀[0m[38;2;113;116;115m[48;2;0;0;0m▀[0m[38;2;0;0;0m[48;2;42;44;44m▀[0m[38;2;8;8;9m[48;2;255;255;255m▀[0m[38;2;255;255;255m[48;2;242;243;240m▀[0m[38;2;213;217;212m[48;2;103;102;102m▀[0m[38;2;56;57;54m[48;2;206;210;207m▀[0m[38;2;0;0;0m[48;2;108;108;108m▀[0m[38;2;0;0;0m[48;2;0;0;0m▀[0m[38;2;21;24;26m[48;2;235;237;235m▀[0m[38;2;54;43;50m[48;2;93;85;91m▀[0m[38;2;0;0;0m[48;2;0;0;0m▀[0m[38;2;255;255;255m[48;2;0;48;0m▀[0m[38;2;255;255;255m[48;2;1;91;5m▀[0m[38;2;87;82;88m[48;2;222;197;221m▀[0m[38;2;0;0;0m[48;2;116;132;127m▀[0m[38;2;255;255;255m[48;2;94;136;104m▀[0m[38;2;133;169;144m[48;2;24;32;27m▀[0m[38;2;17;11;21m[48;2;191;189;192m▀[0m[38;2;37;37;40m[48;2;255;255;255m▀[0m[38;2;0;0;0m[48;2;137;139;139m▀[0m[38;2;0;0;0m[48;2;0;0;0m▀[0m[38;2;0;0;0m[48;2;41;44;41m▀[0m[38;2;0;0;0m[48;2;21;24;21m▀[0m[38;2;236;237;234m[48;2;208;211;210m▀[0m[38;2;255;255;255m[48;2;255;255;255m▀[0m[38;2;160;163;160m[48;2;208;212;211m▀[0m[38;2;0;0;0m[48;2;0;0;0m▀[0m
[38;2;217;221;217m[48;2;255;255;255m▀[0m[38;2;134;137;136m[48;2;141;142;138m▀[0m[38;2;0;0;0m[48;2;17;19;17m▀[0m[38;2;0;0;0m[48;2;161;160;161m▀[0m[38;2;0;0;0m[48;2;79;81;79m▀[0m[38;2;0;0;0m[48;2;23;22;22m▀[0m[38;2;0;0;0m[48;2;0;0;0m▀[0m[38;2;0;0;0m[48;2;0;0;0m▀[0m[38;2;0;1;1m[48;2;0;0;0m▀[0m[38;2;0;2;0m[48;2;112;117;114m▀[0m[38;2;219;229;224m[48;2;218;221;218m▀[0m[38;2;249;253;252m[48;2;139;143;142m▀[0m[38;2;255;255;255m[48;2;229;229;227m▀[0m[38;2;255;255;255m[48;2;255;255;255m▀[0m[38;2;151;155;152m[48;2;255;255;255m▀[0m[38;2;61;63;64m[48;2;162;166;167m▀[0m[38;2;0;0;0m[48;2;0;0;0m▀[0m[38;2;213;212;213m[48;2;11;10;10m▀[0m[38;2;112;112;114m[48;2;229;229;229m▀[0m[38;2;69;52;66m[48;2;0;0;0m▀[0m[38;2;197;194;196m[48;2;200;197;200m▀[0m[38;2;255;255;255m[48;2;255;255;255m▀[0m[38;2;178;171;180m[48;2;172;167;171m▀[0m[38;2;80;80;82m[48;2;139;139;137m▀[0m[38;2;0;0;0m[48;2;0;0;0m▀[0m[38;2;12;8;12m[48;2;0;0;0m▀[0m[38;2;192;196;193m[48;2;0;0;0m▀[0m[38;2;153;155;157m[48;2;0;0;0m▀[0m[38;2;79;82;82m[48;2;0;0;0m▀[0m[38;2;10;10;11m[48;2;12;15;15m▀[0m[38;2;0;0;0m[48;2;0;0;0m▀[0m[38;2;113;116;116m[48;2;255;255;255m▀[0m[38;2;175;176;172m[48;2;255;255;255m▀[0m[38;2;255;255;255m[48;2;255;255;255m▀[0m[38;2;173;174;170m[48;2;255;255;255m▀[0m[38;2;87;89;87m[48;2;255;255;252m▀[0m
[38;2;60;63;63m[48;2;13;15;15m▀[0m[38;2;131;132;129m[48;2;255;255;255m▀[0m[38;2;255;255;255m[48;2;255;255;255m▀[0m[38;2;255;255;255m[48;2;255;255;255m▀[0m[38;2;255;255;255m[48;2;219;223;219m▀[0m[38;2;211;214;211m[48;2;0;0;0m▀[0m[38;2;0;0;0m[48;2;0;0;0m▀[0m[38;2;0;0;0m[48;2;0;0;0m▀[0m[38;2;0;0;0m[48;2;5;5;3m▀[0m[38;2;4;7;7m[48;2;0;0;0m▀[0m[38;2;160;163;160m[48;2;0;0;0m▀[0m[38;2;255;255;255m[48;2;0;0;0m▀[0m[38;2;255;255;255m[48;2;11;13;11m▀[0m[38;2;235;239;236m[48;2;6;7;4m▀[0m[38;2;153;157;152m[48;2;57;60;57m▀[0m[38;2;30;32;33m[48;2;90;93;93m▀[0m[38;2;0;0;0m[48;2;32;31;31m▀[0m[38;2;0;0;0m[48;2;133;132;132m▀[0m[38;2;83;83;83m[48;2;22;22;22m▀[0m[38;2;255;255;255m[48;2;216;220;219m▀[0m[38;2;0;0;0m[48;2;255;255;255m▀[0m[38;2;62;62;62m[48;2;185;184;185m▀[0m[38;2;51;48;50m[48;2;0;0;0m▀[0m[38;2;0;0;0m[48;2;0;0;0m▀[0m[38;2;25;27;27m[48;2;35;37;37m▀[0m[38;2;59;58;58m[48;2;46;46;46m▀[0m[38;2;126;129;129m[48;2;105;107;109m▀[0m[38;2;0;0;0m[48;2;0;0;0m▀[0m[38;2;0;0;0m[48;2;0;0;0m▀[0m[38;2;0;0;0m[48;2;1;4;4m▀[0m[38;2;0;0;0m[48;2;14;16;16m▀[0m[38;2;61;63;63m[48;2;0;0;0m▀[0m[38;2;255;255;255m[48;2;0;0;0m▀[0m[38;2;172;172;170m[48;2;0;0;0m▀[0m[38;2;255;255;255m[48;2;37;39;39m▀[0m[38;2;219;223;222m[48;2;212;217;216m▀[0m
[38;2;28;31;33m[48;2;0;0;0m▀[0m[38;2;244;248;244m[48;2;0;0;0m▀[0m[38;2;229;231;231m[48;2;0;0;0m▀[0m[38;2;41;43;41m[48;2;245;245;242m▀[0m[38;2;0;0;0m[48;2;168;170;171m▀[0m[38;2;0;0;0m[48;2;0;0;0m▀[0m[38;2;75;80;80m[48;2;49;52;49m▀[0m[38;2;50;50;50m[48;2;111;114;111m▀[0m[38;2;21;19;17m[48;2;0;0;0m▀[0m[38;2;26;26;26m[48;2;54;57;59m▀[0m[38;2;43;44;40m[48;2;28;30;30m▀[0m[38;2;24;22;26m[48;2;0;0;0m▀[0m[38;2;60;60;61m[48;2;19;22;22m▀[0m[38;2;88;89;86m[48;2;0;0;0m▀[0m[38;2;52;54;54m[48;2;0;0;0m▀[0m[38;2;1;4;3m[48;2;3;6;7m▀[0m[38;2;0;0;0m[48;2;83;83;81m▀[0m[38;2;0;0;0m[48;2;66;65;65m▀[0m[38;2;45;43;47m[48;2;82;80;83m▀[0m[38;2;52;54;56m[48;2;2;1;1m▀[0m[38;2;68;73;73m[48;2;11;11;9m▀[0m[38;2;85;87;87m[48;2;31;33;33m▀[0m[38;2;0;0;0m[48;2;29;28;28m▀[0m[38;2;0;0;0m[48;2;25;28;28m▀[0m[38;2;22;22;20m[48;2;0;0;0m▀[0m[38;2;45;45;46m[48;2;36;38;38m▀[0m[38;2;96;98;98m[48;2;78;80;80m▀[0m[38;2;0;0;0m[48;2;0;0;0m▀[0m[38;2;0;0;0m[48;2;0;0;0m▀[0m[38;2;1;3;3m[48;2;0;0;0m▀[0m[38;2;103;104;101m[48;2;203;207;204m▀[0m[38;2;0;0;0m[48;2;2;4;4m▀[0m[38;2;0;0;0m[48;2;0;0;0m▀[0m[38;2;0;0;0m[48;2;0;0;0m▀[0m[38;2;27;26;26m[48;2;199;201;201m▀[0m[38;2;38;38;39m[48;2;38;40;40m▀[0m
[38;2;0;0;0m[48;2;237;240;237m▀[0m[38;2;0;0;0m[48;2;0;0;0m▀[0m[38;2;20;22;23m[48;2;0;0;0m▀[0m[38;2;124;126;126m[48;2;0;0;0m▀[0m[38;2;9;7;10m[48;2;0;0;0m▀[0m[38;2;25;27;27m[48;2;65;72;72m▀[0m[38;2;0;0;0m[48;2;0;0;0m▀[0m[38;2;74;74;74m[48;2;0;0;0m▀[0m[38;2;0;0;0m[48;2;0;0;0m▀[0m[38;2;0;0;0m[48;2;54;54;50m▀[0m[38;2;0;0;0m[48;2;59;59;59m▀[0m[38;2;0;0;0m[48;2;0;0;0m▀[0m[38;2;0;0;0m[48;2;0;0;0m▀[0m[38;2;34;37;34m[48;2;0;0;0m▀[0m[38;2;91;96;96m[48;2;0;0;0m▀[0m[38;2;2;5;4m[48;2;0;0;0m▀[0m[38;2;0;0;0m[48;2;2;0;3m▀[0m[38;2;64;66;66m[48;2;6;9;9m▀[0m[38;2;38;40;40m[48;2;92;97;97m▀[0m[38;2;12;14;14m[48;2;2;4;4m▀[0m[38;2;0;0;0m[48;2;29;29;29m▀[0m[38;2;15;17;17m[48;2;56;55;55m▀[0m[38;2;0;0;0m[48;2;0;0;0m▀[0m[38;2;0;0;0m[48;2;0;0;0m▀[0m[38;2;3;1;4m[48;2;149;153;154m▀[0m[38;2;15;19;19m[48;2;255;255;255m▀[0m[38;2;0;0;0m[48;2;97;100;97m▀[0m[38;2;0;0;0m[48;2;0;0;0m▀[0m[38;2;0;0;0m[48;2;0;0;0m▀[0m[38;2;0;0;0m[48;2;6;8;8m▀[0m[38;2;222;224;224m[48;2;255;255;255m▀[0m[38;2;9;8;8m[48;2;0;0;0m▀[0m[38;2;0;0;0m[48;2;0;0;0m▀[0m[38;2;22;25;25m[48;2;36;39;39m▀[0m[38;2;127;129;129m[48;2;83;86;88m▀[0m[38;2;93;95;95m[48;2;48;50;51m▀[0m
[38;2;255;255;255m[48;2;255;255;255m▀[0m[38;2;0;0;0m[48;2;59;61;61m▀[0m[38;2;105;104;104m[48;2;112;114;114m▀[0m[38;2;142;144;144m[48;2;219;222;218m▀[0m[38;2;0;0;0m[48;2;0;0;0m▀[0m[38;2;75;79;79m[48;2;0;0;0m▀[0m[38;2;4;1;4m[48;2;16;20;22m▀[0m[38;2;125;128;128m[48;2;50;50;52m▀[0m[38;2;0;0;0m[48;2;0;0;0m▀[0m[38;2;0;0;0m[48;2;30;30;30m▀[0m[38;2;45;44;44m[48;2;0;0;0m▀[0m[38;2;0;0;0m[48;2;0;0;0m▀[0m[38;2;16;16;16m[48;2;15;18;18m▀[0m[38;2;5;8;5m[48;2;0;0;0m▀[0m[38;2;0;0;0m[48;2;60;61;57m▀[0m[38;2;11;11;9m[48;2;26;28;28m▀[0m[38;2;0;0;0m[48;2;0;0;0m▀[0m[38;2;0;0;0m[48;2;3;6;6m▀[0m[38;2;0;0;0m[48;2;0;0;0m▀[0m[38;2;0;0;0m[48;2;0;0;0m▀[0m[38;2;0;0;0m[48;2;0;0;0m▀[0m[38;2;0;0;0m[48;2;0;0;0m▀[0m[38;2;0;0;0m[48;2;0;0;0m▀[0m[38;2;49;52;57m[48;2;0;0;0m▀[0m[38;2;255;255;255m[48;2;108;113;112m▀[0m[38;2;255;255;255m[48;2;244;244;246m▀[0m[38;2;255;255;255m[48;2;255;255;255m▀[0m[38;2;179;181;181m[48;2;255;255;255m▀[0m[38;2;0;0;0m[48;2;86;88;86m▀[0m[38;2;8;7;7m[48;2;27;24;26m▀[0m[38;2;255;255;255m[48;2;255;255;255m▀[0m[38;2;0;0;0m[48;2;0;0;0m▀[0m[38;2;0;0;0m[48;2;4;11;11m▀[0m[38;2;40;42;44m[48;2;40;42;44m▀[0m[38;2;33;35;35m[48;2;38;39;36m▀[0m[38;2;20;22;23m[48;2;15;17;15m▀[0m
[38;2;236;239;236m[48;2;0;0;0m▀[0m[38;2;0;0;0m[48;2;0;0;0m▀[0m[38;2;98;100;100m[48;2;60;62;62m▀[0m[38;2;180;181;178m[48;2;6;8;8m▀[0m[38;2;0;0;0m[48;2;26;30;29m▀[0m[38;2;52;62;59m[48;2;139;144;145m▀[0m[38;2;12;15;15m[48;2;0;0;0m▀[0m[38;2;0;0;0m[48;2;0;0;0m▀[0m[38;2;0;0;0m[48;2;0;0;0m▀[0m[38;2;33;36;36m[48;2;0;0;0m▀[0m[38;2;69;69;69m[48;2;21;21;21m▀[0m[38;2;0;0;0m[48;2;0;0;0m▀[0m[38;2;0;0;0m[48;2;29;31;31m▀[0m[38;2;0;0;0m[48;2;146;150;146m▀[0m[38;2;209;215;210m[48;2;245;244;242m▀[0m[38;2;231;239;237m[48;2;255;255;255m▀[0m[38;2;45;52;52m[48;2;248;235;233m▀[0m[38;2;0;0;0m[48;2;0;0;0m▀[0m[38;2;53;39;35m[48;2;255;255;255m▀[0m[38;2;255;255;255m[48;2;255;255;255m▀[0m[38;2;255;255;255m[48;2;255;255;255m▀[0m[38;2;255;255;255m[48;2;255;255;255m▀[0m[38;2;255;255;255m[48;2;255;255;255m▀[0m[38;2;220;206;203m[48;2;255;255;255m▀[0m[38;2;123;119;118m[48;2;255;255;255m▀[0m[38;2;46;49;48m[48;2;255;255;255m▀[0m[38;2;18;17;18m[48;2;255;255;255m▀[0m[38;2;49;49;49m[48;2;147;150;147m▀[0m[38;2;41;43;41m[48;2;0;0;0m▀[0m[38;2;0;0;0m[48;2;0;0;0m▀[0m[38;2;63;62;62m[48;2;0;0;0m▀[0m[38;2;0;0;0m[48;2;34;31;35m▀[0m[38;2;18;25;27m[48;2;0;0;0m▀[0m[38;2;39;41;43m[48;2;29;31;31m▀[0m[38;2;36;38;36m[48;2;38;37;37m▀[0m[38;2;43;50;50m[48;2;17;16;16m▀[0m
