[38;2;0;0;0m[48;2;0;0;0m▀[0m[38;2;0;0;0m[48;2;6;9;9m▀[0m[38;2;0;0;0m[48;2;135;137;138m▀[0m[38;2;36;40;42m[48;2;176;180;176m▀[0m[38;2;213;215;213m[48;2;202;206;202m▀[0m[38;2;198;202;198m[48;2;210;212;210m▀[0m[38;2;192;196;192m[48;2;239;241;239m▀[0m[38;2;212;214;212m[48;2;206;210;209m▀[0m[38;2;170;172;173m[48;2;185;188;188m▀[0m[38;2;244;244;244m[48;2;255;255;255m▀[0m[38;2;255;255;255m[48;2;255;255;255m▀[0m[38;2;205;205;201m[48;2;255;255;255m▀[0m[38;2;176;179;178m[48;2;255;255;255m▀[0m[38;2;0;0;0m[48;2;0;0;0m▀[0m[38;2;236;242;240m[48;2;0;0;0m▀[0m[38;2;255;255;255m[48;2;253;253;253m▀[0m[38;2;15;17;15m[48;2;148;147;148m▀[0m[38;2;0;0;0m[48;2;0;0;0m▀[0m[38;2;0;0;0m[48;2;0;0;0m▀[0m[38;2;0;0;0m[48;2;0;0;0m▀[0m[38;2;42;44;46m[48;2;157;162;162m▀[0m[38;2;255;255;255m[48;2;236;237;234m▀[0m[38;2;207;209;209m[48;2;0;0;0m▀[0m[38;2;0;0;0m[48;2;0;0;0m▀[0m[38;2;228;231;230m[48;2;255;255;255m▀[0m[38;2;182;184;182m[48;2;255;255;255m▀[0m[38;2;255;255;255m[48;2;255;255;255m▀[0m[38;2;212;214;214m[48;2;255;255;255m▀[0m[38;2;166;170;170m[48;2;173;177;174m▀[0m[38;2;206;205;205m[48;2;216;219;218m▀[0m[38;2;193;195;193m[48;2;227;229;229m▀[0m[38;2;232;233;230m[48;2;210;212;212m▀[0m[38;2;142;144;144m[48;2;186;185;186m▀[0m[38;2;0;0;0m[48;2;145;147;147m▀[0m[38;2;0;0;0m[48;2;66;66;66m▀[0m[38;2;0;0;0m[48;2;0;0;0m▀[0m
[38;2;113;116;118m[48;2;74;76;76m▀[0m[38;2;121;121;123m[48;2;70;73;70m▀[0m[38;2;204;204;204m[48;2;199;201;199m▀[0m[38;2;255;255;255m[48;2;255;255;255m▀[0m[38;2;226;227;223m[48;2;126;126;126m▀[0m[38;2;166;170;166m[48;2;164;166;164m▀[0m[38;2;197;201;200m[48;2;255;255;255m▀[0m[38;2;250;249;250m[48;2;255;255;255m▀[0m[38;2;255;255;255m[48;2;255;255;255m▀[0m[38;2;255;255;255m[48;2;255;255;255m▀[0m[38;2;183;182;182m[48;2;165;168;168m▀[0m[38;2;255;255;255m[48;2;0;0;0m▀[0m[38;2;255;255;255m[48;2;255;255;255m▀[0m[38;2;63;61;64m[48;2;169;169;169m▀[0m[38;2;0;0;0m[48;2;0;0;0m▀[0m[38;2;73;72;73m[48;2;0;0;0m▀[0m[38;2;67;66;67m[48;2;194;194;194m▀[0m[38;2;0;0;0m[48;2;241;241;241m▀[0m[38;2;0;0;0m[48;2;20;20;20m▀[0m[38;2;0;0;0m[48;2;255;255;255m▀[0m[38;2;55;60;60m[48;2;145;145;145m▀[0m[38;2;57;56;56m[48;2;0;0;0m▀[0m[38;2;0;0;0m[48;2;0;0;0m▀[0m[38;2;125;128;128m[48;2;207;206;206m▀[0m[38;2;255;255;255m[48;2;255;255;255m▀[0m[38;2;255;255;255m[48;2;0;0;0m▀[0m[38;2;184;186;187m[48;2;203;203;203m▀[0m[38;2;255;255;255m[48;2;255;255;255m▀[0m[38;2;255;255;255m[48;2;255;255;255m▀[0m[38;2;251;253;254m[48;2;255;255;255m▀[0m[38;2;185;187;187m[48;2;255;255;255m▀[0m[38;2;180;184;183m[48;2;136;136;136m▀[0m[38;2;236;238;236m[48;2;142;144;145m▀[0m[38;2;255;255;255m[48;2;255;255;255m▀[0m[38;2;163;163;163m[48;2;170;172;170m▀[0m[38;2;89;89;89m[48;2;15;15;15m▀[0m
[38;2;11;14;14m[48;2;140;140;140m▀[0m[38;2;136;138;139m[48;2;255;255;255m▀[0m[38;2;255;255;255m[48;2;190;190;190m▀[0m[38;2;150;153;150m[48;2;185;186;183m▀[0m[38;2;151;154;151m[48;2;255;255;255m▀[0m[38;2;255;255;255m[48;2;255;255;255m▀[0m[38;2;255;255;255m[48;2;255;255;255m▀[0m[38;2;255;255;255m[48;2;255;255;255m▀[0m[38;2;255;255;255m[48;2;255;255;255m▀[0m[38;2;255;255;255m[48;2;255;255;255m▀[0m[38;2;255;255;255m[48;2;255;255;255m▀[0m[38;2;0;0;0m[48;2;99;100;97m▀[0m[38;2;56;56;56m[48;2;0;0;0m▀[0m[38;2;77;77;77m[48;2;24;27;28m▀[0m[38;2;0;0;0m[48;2;0;0;0m▀[0m[38;2;0;0;0m[48;2;162;165;166m▀[0m[38;2;255;255;255m[48;2;255;255;255m▀[0m[38;2;255;255;255m[48;2;138;140;142m▀[0m[38;2;255;255;255m[48;2;255;255;255m▀[0m[38;2;255;255;255m[48;2;95;99;99m▀[0m[38;2;255;255;255m[48;2;255;255;255m▀[0m[38;2;0;0;0m[48;2;152;154;156m▀[0m[38;2;0;0;0m[48;2;0;0;0m▀[0m[38;2;103;106;106m[48;2;36;39;39m▀[0m[38;2;0;0;0m[48;2;0;0;0m▀[0m[38;2;8;11;8m[48;2;160;163;158m▀[0m[38;2;255;255;255m[48;2;255;255;255m▀[0m[38;2;255;255;255m[48;2;255;255;255m▀[0m[38;2;255;255;255m[48;2;255;255;255m▀[0m[38;2;255;255;255m[48;2;255;255;255m▀[0m[38;2;255;255;255m[48;2;255;255;255m▀[0m[38;2;255;255;255m[48;2;255;255;255m▀[0m[38;2;147;149;147m[48;2;255;255;255m▀[0m[38;2;171;172;169m[48;2;193;193;193m▀[0m[38;2;255;255;255m[48;2;198;197;198m▀[0m[38;2;125;125;122m[48;2;255;255;255m▀[0m
[38;2;255;255;255m[48;2;255;255;255m▀[0m[38;2;226;230;227m[48;2;255;255;255m▀[0m[38;2;255;255;255m[48;2;255;255;255m▀[0m[38;2;255;255;255m[48;2;255;255;255m▀[0m[38;2;255;255;255m[48;2;255;255;255m▀[0m[38;2;255;255;255m[48;2;255;255;255m▀[0m[38;2;255;255;255m[48;2;255;255;255m▀[0m[38;2;255;255;255m[48;2;191;190;190m▀[0m[38;2;255;255;255m[48;2;0;0;0m▀[0m[38;2;135;135;135m[48;2;0;0;0m▀[0m[38;2;0;0;0m[48;2;205;205;207m▀[0m[38;2;0;0;0m[48;2;0;0;0m▀[0m[38;2;0;0;0m[48;2;0;0;0m▀[0m[38;2;89;92;93m[48;2;6;6;4m▀[0m[38;2;0;0;0m[48;2;0;0;3m▀[0m[38;2;17;16;14m[48;2;79;62;10m▀[0m[38;2;222;224;229m[48;2;125;77;0m▀[0m[38;2;221;226;230m[48;2;0;0;8m▀[0m[38;2;216;218;220m[48;2;0;0;0m▀[0m[38;2;221;224;229m[48;2;3;3;0m▀[0m[38;2;199;201;207m[48;2;124;81;0m▀[0m[38;2;5;2;6m[48;2;35;26;5m▀[0m[38;2;0;0;0m[48;2;0;0;0m▀[0m[38;2;106;106;107m[48;2;21;21;22m▀[0m[38;2;0;0;0m[48;2;0;0;0m▀[0m[38;2;0;0;0m[48;2;0;0;0m▀[0m[38;2;0;0;0m[48;2;195;199;200m▀[0m[38;2;100;103;100m[48;2;0;0;0m▀[0m[38;2;255;255;255m[48;2;0;0;0m▀[0m[38;2;255;255;255m[48;2;174;173;174m▀[0m[38;2;255;255;255m[48;2;255;255;255m▀[0m[38;2;255;255;255m[48;2;255;255;255m▀[0m[38;2;255;255;255m[48;2;255;255;255m▀[0m[38;2;255;255;255m[48;2;255;255;255m▀[0m[38;2;255;255;255m[48;2;255;255;255m▀[0m[38;2;221;225;225m[48;2;255;255;255m▀[0m
[38;2;255;255;255m[48;2;255;255;255m▀[0m[38;2;255;255;255m[48;2;255;255;255m▀[0m[38;2;255;255;255m[48;2;47;50;47m▀[0m[38;2;255;255;255m[48;2;0;0;0m▀[0m[38;2;173;173;173m[48;2;0;0;0m▀[0m[38;2;132;134;134m[48;2;0;0;0m▀[0m[38;2;84;86;86m[48;2;0;0;0m▀[0m[38;2;0;0;0m[48;2;0;0;0m▀[0m[38;2;0;0;0m[48;2;0;0;0m▀[0m[38;2;81;84;84m[48;2;139;142;139m▀[0m[38;2;255;255;255m[48;2;255;255;255m▀[0m[38;2;35;35;35m[48;2;255;255;255m▀[0m[38;2;0;0;0m[48;2;57;57;57m▀[0m[38;2;0;0;0m[48;2;0;0;0m▀[0m[38;2;0;3;8m[48;2;3;6;8m▀[0m[38;2;188;192;194m[48;2;0;0;0m▀[0m[38;2;23;19;18m[48;2;21;25;32m▀[0m[38;2;30;32;37m[48;2;62;66;67m▀[0m[38;2;255;255;255m[48;2;172;172;174m▀[0m[38;2;0;0;0m[48;2;7;11;16m▀[0m[38;2;45;44;37m[48;2;8;11;16m▀[0m[38;2;179;183;190m[48;2;0;0;0m▀[0m[38;2;13;17;19m[48;2;6;8;9m▀[0m[38;2;0;0;0m[48;2;0;0;0m▀[0m[38;2;0;0;0m[48;2;0;0;0m▀[0m[38;2;4;6;7m[48;2;192;195;192m▀[0m[38;2;234;236;236m[48;2;255;255;255m▀[0m[38;2;205;207;205m[48;2;255;255;255m▀[0m[38;2;0;0;0m[48;2;0;0;0m▀[0m[38;2;0;0;0m[48;2;0;0;0m▀[0m[38;2;79;82;82m[48;2;0;0;0m▀[0m[38;2;145;145;145m[48;2;0;0;0m▀[0m[38;2;191;192;189m[48;2;0;0;0m▀[0m[38;2;255;255;255m[48;2;0;0;0m▀[0m[38;2;255;255;255m[48;2;80;80;80m▀[0m[38;2;255;255;255m[48;2;255;255;255m▀[0m
[38;2;141;144;144m[48;2;0;0;0m▀[0m[38;2;0;0;0m[48;2;0;0;0m▀[0m[38;2;0;0;0m[48;2;121;124;121m▀[0m[38;2;0;0;0m[48;2;210;213;210m▀[0m[38;2;49;49;51m[48;2;200;200;202m▀[0m[38;2;27;29;29m[48;2;0;0;0m▀[0m[38;2;0;0;0m[48;2;12;12;14m▀[0m[38;2;115;117;117m[48;2;75;77;77m▀[0m[38;2;0;0;0m[48;2;0;0;0m▀[0m[38;2;0;0;0m[48;2;0;0;0m▀[0m[38;2;255;255;255m[48;2;255;255;255m▀[0m[38;2;255;255;255m[48;2;122;122;122m▀[0m[38;2;0;0;0m[48;2;0;0;0m▀[0m[38;2;0;0;0m[48;2;0;0;0m▀[0m[38;2;33;33;33m[48;2;51;51;51m▀[0m[38;2;0;0;0m[48;2;0;0;0m▀[0m[38;2;38;41;42m[48;2;224;227;227m▀[0m[38;2;0;0;0m[48;2;189;192;189m▀[0m[38;2;0;0;0m[48;2;101;102;99m▀[0m[38;2;9;11;11m[48;2;226;226;226m▀[0m[38;2;5;7;7m[48;2;202;204;204m▀[0m[38;2;0;0;0m[48;2;0;0;0m▀[0m[38;2;23;23;23m[48;2;23;23;23m▀[0m[38;2;2;5;5m[48;2;0;0;0m▀[0m[38;2;0;0;0m[48;2;0;0;0m▀[0m[38;2;170;172;170m[48;2;0;0;0m▀[0m[38;2;255;255;255m[48;2;255;255;255m▀[0m[38;2;138;138;138m[48;2;168;168;168m▀[0m[38;2;0;0;0m[48;2;0;0;0m▀[0m[38;2;113;116;116m[48;2;64;64;64m▀[0m[38;2;0;0;0m[48;2;23;23;23m▀[0m[38;2;25;28;25m[48;2;0;0;0m▀[0m[38;2;62;61;58m[48;2;189;191;191m▀[0m[38;2;0;0;0m[48;2;219;222;219m▀[0m[38;2;0;0;0m[48;2;117;120;117m▀[0m[38;2;0;0;0m[48;2;0;0;0m▀[0m
[38;2;0;0;0m[48;2;0;0;0m▀[0m[38;2;108;108;108m[48;2;156;156;158m▀[0m[38;2;229;232;229m[48;2;139;142;139m▀[0m[38;2;117;120;120m[48;2;89;88;88m▀[0m[38;2;73;72;73m[48;2;180;182;180m▀[0m[38;2;115;118;118m[48;2;33;36;36m▀[0m[38;2;21;24;24m[48;2;4;7;9m▀[0m[38;2;0;0;0m[48;2;102;104;106m▀[0m[38;2;0;0;0m[48;2;36;35;35m▀[0m[38;2;4;3;3m[48;2;95;94;95m▀[0m[38;2;255;255;255m[48;2;255;255;255m▀[0m[38;2;0;0;0m[48;2;1;4;4m▀[0m[38;2;0;0;0m[48;2;0;0;0m▀[0m[38;2;0;0;0m[48;2;28;30;28m▀[0m[38;2;29;29;29m[48;2;0;0;0m▀[0m[38;2;36;38;38m[48;2;36;36;36m▀[0m[38;2;54;57;57m[48;2;0;0;0m▀[0m[38;2;52;56;52m[48;2;0;0;0m▀[0m[38;2;98;97;97m[48;2;0;0;0m▀[0m[38;2;54;57;54m[48;2;0;0;0m▀[0m[38;2;66;68;68m[48;2;0;0;0m▀[0m[38;2;24;26;26m[48;2;21;23;23m▀[0m[38;2;3;6;6m[48;2;0;0;0m▀[0m[38;2;0;0;0m[48;2;22;24;24m▀[0m[38;2;0;0;0m[48;2;1;0;0m▀[0m[38;2;0;0;0m[48;2;0;0;0m▀[0m[38;2;207;206;207m[48;2;182;181;181m▀[0m[38;2;255;255;255m[48;2;255;255;255m▀[0m[38;2;0;0;0m[48;2;0;0;0m▀[0m[38;2;0;0;0m[48;2;86;88;88m▀[0m[38;2;18;20;22m[48;2;31;34;31m▀[0m[38;2;109;113;118m[48;2;6;10;10m▀[0m[38;2;70;72;72m[48;2;173;177;177m▀[0m[38;2;112;116;111m[48;2;89;93;92m▀[0m[38;2;212;216;215m[48;2;120;124;123m▀[0m[38;2;104;103;103m[48;2;155;157;158m▀[0m
[38;2;0;0;0m[48;2;0;0;0m▀[0m[38;2;22;25;25m[48;2;111;114;110m▀[0m[38;2;169;168;169m[48;2;189;192;189m▀[0m[38;2;193;193;191m[48;2;155;156;153m▀[0m[38;2;149;148;149m[48;2;82;85;85m▀[0m[38;2;0;0;0m[48;2;172;174;172m▀[0m[38;2;97;99;100m[48;2;173;176;173m▀[0m[38;2;194;196;196m[48;2;188;189;186m▀[0m[38;2;32;34;35m[48;2;83;83;83m▀[0m[38;2;24;23;24m[48;2;51;51;51m▀[0m[38;2;255;255;255m[48;2;255;255;255m▀[0m[38;2;0;0;0m[48;2;38;41;38m▀[0m[38;2;3;5;6m[48;2;0;0;0m▀[0m[38;2;76;75;73m[48;2;0;0;0m▀[0m[38;2;24;24;24m[48;2;7;10;10m▀[0m[38;2;4;7;7m[48;2;20;20;22m▀[0m[38;2;0;0;0m[48;2;26;26;26m▀[0m[38;2;3;5;5m[48;2;252;254;252m▀[0m[38;2;76;80;77m[48;2;227;228;225m▀[0m[38;2;137;139;139m[48;2;255;255;255m▀[0m[38;2;142;144;145m[48;2;255;255;255m▀[0m[38;2;0;0;0m[48;2;202;201;201m▀[0m[38;2;0;0;0m[48;2;112;113;110m▀[0m[38;2;65;69;69m[48;2;0;0;0m▀[0m[38;2;72;72;74m[48;2;0;0;0m▀[0m[38;2;0;0;0m[48;2;0;0;0m▀[0m[38;2;171;172;169m[48;2;194;193;193m▀[0m[38;2;255;255;255m[48;2;255;255;255m▀[0m[38;2;0;0;0m[48;2;33;35;33m▀[0m[38;2;186;184;181m[48;2;176;179;176m▀[0m[38;2;121;121;119m[48;2;169;169;167m▀[0m[38;2;0;0;0m[48;2;186;185;182m▀[0m[38;2;114;116;118m[48;2;89;89;90m▀[0m[38;2;196;195;193m[48;2;147;148;144m▀[0m[38;2;152;151;152m[48;2;172;171;172m▀[0m[38;2;8;10;11m[48;2;105;104;102m▀[0m
[38;2;35;38;38m[48;2;0;0;0m▀[0m[38;2;202;205;204m[48;2;189;190;187m▀[0m[38;2;202;201;202m[48;2;100;100;100m▀[0m[38;2;84;86;86m[48;2;88;91;91m▀[0m[38;2;101;100;98m[48;2;255;255;255m▀[0m[38;2;152;152;149m[48;2;168;171;168m▀[0m[38;2;141;145;144m[48;2;168;170;171m▀[0m[38;2;172;174;172m[48;2;178;180;178m▀[0m[38;2;81;80;80m[48;2;46;48;46m▀[0m[38;2;99;98;99m[48;2;105;108;105m▀[0m[38;2;255;255;255m[48;2;255;255;255m▀[0m[38;2;148;148;148m[48;2;240;241;238m▀[0m[38;2;0;0;0m[48;2;0;0;0m▀[0m[38;2;0;0;0m[48;2;0;0;0m▀[0m[38;2;0;0;0m[48;2;0;0;0m▀[0m[38;2;0;0;0m[48;2;44;47;47m▀[0m[38;2;226;229;229m[48;2;255;255;255m▀[0m[38;2;255;255;255m[48;2;243;243;243m▀[0m[38;2;255;255;255m[48;2;255;255;255m▀[0m[38;2;255;255;255m[48;2;219;221;219m▀[0m[38;2;194;196;194m[48;2;238;243;240m▀[0m[38;2;197;200;197m[48;2;250;253;250m▀[0m[38;2;255;255;255m[48;2;191;195;192m▀[0m[38;2;42;44;42m[48;2;144;143;143m▀[0m[38;2;0;0;0m[48;2;0;0;0m▀[0m[38;2;0;0;0m[48;2;0;0;0m▀[0m[38;2;255;255;255m[48;2;255;255;255m▀[0m[38;2;255;255;255m[48;2;255;255;255m▀[0m[38;2;50;49;47m[48;2;43;42;43m▀[0m[38;2;157;160;157m[48;2;140;143;140m▀[0m[38;2;140;143;142m[48;2;171;171;169m▀[0m[38;2;153;152;153m[48;2;168;167;165m▀[0m[38;2;114;113;111m[48;2;250;252;252m▀[0m[38;2;72;75;72m[48;2;106;110;111m▀[0m[38;2;186;188;188m[48;2;72;76;76m▀[0m[38;2;164;166;164m[48;2;179;183;183m▀[0m
[38;2;0;0;0m[48;2;16;19;18m▀[0m[38;2;61;61;63m[48;2;5;8;4m▀[0m[38;2;0;0;0m[48;2;0;0;0m▀[0m[38;2;147;149;150m[48;2;175;177;178m▀[0m[38;2;255;255;255m[48;2;202;204;205m▀[0m[38;2;255;255;255m[48;2;0;0;0m▀[0m[38;2;12;14;12m[48;2;0;0;0m▀[0m[38;2;255;255;255m[48;2;172;179;180m▀[0m[38;2;14;16;16m[48;2;0;0;0m▀[0m[38;2;55;58;55m[48;2;0;0;0m▀[0m[38;2;255;255;255m[48;2;255;255;255m▀[0m[38;2;162;160;163m[48;2;255;255;255m▀[0m[38;2;0;0;0m[48;2;0;0;0m▀[0m[38;2;0;0;0m[48;2;0;0;0m▀[0m[38;2;0;0;0m[48;2;134;134;131m▀[0m[38;2;107;110;107m[48;2;177;182;177m▀[0m[38;2;255;255;255m[48;2;248;250;251m▀[0m[38;2;255;255;255m[48;2;255;255;255m▀[0m[38;2;255;255;255m[48;2;233;232;233m▀[0m[38;2;173;177;170m[48;2;131;136;131m▀[0m[38;2;236;238;238m[48;2;153;152;152m▀[0m[38;2;255;255;255m[48;2;255;255;255m▀[0m[38;2;144;146;144m[48;2;142;144;144m▀[0m[38;2;120;118;121m[48;2;157;158;155m▀[0m[38;2;0;0;0m[48;2;0;0;0m▀[0m[38;2;0;0;0m[48;2;0;0;0m▀[0m[38;2;253;255;255m[48;2;255;255;255m▀[0m[38;2;255;255;255m[48;2;255;255;255m▀[0m[38;2;0;0;0m[48;2;0;0;0m▀[0m[38;2;230;230;230m[48;2;108;111;111m▀[0m[38;2;38;40;38m[48;2;0;0;0m▀[0m[38;2;255;255;255m[48;2;0;0;0m▀[0m[38;2;255;255;255m[48;2;193;196;196m▀[0m[38;2;192;198;197m[48;2;183;185;185m▀[0m[38;2;0;0;0m[48;2;0;0;0m▀[0m[38;2;44;43;43m[48;2;0;0;0m▀[0m
[38;2;0;0;0m[48;2;0;0;0m▀[0m[38;2;0;0;0m[48;2;0;0;0m▀[0m[38;2;0;0;0m[48;2;0;0;0m▀[0m[38;2;0;0;0m[48;2;0;0;0m▀[0m[38;2;0;0;0m[48;2;0;0;0m▀[0m[38;2;0;0;0m[48;2;0;0;0m▀[0m[38;2;0;0;0m[48;2;28;31;31m▀[0m[38;2;85;87;88m[48;2;16;16;16m▀[0m[38;2;0;0;0m[48;2;0;0;0m▀[0m[38;2;0;0;0m[48;2;0;0;0m▀[0m[38;2;255;255;255m[48;2;137;139;139m▀[0m[38;2;255;255;255m[48;2;255;255;255m▀[0m[38;2;88;87;88m[48;2;255;255;255m▀[0m[38;2;0;0;0m[48;2;0;0;0m▀[0m[38;2;8;8;8m[48;2;0;0;0m▀[0m[38;2;140;145;142m[48;2;74;78;75m▀[0m[38;2;255;255;255m[48;2;255;255;255m▀[0m[38;2;245;247;245m[48;2;255;255;255m▀[0m[38;2;255;255;255m[48;2;196;198;196m▀[0m[38;2;116;118;116m[48;2;94;93;91m▀[0m[38;2;90;92;92m[48;2;15;17;18m▀[0m[38;2;255;255;255m[48;2;255;255;255m▀[0m[38;2;38;43;43m[48;2;28;31;31m▀[0m[38;2;135;137;137m[48;2;0;0;0m▀[0m[38;2;0;0;0m[48;2;0;0;0m▀[0m[38;2;109;112;112m[48;2;255;255;255m▀[0m[38;2;255;255;255m[48;2;255;255;255m▀[0m[38;2;221;223;221m[48;2;65;69;68m▀[0m[38;2;0;0;0m[48;2;0;0;0m▀[0m[38;2;91;88;91m[48;2;0;0;0m▀[0m[38;2;13;13;13m[48;2;65;65;67m▀[0m[38;2;0;0;0m[48;2;0;0;0m▀[0m[38;2;0;0;0m[48;2;0;0;0m▀[0m[38;2;0;0;0m[48;2;0;0;0m▀[0m[38;2;0;0;0m[48;2;0;0;0m▀[0m[38;2;0;0;0m[48;2;0;0;0m▀[0m
[38;2;175;175;175m[48;2;255;255;255m▀[0m[38;2;223;223;223m[48;2;255;255;255m▀[0m[38;2;65;64;64m[48;2;167;170;167m▀[0m[38;2;73;75;75m[48;2;54;54;54m▀[0m[38;2;82;83;80m[48;2;0;0;0m▀[0m[38;2;0;0;0m[48;2;6;9;9m▀[0m[38;2;0;0;0m[48;2;124;127;127m▀[0m[38;2;0;0;0m[48;2;255;255;255m▀[0m[38;2;50;50;50m[48;2;255;255;255m▀[0m[38;2;237;239;237m[48;2;255;255;255m▀[0m[38;2;0;0;0m[48;2;0;0;0m▀[0m[38;2;255;255;255m[48;2;142;144;145m▀[0m[38;2;255;255;255m[48;2;255;255;255m▀[0m[38;2;175;177;175m[48;2;255;255;255m▀[0m[38;2;0;1;0m[48;2;252;251;251m▀[0m[38;2;182;184;184m[48;2;131;132;129m▀[0m[38;2;244;245;242m[48;2;92;93;90m▀[0m[38;2;49;52;52m[48;2;0;0;0m▀[0m[38;2;19;18;19m[48;2;117;119;117m▀[0m[38;2;102;101;102m[48;2;209;208;206m▀[0m[38;2;63;65;63m[48;2;38;38;38m▀[0m[38;2;221;224;221m[48;2;82;82;82m▀[0m[38;2;95;97;98m[48;2;25;28;25m▀[0m[38;2;0;0;0m[48;2;255;255;255m▀[0m[38;2;164;164;164m[48;2;255;255;255m▀[0m[38;2;255;255;255m[48;2;255;255;255m▀[0m[38;2;255;255;255m[48;2;63;66;63m▀[0m[38;2;64;67;67m[48;2;144;143;144m▀[0m[38;2;133;136;133m[48;2;255;255;255m▀[0m[38;2;0;0;0m[48;2;255;255;255m▀[0m[38;2;0;0;0m[48;2;144;147;147m▀[0m[38;2;0;3;2m[48;2;0;0;0m▀[0m[38;2;88;91;92m[48;2;0;0;0m▀[0m[38;2;71;71;71m[48;2;36;36;36m▀[0m[38;2;47;49;51m[48;2;154;156;156m▀[0m[38;2;223;225;226m[48;2;255;255;255m▀[0m
