[38;2;179;182;183m[48;2;146;149;151m▀[0m[38;2;0;0;0m[48;2;0;0;0m▀[0m[38;2;0;0;0m[48;2;0;0;0m▀[0m[38;2;0;0;0m[48;2;22;24;24m▀[0m[38;2;0;0;0m[48;2;0;0;0m▀[0m[38;2;0;0;0m[48;2;0;0;0m▀[0m[38;2;0;0;0m[48;2;0;0;0m▀[0m[38;2;14;14;14m[48;2;0;0;0m▀[0m[38;2;194;199;199m[48;2;0;0;0m▀[0m[38;2;64;63;63m[48;2;48;46;49m▀[0m[38;2;0;0;0m[48;2;0;0;0m▀[0m[38;2;82;82;82m[48;2;0;0;0m▀[0m[38;2;255;255;255m[48;2;77;80;80m▀[0m[38;2;255;255;255m[48;2;255;255;255m▀[0m[38;2;192;192;192m[48;2;255;255;255m▀[0m[38;2;0;0;0m[48;2;110;109;107m▀[0m[38;2;0;0;0m[48;2;0;0;0m▀[0m[38;2;0;0;0m[48;2;0;0;0m▀[0m[38;2;0;1;1m[48;2;0;0;0m▀[0m[38;2;0;0;0m[48;2;0;0;0m▀[0m[38;2;63;66;66m[48;2;0;0;0m▀[0m[38;2;124;125;122m[48;2;255;255;255m▀[0m[38;2;255;255;255m[48;2;255;255;255m▀[0m[38;2;255;255;255m[48;2;196;195;195m▀[0m[38;2;141;143;143m[48;2;0;0;0m▀[0m[38;2;0;0;0m[48;2;0;0;0m▀[0m[38;2;36;36;37m[48;2;46;45;45m▀[0m[38;2;197;200;199m[48;2;0;0;0m▀[0m[38;2;31;31;31m[48;2;0;0;0m▀[0m[38;2;0;0;0m[48;2;0;0;0m▀[0m[38;2;0;0;0m[48;2;0;0;0m▀[0m[38;2;0;0;0m[48;2;0;0;0m▀[0m[38;2;0;0;0m[48;2;25;25;25m▀[0m[38;2;0;0;0m[48;2;0;0;0m▀[0m[38;2;0;0;0m[48;2;0;0;0m▀[0m[38;2;142;142;142m[48;2;176;180;180m▀[0m
[38;2;100;105;106m[48;2;54;61;65m▀[0m[38;2;52;54;54m[48;2;79;84;85m▀[0m[38;2;75;77;77m[48;2;58;55;55m▀[0m[38;2;91;95;97m[48;2;43;45;46m▀[0m[38;2;0;1;1m[48;2;69;71;73m▀[0m[38;2;0;0;0m[48;2;244;246;248m▀[0m[38;2;0;0;0m[48;2;100;100;102m▀[0m[38;2;0;0;0m[48;2;0;0;0m▀[0m[38;2;0;0;0m[48;2;0;0;0m▀[0m[38;2;0;0;0m[48;2;0;0;0m▀[0m[38;2;0;0;0m[48;2;0;0;0m▀[0m[38;2;0;0;0m[48;2;0;0;0m▀[0m[38;2;0;0;0m[48;2;0;0;0m▀[0m[38;2;4;8;10m[48;2;0;0;0m▀[0m[38;2;255;255;255m[48;2;41;45;47m▀[0m[38;2;255;255;255m[48;2;244;247;246m▀[0m[38;2;255;255;255m[48;2;255;255;255m▀[0m[38;2;255;255;255m[48;2;255;255;255m▀[0m[38;2;255;255;255m[48;2;255;255;255m▀[0m[38;2;255;255;255m[48;2;255;255;255m▀[0m[38;2;255;255;255m[48;2;255;255;255m▀[0m[38;2;255;255;255m[48;2;114;121;121m▀[0m[38;2;129;138;143m[48;2;0;0;0m▀[0m[38;2;0;0;0m[48;2;0;0;0m▀[0m[38;2;0;0;0m[48;2;0;0;0m▀[0m[38;2;0;0;0m[48;2;0;0;0m▀[0m[38;2;0;0;0m[48;2;1;1;1m▀[0m[38;2;0;0;0m[48;2;0;0;0m▀[0m[38;2;0;0;0m[48;2;0;0;0m▀[0m[38;2;0;0;0m[48;2;94;97;96m▀[0m[38;2;0;0;0m[48;2;249;252;249m▀[0m[38;2;0;0;0m[48;2;58;61;61m▀[0m[38;2;94;97;97m[48;2;34;38;40m▀[0m[38;2;77;77;77m[48;2;44;46;47m▀[0m[38;2;18;15;15m[48;2;59;61;61m▀[0m[38;2;161;164;166m[48;2;99;103;105m▀[0m
[38;2;23;26;29m[48;2;0;0;0m▀[0m[38;2;54;61;65m[48;2;115;124;125m▀[0m[38;2;0;0;0m[48;2;124;121;121m▀[0m[38;2;0;0;0m[48;2;72;72;74m▀[0m[38;2;48;48;48m[48;2;60;67;69m▀[0m[38;2;197;204;204m[48;2;0;0;0m▀[0m[38;2;115;119;119m[48;2;0;0;0m▀[0m[38;2;40;39;39m[48;2;115;117;119m▀[0m[38;2;0;0;0m[48;2;0;0;0m▀[0m[38;2;6;6;8m[48;2;0;0;0m▀[0m[38;2;194;192;195m[48;2;29;29;29m▀[0m[38;2;93;93;93m[48;2;236;239;239m▀[0m[38;2;13;13;11m[48;2;210;213;210m▀[0m[38;2;0;0;0m[48;2;54;53;51m▀[0m[38;2;121;121;124m[48;2;169;172;179m▀[0m[38;2;255;255;255m[48;2;5;0;0m▀[0m[38;2;255;255;255m[48;2;136;127;101m▀[0m[38;2;255;255;255m[48;2;125;130;138m▀[0m[38;2;255;255;255m[48;2;142;146;148m▀[0m[38;2;255;255;255m[48;2;150;149;139m▀[0m[38;2;255;255;255m[48;2;43;36;11m▀[0m[38;2;162;162;163m[48;2;117;120;126m▀[0m[38;2;0;0;0m[48;2;61;60;61m▀[0m[38;2;14;14;16m[48;2;160;160;160m▀[0m[38;2;49;53;53m[48;2;247;250;250m▀[0m[38;2;219;219;219m[48;2;90;90;90m▀[0m[38;2;36;36;38m[48;2;0;0;0m▀[0m[38;2;0;0;0m[48;2;0;0;0m▀[0m[38;2;29;29;30m[48;2;123;126;126m▀[0m[38;2;125;127;127m[48;2;0;0;0m▀[0m[38;2;171;176;178m[48;2;0;0;0m▀[0m[38;2;53;53;55m[48;2;58;56;59m▀[0m[38;2;0;0;0m[48;2;76;75;75m▀[0m[38;2;4;6;6m[48;2;117;112;112m▀[0m[38;2;33;36;38m[48;2;112;115;118m▀[0m[38;2;55;58;60m[48;2;11;13;14m▀[0m
[38;2;0;0;0m[48;2;39;38;35m▀[0m[38;2;79;82;88m[48;2;43;50;54m▀[0m[38;2;74;74;72m[48;2;75;79;78m▀[0m[38;2;0;0;0m[48;2;0;0;0m▀[0m[38;2;43;45;45m[48;2;0;0;0m▀[0m[38;2;32;34;34m[48;2;116;118;120m▀[0m[38;2;0;0;0m[48;2;9;9;10m▀[0m[38;2;78;81;83m[48;2;0;0;0m▀[0m[38;2;11;14;14m[48;2;2;5;5m▀[0m[38;2;0;0;0m[48;2;0;0;0m▀[0m[38;2;0;0;0m[48;2;0;0;0m▀[0m[38;2;43;43;43m[48;2;0;0;0m▀[0m[38;2;186;185;185m[48;2;0;0;0m▀[0m[38;2;18;20;18m[48;2;79;82;84m▀[0m[38;2;232;240;249m[48;2;39;44;45m▀[0m[38;2;155;140;101m[48;2;255;255;255m▀[0m[38;2;66;43;0m[48;2;255;255;255m▀[0m[38;2;152;158;168m[48;2;255;255;255m▀[0m[38;2;255;255;255m[48;2;255;255;255m▀[0m[38;2;45;36;13m[48;2;255;255;255m▀[0m[38;2;89;67;3m[48;2;255;255;255m▀[0m[38;2;249;252;255m[48;2;111;118;122m▀[0m[38;2;68;67;67m[48;2;74;77;77m▀[0m[38;2;158;161;160m[48;2;41;44;45m▀[0m[38;2;114;117;117m[48;2;0;0;0m▀[0m[38;2;0;0;0m[48;2;0;0;0m▀[0m[38;2;0;0;0m[48;2;0;0;0m▀[0m[38;2;0;0;0m[48;2;0;0;0m▀[0m[38;2;77;80;82m[48;2;3;6;6m▀[0m[38;2;0;0;0m[48;2;0;0;0m▀[0m[38;2;9;7;10m[48;2;122;124;124m▀[0m[38;2;47;47;49m[48;2;0;0;0m▀[0m[38;2;0;0;0m[48;2;0;0;0m▀[0m[38;2;60;61;57m[48;2;60;62;60m▀[0m[38;2;80;89;92m[48;2;82;92;91m▀[0m[38;2;0;0;0m[48;2;46;46;47m▀[0m
[38;2;11;9;7m[48;2;0;0;0m▀[0m[38;2;7;16;20m[48;2;42;54;58m▀[0m[38;2;71;78;82m[48;2;10;14;15m▀[0m[38;2;25;27;28m[48;2;4;3;1m▀[0m[38;2;0;0;0m[48;2;0;0;0m▀[0m[38;2;78;81;82m[48;2;0;0;0m▀[0m[38;2;19;21;22m[48;2;0;0;0m▀[0m[38;2;1;0;0m[48;2;0;0;0m▀[0m[38;2;26;28;28m[48;2;0;0;0m▀[0m[38;2;0;0;0m[48;2;0;0;0m▀[0m[38;2;0;0;0m[48;2;105;107;107m▀[0m[38;2;0;0;0m[48;2;154;156;158m▀[0m[38;2;0;0;0m[48;2;255;255;255m▀[0m[38;2;0;0;0m[48;2;201;201;199m▀[0m[38;2;0;0;0m[48;2;179;179;179m▀[0m[38;2;232;235;238m[48;2;255;255;255m▀[0m[38;2;255;255;255m[48;2;187;189;187m▀[0m[38;2;96;96;99m[48;2;133;136;136m▀[0m[38;2;0;0;0m[48;2;110;113;110m▀[0m[38;2;255;255;255m[48;2;153;153;151m▀[0m[38;2;255;255;255m[48;2;255;255;255m▀[0m[38;2;57;64;70m[48;2;255;255;255m▀[0m[38;2;0;0;0m[48;2;104;107;106m▀[0m[38;2;0;0;0m[48;2;255;255;255m▀[0m[38;2;0;0;0m[48;2;167;166;166m▀[0m[38;2;0;0;0m[48;2;135;134;134m▀[0m[38;2;0;0;0m[48;2;6;8;8m▀[0m[38;2;20;23;25m[48;2;0;0;0m▀[0m[38;2;24;26;26m[48;2;0;0;0m▀[0m[38;2;0;0;0m[48;2;0;0;0m▀[0m[38;2;76;80;77m[48;2;0;0;0m▀[0m[38;2;0;0;0m[48;2;0;0;0m▀[0m[38;2;22;24;25m[48;2;0;0;0m▀[0m[38;2;56;61;63m[48;2;0;0;0m▀[0m[38;2;48;56;57m[48;2;56;64;68m▀[0m[38;2;13;13;11m[48;2;0;0;0m▀[0m
[38;2;11;9;7m[48;2;27;24;26m▀[0m[38;2;25;30;35m[48;2;9;17;21m▀[0m[38;2;1;8;9m[48;2;0;0;0m▀[0m[38;2;0;0;0m[48;2;0;0;0m▀[0m[38;2;0;0;0m[48;2;0;0;0m▀[0m[38;2;0;0;0m[48;2;0;0;0m▀[0m[38;2;0;0;0m[48;2;2;2;2m▀[0m[38;2;0;0;0m[48;2;255;255;255m▀[0m[38;2;166;166;166m[48;2;255;255;255m▀[0m[38;2;73;76;72m[48;2;120;122;120m▀[0m[38;2;242;242;242m[48;2;219;223;225m▀[0m[38;2;161;163;165m[48;2;94;97;94m▀[0m[38;2;255;255;255m[48;2;72;83;81m▀[0m[38;2;175;178;177m[48;2;64;68;65m▀[0m[38;2;63;62;62m[48;2;0;0;0m▀[0m[38;2;255;255;255m[48;2;29;31;31m▀[0m[38;2;33;36;36m[48;2;255;255;255m▀[0m[38;2;0;0;0m[48;2;194;196;196m▀[0m[38;2;0;0;0m[48;2;136;141;141m▀[0m[38;2;0;0;0m[48;2;255;255;255m▀[0m[38;2;255;255;255m[48;2;175;175;175m▀[0m[38;2;127;129;129m[48;2;0;0;0m▀[0m[38;2;88;91;92m[48;2;64;68;65m▀[0m[38;2;255;255;255m[48;2;72;81;81m▀[0m[38;2;255;255;255m[48;2;181;185;185m▀[0m[38;2;195;197;197m[48;2;219;217;220m▀[0m[38;2;150;149;149m[48;2;155;157;157m▀[0m[38;2;171;174;171m[48;2;217;219;219m▀[0m[38;2;9;12;12m[48;2;255;255;255m▀[0m[38;2;0;0;0m[48;2;67;67;67m▀[0m[38;2;0;0;0m[48;2;0;0;0m▀[0m[38;2;0;0;0m[48;2;0;0;0m▀[0m[38;2;0;0;0m[48;2;0;0;0m▀[0m[38;2;0;0;0m[48;2;0;0;0m▀[0m[38;2;45;50;51m[48;2;19;24;29m▀[0m[38;2;3;2;3m[48;2;12;14;12m▀[0m
[38;2;0;0;0m[48;2;0;0;0m▀[0m[38;2;0;0;0m[48;2;93;94;91m▀[0m[38;2;32;41;45m[48;2;255;255;255m▀[0m[38;2;235;237;237m[48;2;255;255;255m▀[0m[38;2;255;255;255m[48;2;213;215;215m▀[0m[38;2;255;255;255m[48;2;219;221;221m▀[0m[38;2;255;255;255m[48;2;238;240;240m▀[0m[38;2;255;255;255m[48;2;246;245;245m▀[0m[38;2;208;207;207m[48;2;230;232;232m▀[0m[38;2;189;191;191m[48;2;0;0;0m▀[0m[38;2;33;40;42m[48;2;0;0;0m▀[0m[38;2;48;53;50m[48;2;255;255;255m▀[0m[38;2;165;167;167m[48;2;255;255;255m▀[0m[38;2;193;195;195m[48;2;99;97;100m▀[0m[38;2;0;0;0m[48;2;0;0;0m▀[0m[38;2;0;0;0m[48;2;0;0;0m▀[0m[38;2;163;165;165m[48;2;0;0;0m▀[0m[38;2;255;255;255m[48;2;0;0;0m▀[0m[38;2;255;255;255m[48;2;0;0;0m▀[0m[38;2;255;255;255m[48;2;0;0;0m▀[0m[38;2;0;0;0m[48;2;0;0;0m▀[0m[38;2;0;0;0m[48;2;0;0;0m▀[0m[38;2;160;162;162m[48;2;53;55;55m▀[0m[38;2;171;173;173m[48;2;255;255;255m▀[0m[38;2;43;51;51m[48;2;255;255;255m▀[0m[38;2;88;95;97m[48;2;0;0;0m▀[0m[38;2;171;175;175m[48;2;0;0;0m▀[0m[38;2;188;190;190m[48;2;186;185;185m▀[0m[38;2;233;233;233m[48;2;246;249;246m▀[0m[38;2;255;255;255m[48;2;239;239;240m▀[0m[38;2;255;255;255m[48;2;218;221;221m▀[0m[38;2;255;255;255m[48;2;211;209;212m▀[0m[38;2;255;255;255m[48;2;255;255;255m▀[0m[38;2;49;56;58m[48;2;255;255;255m▀[0m[38;2;0;0;0m[48;2;109;109;111m▀[0m[38;2;0;0;0m[48;2;0;0;0m▀[0m
[38;2;150;150;150m[48;2;255;255;255m▀[0m[38;2;255;255;255m[48;2;255;255;255m▀[0m[38;2;255;255;255m[48;2;242;243;240m▀[0m[38;2;142;144;145m[48;2;190;191;188m▀[0m[38;2;183;187;184m[48;2;215;218;215m▀[0m[38;2;255;255;255m[48;2;211;210;210m▀[0m[38;2;255;255;255m[48;2;203;200;200m▀[0m[38;2;255;255;255m[48;2;227;226;226m▀[0m[38;2;247;249;249m[48;2;140;139;139m▀[0m[38;2;220;222;222m[48;2;45;47;49m▀[0m[38;2;176;177;174m[48;2;255;255;255m▀[0m[38;2;240;242;242m[48;2;253;253;253m▀[0m[38;2;63;65;63m[48;2;98;100;100m▀[0m[38;2;0;0;0m[48;2;53;60;62m▀[0m[38;2;0;0;0m[48;2;35;44;45m▀[0m[38;2;0;0;0m[48;2;0;0;0m▀[0m[38;2;0;2;2m[48;2;23;22;22m▀[0m[38;2;0;0;0m[48;2;0;0;0m▀[0m[38;2;0;2;2m[48;2;26;28;28m▀[0m[38;2;5;8;9m[48;2;24;29;30m▀[0m[38;2;0;0;0m[48;2;0;0;0m▀[0m[38;2;0;1;3m[48;2;32;40;43m▀[0m[38;2;0;0;0m[48;2;58;65;65m▀[0m[38;2;17;19;19m[48;2;87;86;86m▀[0m[38;2;249;252;254m[48;2;238;238;238m▀[0m[38;2;199;202;201m[48;2;255;255;255m▀[0m[38;2;192;191;192m[48;2;136;134;137m▀[0m[38;2;241;243;243m[48;2;46;48;48m▀[0m[38;2;255;255;255m[48;2;236;236;236m▀[0m[38;2;250;250;252m[48;2;201;201;201m▀[0m[38;2;255;255;255m[48;2;211;210;210m▀[0m[38;2;218;221;220m[48;2;215;217;217m▀[0m[38;2;129;129;129m[48;2;201;203;205m▀[0m[38;2;255;255;255m[48;2;215;217;217m▀[0m[38;2;255;255;255m[48;2;255;255;255m▀[0m[38;2;167;167;167m[48;2;255;255;255m▀[0m
[38;2;238;240;240m[48;2;133;135;135m▀[0m[38;2;162;166;163m[48;2;1;10;10m▀[0m[38;2;203;206;203m[48;2;237;239;239m▀[0m[38;2;235;234;234m[48;2;217;217;217m▀[0m[38;2;225;228;225m[48;2;174;174;174m▀[0m[38;2;227;226;226m[48;2;158;160;160m▀[0m[38;2;217;216;216m[48;2;199;200;197m▀[0m[38;2;245;247;247m[48;2;243;242;242m▀[0m[38;2;73;75;75m[48;2;184;186;186m▀[0m[38;2;10;9;10m[48;2;255;255;255m▀[0m[38;2;255;255;255m[48;2;213;213;213m▀[0m[38;2;250;249;249m[48;2;201;204;204m▀[0m[38;2;255;255;255m[48;2;221;220;220m▀[0m[38;2;198;197;197m[48;2;195;197;197m▀[0m[38;2;26;31;31m[48;2;0;0;0m▀[0m[38;2;60;67;67m[48;2;0;0;0m▀[0m[38;2;47;51;53m[48;2;72;79;83m▀[0m[38;2;0;0;0m[48;2;15;15;17m▀[0m[38;2;0;0;0m[48;2;2;4;4m▀[0m[38;2;33;36;37m[48;2;79;86;88m▀[0m[38;2;65;72;74m[48;2;0;0;0m▀[0m[38;2;23;28;30m[48;2;0;0;0m▀[0m[38;2;146;150;149m[48;2;176;176;178m▀[0m[38;2;255;255;255m[48;2;224;223;223m▀[0m[38;2;237;237;237m[48;2;207;207;207m▀[0m[38;2;255;255;255m[48;2;206;206;203m▀[0m[38;2;116;114;117m[48;2;255;255;255m▀[0m[38;2;0;0;0m[48;2;191;191;191m▀[0m[38;2;240;242;240m[48;2;222;221;218m▀[0m[38;2;223;223;223m[48;2;212;214;212m▀[0m[38;2;229;226;226m[48;2;159;162;162m▀[0m[38;2;230;229;229m[48;2;166;169;166m▀[0m[38;2;233;232;232m[48;2;205;205;205m▀[0m[38;2;219;222;222m[48;2;242;245;245m▀[0m[38;2;151;155;154m[48;2;26;33;33m▀[0m[38;2;229;231;231m[48;2;98;101;101m▀[0m
[38;2;40;43;43m[48;2;19;22;22m▀[0m[38;2;74;82;82m[48;2;118;126;129m▀[0m[38;2;116;122;120m[48;2;85;93;93m▀[0m[38;2;70;77;77m[48;2;86;93;93m▀[0m[38;2;46;55;55m[48;2;90;95;95m▀[0m[38;2;38;46;46m[48;2;54;59;59m▀[0m[38;2;64;69;69m[48;2;28;31;31m▀[0m[38;2;177;176;176m[48;2;126;126;124m▀[0m[38;2;158;160;160m[48;2;208;210;208m▀[0m[38;2;194;196;194m[48;2;207;209;207m▀[0m[38;2;201;201;201m[48;2;206;209;206m▀[0m[38;2;201;204;204m[48;2;208;211;208m▀[0m[38;2;210;212;212m[48;2;214;216;214m▀[0m[38;2;255;255;255m[48;2;182;182;182m▀[0m[38;2;184;185;182m[48;2;211;212;209m▀[0m[38;2;0;0;0m[48;2;255;255;255m▀[0m[38;2;0;0;0m[48;2;128;127;127m▀[0m[38;2;5;7;9m[48;2;0;0;0m▀[0m[38;2;27;31;33m[48;2;0;0;0m▀[0m[38;2;0;0;0m[48;2;82;84;84m▀[0m[38;2;0;0;0m[48;2;248;250;250m▀[0m[38;2;166;164;167m[48;2;221;223;221m▀[0m[38;2;255;255;255m[48;2;177;177;177m▀[0m[38;2;216;218;218m[48;2;209;208;205m▀[0m[38;2;205;204;205m[48;2;209;211;212m▀[0m[38;2;199;199;199m[48;2;206;208;208m▀[0m[38;2;195;199;196m[48;2;210;209;206m▀[0m[38;2;146;151;151m[48;2;222;227;224m▀[0m[38;2;181;180;180m[48;2;162;160;163m▀[0m[38;2;95;100;101m[48;2;48;47;47m▀[0m[38;2;38;46;46m[48;2;34;44;41m▀[0m[38;2;49;56;56m[48;2;91;97;96m▀[0m[38;2;63;73;71m[48;2;83;91;92m▀[0m[38;2;101;109;108m[48;2;90;94;96m▀[0m[38;2;87;94;94m[48;2;120;128;128m▀[0m[38;2;37;42;41m[48;2;31;31;32m▀[0m
[38;2;0;0;0m[48;2;0;0;0m▀[0m[38;2;30;32;34m[48;2;0;0;0m▀[0m[38;2;0;0;0m[48;2;0;0;0m▀[0m[38;2;0;0;0m[48;2;0;0;0m▀[0m[38;2;85;89;89m[48;2;0;0;0m▀[0m[38;2;17;20;20m[48;2;37;39;39m▀[0m[38;2;151;153;153m[48;2;179;183;180m▀[0m[38;2;218;218;219m[48;2;160;160;161m▀[0m[38;2;175;177;178m[48;2;204;206;207m▀[0m[38;2;224;223;224m[48;2;212;214;212m▀[0m[38;2;239;242;242m[48;2;195;197;195m▀[0m[38;2;200;202;200m[48;2;198;198;196m▀[0m[38;2;199;203;199m[48;2;200;200;198m▀[0m[38;2;206;208;209m[48;2;201;203;201m▀[0m[38;2;220;220;220m[48;2;205;206;203m▀[0m[38;2;247;246;246m[48;2;229;228;228m▀[0m[38;2;225;229;229m[48;2;182;188;186m▀[0m[38;2;87;95;98m[48;2;131;136;141m▀[0m[38;2;85;89;86m[48;2;148;152;149m▀[0m[38;2;222;226;223m[48;2;186;190;190m▀[0m[38;2;254;253;254m[48;2;231;233;233m▀[0m[38;2;220;219;217m[48;2;209;208;208m▀[0m[38;2;211;210;211m[48;2;203;203;203m▀[0m[38;2;198;202;198m[48;2;199;199;199m▀[0m[38;2;200;200;198m[48;2;198;198;196m▀[0m[38;2;244;243;243m[48;2;194;196;194m▀[0m[38;2;236;234;237m[48;2;209;211;211m▀[0m[38;2;164;166;166m[48;2;199;203;200m▀[0m[38;2;198;200;200m[48;2;156;158;158m▀[0m[38;2;188;186;189m[48;2;173;176;175m▀[0m[38;2;29;31;29m[48;2;71;70;71m▀[0m[38;2;70;79;79m[48;2;0;0;0m▀[0m[38;2;0;2;2m[48;2;0;0;0m▀[0m[38;2;0;0;0m[48;2;0;0;0m▀[0m[38;2;29;29;31m[48;2;0;0;0m▀[0m[38;2;0;0;0m[48;2;0;0;0m▀[0m
[38;2;0;0;0m[48;2;225;229;226m▀[0m[38;2;4;7;7m[48;2;255;255;255m▀[0m[38;2;200;202;204m[48;2;255;255;255m▀[0m[38;2;251;253;254m[48;2;255;255;255m▀[0m[38;2;69;71;71m[48;2;214;216;216m▀[0m[38;2;0;0;0m[48;2;0;0;0m▀[0m[38;2;44;46;46m[48;2;0;0;0m▀[0m[38;2;150;149;150m[48;2;39;45;44m▀[0m[38;2;212;213;210m[48;2;189;189;189m▀[0m[38;2;211;213;211m[48;2;213;212;213m▀[0m[38;2;198;200;198m[48;2;194;196;194m▀[0m[38;2;198;200;198m[48;2;198;198;198m▀[0m[38;2;199;199;197m[48;2;198;200;198m▀[0m[38;2;199;199;197m[48;2;199;199;197m▀[0m[38;2;204;203;201m[48;2;204;204;201m▀[0m[38;2;220;222;220m[48;2;214;216;217m▀[0m[38;2;185;187;192m[48;2;144;148;148m▀[0m[38;2;111;114;115m[48;2;102;108;104m▀[0m[38;2;96;99;99m[48;2;116;119;119m▀[0m[38;2;162;164;164m[48;2;126;128;128m▀[0m[38;2;220;222;222m[48;2;210;209;209m▀[0m[38;2;206;207;204m[48;2;208;209;206m▀[0m[38;2;198;198;196m[48;2;198;198;198m▀[0m[38;2;198;198;196m[48;2;196;199;198m▀[0m[38;2;198;198;196m[48;2;196;198;196m▀[0m[38;2;195;197;197m[48;2;194;196;196m▀[0m[38;2;207;209;209m[48;2;210;212;212m▀[0m[38;2;218;220;220m[48;2;197;199;199m▀[0m[38;2;168;170;170m[48;2;69;77;76m▀[0m[38;2;61;64;65m[48;2;0;0;0m▀[0m[38;2;0;0;0m[48;2;0;0;0m▀[0m[38;2;24;26;26m[48;2;181;183;184m▀[0m[38;2;255;255;255m[48;2;255;255;255m▀[0m[38;2;220;222;222m[48;2;255;255;255m▀[0m[38;2;19;20;17m[48;2;255;255;255m▀[0m[38;2;0;0;0m[48;2;233;236;236m▀[0m
