wide,37,17,255,156,145
wide,36,8,225,184,184
wide,45,18,235,170,168
wide,38,20,255,255,255
wide,24,44,255,189,191
wide,39,23,255,255,255
wide,39,14,255,255,255
wide,39,11,255,255,255
wide,37,40,255,255,255
punch,40,41,255,251,243
punch,42,8,250,227,227
punch,38,44,255,255,255
punch,38,32,255,255,255
punch,38,17,255,255,255
punch,38,9,255,255,255
punch,39,36,255,255,255
punch,37,12,255,255,255
punch,38,26,250,255,255
strip,21,2,228,180,182
strip,21,12,216,165,163
strip,26,2,251,246,249
strip,34,7,255,255,255
strip,32,13,255,255,255
strip,31,9,255,255,255
