[38;2;190;219;217m[48;2;198;229;234m▀[0m[38;2;172;203;192m[48;2;180;203;197m▀[0m[38;2;178;204;201m[48;2;184;209;204m▀[0m[38;2;181;204;201m[48;2;184;209;204m▀[0m[38;2;180;206;201m[48;2;186;209;206m▀[0m[38;2;175;202;191m[48;2;180;206;201m▀[0m[38;2;224;250;248m[48;2;242;255;255m▀[0m[38;2;157;178;178m[48;2;84;101;101m▀[0m[38;2;109;118;118m[48;2;231;247;247m▀[0m[38;2;203;230;229m[48;2;217;235;237m▀[0m[38;2;1;3;3m[48;2;30;40;35m▀[0m[38;2;0;0;0m[48;2;0;0;0m▀[0m[38;2;0;0;0m[48;2;0;0;0m▀[0m[38;2;0;0;0m[48;2;0;0;0m▀[0m[38;2;209;246;251m[48;2;255;255;255m▀[0m[38;2;206;235;229m[48;2;189;215;208m▀[0m[38;2;191;212;209m[48;2;231;255;255m▀[0m[38;2;252;255;255m[48;2;245;255;255m▀[0m[38;2;147;165;157m[48;2;147;168;162m▀[0m[38;2;214;250;245m[48;2;220;255;255m▀[0m[38;2;248;255;255m[48;2;226;255;255m▀[0m[38;2;0;0;0m[48;2;146;185;187m▀[0m[38;2;0;0;0m[48;2;41;14;7m▀[0m[38;2;255;115;100m[48;2;255;118;97m▀[0m[38;2;255;235;234m[48;2;201;237;240m▀[0m[38;2;255;196;186m[48;2;154;28;2m▀[0m[38;2;0;0;0m[48;2;0;0;0m▀[0m[38;2;173;214;213m[48;2;255;255;255m▀[0m[38;2;17;21;20m[48;2;197;202;207m▀[0m[38;2;0;0;0m[48;2;0;0;0m▀[0m[38;2;255;255;255m[48;2;255;255;255m▀[0m[38;2;174;195;191m[48;2;178;200;196m▀[0m[38;2;175;193;187m[48;2;172;195;189m▀[0m[38;2;242;255;255m[48;2;255;255;255m▀[0m[38;2;170;189;180m[48;2;195;218;211m▀[0m[38;2;247;255;255m[48;2;228;255;247m▀[0m[38;2;150;178;176m[48;2;222;255;255m▀[0m[38;2;0;0;0m[48;2;0;0;0m▀[0m[38;2;0;0;0m[48;2;0;0;0m▀[0m[38;2;0;0;0m[48;2;0;0;0m▀[0m[38;2;175;200;200m[48;2;85;104;104m▀[0m[38;2;255;255;255m[48;2;255;255;255m▀[0m[38;2;175;197;187m[48;2;192;211;207m▀[0m[38;2;196;223;217m[48;2;190;213;209m▀[0m
[38;2;118;139;139m[48;2;109;126;126m▀[0m[38;2;192;218;214m[48;2;141;163;158m▀[0m[38;2;203;225;220m[48;2;242;255;255m▀[0m[38;2;186;213;207m[48;2;189;215;209m▀[0m[38;2;187;215;209m[48;2;193;220;215m▀[0m[38;2;185;211;206m[48;2;204;231;224m▀[0m[38;2;236;255;255m[48;2;185;211;214m▀[0m[38;2;25;35;34m[48;2;85;95;102m▀[0m[38;2;255;255;255m[48;2;255;255;255m▀[0m[38;2;70;91;87m[48;2;0;0;0m▀[0m[38;2;25;36;34m[48;2;29;31;31m▀[0m[38;2;0;0;0m[48;2;0;0;0m▀[0m[38;2;0;0;0m[48;2;0;0;0m▀[0m[38;2;30;35;37m[48;2;96;111;115m▀[0m[38;2;255;255;255m[48;2;255;255;255m▀[0m[38;2;174;208;201m[48;2;192;219;212m▀[0m[38;2;233;255;255m[48;2;202;231;224m▀[0m[38;2;212;246;242m[48;2;189;224;219m▀[0m[38;2;165;193;187m[48;2;176;213;206m▀[0m[38;2;187;245;239m[48;2;202;255;255m▀[0m[38;2;255;255;255m[48;2;255;255;255m▀[0m[38;2;255;255;255m[48;2;255;255;255m▀[0m[38;2;0;0;0m[48;2;187;169;159m▀[0m[38;2;168;20;3m[48;2;162;0;0m▀[0m[38;2;255;247;255m[48;2;255;122;128m▀[0m[38;2;96;25;21m[48;2;255;255;255m▀[0m[38;2;255;255;255m[48;2;255;255;255m▀[0m[38;2;255;255;255m[48;2;255;255;255m▀[0m[38;2;255;255;255m[48;2;255;255;255m▀[0m[38;2;0;0;0m[48;2;0;0;0m▀[0m[38;2;248;255;255m[48;2;254;255;255m▀[0m[38;2;190;213;209m[48;2;196;224;218m▀[0m[38;2;174;203;196m[48;2;189;217;209m▀[0m[38;2;231;255;255m[48;2;202;239;231m▀[0m[38;2;213;242;236m[48;2;209;237;233m▀[0m[38;2;212;237;233m[48;2;214;233;224m▀[0m[38;2;255;255;255m[48;2;255;255;255m▀[0m[38;2;0;0;0m[48;2;0;0;0m▀[0m[38;2;0;0;0m[48;2;0;0;0m▀[0m[38;2;0;0;0m[48;2;13;23;28m▀[0m[38;2;0;9;7m[48;2;0;0;0m▀[0m[38;2;255;255;255m[48;2;170;196;191m▀[0m[38;2;222;245;241m[48;2;255;255;255m▀[0m[38;2;192;220;214m[48;2;211;237;231m▀[0m
[38;2;151;179;180m[48;2;202;235;237m▀[0m[38;2;53;69;69m[48;2;1;8;7m▀[0m[38;2;255;255;255m[48;2;255;255;255m▀[0m[38;2;193;220;215m[48;2;198;225;222m▀[0m[38;2;201;224;219m[48;2;196;231;217m▀[0m[38;2;220;250;244m[48;2;229;255;252m▀[0m[38;2;162;191;191m[48;2;164;201;198m▀[0m[38;2;253;255;255m[48;2;255;255;255m▀[0m[38;2;255;255;255m[48;2;255;255;255m▀[0m[38;2;0;0;0m[48;2;0;0;0m▀[0m[38;2;21;29;26m[48;2;0;0;0m▀[0m[38;2;0;0;0m[48;2;0;0;0m▀[0m[38;2;0;0;0m[48;2;0;0;0m▀[0m[38;2;57;68;63m[48;2;20;26;23m▀[0m[38;2;242;255;255m[48;2;245;255;255m▀[0m[38;2;224;255;250m[48;2;226;255;252m▀[0m[38;2;196;223;218m[48;2;195;230;220m▀[0m[38;2;174;211;202m[48;2;231;255;255m▀[0m[38;2;204;255;255m[48;2;174;241;244m▀[0m[38;2;192;255;255m[48;2;114;0;0m▀[0m[38;2;135;0;0m[48;2;255;0;0m▀[0m[38;2;255;235;237m[48;2;255;0;0m▀[0m[38;2;167;255;253m[48;2;109;0;0m▀[0m[38;2;100;0;0m[48;2;157;0;0m▀[0m[38;2;255;30;21m[48;2;255;0;0m▀[0m[38;2;223;255;255m[48;2;137;0;0m▀[0m[38;2;255;255;255m[48;2;255;0;0m▀[0m[38;2;255;187;184m[48;2;255;0;0m▀[0m[38;2;0;29;25m[48;2;115;0;0m▀[0m[38;2;0;0;0m[48;2;0;0;0m▀[0m[38;2;255;255;255m[48;2;95;131;131m▀[0m[38;2;215;244;244m[48;2;255;255;255m▀[0m[38;2;200;225;215m[48;2;187;211;206m▀[0m[38;2;197;222;211m[48;2;201;230;224m▀[0m[38;2;196;222;218m[48;2;198;235;224m▀[0m[38;2;212;234;229m[48;2;206;233;231m▀[0m[38;2;255;255;255m[48;2;255;255;255m▀[0m[38;2;0;1;2m[48;2;17;28;26m▀[0m[38;2;0;0;0m[48;2;0;0;0m▀[0m[38;2;46;57;57m[48;2;65;75;75m▀[0m[38;2;0;0;0m[48;2;0;0;0m▀[0m[38;2;34;37;37m[48;2;0;0;0m▀[0m[38;2;255;255;255m[48;2;255;255;255m▀[0m[38;2;226;255;252m[48;2;255;255;255m▀[0m
[38;2;255;255;255m[48;2;255;255;255m▀[0m[38;2;1;4;0m[48;2;118;141;140m▀[0m[38;2;255;255;255m[48;2;181;203;198m▀[0m[38;2;207;236;234m[48;2;235;255;255m▀[0m[38;2;203;226;220m[48;2;189;220;212m▀[0m[38;2;218;246;245m[48;2;242;255;255m▀[0m[38;2;175;214;217m[48;2;245;255;255m▀[0m[38;2;230;255;255m[48;2;197;229;229m▀[0m[38;2;255;255;255m[48;2;255;255;255m▀[0m[38;2;118;139;139m[48;2;202;234;236m▀[0m[38;2;0;0;0m[48;2;17;23;19m▀[0m[38;2;0;0;0m[48;2;0;0;0m▀[0m[38;2;0;0;0m[48;2;0;0;0m▀[0m[38;2;0;0;0m[48;2;0;0;0m▀[0m[38;2;253;255;255m[48;2;201;246;245m▀[0m[38;2;255;255;255m[48;2;213;255;255m▀[0m[38;2;197;246;246m[48;2;223;234;237m▀[0m[38;2;173;223;226m[48;2;255;255;255m▀[0m[38;2;198;217;220m[48;2;255;255;255m▀[0m[38;2;255;255;255m[48;2;255;255;255m▀[0m[38;2;255;255;255m[48;2;255;255;255m▀[0m[38;2;255;0;0m[48;2;206;0;0m▀[0m[38;2;255;0;0m[48;2;1;21;23m▀[0m[38;2;255;0;0m[48;2;109;0;0m▀[0m[38;2;240;0;0m[48;2;151;0;0m▀[0m[38;2;255;0;0m[48;2;0;0;0m▀[0m[38;2;189;0;0m[48;2;81;0;0m▀[0m[38;2;255;255;255m[48;2;255;255;255m▀[0m[38;2;255;255;255m[48;2;255;255;255m▀[0m[38;2;79;95;95m[48;2;255;255;255m▀[0m[38;2;0;0;0m[48;2;251;250;246m▀[0m[38;2;244;255;255m[48;2;6;17;18m▀[0m[38;2;255;255;255m[48;2;255;255;255m▀[0m[38;2;176;208;202m[48;2;241;255;255m▀[0m[38;2;206;235;233m[48;2;193;220;212m▀[0m[38;2;212;235;234m[48;2;214;242;235m▀[0m[38;2;255;255;255m[48;2;255;255;255m▀[0m[38;2;41;54;51m[48;2;67;80;80m▀[0m[38;2;0;0;0m[48;2;0;0;0m▀[0m[38;2;85;102;106m[48;2;96;104;104m▀[0m[38;2;139;154;154m[48;2;255;255;255m▀[0m[38;2;0;0;0m[48;2;0;0;0m▀[0m[38;2;220;248;250m[48;2;114;131;131m▀[0m[38;2;255;255;255m[48;2;255;255;255m▀[0m
[38;2;241;255;255m[48;2;212;240;235m▀[0m[38;2;255;255;255m[48;2;245;255;255m▀[0m[38;2;214;240;244m[48;2;255;255;255m▀[0m[38;2;223;255;255m[48;2;255;255;255m▀[0m[38;2;164;198;190m[48;2;255;255;255m▀[0m[38;2;233;255;255m[48;2;255;255;255m▀[0m[38;2;185;217;217m[48;2;93;113;113m▀[0m[38;2;217;250;248m[48;2;255;255;255m▀[0m[38;2;255;255;255m[48;2;218;247;245m▀[0m[38;2;255;255;255m[48;2;255;255;255m▀[0m[38;2;63;68;68m[48;2;95;114;108m▀[0m[38;2;0;0;0m[48;2;0;0;0m▀[0m[38;2;0;0;0m[48;2;0;0;0m▀[0m[38;2;0;0;0m[48;2;218;228;223m▀[0m[38;2;122;135;135m[48;2;255;255;255m▀[0m[38;2;255;255;255m[48;2;255;255;255m▀[0m[38;2;255;255;255m[48;2;255;255;255m▀[0m[38;2;255;255;255m[48;2;255;255;255m▀[0m[38;2;255;255;255m[48;2;255;255;255m▀[0m[38;2;255;255;255m[48;2;0;0;0m▀[0m[38;2;0;0;0m[48;2;0;0;0m▀[0m[38;2;0;0;0m[48;2;0;0;0m▀[0m[38;2;0;69;69m[48;2;23;0;0m▀[0m[38;2;255;0;0m[48;2;255;237;223m▀[0m[38;2;255;0;0m[48;2;255;236;241m▀[0m[38;2;128;87;93m[48;2;255;140;139m▀[0m[38;2;0;0;0m[48;2;0;172;168m▀[0m[38;2;80;53;46m[48;2;0;0;0m▀[0m[38;2;255;255;255m[48;2;74;90;87m▀[0m[38;2;255;255;255m[48;2;255;255;255m▀[0m[38;2;255;255;255m[48;2;255;255;255m▀[0m[38;2;255;255;255m[48;2;255;255;255m▀[0m[38;2;146;165;165m[48;2;255;255;255m▀[0m[38;2;240;255;255m[48;2;176;183;184m▀[0m[38;2;250;255;255m[48;2;212;254;255m▀[0m[38;2;203;233;225m[48;2;248;255;255m▀[0m[38;2;255;255;255m[48;2;255;255;255m▀[0m[38;2;59;69;70m[48;2;43;53;54m▀[0m[38;2;0;0;0m[48;2;0;0;0m▀[0m[38;2;203;214;212m[48;2;255;255;255m▀[0m[38;2;255;255;255m[48;2;190;209;217m▀[0m[38;2;0;0;0m[48;2;0;0;0m▀[0m[38;2;0;0;0m[48;2;176;180;186m▀[0m[38;2;255;255;255m[48;2;255;255;255m▀[0m
[38;2;218;250;245m[48;2;167;193;192m▀[0m[38;2;236;255;255m[48;2;242;255;255m▀[0m[38;2;255;255;255m[48;2;217;252;248m▀[0m[38;2;255;255;255m[48;2;255;255;255m▀[0m[38;2;255;255;255m[48;2;255;255;255m▀[0m[38;2;255;255;255m[48;2;252;255;255m▀[0m[38;2;203;220;220m[48;2;215;234;237m▀[0m[38;2;255;255;255m[48;2;189;213;213m▀[0m[38;2;255;255;255m[48;2;255;255;255m▀[0m[38;2;255;255;255m[48;2;255;255;255m▀[0m[38;2;103;125;122m[48;2;97;114;119m▀[0m[38;2;0;0;0m[48;2;0;0;0m▀[0m[38;2;251;251;254m[48;2;217;220;220m▀[0m[38;2;255;255;255m[48;2;255;255;255m▀[0m[38;2;255;255;255m[48;2;255;255;255m▀[0m[38;2;255;255;255m[48;2;255;255;255m▀[0m[38;2;255;255;255m[48;2;255;255;255m▀[0m[38;2;255;255;255m[48;2;39;42;42m▀[0m[38;2;0;0;0m[48;2;0;0;0m▀[0m[38;2;0;0;0m[48;2;0;0;0m▀[0m[38;2;0;0;0m[48;2;0;0;0m▀[0m[38;2;0;0;0m[48;2;0;0;0m▀[0m[38;2;187;245;246m[48;2;190;239;239m▀[0m[38;2;255;255;255m[48;2;255;255;255m▀[0m[38;2;255;107;108m[48;2;98;102;109m▀[0m[38;2;233;0;0m[48;2;0;0;0m▀[0m[38;2;58;176;173m[48;2;255;255;255m▀[0m[38;2;0;0;0m[48;2;0;0;0m▀[0m[38;2;0;0;0m[48;2;0;0;0m▀[0m[38;2;255;255;255m[48;2;13;17;13m▀[0m[38;2;255;255;255m[48;2;255;255;255m▀[0m[38;2;255;255;255m[48;2;255;255;255m▀[0m[38;2;255;255;255m[48;2;255;255;255m▀[0m[38;2;255;255;255m[48;2;255;255;255m▀[0m[38;2;204;209;211m[48;2;255;255;255m▀[0m[38;2;214;254;253m[48;2;178;203;196m▀[0m[38;2;255;255;255m[48;2;255;255;255m▀[0m[38;2;18;29;26m[48;2;14;24;21m▀[0m[38;2;0;0;0m[48;2;0;0;0m▀[0m[38;2;255;255;255m[48;2;0;0;0m▀[0m[38;2;0;0;0m[48;2;42;63;63m▀[0m[38;2;37;46;52m[48;2;255;255;255m▀[0m[38;2;255;255;255m[48;2;255;255;255m▀[0m[38;2;255;255;255m[48;2;241;245;246m▀[0m
[38;2;179;208;208m[48;2;196;223;219m▀[0m[38;2;255;255;255m[48;2;255;255;255m▀[0m[38;2;214;250;242m[48;2;206;240;231m▀[0m[38;2;100;117;117m[48;2;43;62;56m▀[0m[38;2;255;255;255m[48;2;87;103;103m▀[0m[38;2;255;255;255m[48;2;255;255;255m▀[0m[38;2;204;224;224m[48;2;231;255;255m▀[0m[38;2;230;239;228m[48;2;191;212;201m▀[0m[38;2;169;175;170m[48;2;207;196;184m▀[0m[38;2;255;255;255m[48;2;141;108;104m▀[0m[38;2;109;135;139m[48;2;21;24;21m▀[0m[38;2;0;0;0m[48;2;0;0;0m▀[0m[38;2;255;255;255m[48;2;255;255;255m▀[0m[38;2;255;255;255m[48;2;255;255;255m▀[0m[38;2;255;255;255m[48;2;255;255;255m▀[0m[38;2;255;255;255m[48;2;255;255;255m▀[0m[38;2;0;0;0m[48;2;0;0;0m▀[0m[38;2;0;0;0m[48;2;0;0;0m▀[0m[38;2;0;0;0m[48;2;0;0;0m▀[0m[38;2;0;0;0m[48;2;0;0;0m▀[0m[38;2;0;0;0m[48;2;0;0;0m▀[0m[38;2;0;0;0m[48;2;0;0;0m▀[0m[38;2;230;255;255m[48;2;255;255;255m▀[0m[38;2;255;255;255m[48;2;108;140;142m▀[0m[38;2;174;208;215m[48;2;255;255;255m▀[0m[38;2;0;0;0m[48;2;0;1;3m▀[0m[38;2;176;203;207m[48;2;203;218;222m▀[0m[38;2;0;0;0m[48;2;226;236;236m▀[0m[38;2;0;0;0m[48;2;0;0;0m▀[0m[38;2;0;0;0m[48;2;0;0;0m▀[0m[38;2;87;93;96m[48;2;0;0;0m▀[0m[38;2;255;255;255m[48;2;255;255;255m▀[0m[38;2;255;255;255m[48;2;255;255;255m▀[0m[38;2;255;255;255m[48;2;255;255;255m▀[0m[38;2;254;251;251m[48;2;255;255;255m▀[0m[38;2;246;255;255m[48;2;187;213;213m▀[0m[38;2;255;255;255m[48;2;184;203;212m▀[0m[38;2;0;0;0m[48;2;0;0;0m▀[0m[38;2;0;0;0m[48;2;213;245;234m▀[0m[38;2;129;154;154m[48;2;255;255;255m▀[0m[38;2;255;255;255m[48;2;255;255;255m▀[0m[38;2;255;255;255m[48;2;255;255;255m▀[0m[38;2;255;255;255m[48;2;255;255;255m▀[0m[38;2;229;245;244m[48;2;28;40;37m▀[0m
[38;2;209;234;234m[48;2;229;255;255m▀[0m[38;2;255;255;255m[48;2;255;255;255m▀[0m[38;2;207;234;233m[48;2;124;150;148m▀[0m[38;2;237;255;255m[48;2;255;255;255m▀[0m[38;2;1;6;6m[48;2;19;28;28m▀[0m[38;2;207;235;239m[48;2;0;0;0m▀[0m[38;2;255;255;255m[48;2;184;209;209m▀[0m[38;2;180;192;191m[48;2;222;231;233m▀[0m[38;2;150;178;169m[48;2;80;80;73m▀[0m[38;2;255;228;225m[48;2;255;255;255m▀[0m[38;2;146;76;68m[48;2;255;255;255m▀[0m[38;2;0;0;0m[48;2;118;64;57m▀[0m[38;2;255;255;255m[48;2;0;0;0m▀[0m[38;2;255;255;255m[48;2;206;211;217m▀[0m[38;2;255;255;255m[48;2;255;255;255m▀[0m[38;2;255;255;255m[48;2;255;255;255m▀[0m[38;2;0;0;0m[48;2;4;14;14m▀[0m[38;2;0;0;0m[48;2;0;0;0m▀[0m[38;2;0;0;0m[48;2;0;0;0m▀[0m[38;2;0;0;0m[48;2;2;4;4m▀[0m[38;2;0;0;0m[48;2;255;255;255m▀[0m[38;2;242;255;255m[48;2;255;255;255m▀[0m[38;2;68;74;74m[48;2;255;255;255m▀[0m[38;2;124;128;126m[48;2;255;255;255m▀[0m[38;2;197;214;217m[48;2;255;255;255m▀[0m[38;2;48;48;48m[48;2;255;255;255m▀[0m[38;2;255;255;255m[48;2;167;174;169m▀[0m[38;2;255;255;255m[48;2;213;224;224m▀[0m[38;2;0;0;0m[48;2;0;0;0m▀[0m[38;2;0;0;0m[48;2;0;0;0m▀[0m[38;2;0;0;0m[48;2;6;15;13m▀[0m[38;2;255;255;255m[48;2;255;255;255m▀[0m[38;2;255;255;255m[48;2;255;255;255m▀[0m[38;2;255;255;255m[48;2;255;255;255m▀[0m[38;2;255;255;255m[48;2;255;255;255m▀[0m[38;2;0;0;0m[48;2;26;35;36m▀[0m[38;2;0;0;0m[48;2;224;230;230m▀[0m[38;2;234;247;241m[48;2;255;255;255m▀[0m[38;2;255;255;255m[48;2;255;255;255m▀[0m[38;2;255;255;255m[48;2;255;255;255m▀[0m[38;2;255;255;255m[48;2;255;255;255m▀[0m[38;2;255;255;255m[48;2;167;181;185m▀[0m[38;2;104;125;126m[48;2;0;0;0m▀[0m[38;2;0;0;0m[48;2;28;47;42m▀[0m
[38;2;247;255;255m[48;2;255;255;255m▀[0m[38;2;255;255;255m[48;2;255;255;255m▀[0m[38;2;70;100;98m[48;2;14;30;28m▀[0m[38;2;255;255;255m[48;2;255;255;255m▀[0m[38;2;119;139;139m[48;2;255;255;255m▀[0m[38;2;181;193;195m[48;2;255;255;255m▀[0m[38;2;0;0;0m[48;2;0;0;0m▀[0m[38;2;163;186;181m[48;2;0;0;0m▀[0m[38;2;193;198;195m[48;2;215;247;242m▀[0m[38;2;151;81;74m[48;2;198;168;161m▀[0m[38;2;255;255;255m[48;2;123;43;32m▀[0m[38;2;255;255;255m[48;2;170;128;126m▀[0m[38;2;100;74;65m[48;2;233;248;245m▀[0m[38;2;0;0;0m[48;2;181;196;200m▀[0m[38;2;174;178;178m[48;2;0;0;0m▀[0m[38;2;255;255;255m[48;2;101;107;109m▀[0m[38;2;48;57;57m[48;2;0;0;2m▀[0m[38;2;0;0;0m[48;2;0;0;0m▀[0m[38;2;0;0;0m[48;2;255;255;255m▀[0m[38;2;255;255;255m[48;2;255;255;255m▀[0m[38;2;255;255;255m[48;2;255;255;255m▀[0m[38;2;255;255;255m[48;2;246;251;251m▀[0m[38;2;255;255;255m[48;2;206;226;226m▀[0m[38;2;255;255;255m[48;2;255;255;255m▀[0m[38;2;255;255;255m[48;2;255;255;255m▀[0m[38;2;255;255;255m[48;2;255;255;255m▀[0m[38;2;255;255;255m[48;2;255;255;255m▀[0m[38;2;255;255;255m[48;2;255;255;255m▀[0m[38;2;100;102;103m[48;2;255;255;255m▀[0m[38;2;0;0;0m[48;2;0;0;0m▀[0m[38;2;98;107;109m[48;2;161;170;170m▀[0m[38;2;255;255;255m[48;2;255;255;255m▀[0m[38;2;255;255;255m[48;2;191;193;193m▀[0m[38;2;255;255;255m[48;2;64;74;71m▀[0m[38;2;107;113;107m[48;2;128;159;153m▀[0m[38;2;180;206;201m[48;2;255;255;255m▀[0m[38;2;255;255;255m[48;2;255;255;255m▀[0m[38;2;255;255;255m[48;2;206;219;213m▀[0m[38;2;255;255;255m[48;2;255;255;255m▀[0m[38;2;255;255;255m[48;2;255;255;255m▀[0m[38;2;193;215;217m[48;2;0;0;0m▀[0m[38;2;0;0;0m[48;2;0;0;0m▀[0m[38;2;0;0;1m[48;2;154;172;172m▀[0m[38;2;255;255;255m[48;2;255;255;255m▀[0m
[38;2;255;255;255m[48;2;255;255;255m▀[0m[38;2;254;255;255m[48;2;164;183;191m▀[0m[38;2;0;0;0m[48;2;0;0;0m▀[0m[38;2;255;255;255m[48;2;151;172;172m▀[0m[38;2;255;255;255m[48;2;97;113;117m▀[0m[38;2;252;255;255m[48;2;2;24;25m▀[0m[38;2;0;2;4m[48;2;0;0;0m▀[0m[38;2;0;0;0m[48;2;0;0;0m▀[0m[38;2;0;0;0m[48;2;0;0;0m▀[0m[38;2;143;150;148m[48;2;0;0;0m▀[0m[38;2;137;109;104m[48;2;54;47;48m▀[0m[38;2;90;41;37m[48;2;84;75;75m▀[0m[38;2;80;29;25m[48;2;62;56;56m▀[0m[38;2;230;252;255m[48;2;96;107;111m▀[0m[38;2;168;231;237m[48;2;140;176;184m▀[0m[38;2;148;179;185m[48;2;152;178;178m▀[0m[38;2;28;37;35m[48;2;176;202;192m▀[0m[38;2;48;50;46m[48;2;36;37;34m▀[0m[38;2;255;255;255m[48;2;255;255;255m▀[0m[38;2;255;255;255m[48;2;255;255;255m▀[0m[38;2;190;203;201m[48;2;120;148;146m▀[0m[38;2;186;197;197m[48;2;195;246;246m▀[0m[38;2;174;202;197m[48;2;108;151;146m▀[0m[38;2;255;255;255m[48;2;252;255;255m▀[0m[38;2;255;255;255m[48;2;255;255;255m▀[0m[38;2;100;109;102m[48;2;193;239;241m▀[0m[38;2;189;204;202m[48;2;102;143;143m▀[0m[38;2;255;255;255m[48;2;222;242;239m▀[0m[38;2;255;255;255m[48;2;255;255;255m▀[0m[38;2;0;0;0m[48;2;181;190;190m▀[0m[38;2;255;255;255m[48;2;230;236;233m▀[0m[38;2;255;255;255m[48;2;183;196;195m▀[0m[38;2;122;139;141m[48;2;255;255;255m▀[0m[38;2;201;212;209m[48;2;192;202;202m▀[0m[38;2;184;198;208m[48;2;141;161;169m▀[0m[38;2;255;255;255m[48;2;187;217;212m▀[0m[38;2;212;223;217m[48;2;214;248;245m▀[0m[38;2;254;255;255m[48;2;125;141;145m▀[0m[38;2;250;255;255m[48;2;0;0;0m▀[0m[38;2;0;0;0m[48;2;0;0;0m▀[0m[38;2;0;0;0m[48;2;0;0;0m▀[0m[38;2;0;0;0m[48;2;0;0;0m▀[0m[38;2;17;21;21m[48;2;0;0;0m▀[0m[38;2;255;255;255m[48;2;190;209;209m▀[0m
[38;2;255;255;255m[48;2;255;255;255m▀[0m[38;2;56;67;71m[48;2;0;0;0m▀[0m[38;2;0;0;0m[48;2;0;0;0m▀[0m[38;2;0;0;0m[48;2;255;255;255m▀[0m[38;2;0;0;0m[48;2;162;168;167m▀[0m[38;2;0;0;0m[48;2;0;0;0m▀[0m[38;2;0;0;0m[48;2;0;0;0m▀[0m[38;2;0;0;0m[48;2;0;0;0m▀[0m[38;2;0;0;0m[48;2;0;0;0m▀[0m[38;2;0;0;0m[48;2;0;0;0m▀[0m[38;2;0;0;0m[48;2;0;0;0m▀[0m[38;2;32;41;47m[48;2;53;70;74m▀[0m[38;2;46;57;58m[48;2;0;0;0m▀[0m[38;2;90;114;115m[48;2;0;0;0m▀[0m[38;2;31;45;43m[48;2;0;0;0m▀[0m[38;2;4;24;20m[48;2;108;122;122m▀[0m[38;2;37;26;21m[48;2;43;42;42m▀[0m[38;2;0;0;0m[48;2;0;0;0m▀[0m[38;2;235;255;255m[48;2;255;255;255m▀[0m[38;2;45;97;100m[48;2;198;192;191m▀[0m[38;2;64;89;89m[48;2;255;184;159m▀[0m[38;2;228;0;0m[48;2;255;162;141m▀[0m[38;2;242;237;237m[48;2;255;255;255m▀[0m[38;2;226;255;255m[48;2;255;255;255m▀[0m[38;2;198;246;248m[48;2;255;255;255m▀[0m[38;2;140;111;113m[48;2;255;78;80m▀[0m[38;2;131;80;80m[48;2;255;114;117m▀[0m[38;2;184;206;211m[48;2;0;48;50m▀[0m[38;2;255;255;255m[48;2;255;255;255m▀[0m[38;2;255;255;255m[48;2;255;255;255m▀[0m[38;2;132;136;135m[48;2;190;192;190m▀[0m[38;2;229;242;241m[48;2;132;152;142m▀[0m[38;2;255;255;255m[48;2;217;240;235m▀[0m[38;2;220;239;235m[48;2;20;24;20m▀[0m[38;2;70;87;92m[48;2;0;0;0m▀[0m[38;2;43;63;63m[48;2;0;0;0m▀[0m[38;2;0;0;0m[48;2;0;0;0m▀[0m[38;2;0;0;0m[48;2;0;0;0m▀[0m[38;2;13;24;23m[48;2;54;68;64m▀[0m[38;2;2;7;8m[48;2;6;9;9m▀[0m[38;2;0;0;0m[48;2;0;0;0m▀[0m[38;2;0;0;0m[48;2;0;0;0m▀[0m[38;2;0;0;0m[48;2;0;0;0m▀[0m[38;2;213;234;234m[48;2;211;228;228m▀[0m
[38;2;255;255;255m[48;2;255;255;255m▀[0m[38;2;0;0;0m[48;2;0;0;0m▀[0m[38;2;202;207;206m[48;2;251;255;255m▀[0m[38;2;255;255;255m[48;2;255;255;255m▀[0m[38;2;255;255;255m[48;2;255;255;255m▀[0m[38;2;255;255;255m[48;2;255;255;255m▀[0m[38;2;190;195;195m[48;2;255;255;255m▀[0m[38;2;0;0;0m[48;2;255;255;255m▀[0m[38;2;0;0;0m[48;2;71;75;71m▀[0m[38;2;0;0;0m[48;2;0;0;0m▀[0m[38;2;0;0;0m[48;2;0;0;0m▀[0m[38;2;43;57;57m[48;2;25;36;37m▀[0m[38;2;2;4;6m[48;2;0;0;0m▀[0m[38;2;255;255;255m[48;2;255;255;255m▀[0m[38;2;255;255;255m[48;2;255;255;255m▀[0m[38;2;255;255;255m[48;2;255;255;255m▀[0m[38;2;255;255;255m[48;2;255;255;255m▀[0m[38;2;146;150;148m[48;2;0;0;0m▀[0m[38;2;255;255;255m[48;2;6;15;17m▀[0m[38;2;255;255;255m[48;2;139;164;164m▀[0m[38;2;255;255;255m[48;2;255;255;255m▀[0m[38;2;255;255;255m[48;2;242;255;255m▀[0m[38;2;255;255;255m[48;2;148;192;192m▀[0m[38;2;255;255;255m[48;2;75;152;154m▀[0m[38;2;255;255;255m[48;2;255;255;255m▀[0m[38;2;255;252;248m[48;2;255;255;255m▀[0m[38;2;255;103;81m[48;2;255;255;255m▀[0m[38;2;195;123;130m[48;2;255;218;217m▀[0m[38;2;251;255;255m[48;2;255;128;109m▀[0m[38;2;241;252;247m[48;2;70;100;95m▀[0m[38;2;255;255;255m[48;2;244;247;247m▀[0m[38;2;237;245;244m[48;2;255;255;255m▀[0m[38;2;255;255;255m[48;2;255;255;255m▀[0m[38;2;255;255;255m[48;2;255;255;255m▀[0m[38;2;0;0;0m[48;2;0;0;0m▀[0m[38;2;0;0;0m[48;2;0;0;0m▀[0m[38;2;0;0;0m[48;2;0;0;0m▀[0m[38;2;0;0;0m[48;2;0;0;0m▀[0m[38;2;61;74;71m[48;2;51;62;59m▀[0m[38;2;4;4;4m[48;2;0;0;0m▀[0m[38;2;0;0;0m[48;2;0;0;0m▀[0m[38;2;0;0;0m[48;2;0;0;0m▀[0m[38;2;0;0;0m[48;2;0;0;0m▀[0m[38;2;198;214;218m[48;2;173;185;185m▀[0m
[38;2;255;255;255m[48;2;255;255;255m▀[0m[38;2;0;0;0m[48;2;0;0;0m▀[0m[38;2;255;255;255m[48;2;236;246;246m▀[0m[38;2;255;255;255m[48;2;255;255;255m▀[0m[38;2;255;255;255m[48;2;255;255;255m▀[0m[38;2;255;255;255m[48;2;255;255;255m▀[0m[38;2;255;255;255m[48;2;255;255;255m▀[0m[38;2;255;255;255m[48;2;255;255;255m▀[0m[38;2;255;255;255m[48;2;255;255;255m▀[0m[38;2;255;255;255m[48;2;255;255;255m▀[0m[38;2;21;28;28m[48;2;255;255;255m▀[0m[38;2;0;0;0m[48;2;30;42;41m▀[0m[38;2;0;0;0m[48;2;0;0;0m▀[0m[38;2;248;255;251m[48;2;102;109;107m▀[0m[38;2;255;255;255m[48;2;255;255;255m▀[0m[38;2;255;255;255m[48;2;255;255;255m▀[0m[38;2;255;255;255m[48;2;255;255;255m▀[0m[38;2;26;31;31m[48;2;255;255;255m▀[0m[38;2;0;0;0m[48;2;109;112;115m▀[0m[38;2;165;172;172m[48;2;150;161;161m▀[0m[38;2;255;255;255m[48;2;255;255;255m▀[0m[38;2;255;213;211m[48;2;255;255;255m▀[0m[38;2;0;0;0m[48;2;255;101;101m▀[0m[38;2;0;0;0m[48;2;255;0;0m▀[0m[38;2;54;100;97m[48;2;255;202;202m▀[0m[38;2;255;255;255m[48;2;255;255;255m▀[0m[38;2;250;255;255m[48;2;255;255;255m▀[0m[38;2;189;218;217m[48;2;9;36;37m▀[0m[38;2;0;0;0m[48;2;0;0;0m▀[0m[38;2;0;15;13m[48;2;255;255;255m▀[0m[38;2;255;255;255m[48;2;255;255;255m▀[0m[38;2;255;255;255m[48;2;255;255;255m▀[0m[38;2;255;255;255m[48;2;255;255;255m▀[0m[38;2;147;157;151m[48;2;0;0;0m▀[0m[38;2;0;0;0m[48;2;0;0;0m▀[0m[38;2;0;0;0m[48;2;0;0;0m▀[0m[38;2;0;0;0m[48;2;0;0;0m▀[0m[38;2;0;0;0m[48;2;0;0;0m▀[0m[38;2;0;0;0m[48;2;61;70;68m▀[0m[38;2;0;0;0m[48;2;255;255;255m▀[0m[38;2;0;0;0m[48;2;255;255;255m▀[0m[38;2;64;74;74m[48;2;255;255;255m▀[0m[38;2;0;0;0m[48;2;0;0;0m▀[0m[38;2;135;151;151m[48;2;87;103;101m▀[0m
[38;2;122;131;129m[48;2;0;0;0m▀[0m[38;2;0;0;0m[48;2;0;0;0m▀[0m[38;2;134;139;135m[48;2;0;0;0m▀[0m[38;2;255;255;255m[48;2;255;255;255m▀[0m[38;2;255;255;255m[48;2;255;255;255m▀[0m[38;2;255;255;255m[48;2;255;255;255m▀[0m[38;2;255;255;255m[48;2;255;255;255m▀[0m[38;2;255;255;255m[48;2;255;255;255m▀[0m[38;2;255;255;255m[48;2;255;255;255m▀[0m[38;2;255;255;255m[48;2;255;255;255m▀[0m[38;2;255;255;255m[48;2;255;255;255m▀[0m[38;2;255;255;255m[48;2;255;255;255m▀[0m[38;2;0;0;0m[48;2;0;0;0m▀[0m[38;2;0;0;0m[48;2;0;0;0m▀[0m[38;2;255;255;255m[48;2;246;255;255m▀[0m[38;2;255;255;255m[48;2;255;255;255m▀[0m[38;2;255;255;255m[48;2;255;255;255m▀[0m[38;2;255;255;255m[48;2;255;255;255m▀[0m[38;2;255;255;255m[48;2;255;255;255m▀[0m[38;2;106;115;115m[48;2;152;165;163m▀[0m[38;2;0;18;15m[48;2;0;0;0m▀[0m[38;2;190;252;252m[48;2;0;0;0m▀[0m[38;2;255;255;255m[48;2;0;31;24m▀[0m[38;2;255;253;248m[48;2;35;101;98m▀[0m[38;2;255;255;255m[48;2;25;46;47m▀[0m[38;2;172;183;189m[48;2;0;0;0m▀[0m[38;2;0;0;0m[48;2;0;0;0m▀[0m[38;2;114;131;130m[48;2;202;212;207m▀[0m[38;2;255;255;255m[48;2;255;255;255m▀[0m[38;2;255;255;255m[48;2;228;231;231m▀[0m[38;2;255;255;255m[48;2;255;255;255m▀[0m[38;2;255;255;255m[48;2;255;255;255m▀[0m[38;2;255;255;255m[48;2;137;145;142m▀[0m[38;2;0;0;0m[48;2;0;0;0m▀[0m[38;2;0;0;0m[48;2;95;100;102m▀[0m[38;2;102;112;112m[48;2;255;255;255m▀[0m[38;2;255;255;255m[48;2;255;255;255m▀[0m[38;2;255;255;255m[48;2;255;255;255m▀[0m[38;2;255;255;255m[48;2;255;255;255m▀[0m[38;2;255;255;255m[48;2;255;255;255m▀[0m[38;2;255;255;255m[48;2;255;255;255m▀[0m[38;2;255;255;255m[48;2;255;255;255m▀[0m[38;2;75;84;85m[48;2;86;82;85m▀[0m[38;2;85;104;101m[48;2;119;146;142m▀[0m
[38;2;0;2;0m[48;2;78;97;93m▀[0m[38;2;0;0;0m[48;2;53;70;70m▀[0m[38;2;0;0;0m[48;2;0;0;0m▀[0m[38;2;246;252;252m[48;2;0;0;0m▀[0m[38;2;255;255;255m[48;2;255;255;255m▀[0m[38;2;255;255;255m[48;2;255;255;255m▀[0m[38;2;255;255;255m[48;2;255;255;255m▀[0m[38;2;255;255;255m[48;2;252;255;255m▀[0m[38;2;122;130;135m[48;2;84;108;108m▀[0m[38;2;79;84;86m[48;2;255;255;255m▀[0m[38;2;255;255;255m[48;2;255;255;255m▀[0m[38;2;255;255;255m[48;2;255;255;255m▀[0m[38;2;76;84;82m[48;2;213;219;219m▀[0m[38;2;0;0;0m[48;2;0;0;0m▀[0m[38;2;184;206;203m[48;2;211;230;225m▀[0m[38;2;255;255;255m[48;2;255;255;255m▀[0m[38;2;255;255;255m[48;2;101;117;117m▀[0m[38;2;244;248;248m[48;2;109;111;107m▀[0m[38;2;255;255;255m[48;2;52;54;57m▀[0m[38;2;167;183;176m[48;2;118;139;135m▀[0m[38;2;0;0;0m[48;2;255;255;255m▀[0m[38;2;108;137;126m[48;2;255;255;255m▀[0m[38;2;0;0;0m[48;2;255;255;255m▀[0m[38;2;122;130;135m[48;2;255;255;255m▀[0m[38;2;255;255;255m[48;2;255;255;255m▀[0m[38;2;0;0;0m[48;2;255;255;255m▀[0m[38;2;35;45;43m[48;2;124;145;145m▀[0m[38;2;255;255;255m[48;2;124;131;130m▀[0m[38;2;255;255;255m[48;2;255;255;255m▀[0m[38;2;195;198;193m[48;2;240;255;255m▀[0m[38;2;255;255;255m[48;2;255;255;255m▀[0m[38;2;255;255;255m[48;2;240;251;251m▀[0m[38;2;0;0;0m[48;2;0;0;0m▀[0m[38;2;0;0;0m[48;2;167;179;176m▀[0m[38;2;255;255;255m[48;2;255;255;255m▀[0m[38;2;255;255;255m[48;2;255;255;255m▀[0m[38;2;255;255;255m[48;2;90;108;102m▀[0m[38;2;255;255;255m[48;2;255;255;255m▀[0m[38;2;255;255;255m[48;2;255;255;255m▀[0m[38;2;255;255;255m[48;2;255;255;255m▀[0m[38;2;255;255;255m[48;2;255;255;255m▀[0m[38;2;255;255;255m[48;2;255;255;255m▀[0m[38;2;9;15;12m[48;2;0;0;0m▀[0m[38;2;198;230;225m[48;2;255;255;255m▀[0m
[38;2;0;0;0m[48;2;0;0;0m▀[0m[38;2;45;56;56m[48;2;0;0;0m▀[0m[38;2;84;100;100m[48;2;0;0;0m▀[0m[38;2;0;7;7m[48;2;25;36;34m▀[0m[38;2;0;0;0m[48;2;20;36;32m▀[0m[38;2;0;0;0m[48;2;0;0;0m▀[0m[38;2;53;64;62m[48;2;255;255;255m▀[0m[38;2;255;255;255m[48;2;255;255;255m▀[0m[38;2;255;255;255m[48;2;255;255;255m▀[0m[38;2;255;255;255m[48;2;255;255;255m▀[0m[38;2;255;255;255m[48;2;255;255;255m▀[0m[38;2;255;255;255m[48;2;255;255;255m▀[0m[38;2;255;255;255m[48;2;255;255;255m▀[0m[38;2;0;0;0m[48;2;0;0;0m▀[0m[38;2;62;74;68m[48;2;65;89;84m▀[0m[38;2;175;191;193m[48;2;255;255;255m▀[0m[38;2;150;161;156m[48;2;255;255;255m▀[0m[38;2;255;255;255m[48;2;255;255;255m▀[0m[38;2;255;255;255m[48;2;255;255;255m▀[0m[38;2;255;255;255m[48;2;255;255;255m▀[0m[38;2;219;236;236m[48;2;255;255;255m▀[0m[38;2;255;255;255m[48;2;167;176;178m▀[0m[38;2;255;255;255m[48;2;255;255;255m▀[0m[38;2;255;255;255m[48;2;255;255;255m▀[0m[38;2;255;255;255m[48;2;255;255;255m▀[0m[38;2;208;223;226m[48;2;255;255;255m▀[0m[38;2;169;181;181m[48;2;255;255;255m▀[0m[38;2;245;234;235m[48;2;255;255;255m▀[0m[38;2;222;242;242m[48;2;255;255;255m▀[0m[38;2;118;142;145m[48;2;189;209;212m▀[0m[38;2;255;255;255m[48;2;165;176;180m▀[0m[38;2;208;215;211m[48;2;208;229;229m▀[0m[38;2;0;9;9m[48;2;30;36;32m▀[0m[38;2;255;255;255m[48;2;255;255;255m▀[0m[38;2;255;255;255m[48;2;255;255;255m▀[0m[38;2;255;255;255m[48;2;255;255;255m▀[0m[38;2;111;122;120m[48;2;255;255;255m▀[0m[38;2;97;103;103m[48;2;255;255;255m▀[0m[38;2;255;255;255m[48;2;172;181;183m▀[0m[38;2;255;255;255m[48;2;255;255;255m▀[0m[38;2;255;255;255m[48;2;255;255;255m▀[0m[38;2;223;229;230m[48;2;0;0;0m▀[0m[38;2;0;0;0m[48;2;0;0;0m▀[0m[38;2;230;239;244m[48;2;179;195;192m▀[0m
