[38;2;165;190;188m[48;2;172;199;203m▀[0m[38;2;149;177;167m[48;2;156;177;171m▀[0m[38;2;154;178;174m[48;2;160;182;178m▀[0m[38;2;157;178;174m[48;2;160;182;178m▀[0m[38;2;156;179;174m[48;2;162;182;179m▀[0m[38;2;152;175;166m[48;2;156;179;174m▀[0m[38;2;195;217;216m[48;2;210;238;238m▀[0m[38;2;136;154;154m[48;2;73;87;87m▀[0m[38;2;95;102;102m[48;2;201;215;215m▀[0m[38;2;177;200;199m[48;2;188;204;206m▀[0m[38;2;1;3;3m[48;2;26;34;30m▀[0m[38;2;0;0;0m[48;2;0;0;0m▀[0m[38;2;0;0;0m[48;2;0;0;0m▀[0m[38;2;0;0;0m[48;2;0;0;0m▀[0m[38;2;182;214;218m[48;2;240;255;255m▀[0m[38;2;179;204;199m[48;2;164;187;181m▀[0m[38;2;166;184;182m[48;2;201;222;222m▀[0m[38;2;219;237;239m[48;2;213;240;240m▀[0m[38;2;128;144;136m[48;2;128;146;140m▀[0m[38;2;186;217;213m[48;2;191;230;224m▀[0m[38;2;216;255;255m[48;2;197;237;240m▀[0m[38;2;0;0;0m[48;2;127;161;163m▀[0m[38;2;0;0;0m[48;2;36;12;6m▀[0m[38;2;225;100;86m[48;2;225;102;84m▀[0m[38;2;226;204;203m[48;2;174;206;208m▀[0m[38;2;231;170;162m[48;2;134;24;2m▀[0m[38;2;0;0;0m[48;2;0;0;0m▀[0m[38;2;150;186;185m[48;2;255;255;255m▀[0m[38;2;14;19;18m[48;2;171;175;180m▀[0m[38;2;0;0;0m[48;2;0;0;0m▀[0m[38;2;233;255;255m[48;2;232;255;255m▀[0m[38;2;151;169;166m[48;2;154;173;170m▀[0m[38;2;152;168;163m[48;2;149;169;164m▀[0m[38;2;210;231;227m[48;2;224;249;249m▀[0m[38;2;148;164;156m[48;2;169;189;183m▀[0m[38;2;215;238;234m[48;2;198;222;215m▀[0m[38;2;130;154;153m[48;2;192;227;226m▀[0m[38;2;0;0;0m[48;2;0;0;0m▀[0m[38;2;0;0;0m[48;2;0;0;0m▀[0m[38;2;0;0;0m[48;2;0;0;0m▀[0m[38;2;152;173;173m[48;2;74;91;91m▀[0m[38;2;255;255;255m[48;2;255;255;255m▀[0m[38;2;152;171;163m[48;2;167;183;180m▀[0m[38;2;170;193;188m[48;2;165;185;182m▀[0m
[38;2;102;120;120m[48;2;95;110;110m▀[0m[38;2;167;189;186m[48;2;122;142;137m▀[0m[38;2;177;196;191m[48;2;210;230;227m▀[0m[38;2;162;185;180m[48;2;164;187;182m▀[0m[38;2;163;187;182m[48;2;168;191;187m▀[0m[38;2;161;183;179m[48;2;178;201;195m▀[0m[38;2;205;236;228m[48;2;161;183;186m▀[0m[38;2;22;30;29m[48;2;74;82;89m▀[0m[38;2;255;255;255m[48;2;255;255;255m▀[0m[38;2;61;79;76m[48;2;0;0;0m▀[0m[38;2;22;31;29m[48;2;25;27;27m▀[0m[38;2;0;0;0m[48;2;0;0;0m▀[0m[38;2;0;0;0m[48;2;0;0;0m▀[0m[38;2;26;30;32m[48;2;83;96;100m▀[0m[38;2;255;255;255m[48;2;255;255;255m▀[0m[38;2;151;181;174m[48;2;167;190;184m▀[0m[38;2;202;232;228m[48;2;175;201;195m▀[0m[38;2;184;214;210m[48;2;164;195;190m▀[0m[38;2;144;168;163m[48;2;153;185;179m▀[0m[38;2;163;213;207m[48;2;175;243;242m▀[0m[38;2;255;255;255m[48;2;238;255;255m▀[0m[38;2;255;255;255m[48;2;255;255;255m▀[0m[38;2;0;0;0m[48;2;163;147;138m▀[0m[38;2;146;18;3m[48;2;140;0;0m▀[0m[38;2;251;215;223m[48;2;255;105;111m▀[0m[38;2;83;22;19m[48;2;255;255;255m▀[0m[38;2;255;255;255m[48;2;255;255;255m▀[0m[38;2;255;255;255m[48;2;255;255;255m▀[0m[38;2;255;255;255m[48;2;255;255;255m▀[0m[38;2;0;0;0m[48;2;0;0;0m▀[0m[38;2;216;251;246m[48;2;221;255;255m▀[0m[38;2;165;185;182m[48;2;170;195;189m▀[0m[38;2;151;177;170m[48;2;164;188;182m▀[0m[38;2;201;236;232m[48;2;175;207;201m▀[0m[38;2;185;210;205m[48;2;182;206;202m▀[0m[38;2;184;206;202m[48;2;186;202;195m▀[0m[38;2;233;255;255m[48;2;255;255;255m▀[0m[38;2;0;0;0m[48;2;0;0;0m▀[0m[38;2;0;0;0m[48;2;0;0;0m▀[0m[38;2;0;0;0m[48;2;11;20;24m▀[0m[38;2;0;8;6m[48;2;0;0;0m▀[0m[38;2;227;255;255m[48;2;148;170;166m▀[0m[38;2;192;213;209m[48;2;227;255;250m▀[0m[38;2;167;191;186m[48;2;183;206;201m▀[0m
[38;2;131;155;156m[48;2;175;204;206m▀[0m[38;2;46;60;60m[48;2;1;7;6m▀[0m[38;2;235;255;255m[48;2;255;255;255m▀[0m[38;2;168;191;187m[48;2;172;196;192m▀[0m[38;2;174;195;190m[48;2;170;201;188m▀[0m[38;2;191;217;211m[48;2;199;223;219m▀[0m[38;2;140;166;166m[48;2;143;174;172m▀[0m[38;2;220;242;246m[48;2;255;255;255m▀[0m[38;2;231;245;249m[48;2;255;255;255m▀[0m[38;2;0;0;0m[48;2;0;0;0m▀[0m[38;2;19;25;23m[48;2;0;0;0m▀[0m[38;2;0;0;0m[48;2;0;0;0m▀[0m[38;2;0;0;0m[48;2;0;0;0m▀[0m[38;2;49;59;55m[48;2;18;23;20m▀[0m[38;2;210;244;241m[48;2;213;252;251m▀[0m[38;2;195;224;217m[48;2;197;230;219m▀[0m[38;2;170;193;189m[48;2;169;200;191m▀[0m[38;2;151;183;175m[48;2;201;251;251m▀[0m[38;2;178;233;228m[48;2;151;209;211m▀[0m[38;2;167;254;252m[48;2;99;0;0m▀[0m[38;2;117;0;0m[48;2;224;0;0m▀[0m[38;2;255;204;206m[48;2;255;0;0m▀[0m[38;2;145;224;220m[48;2;95;0;0m▀[0m[38;2;86;0;0m[48;2;136;0;0m▀[0m[38;2;239;26;19m[48;2;255;0;0m▀[0m[38;2;193;255;255m[48;2;119;0;0m▀[0m[38;2;255;255;255m[48;2;255;0;0m▀[0m[38;2;255;163;160m[48;2;245;0;0m▀[0m[38;2;0;25;22m[48;2;100;0;0m▀[0m[38;2;0;0;0m[48;2;0;0;0m▀[0m[38;2;248;255;255m[48;2;82;114;114m▀[0m[38;2;187;211;211m[48;2;255;255;255m▀[0m[38;2;173;196;187m[48;2;163;183;179m▀[0m[38;2;171;192;183m[48;2;174;200;195m▀[0m[38;2;170;192;189m[48;2;172;204;195m▀[0m[38;2;184;203;199m[48;2;179;202;201m▀[0m[38;2;255;255;255m[48;2;255;255;255m▀[0m[38;2;0;1;2m[48;2;14;24;23m▀[0m[38;2;0;0;0m[48;2;0;0;0m▀[0m[38;2;40;49;49m[48;2;57;65;65m▀[0m[38;2;0;0;0m[48;2;0;0;0m▀[0m[38;2;29;32;32m[48;2;0;0;0m▀[0m[38;2;249;255;255m[48;2;235;255;255m▀[0m[38;2;197;224;219m[48;2;234;255;255m▀[0m
[38;2;243;255;255m[48;2;255;255;255m▀[0m[38;2;1;4;0m[48;2;102;122;121m▀[0m[38;2;254;255;255m[48;2;157;177;172m▀[0m[38;2;180;205;203m[48;2;204;236;227m▀[0m[38;2;177;197;191m[48;2;164;191;184m▀[0m[38;2;189;214;213m[48;2;210;236;236m▀[0m[38;2;152;186;188m[48;2;213;244;246m▀[0m[38;2;200;224;227m[48;2;171;199;199m▀[0m[38;2;255;255;255m[48;2;255;255;255m▀[0m[38;2;102;120;120m[48;2;175;203;205m▀[0m[38;2;0;0;0m[48;2;14;20;16m▀[0m[38;2;0;0;0m[48;2;0;0;0m▀[0m[38;2;0;0;0m[48;2;0;0;0m▀[0m[38;2;0;0;0m[48;2;0;0;0m▀[0m[38;2;220;255;255m[48;2;174;214;213m▀[0m[38;2;222;255;255m[48;2;185;226;226m▀[0m[38;2;171;214;214m[48;2;193;203;206m▀[0m[38;2;150;193;197m[48;2;255;255;255m▀[0m[38;2;172;188;191m[48;2;255;255;255m▀[0m[38;2;255;255;255m[48;2;255;255;255m▀[0m[38;2;255;255;255m[48;2;255;255;255m▀[0m[38;2;255;0;0m[48;2;179;0;0m▀[0m[38;2;255;0;0m[48;2;1;19;20m▀[0m[38;2;251;0;0m[48;2;95;0;0m▀[0m[38;2;208;0;0m[48;2;131;0;0m▀[0m[38;2;228;0;0m[48;2;0;0;0m▀[0m[38;2;164;0;0m[48;2;71;0;0m▀[0m[38;2;255;255;255m[48;2;255;255;255m▀[0m[38;2;255;255;255m[48;2;255;255;255m▀[0m[38;2;68;82;82m[48;2;255;255;255m▀[0m[38;2;0;0;0m[48;2;218;217;214m▀[0m[38;2;211;252;255m[48;2;5;14;15m▀[0m[38;2;234;255;255m[48;2;255;255;255m▀[0m[38;2;153;181;175m[48;2;209;238;237m▀[0m[38;2;179;204;202m[48;2;168;191;184m▀[0m[38;2;184;204;203m[48;2;186;210;204m▀[0m[38;2;255;255;255m[48;2;255;255;255m▀[0m[38;2;36;47;44m[48;2;58;69;69m▀[0m[38;2;0;0;0m[48;2;0;0;0m▀[0m[38;2;74;89;92m[48;2;83;91;91m▀[0m[38;2;120;134;134m[48;2;255;255;255m▀[0m[38;2;0;0;0m[48;2;0;0;0m▀[0m[38;2;191;216;217m[48;2;99;114;114m▀[0m[38;2;255;255;255m[48;2;255;255;255m▀[0m
[38;2;209;246;240m[48;2;184;208;204m▀[0m[38;2;249;255;255m[48;2;213;240;239m▀[0m[38;2;186;208;211m[48;2;255;255;255m▀[0m[38;2;193;230;226m[48;2;255;255;255m▀[0m[38;2;143;172;165m[48;2;255;255;255m▀[0m[38;2;202;248;240m[48;2;243;255;255m▀[0m[38;2;161;188;188m[48;2;81;98;98m▀[0m[38;2;188;217;216m[48;2;222;254;254m▀[0m[38;2;235;255;255m[48;2;189;215;213m▀[0m[38;2;227;255;255m[48;2;253;255;255m▀[0m[38;2;55;59;59m[48;2;82;99;94m▀[0m[38;2;0;0;0m[48;2;0;0;0m▀[0m[38;2;0;0;0m[48;2;0;0;0m▀[0m[38;2;0;0;0m[48;2;189;198;193m▀[0m[38;2;105;117;117m[48;2;255;255;255m▀[0m[38;2;255;255;255m[48;2;255;255;255m▀[0m[38;2;255;255;255m[48;2;255;255;255m▀[0m[38;2;255;255;255m[48;2;255;255;255m▀[0m[38;2;255;255;255m[48;2;255;255;255m▀[0m[38;2;255;255;255m[48;2;0;0;0m▀[0m[38;2;0;0;0m[48;2;0;0;0m▀[0m[38;2;0;0;0m[48;2;0;0;0m▀[0m[38;2;0;60;60m[48;2;20;0;0m▀[0m[38;2;255;0;0m[48;2;255;206;193m▀[0m[38;2;255;0;0m[48;2;255;205;209m▀[0m[38;2;111;76;81m[48;2;255;121;120m▀[0m[38;2;0;0;0m[48;2;0;149;146m▀[0m[38;2;69;46;40m[48;2;0;0;0m▀[0m[38;2;255;255;255m[48;2;64;78;76m▀[0m[38;2;255;255;255m[48;2;255;255;255m▀[0m[38;2;255;255;255m[48;2;255;255;255m▀[0m[38;2;255;255;255m[48;2;255;255;255m▀[0m[38;2;127;144;144m[48;2;255;255;255m▀[0m[38;2;208;249;254m[48;2;153;158;160m▀[0m[38;2;217;246;243m[48;2;184;221;226m▀[0m[38;2;177;202;196m[48;2;216;246;240m▀[0m[38;2;255;255;255m[48;2;255;255;255m▀[0m[38;2;51;60;61m[48;2;38;46;47m▀[0m[38;2;0;0;0m[48;2;0;0;0m▀[0m[38;2;177;186;184m[48;2;255;255;255m▀[0m[38;2;255;255;255m[48;2;165;182;188m▀[0m[38;2;0;0;0m[48;2;0;0;0m▀[0m[38;2;0;0;0m[48;2;153;156;162m▀[0m[38;2;255;255;255m[48;2;255;255;255m▀[0m
[38;2;189;217;213m[48;2;145;168;167m▀[0m[38;2;205;230;227m[48;2;210;242;240m▀[0m[38;2;227;248;246m[48;2;188;219;216m▀[0m[38;2;255;255;255m[48;2;249;255;255m▀[0m[38;2;255;255;255m[48;2;255;255;255m▀[0m[38;2;255;255;255m[48;2;219;245;250m▀[0m[38;2;177;191;191m[48;2;187;203;206m▀[0m[38;2;255;255;255m[48;2;164;185;185m▀[0m[38;2;254;255;255m[48;2;255;255;255m▀[0m[38;2;246;255;255m[48;2;255;255;255m▀[0m[38;2;90;109;105m[48;2;84;99;103m▀[0m[38;2;0;0;0m[48;2;0;0;0m▀[0m[38;2;218;218;221m[48;2;188;191;191m▀[0m[38;2;255;255;255m[48;2;255;255;255m▀[0m[38;2;242;250;252m[48;2;255;255;255m▀[0m[38;2;255;255;255m[48;2;255;255;255m▀[0m[38;2;255;255;255m[48;2;255;255;255m▀[0m[38;2;255;255;255m[48;2;33;37;37m▀[0m[38;2;0;0;0m[48;2;0;0;0m▀[0m[38;2;0;0;0m[48;2;0;0;0m▀[0m[38;2;0;0;0m[48;2;0;0;0m▀[0m[38;2;0;0;0m[48;2;0;0;0m▀[0m[38;2;163;213;214m[48;2;165;207;207m▀[0m[38;2;255;255;255m[48;2;255;255;255m▀[0m[38;2;255;93;94m[48;2;85;89;95m▀[0m[38;2;202;0;0m[48;2;0;0;0m▀[0m[38;2;50;153;150m[48;2;231;255;255m▀[0m[38;2;0;0;0m[48;2;0;0;0m▀[0m[38;2;0;0;0m[48;2;0;0;0m▀[0m[38;2;255;255;255m[48;2;11;14;11m▀[0m[38;2;255;255;255m[48;2;255;255;255m▀[0m[38;2;255;255;255m[48;2;255;255;255m▀[0m[38;2;255;255;255m[48;2;255;255;255m▀[0m[38;2;255;255;255m[48;2;255;255;255m▀[0m[38;2;178;182;183m[48;2;255;255;255m▀[0m[38;2;186;221;220m[48;2;154;177;170m▀[0m[38;2;255;255;255m[48;2;255;255;255m▀[0m[38;2;15;25;23m[48;2;12;21;19m▀[0m[38;2;0;0;0m[48;2;0;0;0m▀[0m[38;2;250;255;255m[48;2;0;0;0m▀[0m[38;2;0;0;0m[48;2;37;55;55m▀[0m[38;2;32;40;45m[48;2;255;255;255m▀[0m[38;2;255;255;255m[48;2;255;255;255m▀[0m[38;2;255;255;255m[48;2;209;213;214m▀[0m
[38;2;155;181;181m[48;2;170;193;190m▀[0m[38;2;236;255;255m[48;2;255;255;255m▀[0m[38;2;186;217;210m[48;2;179;208;201m▀[0m[38;2;86;101;101m[48;2;38;54;48m▀[0m[38;2;255;255;255m[48;2;76;90;90m▀[0m[38;2;255;255;255m[48;2;255;255;255m▀[0m[38;2;178;195;195m[48;2;201;225;225m▀[0m[38;2;200;207;198m[48;2;166;184;174m▀[0m[38;2;147;152;148m[48;2;180;170;160m▀[0m[38;2;255;255;255m[48;2;122;94;91m▀[0m[38;2;95;117;120m[48;2;19;21;19m▀[0m[38;2;0;0;0m[48;2;0;0;0m▀[0m[38;2;255;255;255m[48;2;255;255;255m▀[0m[38;2;255;255;255m[48;2;255;255;255m▀[0m[38;2;255;255;255m[48;2;255;255;255m▀[0m[38;2;255;255;255m[48;2;255;255;255m▀[0m[38;2;0;0;0m[48;2;0;0;0m▀[0m[38;2;0;0;0m[48;2;0;0;0m▀[0m[38;2;0;0;0m[48;2;0;0;0m▀[0m[38;2;0;0;0m[48;2;0;0;0m▀[0m[38;2;0;0;0m[48;2;0;0;0m▀[0m[38;2;0;0;0m[48;2;0;0;0m▀[0m[38;2;200;223;226m[48;2;230;255;255m▀[0m[38;2;255;255;255m[48;2;94;121;124m▀[0m[38;2;151;181;187m[48;2;248;255;255m▀[0m[38;2;0;0;0m[48;2;0;1;3m▀[0m[38;2;153;177;180m[48;2;177;189;192m▀[0m[38;2;0;0;0m[48;2;197;205;205m▀[0m[38;2;0;0;0m[48;2;0;0;0m▀[0m[38;2;0;0;0m[48;2;0;0;0m▀[0m[38;2;76;81;83m[48;2;0;0;0m▀[0m[38;2;255;255;255m[48;2;255;255;255m▀[0m[38;2;255;255;255m[48;2;255;255;255m▀[0m[38;2;255;255;255m[48;2;255;255;255m▀[0m[38;2;221;218;218m[48;2;255;255;255m▀[0m[38;2;214;235;236m[48;2;163;185;185m▀[0m[38;2;255;255;255m[48;2;160;177;184m▀[0m[38;2;0;0;0m[48;2;0;0;0m▀[0m[38;2;0;0;0m[48;2;185;213;203m▀[0m[38;2;112;134;134m[48;2;255;255;255m▀[0m[38;2;255;255;255m[48;2;255;255;255m▀[0m[38;2;255;255;255m[48;2;248;251;253m▀[0m[38;2;255;255;255m[48;2;244;255;255m▀[0m[38;2;199;213;211m[48;2;24;34;32m▀[0m
[38;2;182;203;203m[48;2;199;222;222m▀[0m[38;2;255;255;255m[48;2;255;255;255m▀[0m[38;2;180;203;202m[48;2;108;130;129m▀[0m[38;2;206;222;228m[48;2;255;255;255m▀[0m[38;2;1;5;5m[48;2;16;24;24m▀[0m[38;2;180;204;207m[48;2;0;0;0m▀[0m[38;2;242;255;255m[48;2;160;182;182m▀[0m[38;2;156;167;166m[48;2;192;201;202m▀[0m[38;2;130;154;147m[48;2;69;69;63m▀[0m[38;2;232;198;196m[48;2;255;255;255m▀[0m[38;2;127;66;59m[48;2;255;255;255m▀[0m[38;2;0;0;0m[48;2;102;56;49m▀[0m[38;2;224;235;235m[48;2;0;0;0m▀[0m[38;2;255;255;255m[48;2;179;183;188m▀[0m[38;2;255;255;255m[48;2;255;255;255m▀[0m[38;2;255;255;255m[48;2;255;255;255m▀[0m[38;2;0;0;0m[48;2;4;12;12m▀[0m[38;2;0;0;0m[48;2;0;0;0m▀[0m[38;2;0;0;0m[48;2;0;0;0m▀[0m[38;2;0;0;0m[48;2;2;4;4m▀[0m[38;2;0;0;0m[48;2;255;255;255m▀[0m[38;2;210;222;222m[48;2;255;255;255m▀[0m[38;2;59;64;64m[48;2;255;255;255m▀[0m[38;2;108;111;110m[48;2;255;255;255m▀[0m[38;2;171;186;188m[48;2;255;255;255m▀[0m[38;2;42;42;42m[48;2;255;255;255m▀[0m[38;2;244;250;250m[48;2;145;151;147m▀[0m[38;2;233;242;246m[48;2;185;195;195m▀[0m[38;2;0;0;0m[48;2;0;0;0m▀[0m[38;2;0;0;0m[48;2;0;0;0m▀[0m[38;2;0;0;0m[48;2;5;13;11m▀[0m[38;2;255;255;255m[48;2;255;255;255m▀[0m[38;2;255;255;255m[48;2;255;255;255m▀[0m[38;2;255;255;255m[48;2;255;255;255m▀[0m[38;2;255;255;255m[48;2;241;240;240m▀[0m[38;2;0;0;0m[48;2;23;30;31m▀[0m[38;2;0;0;0m[48;2;195;200;200m▀[0m[38;2;203;215;209m[48;2;255;255;255m▀[0m[38;2;255;255;255m[48;2;255;255;255m▀[0m[38;2;255;255;255m[48;2;246;255;255m▀[0m[38;2;255;255;255m[48;2;241;255;255m▀[0m[38;2;255;255;255m[48;2;145;157;161m▀[0m[38;2;91;109;110m[48;2;0;0;0m▀[0m[38;2;0;0;0m[48;2;24;41;37m▀[0m
[38;2;215;239;239m[48;2;241;255;255m▀[0m[38;2;255;255;255m[48;2;255;255;255m▀[0m[38;2;61;86;85m[48;2;12;26;24m▀[0m[38;2;227;242;242m[48;2;255;255;255m▀[0m[38;2;103;120;120m[48;2;222;240;240m▀[0m[38;2;157;168;169m[48;2;255;255;255m▀[0m[38;2;0;0;0m[48;2;0;0;0m▀[0m[38;2;142;162;157m[48;2;0;0;0m▀[0m[38;2;168;172;169m[48;2;187;215;210m▀[0m[38;2;131;71;64m[48;2;172;146;139m▀[0m[38;2;255;255;255m[48;2;107;38;28m▀[0m[38;2;255;255;255m[48;2;148;111;110m▀[0m[38;2;86;64;57m[48;2;202;216;213m▀[0m[38;2;0;0;0m[48;2;157;170;173m▀[0m[38;2;151;154;154m[48;2;0;0;0m▀[0m[38;2;255;255;255m[48;2;87;93;95m▀[0m[38;2;42;49;49m[48;2;0;0;2m▀[0m[38;2;0;0;0m[48;2;0;0;0m▀[0m[38;2;0;0;0m[48;2;228;240;238m▀[0m[38;2;255;255;255m[48;2;255;255;255m▀[0m[38;2;255;255;255m[48;2;255;255;255m▀[0m[38;2;255;255;255m[48;2;214;218;218m▀[0m[38;2;255;255;255m[48;2;179;197;197m▀[0m[38;2;255;255;255m[48;2;255;255;255m▀[0m[38;2;255;255;255m[48;2;255;255;255m▀[0m[38;2;255;255;255m[48;2;226;231;233m▀[0m[38;2;255;255;255m[48;2;255;255;255m▀[0m[38;2;255;255;255m[48;2;255;255;255m▀[0m[38;2;86;89;90m[48;2;255;255;255m▀[0m[38;2;0;0;0m[48;2;0;0;0m▀[0m[38;2;85;93;95m[48;2;139;148;148m▀[0m[38;2;255;255;255m[48;2;255;255;255m▀[0m[38;2;255;255;255m[48;2;166;168;168m▀[0m[38;2;255;255;255m[48;2;56;64;62m▀[0m[38;2;93;98;93m[48;2;111;138;133m▀[0m[38;2;156;179;174m[48;2;232;255;255m▀[0m[38;2;254;255;255m[48;2;242;255;255m▀[0m[38;2;255;255;255m[48;2;179;190;185m▀[0m[38;2;232;255;254m[48;2;255;255;255m▀[0m[38;2;238;255;255m[48;2;248;255;255m▀[0m[38;2;168;187;188m[48;2;0;0;0m▀[0m[38;2;0;0;0m[48;2;0;0;0m▀[0m[38;2;0;0;1m[48;2;134;149;149m▀[0m[38;2;226;248;250m[48;2;255;255;255m▀[0m
[38;2;255;255;255m[48;2;255;255;255m▀[0m[38;2;221;239;239m[48;2;143;158;166m▀[0m[38;2;0;0;0m[48;2;0;0;0m▀[0m[38;2;255;255;255m[48;2;131;149;149m▀[0m[38;2;255;255;255m[48;2;84;98;101m▀[0m[38;2;219;238;239m[48;2;2;21;22m▀[0m[38;2;0;2;4m[48;2;0;0;0m▀[0m[38;2;0;0;0m[48;2;0;0;0m▀[0m[38;2;0;0;0m[48;2;0;0;0m▀[0m[38;2;125;130;129m[48;2;0;0;0m▀[0m[38;2;119;95;91m[48;2;47;41;42m▀[0m[38;2;78;36;32m[48;2;73;65;65m▀[0m[38;2;69;25;22m[48;2;54;48;48m▀[0m[38;2;200;219;223m[48;2;83;93;96m▀[0m[38;2;146;201;206m[48;2;121;153;160m▀[0m[38;2;129;155;161m[48;2;132;154;154m▀[0m[38;2;24;32;30m[48;2;153;175;167m▀[0m[38;2;42;43;40m[48;2;31;32;29m▀[0m[38;2;255;255;255m[48;2;255;255;255m▀[0m[38;2;255;255;255m[48;2;249;255;255m▀[0m[38;2;165;177;174m[48;2;104;129;127m▀[0m[38;2;162;171;171m[48;2;169;214;214m▀[0m[38;2;151;175;171m[48;2;94;131;127m▀[0m[38;2;255;255;255m[48;2;219;234;234m▀[0m[38;2;255;252;255m[48;2;227;236;237m▀[0m[38;2;86;95;89m[48;2;168;207;209m▀[0m[38;2;164;178;175m[48;2;89;125;125m▀[0m[38;2;255;255;255m[48;2;192;210;207m▀[0m[38;2;255;255;255m[48;2;255;255;255m▀[0m[38;2;0;0;0m[48;2;157;165;165m▀[0m[38;2;228;237;235m[48;2;200;205;202m▀[0m[38;2;255;255;255m[48;2;158;170;169m▀[0m[38;2;105;120;122m[48;2;230;255;255m▀[0m[38;2;174;184;182m[48;2;167;175;175m▀[0m[38;2;160;172;181m[48;2;122;139;147m▀[0m[38;2;234;248;252m[48;2;163;188;184m▀[0m[38;2;184;193;188m[48;2;186;216;213m▀[0m[38;2;221;239;236m[48;2;109;122;126m▀[0m[38;2;217;253;255m[48;2;0;0;0m▀[0m[38;2;0;0;0m[48;2;0;0;0m▀[0m[38;2;0;0;0m[48;2;0;0;0m▀[0m[38;2;0;0;0m[48;2;0;0;0m▀[0m[38;2;14;19;19m[48;2;0;0;0m▀[0m[38;2;236;255;255m[48;2;165;182;182m▀[0m
[38;2;255;255;255m[48;2;255;255;255m▀[0m[38;2;48;58;62m[48;2;0;0;0m▀[0m[38;2;0;0;0m[48;2;0;0;0m▀[0m[38;2;0;0;0m[48;2;255;255;255m▀[0m[38;2;0;0;0m[48;2;140;146;145m▀[0m[38;2;0;0;0m[48;2;0;0;0m▀[0m[38;2;0;0;0m[48;2;0;0;0m▀[0m[38;2;0;0;0m[48;2;0;0;0m▀[0m[38;2;0;0;0m[48;2;0;0;0m▀[0m[38;2;0;0;0m[48;2;0;0;0m▀[0m[38;2;0;0;0m[48;2;0;0;0m▀[0m[38;2;28;36;41m[48;2;46;61;64m▀[0m[38;2;40;49;50m[48;2;0;0;0m▀[0m[38;2;78;99;100m[48;2;0;0;0m▀[0m[38;2;27;39;38m[48;2;0;0;0m▀[0m[38;2;4;21;18m[48;2;94;105;105m▀[0m[38;2;32;23;19m[48;2;38;37;37m▀[0m[38;2;0;0;0m[48;2;0;0;0m▀[0m[38;2;204;223;224m[48;2;255;255;255m▀[0m[38;2;39;84;86m[48;2;172;167;166m▀[0m[38;2;56;77;77m[48;2;255;160;138m▀[0m[38;2;198;0;0m[48;2;255;140;122m▀[0m[38;2;210;206;206m[48;2;255;255;255m▀[0m[38;2;197;232;236m[48;2;255;255;255m▀[0m[38;2;172;214;216m[48;2;255;255;255m▀[0m[38;2;121;96;98m[48;2;255;67;69m▀[0m[38;2;114;69;69m[48;2;233;99;101m▀[0m[38;2;160;179;183m[48;2;0;42;43m▀[0m[38;2;255;255;255m[48;2;233;250;250m▀[0m[38;2;239;248;249m[48;2;255;255;255m▀[0m[38;2;115;118;117m[48;2;165;167;165m▀[0m[38;2;199;210;209m[48;2;115;132;124m▀[0m[38;2;255;255;255m[48;2;188;208;204m▀[0m[38;2;191;207;204m[48;2;18;21;18m▀[0m[38;2;61;76;80m[48;2;0;0;0m▀[0m[38;2;38;55;55m[48;2;0;0;0m▀[0m[38;2;0;0;0m[48;2;0;0;0m▀[0m[38;2;0;0;0m[48;2;0;0;0m▀[0m[38;2;11;21;20m[48;2;47;59;56m▀[0m[38;2;2;6;7m[48;2;5;8;8m▀[0m[38;2;0;0;0m[48;2;0;0;0m▀[0m[38;2;0;0;0m[48;2;0;0;0m▀[0m[38;2;0;0;0m[48;2;0;0;0m▀[0m[38;2;185;203;203m[48;2;183;198;198m▀[0m
[38;2;255;255;255m[48;2;255;255;255m▀[0m[38;2;0;0;0m[48;2;0;0;0m▀[0m[38;2;175;180;179m[48;2;218;222;222m▀[0m[38;2;255;255;255m[48;2;255;255;255m▀[0m[38;2;255;255;255m[48;2;255;255;255m▀[0m[38;2;255;255;255m[48;2;255;255;255m▀[0m[38;2;165;169;169m[48;2;255;255;255m▀[0m[38;2;0;0;0m[48;2;255;255;255m▀[0m[38;2;0;0;0m[48;2;62;65;62m▀[0m[38;2;0;0;0m[48;2;0;0;0m▀[0m[38;2;0;0;0m[48;2;0;0;0m▀[0m[38;2;38;49;49m[48;2;22;31;32m▀[0m[38;2;2;4;5m[48;2;0;0;0m▀[0m[38;2;255;255;255m[48;2;255;255;255m▀[0m[38;2;255;255;255m[48;2;255;255;255m▀[0m[38;2;255;255;255m[48;2;255;255;255m▀[0m[38;2;255;255;255m[48;2;255;255;255m▀[0m[38;2;127;130;129m[48;2;0;0;0m▀[0m[38;2;255;255;255m[48;2;5;13;14m▀[0m[38;2;255;255;255m[48;2;120;143;143m▀[0m[38;2;255;255;255m[48;2;255;255;255m▀[0m[38;2;255;251;248m[48;2;210;224;227m▀[0m[38;2;255;255;255m[48;2;129;167;167m▀[0m[38;2;255;255;255m[48;2;65;132;134m▀[0m[38;2;255;255;255m[48;2;255;255;255m▀[0m[38;2;255;219;216m[48;2;255;255;255m▀[0m[38;2;255;90;71m[48;2;255;255;255m▀[0m[38;2;169;107;113m[48;2;245;189;188m▀[0m[38;2;218;255;255m[48;2;235;111;95m▀[0m[38;2;209;219;215m[48;2;61;86;82m▀[0m[38;2;237;242;241m[48;2;211;215;215m▀[0m[38;2;206;213;211m[48;2;255;255;255m▀[0m[38;2;255;255;255m[48;2;255;255;255m▀[0m[38;2;255;255;255m[48;2;255;255;255m▀[0m[38;2;0;0;0m[48;2;0;0;0m▀[0m[38;2;0;0;0m[48;2;0;0;0m▀[0m[38;2;0;0;0m[48;2;0;0;0m▀[0m[38;2;0;0;0m[48;2;0;0;0m▀[0m[38;2;52;64;62m[48;2;44;54;51m▀[0m[38;2;4;4;4m[48;2;0;0;0m▀[0m[38;2;0;0;0m[48;2;0;0;0m▀[0m[38;2;0;0;0m[48;2;0;0;0m▀[0m[38;2;0;0;0m[48;2;0;0;0m▀[0m[38;2;172;186;189m[48;2;150;161;161m▀[0m
[38;2;255;255;255m[48;2;255;255;255m▀[0m[38;2;0;0;0m[48;2;0;0;0m▀[0m[38;2;230;230;233m[48;2;205;214;214m▀[0m[38;2;255;255;255m[48;2;255;255;255m▀[0m[38;2;255;255;255m[48;2;255;255;255m▀[0m[38;2;255;255;255m[48;2;255;255;255m▀[0m[38;2;255;255;255m[48;2;255;255;255m▀[0m[38;2;255;255;255m[48;2;255;255;255m▀[0m[38;2;255;255;255m[48;2;255;255;255m▀[0m[38;2;255;255;255m[48;2;255;255;255m▀[0m[38;2;19;24;24m[48;2;255;255;255m▀[0m[38;2;0;0;0m[48;2;26;37;36m▀[0m[38;2;0;0;0m[48;2;0;0;0m▀[0m[38;2;216;222;218m[48;2;89;95;93m▀[0m[38;2;255;255;255m[48;2;255;255;255m▀[0m[38;2;255;255;255m[48;2;255;255;255m▀[0m[38;2;255;255;255m[48;2;255;255;255m▀[0m[38;2;23;27;27m[48;2;238;245;248m▀[0m[38;2;0;0;0m[48;2;95;97;100m▀[0m[38;2;144;149;149m[48;2;130;139;139m▀[0m[38;2;255;255;255m[48;2;255;255;255m▀[0m[38;2;255;185;183m[48;2;255;255;255m▀[0m[38;2;0;0;0m[48;2;255;87;87m▀[0m[38;2;0;0;0m[48;2;255;0;0m▀[0m[38;2;47;86;84m[48;2;255;175;175m▀[0m[38;2;255;255;255m[48;2;255;255;255m▀[0m[38;2;217;243;246m[48;2;227;241;243m▀[0m[38;2;164;189;188m[48;2;8;31;32m▀[0m[38;2;0;0;0m[48;2;0;0;0m▀[0m[38;2;0;13;11m[48;2;255;255;255m▀[0m[38;2;255;255;255m[48;2;255;255;255m▀[0m[38;2;255;255;255m[48;2;255;255;255m▀[0m[38;2;255;255;255m[48;2;255;255;255m▀[0m[38;2;128;136;131m[48;2;0;0;0m▀[0m[38;2;0;0;0m[48;2;0;0;0m▀[0m[38;2;0;0;0m[48;2;0;0;0m▀[0m[38;2;0;0;0m[48;2;0;0;0m▀[0m[38;2;0;0;0m[48;2;0;0;0m▀[0m[38;2;0;0;0m[48;2;52;61;59m▀[0m[38;2;0;0;0m[48;2;225;231;227m▀[0m[38;2;0;0;0m[48;2;255;255;255m▀[0m[38;2;56;64;64m[48;2;255;255;255m▀[0m[38;2;0;0;0m[48;2;0;0;0m▀[0m[38;2;117;131;131m[48;2;76;90;87m▀[0m
[38;2;105;114;112m[48;2;0;0;0m▀[0m[38;2;0;0;0m[48;2;0;0;0m▀[0m[38;2;116;120;117m[48;2;0;0;0m▀[0m[38;2;255;255;255m[48;2;255;255;255m▀[0m[38;2;255;255;255m[48;2;255;255;255m▀[0m[38;2;255;255;255m[48;2;255;255;255m▀[0m[38;2;255;255;255m[48;2;255;255;255m▀[0m[38;2;255;255;255m[48;2;255;255;255m▀[0m[38;2;255;255;255m[48;2;255;255;255m▀[0m[38;2;255;255;255m[48;2;255;255;255m▀[0m[38;2;255;255;255m[48;2;255;255;255m▀[0m[38;2;255;255;255m[48;2;255;255;255m▀[0m[38;2;0;0;0m[48;2;0;0;0m▀[0m[38;2;0;0;0m[48;2;0;0;0m▀[0m[38;2;255;255;255m[48;2;214;223;224m▀[0m[38;2;255;255;255m[48;2;255;255;255m▀[0m[38;2;255;255;255m[48;2;255;255;255m▀[0m[38;2;249;255;255m[48;2;223;227;232m▀[0m[38;2;255;255;255m[48;2;255;255;255m▀[0m[38;2;92;100;100m[48;2;132;144;142m▀[0m[38;2;0;15;13m[48;2;0;0;0m▀[0m[38;2;165;219;219m[48;2;0;0;0m▀[0m[38;2;255;255;255m[48;2;0;27;21m▀[0m[38;2;255;220;216m[48;2;30;87;85m▀[0m[38;2;255;255;255m[48;2;22;40;41m▀[0m[38;2;149;158;164m[48;2;0;0;0m▀[0m[38;2;0;0;0m[48;2;0;0;0m▀[0m[38;2;99;114;113m[48;2;175;184;180m▀[0m[38;2;255;255;255m[48;2;255;255;255m▀[0m[38;2;255;255;255m[48;2;198;201;201m▀[0m[38;2;255;255;255m[48;2;255;255;255m▀[0m[38;2;255;255;255m[48;2;255;255;255m▀[0m[38;2;255;255;255m[48;2;119;126;124m▀[0m[38;2;0;0;0m[48;2;0;0;0m▀[0m[38;2;0;0;0m[48;2;82;86;89m▀[0m[38;2;89;97;97m[48;2;255;255;255m▀[0m[38;2;255;255;255m[48;2;255;255;255m▀[0m[38;2;255;255;255m[48;2;255;255;255m▀[0m[38;2;255;255;255m[48;2;255;255;255m▀[0m[38;2;255;255;255m[48;2;255;255;255m▀[0m[38;2;255;255;255m[48;2;255;255;255m▀[0m[38;2;255;255;255m[48;2;255;255;255m▀[0m[38;2;65;73;74m[48;2;75;72;74m▀[0m[38;2;74;91;87m[48;2;103;127;124m▀[0m
[38;2;0;2;0m[48;2;67;84;81m▀[0m[38;2;0;0;0m[48;2;46;61;61m▀[0m[38;2;0;0;0m[48;2;0;0;0m▀[0m[38;2;214;219;219m[48;2;0;0;0m▀[0m[38;2;255;255;255m[48;2;251;255;255m▀[0m[38;2;255;255;255m[48;2;255;255;255m▀[0m[38;2;255;255;255m[48;2;255;255;255m▀[0m[38;2;255;255;255m[48;2;219;228;228m▀[0m[38;2;105;113;117m[48;2;73;94;94m▀[0m[38;2;68;73;75m[48;2;255;255;255m▀[0m[38;2;255;255;255m[48;2;255;255;255m▀[0m[38;2;255;255;255m[48;2;255;255;255m▀[0m[38;2;66;73;72m[48;2;185;190;190m▀[0m[38;2;0;0;0m[48;2;0;0;0m▀[0m[38;2;160;179;177m[48;2;183;200;196m▀[0m[38;2;255;255;255m[48;2;255;255;255m▀[0m[38;2;225;250;253m[48;2;87;101;101m▀[0m[38;2;211;216;216m[48;2;95;96;93m▀[0m[38;2;249;251;252m[48;2;45;47;49m▀[0m[38;2;145;158;153m[48;2;102;120;117m▀[0m[38;2;0;0;0m[48;2;255;255;255m▀[0m[38;2;94;119;110m[48;2;252;255;255m▀[0m[38;2;0;0;0m[48;2;255;255;255m▀[0m[38;2;105;113;117m[48;2;255;255;255m▀[0m[38;2;255;255;255m[48;2;255;255;255m▀[0m[38;2;0;0;0m[48;2;232;249;245m▀[0m[38;2;30;39;38m[48;2;108;126;126m▀[0m[38;2;255;255;255m[48;2;108;114;113m▀[0m[38;2;255;255;255m[48;2;255;255;255m▀[0m[38;2;169;172;168m[48;2;208;227;225m▀[0m[38;2;255;255;255m[48;2;255;255;255m▀[0m[38;2;255;255;255m[48;2;208;218;218m▀[0m[38;2;0;0;0m[48;2;0;0;0m▀[0m[38;2;0;0;0m[48;2;145;155;153m▀[0m[38;2;255;255;255m[48;2;255;255;255m▀[0m[38;2;255;255;255m[48;2;255;255;255m▀[0m[38;2;255;255;255m[48;2;78;94;89m▀[0m[38;2;255;255;255m[48;2;255;255;255m▀[0m[38;2;255;255;255m[48;2;255;255;255m▀[0m[38;2;255;255;255m[48;2;255;255;255m▀[0m[38;2;255;255;255m[48;2;255;255;255m▀[0m[38;2;255;255;255m[48;2;255;255;255m▀[0m[38;2;8;13;10m[48;2;0;0;0m▀[0m[38;2;172;200;196m[48;2;223;245;245m▀[0m
[38;2;0;0;0m[48;2;0;0;0m▀[0m[38;2;39;48;48m[48;2;0;0;0m▀[0m[38;2;73;86;86m[48;2;0;0;0m▀[0m[38;2;0;6;6m[48;2;22;31;29m▀[0m[38;2;0;0;0m[48;2;18;31;28m▀[0m[38;2;0;0;0m[48;2;0;0;0m▀[0m[38;2;46;56;54m[48;2;255;255;255m▀[0m[38;2;255;255;255m[48;2;255;255;255m▀[0m[38;2;250;255;255m[48;2;255;255;255m▀[0m[38;2;255;255;255m[48;2;255;255;255m▀[0m[38;2;255;255;255m[48;2;255;255;255m▀[0m[38;2;255;255;255m[48;2;255;255;255m▀[0m[38;2;255;255;255m[48;2;255;255;255m▀[0m[38;2;0;0;0m[48;2;0;0;0m▀[0m[38;2;54;64;59m[48;2;57;77;73m▀[0m[38;2;152;166;168m[48;2;255;255;255m▀[0m[38;2;130;139;135m[48;2;255;255;255m▀[0m[38;2;255;255;255m[48;2;255;255;255m▀[0m[38;2;255;255;255m[48;2;255;255;255m▀[0m[38;2;255;255;255m[48;2;255;255;255m▀[0m[38;2;190;205;205m[48;2;242;251;250m▀[0m[38;2;241;237;236m[48;2;145;153;154m▀[0m[38;2;255;255;255m[48;2;255;255;255m▀[0m[38;2;255;255;255m[48;2;255;255;255m▀[0m[38;2;234;242;246m[48;2;250;255;255m▀[0m[38;2;181;193;197m[48;2;252;252;249m▀[0m[38;2;147;157;157m[48;2;255;255;255m▀[0m[38;2;213;203;204m[48;2;255;255;255m▀[0m[38;2;192;210;210m[48;2;255;255;255m▀[0m[38;2;102;124;126m[48;2;164;182;184m▀[0m[38;2;255;255;255m[48;2;144;153;156m▀[0m[38;2;181;187;183m[48;2;181;199;199m▀[0m[38;2;0;8;8m[48;2;26;31;28m▀[0m[38;2;255;255;255m[48;2;255;255;255m▀[0m[38;2;255;255;255m[48;2;255;255;255m▀[0m[38;2;255;255;255m[48;2;255;255;255m▀[0m[38;2;96;105;104m[48;2;252;255;255m▀[0m[38;2;84;90;90m[48;2;255;255;255m▀[0m[38;2;255;255;255m[48;2;149;157;158m▀[0m[38;2;255;255;255m[48;2;255;255;255m▀[0m[38;2;255;255;255m[48;2;255;255;255m▀[0m[38;2;193;199;200m[48;2;0;0;0m▀[0m[38;2;0;0;0m[48;2;0;0;0m▀[0m[38;2;200;207;211m[48;2;155;169;167m▀[0m
