[38;2;140;162;160m[48;2;146;169;172m▀[0m[38;2;126;150;142m[48;2;133;150;145m▀[0m[38;2;131;151;148m[48;2;135;154;151m▀[0m[38;2;134;151;148m[48;2;135;154;151m▀[0m[38;2;133;152;148m[48;2;137;154;152m▀[0m[38;2;129;149;141m[48;2;133;152;148m▀[0m[38;2;165;184;183m[48;2;179;202;202m▀[0m[38;2;116;131;131m[48;2;62;74;74m▀[0m[38;2;81;87;87m[48;2;171;182;182m▀[0m[38;2;150;170;169m[48;2;160;173;175m▀[0m[38;2;0;2;2m[48;2;22;29;26m▀[0m[38;2;0;0;0m[48;2;0;0;0m▀[0m[38;2;0;0;0m[48;2;0;0;0m▀[0m[38;2;0;0;0m[48;2;0;0;0m▀[0m[38;2;154;181;185m[48;2;204;229;229m▀[0m[38;2;152;173;169m[48;2;139;159;153m▀[0m[38;2;141;156;154m[48;2;171;189;189m▀[0m[38;2;186;201;203m[48;2;180;204;204m▀[0m[38;2;108;122;116m[48;2;108;124;119m▀[0m[38;2;158;184;180m[48;2;162;195;190m▀[0m[38;2;183;219;219m[48;2;167;201;204m▀[0m[38;2;0;0;0m[48;2;108;136;138m▀[0m[38;2;0;0;0m[48;2;30;10;5m▀[0m[38;2;191;85;73m[48;2;191;87;72m▀[0m[38;2;192;173;172m[48;2;148;175;177m▀[0m[38;2;196;144;137m[48;2;114;20;1m▀[0m[38;2;0;0;0m[48;2;0;0;0m▀[0m[38;2;127;158;157m[48;2;229;229;229m▀[0m[38;2;12;16;15m[48;2;145;149;153m▀[0m[38;2;0;0;0m[48;2;0;0;0m▀[0m[38;2;198;227;224m[48;2;197;226;223m▀[0m[38;2;128;144;141m[48;2;131;147;144m▀[0m[38;2;129;143;138m[48;2;126;144;139m▀[0m[38;2;179;196;193m[48;2;190;211;211m▀[0m[38;2;126;139;133m[48;2;144;161;155m▀[0m[38;2;182;202;198m[48;2;168;189;182m▀[0m[38;2;110;131;130m[48;2;163;193;192m▀[0m[38;2;0;0;0m[48;2;0;0;0m▀[0m[38;2;0;0;0m[48;2;0;0;0m▀[0m[38;2;0;0;0m[48;2;0;0;0m▀[0m[38;2;129;147;147m[48;2;63;77;77m▀[0m[38;2;229;229;229m[48;2;216;229;229m▀[0m[38;2;129;145;138m[48;2;142;155;153m▀[0m[38;2;144;164;160m[48;2;140;157;154m▀[0m
[38;2;87;102;102m[48;2;81;93;93m▀[0m[38;2;142;161;158m[48;2;104;120;117m▀[0m[38;2;150;166;162m[48;2;179;195;193m▀[0m[38;2;137;157;153m[48;2;139;159;154m▀[0m[38;2;138;159;154m[48;2;143;162;159m▀[0m[38;2;136;155;152m[48;2;151;171;165m▀[0m[38;2;174;200;194m[48;2;136;155;158m▀[0m[38;2;18;26;25m[48;2;63;70;75m▀[0m[38;2;229;229;229m[48;2;229;229;229m▀[0m[38;2;52;67;64m[48;2;0;0;0m▀[0m[38;2;18;27;25m[48;2;21;23;23m▀[0m[38;2;0;0;0m[48;2;0;0;0m▀[0m[38;2;0;0;0m[48;2;0;0;0m▀[0m[38;2;22;26;27m[48;2;71;81;85m▀[0m[38;2;229;229;229m[48;2;229;229;229m▀[0m[38;2;128;153;148m[48;2;142;162;156m▀[0m[38;2;171;197;194m[48;2;149;171;165m▀[0m[38;2;156;181;179m[48;2;139;165;162m▀[0m[38;2;122;143;138m[48;2;130;157;152m▀[0m[38;2;138;180;176m[48;2;149;207;206m▀[0m[38;2;219;229;229m[48;2;202;229;229m▀[0m[38;2;229;229;229m[48;2;229;229;229m▀[0m[38;2;0;0;0m[48;2;138;125;117m▀[0m[38;2;124;15;2m[48;2;119;0;0m▀[0m[38;2;213;182;189m[48;2;225;90;94m▀[0m[38;2;71;18;16m[48;2;216;219;220m▀[0m[38;2;229;229;229m[48;2;229;229;229m▀[0m[38;2;229;229;229m[48;2;229;229;229m▀[0m[38;2;229;229;229m[48;2;229;229;229m▀[0m[38;2;0;0;0m[48;2;0;0;0m▀[0m[38;2;183;213;209m[48;2;188;225;222m▀[0m[38;2;140;157;154m[48;2;144;165;161m▀[0m[38;2;128;150;144m[48;2;139;160;154m▀[0m[38;2;171;200;197m[48;2;149;176;171m▀[0m[38;2;157;179;174m[48;2;154;175;171m▀[0m[38;2;156;175;171m[48;2;158;171;165m▀[0m[38;2;198;229;229m[48;2;219;229;229m▀[0m[38;2;0;0;0m[48;2;0;0;0m▀[0m[38;2;0;0;0m[48;2;0;0;0m▀[0m[38;2;0;0;0m[48;2;9;17;20m▀[0m[38;2;0;7;5m[48;2;0;0;0m▀[0m[38;2;193;225;219m[48;2;126;144;141m▀[0m[38;2;163;180;178m[48;2;193;216;212m▀[0m[38;2;142;162;158m[48;2;155;175;171m▀[0m
[38;2;111;132;133m[48;2;149;173;175m▀[0m[38;2;39;51;51m[48;2;0;6;5m▀[0m[38;2;199;223;221m[48;2;225;229;229m▀[0m[38;2;143;162;159m[48;2;146;166;163m▀[0m[38;2;148;165;162m[48;2;144;171;160m▀[0m[38;2;162;184;180m[48;2;169;189;186m▀[0m[38;2;119;141;141m[48;2;121;148;146m▀[0m[38;2;187;206;209m[48;2;229;229;229m▀[0m[38;2;196;208;211m[48;2;229;229;229m▀[0m[38;2;0;0;0m[48;2;0;0;0m▀[0m[38;2;16;21;19m[48;2;0;0;0m▀[0m[38;2;0;0;0m[48;2;0;0;0m▀[0m[38;2;0;0;0m[48;2;0;0;0m▀[0m[38;2;42;50;46m[48;2;15;19;17m▀[0m[38;2;179;207;205m[48;2;180;214;213m▀[0m[38;2;165;190;184m[48;2;167;195;186m▀[0m[38;2;144;164;161m[48;2;144;170;162m▀[0m[38;2;128;155;149m[48;2;171;213;213m▀[0m[38;2;151;198;194m[48;2;128;178;180m▀[0m[38;2;142;216;214m[48;2;84;0;0m▀[0m[38;2;99;0;0m[48;2;190;0;0m▀[0m[38;2;229;173;175m[48;2;229;0;0m▀[0m[38;2;123;190;187m[48;2;81;0;0m▀[0m[38;2;73;0;0m[48;2;116;0;0m▀[0m[38;2;203;22;16m[48;2;229;0;0m▀[0m[38;2;164;229;229m[48;2;101;0;0m▀[0m[38;2;229;229;229m[48;2;229;0;0m▀[0m[38;2;216;138;135m[48;2;208;0;0m▀[0m[38;2;0;21;18m[48;2;85;0;0m▀[0m[38;2;0;0;0m[48;2;0;0;0m▀[0m[38;2;210;229;229m[48;2;70;97;97m▀[0m[38;2;159;180;180m[48;2;229;229;229m▀[0m[38;2;147;166;159m[48;2;138;155;152m▀[0m[38;2;145;163;155m[48;2;148;170;165m▀[0m[38;2;144;163;161m[48;2;146;173;165m▀[0m[38;2;156;172;169m[48;2;152;171;171m▀[0m[38;2;229;229;229m[48;2;229;229;229m▀[0m[38;2;0;0;1m[48;2;12;20;19m▀[0m[38;2;0;0;0m[48;2;0;0;0m▀[0m[38;2;34;42;42m[48;2;48;55;55m▀[0m[38;2;0;0;0m[48;2;0;0;0m▀[0m[38;2;25;27;27m[48;2;0;0;0m▀[0m[38;2;211;229;229m[48;2;199;229;226m▀[0m[38;2;167;190;186m[48;2;198;225;223m▀[0m
[38;2;207;229;229m[48;2;229;229;229m▀[0m[38;2;0;3;0m[48;2;87;104;103m▀[0m[38;2;216;229;229m[48;2;134;150;146m▀[0m[38;2;153;174;172m[48;2;173;200;193m▀[0m[38;2;150;167;162m[48;2;139;162;156m▀[0m[38;2;161;181;180m[48;2;179;200;200m▀[0m[38;2;129;158;160m[48;2;180;207;209m▀[0m[38;2;170;190;193m[48;2;145;169;169m▀[0m[38;2;229;229;229m[48;2;229;229;229m▀[0m[38;2;87;102;102m[48;2;149;172;174m▀[0m[38;2;0;0;0m[48;2;12;17;14m▀[0m[38;2;0;0;0m[48;2;0;0;0m▀[0m[38;2;0;0;0m[48;2;0;0;0m▀[0m[38;2;0;0;0m[48;2;0;0;0m▀[0m[38;2;187;224;220m[48;2;148;181;180m▀[0m[38;2;189;224;220m[48;2;157;192;192m▀[0m[38;2;145;181;181m[48;2;164;172;175m▀[0m[38;2;127;164;167m[48;2;229;229;229m▀[0m[38;2;146;160;162m[48;2;229;229;229m▀[0m[38;2;229;229;229m[48;2;229;229;229m▀[0m[38;2;229;229;229m[48;2;229;229;229m▀[0m[38;2;229;0;0m[48;2;152;0;0m▀[0m[38;2;219;0;0m[48;2;0;16;17m▀[0m[38;2;213;0;0m[48;2;81;0;0m▀[0m[38;2;177;0;0m[48;2;111;0;0m▀[0m[38;2;194;0;0m[48;2;0;0;0m▀[0m[38;2;139;0;0m[48;2;60;0;0m▀[0m[38;2;229;229;229m[48;2;229;229;229m▀[0m[38;2;229;229;229m[48;2;229;229;229m▀[0m[38;2;58;70;70m[48;2;229;229;229m▀[0m[38;2;0;0;0m[48;2;185;184;181m▀[0m[38;2;180;214;217m[48;2;4;12;13m▀[0m[38;2;198;225;226m[48;2;223;229;229m▀[0m[38;2;130;153;149m[48;2;178;202;201m▀[0m[38;2;152;173;171m[48;2;143;162;156m▀[0m[38;2;156;173;172m[48;2;158;179;173m▀[0m[38;2;229;229;229m[48;2;229;229;229m▀[0m[38;2;30;40;37m[48;2;49;59;59m▀[0m[38;2;0;0;0m[48;2;0;0;0m▀[0m[38;2;63;75;78m[48;2;71;77;77m▀[0m[38;2;102;114;114m[48;2;229;229;229m▀[0m[38;2;0;0;0m[48;2;0;0;0m▀[0m[38;2;162;183;184m[48;2;84;97;97m▀[0m[38;2;229;229;229m[48;2;229;229;229m▀[0m
[38;2;178;209;204m[48;2;156;177;173m▀[0m[38;2;211;229;229m[48;2;180;204;203m▀[0m[38;2;158;177;180m[48;2;229;229;229m▀[0m[38;2;164;195;192m[48;2;229;229;229m▀[0m[38;2;121;146;140m[48;2;216;229;229m▀[0m[38;2;171;210;204m[48;2;207;226;229m▀[0m[38;2;136;160;160m[48;2;69;83;83m▀[0m[38;2;160;184;183m[48;2;189;216;216m▀[0m[38;2;199;229;226m[48;2;161;182;180m▀[0m[38;2;193;220;221m[48;2;215;229;229m▀[0m[38;2;46;50;50m[48;2;70;84;80m▀[0m[38;2;0;0;0m[48;2;0;0;0m▀[0m[38;2;0;0;0m[48;2;0;0;0m▀[0m[38;2;0;0;0m[48;2;161;168;164m▀[0m[38;2;90;99;99m[48;2;229;229;229m▀[0m[38;2;229;229;229m[48;2;229;229;229m▀[0m[38;2;229;229;229m[48;2;229;229;229m▀[0m[38;2;229;229;229m[48;2;229;229;229m▀[0m[38;2;229;229;229m[48;2;229;229;229m▀[0m[38;2;221;229;229m[48;2;0;0;0m▀[0m[38;2;0;0;0m[48;2;0;0;0m▀[0m[38;2;0;0;0m[48;2;0;0;0m▀[0m[38;2;0;51;51m[48;2;17;0;0m▀[0m[38;2;229;0;0m[48;2;229;175;164m▀[0m[38;2;229;0;0m[48;2;229;174;178m▀[0m[38;2;94;64;69m[48;2;229;103;102m▀[0m[38;2;0;0;0m[48;2;0;126;124m▀[0m[38;2;59;39;34m[48;2;0;0;0m▀[0m[38;2;229;229;229m[48;2;54;66;64m▀[0m[38;2;229;229;229m[48;2;229;229;229m▀[0m[38;2;229;229;229m[48;2;229;229;229m▀[0m[38;2;229;229;229m[48;2;229;229;229m▀[0m[38;2;108;122;122m[48;2;229;229;229m▀[0m[38;2;177;211;216m[48;2;130;135;135m▀[0m[38;2;184;209;207m[48;2;156;188;192m▀[0m[38;2;150;171;166m[48;2;183;209;204m▀[0m[38;2;229;229;229m[48;2;229;229;229m▀[0m[38;2;44;51;52m[48;2;32;39;40m▀[0m[38;2;0;0;0m[48;2;0;0;0m▀[0m[38;2;150;158;156m[48;2;229;229;229m▀[0m[38;2;229;229;229m[48;2;140;154;160m▀[0m[38;2;0;0;0m[48;2;0;0;0m▀[0m[38;2;0;0;0m[48;2;130;133;137m▀[0m[38;2;229;229;229m[48;2;229;229;229m▀[0m
[38;2;161;184;180m[48;2;123;143;142m▀[0m[38;2;174;195;193m[48;2;179;206;204m▀[0m[38;2;193;210;209m[48;2;160;186;183m▀[0m[38;2;229;229;229m[48;2;211;219;220m▀[0m[38;2;229;229;229m[48;2;229;229;229m▀[0m[38;2;229;229;229m[48;2;186;208;212m▀[0m[38;2;150;162;162m[48;2;159;172;175m▀[0m[38;2;220;229;229m[48;2;139;157;157m▀[0m[38;2;216;229;229m[48;2;229;229;229m▀[0m[38;2;209;229;229m[48;2;229;229;229m▀[0m[38;2;76;92;90m[48;2;72;84;88m▀[0m[38;2;0;0;0m[48;2;0;0;0m▀[0m[38;2;185;185;188m[48;2;160;162;162m▀[0m[38;2;229;229;229m[48;2;229;229;229m▀[0m[38;2;206;212;214m[48;2;229;229;229m▀[0m[38;2;229;229;229m[48;2;229;229;229m▀[0m[38;2;229;229;229m[48;2;229;229;229m▀[0m[38;2;229;229;229m[48;2;28;31;31m▀[0m[38;2;0;0;0m[48;2;0;0;0m▀[0m[38;2;0;0;0m[48;2;0;0;0m▀[0m[38;2;0;0;0m[48;2;0;0;0m▀[0m[38;2;0;0;0m[48;2;0;0;0m▀[0m[38;2;138;180;181m[48;2;140;176;176m▀[0m[38;2;229;229;229m[48;2;229;229;229m▀[0m[38;2;229;79;80m[48;2;72;75;81m▀[0m[38;2;171;0;0m[48;2;0;0;0m▀[0m[38;2;43;130;127m[48;2;196;227;223m▀[0m[38;2;0;0;0m[48;2;0;0;0m▀[0m[38;2;0;0;0m[48;2;0;0;0m▀[0m[38;2;229;229;229m[48;2;9;12;9m▀[0m[38;2;229;229;229m[48;2;229;229;229m▀[0m[38;2;229;229;229m[48;2;229;229;229m▀[0m[38;2;229;229;229m[48;2;218;222;223m▀[0m[38;2;229;229;229m[48;2;229;229;229m▀[0m[38;2;151;154;155m[48;2;220;216;218m▀[0m[38;2;158;188;187m[48;2;131;150;144m▀[0m[38;2;229;229;229m[48;2;229;229;229m▀[0m[38;2;13;21;19m[48;2;10;18;16m▀[0m[38;2;0;0;0m[48;2;0;0;0m▀[0m[38;2;212;226;226m[48;2;0;0;0m▀[0m[38;2;0;0;0m[48;2;31;46;46m▀[0m[38;2;27;34;38m[48;2;229;229;229m▀[0m[38;2;229;229;229m[48;2;229;229;229m▀[0m[38;2;229;229;229m[48;2;178;180;181m▀[0m
[38;2;132;153;153m[48;2;144;164;162m▀[0m[38;2;200;225;225m[48;2;220;229;229m▀[0m[38;2;158;184;179m[48;2;152;177;171m▀[0m[38;2;73;86;86m[48;2;32;45;41m▀[0m[38;2;229;229;229m[48;2;64;76;76m▀[0m[38;2;229;229;229m[48;2;221;229;229m▀[0m[38;2;151;165;165m[48;2;171;191;191m▀[0m[38;2;170;176;168m[48;2;141;156;148m▀[0m[38;2;125;129;126m[48;2;153;144;135m▀[0m[38;2;221;229;229m[48;2;104;80;77m▀[0m[38;2;81;99;102m[48;2;16;18;16m▀[0m[38;2;0;0;0m[48;2;0;0;0m▀[0m[38;2;229;229;229m[48;2;229;229;229m▀[0m[38;2;229;229;229m[48;2;229;229;229m▀[0m[38;2;229;229;229m[48;2;229;229;229m▀[0m[38;2;229;229;229m[48;2;229;229;229m▀[0m[38;2;0;0;0m[48;2;0;0;0m▀[0m[38;2;0;0;0m[48;2;0;0;0m▀[0m[38;2;0;0;0m[48;2;0;0;0m▀[0m[38;2;0;0;0m[48;2;0;0;0m▀[0m[38;2;0;0;0m[48;2;0;0;0m▀[0m[38;2;0;0;0m[48;2;0;0;0m▀[0m[38;2;170;189;192m[48;2;195;219;219m▀[0m[38;2;229;229;229m[48;2;80;103;105m▀[0m[38;2;128;153;159m[48;2;210;220;222m▀[0m[38;2;0;0;0m[48;2;0;0;2m▀[0m[38;2;130;150;153m[48;2;150;161;163m▀[0m[38;2;0;0;0m[48;2;167;174;174m▀[0m[38;2;0;0;0m[48;2;0;0;0m▀[0m[38;2;0;0;0m[48;2;0;0;0m▀[0m[38;2;64;69;71m[48;2;0;0;0m▀[0m[38;2;229;229;229m[48;2;229;229;229m▀[0m[38;2;229;229;229m[48;2;229;229;229m▀[0m[38;2;229;229;229m[48;2;229;229;229m▀[0m[38;2;188;185;185m[48;2;229;229;229m▀[0m[38;2;181;199;200m[48;2;138;157;157m▀[0m[38;2;229;229;229m[48;2;135;150;156m▀[0m[38;2;0;0;0m[48;2;0;0;0m▀[0m[38;2;0;0;0m[48;2;157;180;172m▀[0m[38;2;95;114;114m[48;2;229;229;229m▀[0m[38;2;229;229;229m[48;2;227;229;229m▀[0m[38;2;229;229;229m[48;2;210;213;215m▀[0m[38;2;229;229;229m[48;2;207;225;229m▀[0m[38;2;169;180;180m[48;2;20;29;27m▀[0m
[38;2;154;172;172m[48;2;169;189;189m▀[0m[38;2;229;229;229m[48;2;229;229;229m▀[0m[38;2;153;172;171m[48;2;91;110;109m▀[0m[38;2;175;189;194m[48;2;229;229;229m▀[0m[38;2;0;4;4m[48;2;14;20;20m▀[0m[38;2;153;173;176m[48;2;0;0;0m▀[0m[38;2;206;229;229m[48;2;135;154;154m▀[0m[38;2;133;142;141m[48;2;163;171;171m▀[0m[38;2;110;131;125m[48;2;59;59;54m▀[0m[38;2;197;168;166m[48;2;229;229;229m▀[0m[38;2;108;56;50m[48;2;229;229;229m▀[0m[38;2;0;0;0m[48;2;87;47;42m▀[0m[38;2;190;199;199m[48;2;0;0;0m▀[0m[38;2;229;229;229m[48;2;152;155;160m▀[0m[38;2;229;229;229m[48;2;229;229;229m▀[0m[38;2;229;229;229m[48;2;229;229;229m▀[0m[38;2;0;0;0m[48;2;3;10;10m▀[0m[38;2;0;0;0m[48;2;0;0;0m▀[0m[38;2;0;0;0m[48;2;0;0;0m▀[0m[38;2;0;0;0m[48;2;1;3;3m▀[0m[38;2;0;0;0m[48;2;229;229;229m▀[0m[38;2;179;189;189m[48;2;219;216;216m▀[0m[38;2;50;54;54m[48;2;229;229;229m▀[0m[38;2;91;94;93m[48;2;229;229;229m▀[0m[38;2;145;158;160m[48;2;229;229;229m▀[0m[38;2;36;36;36m[48;2;229;229;229m▀[0m[38;2;207;212;212m[48;2;123;128;125m▀[0m[38;2;198;206;209m[48;2;157;165;165m▀[0m[38;2;0;0;0m[48;2;0;0;0m▀[0m[38;2;0;0;0m[48;2;0;0;0m▀[0m[38;2;0;0;0m[48;2;4;11;9m▀[0m[38;2;229;229;229m[48;2;229;229;229m▀[0m[38;2;229;229;229m[48;2;229;229;229m▀[0m[38;2;229;229;229m[48;2;229;229;229m▀[0m[38;2;229;229;229m[48;2;205;204;204m▀[0m[38;2;0;0;0m[48;2;19;26;27m▀[0m[38;2;0;0;0m[48;2;165;170;170m▀[0m[38;2;172;182;178m[48;2;229;229;229m▀[0m[38;2;229;229;229m[48;2;229;229;229m▀[0m[38;2;229;229;229m[48;2;209;229;229m▀[0m[38;2;227;229;229m[48;2;205;225;227m▀[0m[38;2;229;229;229m[48;2;123;134;136m▀[0m[38;2;77;92;93m[48;2;0;0;0m▀[0m[38;2;0;0;0m[48;2;20;35;31m▀[0m
[38;2;182;203;203m[48;2;205;228;228m▀[0m[38;2;229;229;229m[48;2;221;229;229m▀[0m[38;2;52;73;72m[48;2;10;22;20m▀[0m[38;2;193;206;206m[48;2;229;229;229m▀[0m[38;2;88;102;102m[48;2;189;204;204m▀[0m[38;2;134;143;144m[48;2;229;229;229m▀[0m[38;2;0;0;0m[48;2;0;0;0m▀[0m[38;2;120;137;134m[48;2;0;0;0m▀[0m[38;2;143;146;144m[48;2;159;182;179m▀[0m[38;2;111;60;54m[48;2;146;124;118m▀[0m[38;2;229;229;229m[48;2;90;32;24m▀[0m[38;2;227;229;229m[48;2;126;94;93m▀[0m[38;2;73;54;48m[48;2;171;183;180m▀[0m[38;2;0;0;0m[48;2;134;144;147m▀[0m[38;2;128;131;131m[48;2;0;0;0m▀[0m[38;2;229;229;229m[48;2;74;79;81m▀[0m[38;2;36;42;42m[48;2;0;0;1m▀[0m[38;2;0;0;0m[48;2;0;0;0m▀[0m[38;2;0;0;0m[48;2;194;204;202m▀[0m[38;2;229;229;229m[48;2;229;229;229m▀[0m[38;2;229;229;229m[48;2;229;229;229m▀[0m[38;2;229;229;229m[48;2;181;185;185m▀[0m[38;2;216;219;220m[48;2;152;167;167m▀[0m[38;2;229;229;229m[48;2;229;229;229m▀[0m[38;2;229;229;229m[48;2;229;229;229m▀[0m[38;2;229;229;229m[48;2;192;196;198m▀[0m[38;2;229;229;229m[48;2;229;229;229m▀[0m[38;2;229;229;229m[48;2;229;229;229m▀[0m[38;2;73;75;76m[48;2;229;229;229m▀[0m[38;2;0;0;0m[48;2;0;0;0m▀[0m[38;2;72;79;81m[48;2;118;126;126m▀[0m[38;2;229;229;229m[48;2;229;229;229m▀[0m[38;2;229;229;229m[48;2;141;143;143m▀[0m[38;2;229;229;229m[48;2;47;54;53m▀[0m[38;2;79;83;79m[48;2;94;117;113m▀[0m[38;2;133;152;148m[48;2;197;220;223m▀[0m[38;2;216;229;229m[48;2;206;223;220m▀[0m[38;2;229;229;229m[48;2;152;162;157m▀[0m[38;2;197;216;216m[48;2;216;229;229m▀[0m[38;2;202;229;229m[48;2;210;229;229m▀[0m[38;2;143;159;160m[48;2;0;0;0m▀[0m[38;2;0;0;0m[48;2;0;0;0m▀[0m[38;2;0;0;0m[48;2;114;126;126m▀[0m[38;2;192;210;212m[48;2;229;229;229m▀[0m
[38;2;229;229;229m[48;2;229;229;229m▀[0m[38;2;188;203;203m[48;2;121;135;141m▀[0m[38;2;0;0;0m[48;2;0;0;0m▀[0m[38;2;229;229;229m[48;2;111;126;126m▀[0m[38;2;229;229;229m[48;2;72;83;86m▀[0m[38;2;186;202;203m[48;2;1;18;18m▀[0m[38;2;0;1;3m[48;2;0;0;0m▀[0m[38;2;0;0;0m[48;2;0;0;0m▀[0m[38;2;0;0;0m[48;2;0;0;0m▀[0m[38;2;106;110;109m[48;2;0;0;0m▀[0m[38;2;101;81;77m[48;2;40;35;36m▀[0m[38;2;66;30;27m[48;2;62;55;55m▀[0m[38;2;59;21;18m[48;2;45;41;41m▀[0m[38;2;170;186;189m[48;2;71;79;81m▀[0m[38;2;124;171;175m[48;2;103;130;135m▀[0m[38;2;109;132;136m[48;2;112;131;131m▀[0m[38;2;20;27;26m[48;2;130;149;142m▀[0m[38;2;36;36;34m[48;2;27;27;25m▀[0m[38;2;229;229;229m[48;2;229;229;229m▀[0m[38;2;229;229;229m[48;2;211;226;226m▀[0m[38;2;140;150;148m[48;2;89;109;108m▀[0m[38;2;137;145;145m[48;2;144;181;181m▀[0m[38;2;128;149;145m[48;2;80;111;108m▀[0m[38;2;229;229;229m[48;2;186;198;198m▀[0m[38;2;219;214;217m[48;2;193;200;201m▀[0m[38;2;73;81;75m[48;2;143;176;178m▀[0m[38;2;139;151;149m[48;2;75;106;106m▀[0m[38;2;222;229;229m[48;2;163;179;176m▀[0m[38;2;229;229;229m[48;2;229;229;229m▀[0m[38;2;0;0;0m[48;2;134;140;140m▀[0m[38;2;194;201;199m[48;2;170;174;171m▀[0m[38;2;229;229;229m[48;2;135;144;144m▀[0m[38;2;90;102;104m[48;2;195;219;218m▀[0m[38;2;148;156;154m[48;2;142;149;149m▀[0m[38;2;135;146;153m[48;2;104;118;125m▀[0m[38;2;198;210;214m[48;2;138;160;156m▀[0m[38;2;156;164;160m[48;2;158;183;180m▀[0m[38;2;188;203;200m[48;2;92;104;107m▀[0m[38;2;184;215;217m[48;2;0;0;0m▀[0m[38;2;0;0;0m[48;2;0;0;0m▀[0m[38;2;0;0;0m[48;2;0;0;0m▀[0m[38;2;0;0;0m[48;2;0;0;0m▀[0m[38;2;12;16;16m[48;2;0;0;0m▀[0m[38;2;200;226;224m[48;2;140;154;154m▀[0m
[38;2;229;229;229m[48;2;229;229;229m▀[0m[38;2;41;49;53m[48;2;0;0;0m▀[0m[38;2;0;0;0m[48;2;0;0;0m▀[0m[38;2;0;0;0m[48;2;229;229;229m▀[0m[38;2;0;0;0m[48;2;119;124;123m▀[0m[38;2;0;0;0m[48;2;0;0;0m▀[0m[38;2;0;0;0m[48;2;0;0;0m▀[0m[38;2;0;0;0m[48;2;0;0;0m▀[0m[38;2;0;0;0m[48;2;0;0;0m▀[0m[38;2;0;0;0m[48;2;0;0;0m▀[0m[38;2;0;0;0m[48;2;0;0;0m▀[0m[38;2;24;30;35m[48;2;39;52;54m▀[0m[38;2;34;42;43m[48;2;0;0;0m▀[0m[38;2;66;84;85m[48;2;0;0;0m▀[0m[38;2;23;33;32m[48;2;0;0;0m▀[0m[38;2;3;18;15m[48;2;80;90;90m▀[0m[38;2;27;19;16m[48;2;32;31;31m▀[0m[38;2;0;0;0m[48;2;0;0;0m▀[0m[38;2;173;189;190m[48;2;229;229;229m▀[0m[38;2;33;72;73m[48;2;146;142;141m▀[0m[38;2;47;65;65m[48;2;229;135;117m▀[0m[38;2;168;0;0m[48;2;229;119;104m▀[0m[38;2;179;175;175m[48;2;229;229;229m▀[0m[38;2;167;197;200m[48;2;229;229;229m▀[0m[38;2;146;181;183m[48;2;229;229;229m▀[0m[38;2;103;81;83m[48;2;229;57;59m▀[0m[38;2;97;59;59m[48;2;198;84;86m▀[0m[38;2;135;152;155m[48;2;0;36;36m▀[0m[38;2;229;229;229m[48;2;198;212;212m▀[0m[38;2;203;210;211m[48;2;227;229;229m▀[0m[38;2;98;100;99m[48;2;140;142;140m▀[0m[38;2;169;179;178m[48;2;98;112;105m▀[0m[38;2;226;229;229m[48;2;160;177;173m▀[0m[38;2;162;176;173m[48;2;15;18;15m▀[0m[38;2;52;64;68m[48;2;0;0;0m▀[0m[38;2;32;46;46m[48;2;0;0;0m▀[0m[38;2;0;0;0m[48;2;0;0;0m▀[0m[38;2;0;0;0m[48;2;0;0;0m▀[0m[38;2;9;18;17m[48;2;40;50;47m▀[0m[38;2;1;5;6m[48;2;4;7;7m▀[0m[38;2;0;0;0m[48;2;0;0;0m▀[0m[38;2;0;0;0m[48;2;0;0;0m▀[0m[38;2;0;0;0m[48;2;0;0;0m▀[0m[38;2;157;172;172m[48;2;155;168;168m▀[0m
[38;2;229;229;229m[48;2;229;229;229m▀[0m[38;2;0;0;0m[48;2;0;0;0m▀[0m[38;2;149;153;152m[48;2;185;189;189m▀[0m[38;2;229;229;229m[48;2;229;229;229m▀[0m[38;2;229;229;229m[48;2;229;229;229m▀[0m[38;2;229;229;229m[48;2;229;229;229m▀[0m[38;2;140;144;144m[48;2;229;229;229m▀[0m[38;2;0;0;0m[48;2;229;229;229m▀[0m[38;2;0;0;0m[48;2;53;55;53m▀[0m[38;2;0;0;0m[48;2;0;0;0m▀[0m[38;2;0;0;0m[48;2;0;0;0m▀[0m[38;2;32;42;42m[48;2;18;27;27m▀[0m[38;2;1;3;4m[48;2;0;0;0m▀[0m[38;2;229;229;229m[48;2;229;229;229m▀[0m[38;2;229;229;229m[48;2;229;229;229m▀[0m[38;2;229;229;229m[48;2;229;229;229m▀[0m[38;2;229;229;229m[48;2;229;229;229m▀[0m[38;2;108;110;109m[48;2;0;0;0m▀[0m[38;2;229;229;229m[48;2;4;11;12m▀[0m[38;2;229;229;229m[48;2;102;121;121m▀[0m[38;2;229;229;229m[48;2;229;229;229m▀[0m[38;2;229;213;210m[48;2;179;190;193m▀[0m[38;2;229;229;229m[48;2;109;142;142m▀[0m[38;2;229;229;229m[48;2;55;112;114m▀[0m[38;2;229;229;229m[48;2;229;229;229m▀[0m[38;2;229;186;183m[48;2;229;229;229m▀[0m[38;2;229;76;60m[48;2;229;229;229m▀[0m[38;2;144;90;96m[48;2;208;161;160m▀[0m[38;2;185;224;224m[48;2;199;94;81m▀[0m[38;2;178;186;182m[48;2;52;73;70m▀[0m[38;2;201;206;205m[48;2;180;182;182m▀[0m[38;2;175;180;180m[48;2;229;229;229m▀[0m[38;2;229;229;229m[48;2;229;229;229m▀[0m[38;2;216;222;220m[48;2;229;229;229m▀[0m[38;2;0;0;0m[48;2;0;0;0m▀[0m[38;2;0;0;0m[48;2;0;0;0m▀[0m[38;2;0;0;0m[48;2;0;0;0m▀[0m[38;2;0;0;0m[48;2;0;0;0m▀[0m[38;2;45;54;53m[48;2;37;45;44m▀[0m[38;2;3;3;3m[48;2;0;0;0m▀[0m[38;2;0;0;0m[48;2;0;0;0m▀[0m[38;2;0;0;0m[48;2;0;0;0m▀[0m[38;2;0;0;0m[48;2;0;0;0m▀[0m[38;2;146;158;161m[48;2;127;136;136m▀[0m
[38;2;229;229;229m[48;2;229;229;229m▀[0m[38;2;0;0;0m[48;2;0;0;0m▀[0m[38;2;195;195;198m[48;2;174;181;181m▀[0m[38;2;229;229;229m[48;2;229;229;229m▀[0m[38;2;229;229;229m[48;2;229;229;229m▀[0m[38;2;229;229;229m[48;2;229;229;229m▀[0m[38;2;229;229;229m[48;2;229;229;229m▀[0m[38;2;229;229;229m[48;2;229;229;229m▀[0m[38;2;229;229;229m[48;2;229;229;229m▀[0m[38;2;229;229;229m[48;2;229;229;229m▀[0m[38;2;16;20;20m[48;2;229;229;229m▀[0m[38;2;0;0;0m[48;2;22;31;30m▀[0m[38;2;0;0;0m[48;2;0;0;0m▀[0m[38;2;183;189;185m[48;2;75;81;79m▀[0m[38;2;229;229;229m[48;2;229;229;229m▀[0m[38;2;229;229;229m[48;2;229;229;229m▀[0m[38;2;229;229;229m[48;2;229;229;229m▀[0m[38;2;19;23;23m[48;2;202;208;210m▀[0m[38;2;0;0;0m[48;2;81;82;85m▀[0m[38;2;122;126;126m[48;2;110;118;118m▀[0m[38;2;229;229;229m[48;2;216;229;229m▀[0m[38;2;223;157;155m[48;2;229;229;229m▀[0m[38;2;0;0;0m[48;2;229;74;74m▀[0m[38;2;0;0;0m[48;2;229;0;0m▀[0m[38;2;40;73;72m[48;2;229;149;149m▀[0m[38;2;229;229;229m[48;2;229;229;229m▀[0m[38;2;184;207;209m[48;2;193;205;207m▀[0m[38;2;139;161;160m[48;2;7;27;27m▀[0m[38;2;0;0;0m[48;2;0;0;0m▀[0m[38;2;0;11;9m[48;2;217;227;225m▀[0m[38;2;229;229;229m[48;2;229;229;229m▀[0m[38;2;229;229;229m[48;2;229;229;229m▀[0m[38;2;229;229;229m[48;2;229;229;229m▀[0m[38;2;108;116;111m[48;2;0;0;0m▀[0m[38;2;0;0;0m[48;2;0;0;0m▀[0m[38;2;0;0;0m[48;2;0;0;0m▀[0m[38;2;0;0;0m[48;2;0;0;0m▀[0m[38;2;0;0;0m[48;2;0;0;0m▀[0m[38;2;0;0;0m[48;2;45;52;50m▀[0m[38;2;0;0;0m[48;2;191;196;193m▀[0m[38;2;0;0;0m[48;2;229;229;229m▀[0m[38;2;47;54;54m[48;2;229;229;229m▀[0m[38;2;0;0;0m[48;2;0;0;0m▀[0m[38;2;99;111;111m[48;2;64;76;74m▀[0m
[38;2;90;97;95m[48;2;0;0;0m▀[0m[38;2;0;0;0m[48;2;0;0;0m▀[0m[38;2;99;102;99m[48;2;0;0;0m▀[0m[38;2;229;229;229m[48;2;229;229;229m▀[0m[38;2;229;229;229m[48;2;229;229;229m▀[0m[38;2;229;229;229m[48;2;229;229;229m▀[0m[38;2;229;229;229m[48;2;229;229;229m▀[0m[38;2;229;229;229m[48;2;229;229;229m▀[0m[38;2;229;229;229m[48;2;229;229;229m▀[0m[38;2;229;229;229m[48;2;227;229;229m▀[0m[38;2;229;229;229m[48;2;229;229;229m▀[0m[38;2;229;229;229m[48;2;229;229;229m▀[0m[38;2;0;0;0m[48;2;0;0;0m▀[0m[38;2;0;0;0m[48;2;0;0;0m▀[0m[38;2;229;229;229m[48;2;181;189;190m▀[0m[38;2;229;229;229m[48;2;229;229;229m▀[0m[38;2;229;229;229m[48;2;229;229;229m▀[0m[38;2;211;219;219m[48;2;189;193;197m▀[0m[38;2;229;229;229m[48;2;229;229;229m▀[0m[38;2;78;85;85m[48;2;112;122;120m▀[0m[38;2;0;13;11m[48;2;0;0;0m▀[0m[38;2;140;186;186m[48;2;0;0;0m▀[0m[38;2;229;225;219m[48;2;0;23;18m▀[0m[38;2;229;187;183m[48;2;26;74;72m▀[0m[38;2;229;229;229m[48;2;18;34;35m▀[0m[38;2;126;135;139m[48;2;0;0;0m▀[0m[38;2;0;0;0m[48;2;0;0;0m▀[0m[38;2;84;97;96m[48;2;149;156;153m▀[0m[38;2;229;229;229m[48;2;229;229;229m▀[0m[38;2;229;229;229m[48;2;168;171;171m▀[0m[38;2;229;229;229m[48;2;229;229;229m▀[0m[38;2;229;229;229m[48;2;229;229;229m▀[0m[38;2;229;229;229m[48;2;101;107;105m▀[0m[38;2;0;0;0m[48;2;0;0;0m▀[0m[38;2;0;0;0m[48;2;70;73;75m▀[0m[38;2;75;82;82m[48;2;229;229;229m▀[0m[38;2;229;229;229m[48;2;229;229;229m▀[0m[38;2;229;229;229m[48;2;229;229;229m▀[0m[38;2;229;229;229m[48;2;229;229;229m▀[0m[38;2;229;229;229m[48;2;229;229;229m▀[0m[38;2;229;229;229m[48;2;229;229;229m▀[0m[38;2;229;229;229m[48;2;229;229;229m▀[0m[38;2;55;62;63m[48;2;63;61;63m▀[0m[38;2;63;77;74m[48;2;88;108;105m▀[0m
[38;2;0;1;0m[48;2;57;72;69m▀[0m[38;2;0;0;0m[48;2;39;52;52m▀[0m[38;2;0;0;0m[48;2;0;0;0m▀[0m[38;2;181;186;186m[48;2;0;0;0m▀[0m[38;2;229;229;229m[48;2;213;217;218m▀[0m[38;2;229;229;229m[48;2;229;229;229m▀[0m[38;2;229;229;229m[48;2;229;229;229m▀[0m[38;2;229;229;229m[48;2;186;194;194m▀[0m[38;2;90;96;99m[48;2;62;80;80m▀[0m[38;2;58;62;63m[48;2;229;229;229m▀[0m[38;2;229;229;229m[48;2;229;229;229m▀[0m[38;2;229;229;229m[48;2;229;229;229m▀[0m[38;2;56;62;61m[48;2;157;162;162m▀[0m[38;2;0;0;0m[48;2;0;0;0m▀[0m[38;2;135;152;150m[48;2;155;170;166m▀[0m[38;2;229;229;229m[48;2;229;229;229m▀[0m[38;2;191;212;215m[48;2;74;86;86m▀[0m[38;2;180;183;183m[48;2;81;81;79m▀[0m[38;2;211;213;214m[48;2;38;40;42m▀[0m[38;2;123;135;130m[48;2;87;102;99m▀[0m[38;2;0;0;0m[48;2;227;229;229m▀[0m[38;2;80;101;93m[48;2;214;221;221m▀[0m[38;2;0;0;0m[48;2;229;229;229m▀[0m[38;2;90;96;99m[48;2;229;229;229m▀[0m[38;2;229;229;229m[48;2;229;229;229m▀[0m[38;2;0;0;0m[48;2;197;211;208m▀[0m[38;2;26;33;32m[48;2;91;107;107m▀[0m[38;2;229;229;229m[48;2;91;97;96m▀[0m[38;2;229;229;229m[48;2;225;223;221m▀[0m[38;2;144;146;143m[48;2;177;193;191m▀[0m[38;2;229;229;229m[48;2;229;229;229m▀[0m[38;2;229;229;229m[48;2;177;185;185m▀[0m[38;2;0;0;0m[48;2;0;0;0m▀[0m[38;2;0;0;0m[48;2;123;132;130m▀[0m[38;2;229;229;229m[48;2;229;229;229m▀[0m[38;2;229;229;229m[48;2;229;229;229m▀[0m[38;2;229;229;229m[48;2;66;80;75m▀[0m[38;2;229;229;229m[48;2;229;229;229m▀[0m[38;2;229;229;229m[48;2;229;229;229m▀[0m[38;2;229;229;229m[48;2;229;229;229m▀[0m[38;2;229;229;229m[48;2;229;229;229m▀[0m[38;2;229;229;229m[48;2;229;229;229m▀[0m[38;2;7;11;9m[48;2;0;0;0m▀[0m[38;2;146;170;166m[48;2;189;208;208m▀[0m
[38;2;0;0;0m[48;2;0;0;0m▀[0m[38;2;33;41;41m[48;2;0;0;0m▀[0m[38;2;62;73;73m[48;2;0;0;0m▀[0m[38;2;0;5;5m[48;2;18;27;25m▀[0m[38;2;0;0;0m[48;2;15;27;24m▀[0m[38;2;0;0;0m[48;2;0;0;0m▀[0m[38;2;39;47;45m[48;2;229;229;229m▀[0m[38;2;229;229;229m[48;2;229;229;229m▀[0m[38;2;212;218;218m[48;2;223;229;229m▀[0m[38;2;229;229;229m[48;2;229;229;229m▀[0m[38;2;229;229;229m[48;2;229;229;229m▀[0m[38;2;229;229;229m[48;2;229;229;229m▀[0m[38;2;229;229;229m[48;2;229;229;229m▀[0m[38;2;0;0;0m[48;2;0;0;0m▀[0m[38;2;45;54;50m[48;2;48;65;62m▀[0m[38;2;129;141;143m[48;2;229;229;229m▀[0m[38;2;110;118;115m[48;2;229;229;229m▀[0m[38;2;229;229;229m[48;2;229;229;229m▀[0m[38;2;229;229;229m[48;2;229;229;229m▀[0m[38;2;229;229;229m[48;2;229;229;229m▀[0m[38;2;162;174;174m[48;2;206;213;212m▀[0m[38;2;205;201;200m[48;2;123;130;131m▀[0m[38;2;229;229;229m[48;2;229;229;229m▀[0m[38;2;229;229;229m[48;2;229;229;229m▀[0m[38;2;198;206;209m[48;2;212;219;220m▀[0m[38;2;153;164;167m[48;2;214;214;211m▀[0m[38;2;125;134;134m[48;2;219;220;217m▀[0m[38;2;180;172;173m[48;2;229;229;229m▀[0m[38;2;163;179;179m[48;2;229;229;229m▀[0m[38;2;87;105;107m[48;2;139;154;156m▀[0m[38;2;229;229;229m[48;2;122;130;133m▀[0m[38;2;153;159;155m[48;2;153;169;169m▀[0m[38;2;0;7;7m[48;2;22;27;24m▀[0m[38;2;229;229;229m[48;2;229;229;229m▀[0m[38;2;229;229;229m[48;2;229;229;229m▀[0m[38;2;229;229;229m[48;2;229;229;229m▀[0m[38;2;81;90;89m[48;2;214;222;223m▀[0m[38;2;72;76;76m[48;2;229;229;229m▀[0m[38;2;229;229;229m[48;2;126;134;135m▀[0m[38;2;229;229;229m[48;2;229;229;229m▀[0m[38;2;229;229;229m[48;2;229;229;229m▀[0m[38;2;164;169;170m[48;2;0;0;0m▀[0m[38;2;0;0;0m[48;2;0;0;0m▀[0m[38;2;170;176;180m[48;2;132;144;142m▀[0m
