[38;2;0;54;93m[48;2;0;125;200m▀[0m[38;2;0;125;204m[48;2;17;138;179m▀[0m[38;2;0;122;189m[48;2;0;142;199m▀[0m[38;2;0;128;189m[48;2;5;149;206m▀[0m[38;2;0;130;195m[48;2;2;179;247m▀[0m[38;2;0;190;255m[48;2;0;116;169m▀[0m[38;2;0;38;64m[48;2;1;0;0m▀[0m[38;2;2;0;0m[48;2;0;39;53m▀[0m[38;2;1;0;0m[48;2;0;0;0m▀[0m[38;2;1;0;0m[48;2;1;2;0m▀[0m[38;2;0;0;1m[48;2;1;1;1m▀[0m[38;2;1;0;0m[48;2;1;0;0m▀[0m[38;2;1;0;0m[48;2;1;0;0m▀[0m[38;2;1;0;0m[48;2;2;0;0m▀[0m[38;2;0;71;130m[48;2;0;204;255m▀[0m[38;2;0;242;255m[48;2;0;237;255m▀[0m[38;2;0;66;117m[48;2;0;109;195m▀[0m[38;2;1;0;0m[48;2;1;0;0m▀[0m[38;2;1;0;0m[48;2;1;0;0m▀[0m[38;2;1;0;0m[48;2;1;0;0m▀[0m[38;2;2;1;0m[48;2;1;0;0m▀[0m[38;2;2;2;0m[48;2;1;0;0m▀[0m[38;2;1;0;0m[48;2;1;0;0m▀[0m[38;2;1;0;0m[48;2;1;0;0m▀[0m[38;2;0;0;0m[48;2;1;0;0m▀[0m[38;2;0;106;192m[48;2;0;220;255m▀[0m[38;2;0;38;66m[48;2;0;29;55m▀[0m[38;2;0;0;0m[48;2;0;0;0m▀[0m[38;2;0;42;62m[48;2;3;0;0m▀[0m[38;2;0;168;255m[48;2;0;104;159m▀[0m[38;2;0;141;214m[48;2;0;65;106m▀[0m[38;2;0;123;188m[48;2;0;41;69m▀[0m[38;2;0;101;154m[48;2;4;93;128m▀[0m[38;2;0;0;0m[48;2;20;17;11m▀[0m[38;2;0;79;122m[48;2;4;147;198m▀[0m[38;2;0;163;253m[48;2;16;154;201m▀[0m
[38;2;0;173;255m[48;2;44;101;117m▀[0m[38;2;10;101;123m[48;2;37;105;123m▀[0m[38;2;0;180;255m[48;2;32;101;115m▀[0m[38;2;0;180;255m[48;2;28;95;119m▀[0m[38;2;0;222;255m[48;2;2;102;146m▀[0m[38;2;0;95;150m[48;2;0;72;99m▀[0m[38;2;0;86;125m[48;2;0;33;42m▀[0m[38;2;1;0;0m[48;2;0;0;0m▀[0m[38;2;1;0;0m[48;2;2;0;0m▀[0m[38;2;1;0;0m[48;2;1;0;0m▀[0m[38;2;1;1;1m[48;2;1;1;2m▀[0m[38;2;1;0;0m[48;2;2;1;0m▀[0m[38;2;1;0;0m[48;2;1;0;0m▀[0m[38;2;2;0;0m[48;2;1;0;0m▀[0m[38;2;0;195;255m[48;2;1;8;14m▀[0m[38;2;0;145;255m[48;2;0;181;255m▀[0m[38;2;0;182;255m[48;2;0;118;204m▀[0m[38;2;0;74;131m[48;2;0;232;255m▀[0m[38;2;2;0;0m[48;2;0;201;255m▀[0m[38;2;1;0;0m[48;2;0;115;206m▀[0m[38;2;1;0;0m[48;2;3;6;13m▀[0m[38;2;1;0;0m[48;2;1;0;0m▀[0m[38;2;1;0;0m[48;2;0;25;47m▀[0m[38;2;1;0;0m[48;2;0;166;255m▀[0m[38;2;0;111;194m[48;2;0;198;255m▀[0m[38;2;0;249;255m[48;2;1;20;35m▀[0m[38;2;2;0;0m[48;2;1;0;0m▀[0m[38;2;1;0;0m[48;2;1;0;0m▀[0m[38;2;1;0;0m[48;2;1;0;0m▀[0m[38;2;0;111;163m[48;2;0;25;33m▀[0m[38;2;0;198;255m[48;2;0;165;235m▀[0m[38;2;0;233;255m[48;2;0;136;192m▀[0m[38;2;0;132;208m[48;2;9;18;23m▀[0m[38;2;0;99;163m[48;2;15;154;202m▀[0m[38;2;0;212;255m[48;2;12;137;187m▀[0m[38;2;0;175;255m[48;2;13;132;183m▀[0m
[38;2;3;131;169m[48;2;0;202;255m▀[0m[38;2;2;132;167m[48;2;0;202;255m▀[0m[38;2;0;128;167m[48;2;0;212;255m▀[0m[38;2;0;138;186m[48;2;0;221;255m▀[0m[38;2;0;152;211m[48;2;0;212;255m▀[0m[38;2;0;180;236m[48;2;0;255;255m▀[0m[38;2;9;14;18m[48;2;0;111;166m▀[0m[38;2;0;0;0m[48;2;0;0;0m▀[0m[38;2;2;0;0m[48;2;0;4;8m▀[0m[38;2;2;0;0m[48;2;0;4;8m▀[0m[38;2;1;1;2m[48;2;0;0;0m▀[0m[38;2;1;0;2m[48;2;0;1;2m▀[0m[38;2;1;0;0m[48;2;1;0;0m▀[0m[38;2;1;0;0m[48;2;1;0;0m▀[0m[38;2;1;0;0m[48;2;1;0;0m▀[0m[38;2;0;57;91m[48;2;2;0;0m▀[0m[38;2;0;84;149m[48;2;2;0;0m▀[0m[38;2;0;242;255m[48;2;0;80;152m▀[0m[38;2;0;250;255m[48;2;0;128;236m▀[0m[38;2;0;225;255m[48;2;0;53;91m▀[0m[38;2;0;73;129m[48;2;0;0;0m▀[0m[38;2;0;35;67m[48;2;0;12;33m▀[0m[38;2;0;158;255m[48;2;0;4;18m▀[0m[38;2;0;255;255m[48;2;0;45;86m▀[0m[38;2;0;102;184m[48;2;0;0;0m▀[0m[38;2;0;0;0m[48;2;0;0;0m▀[0m[38;2;1;0;0m[48;2;0;0;0m▀[0m[38;2;1;0;0m[48;2;0;0;0m▀[0m[38;2;1;0;0m[48;2;2;0;0m▀[0m[38;2;1;0;0m[48;2;0;0;0m▀[0m[38;2;2;0;0m[48;2;0;0;0m▀[0m[38;2;10;0;0m[48;2;0;0;0m▀[0m[38;2;0;86;116m[48;2;2;0;0m▀[0m[38;2;0;182;243m[48;2;1;40;59m▀[0m[38;2;0;170;231m[48;2;16;16;28m▀[0m[38;2;0;141;188m[48;2;112;0;0m▀[0m
[38;2;68;162;178m[48;2;0;255;255m▀[0m[38;2;45;203;241m[48;2;0;209;255m▀[0m[38;2;48;205;247m[48;2;0;225;255m▀[0m[38;2;46;230;255m[48;2;1;253;255m▀[0m[38;2;16;87;109m[48;2;13;167;221m▀[0m[38;2;0;0;0m[48;2;0;0;0m▀[0m[38;2;0;0;0m[48;2;0;0;0m▀[0m[38;2;0;0;12m[48;2;0;22;40m▀[0m[38;2;6;2;10m[48;2;0;56;88m▀[0m[38;2;30;6;10m[48;2;131;4;4m▀[0m[38;2;0;0;0m[48;2;0;0;0m▀[0m[38;2;0;1;2m[48;2;0;0;0m▀[0m[38;2;0;1;2m[48;2;0;0;1m▀[0m[38;2;0;0;0m[48;2;0;0;1m▀[0m[38;2;0;0;0m[48;2;0;0;0m▀[0m[38;2;0;0;0m[48;2;10;1;0m▀[0m[38;2;0;0;0m[48;2;0;0;0m▀[0m[38;2;0;0;0m[48;2;0;0;0m▀[0m[38;2;0;0;0m[48;2;0;0;0m▀[0m[38;2;0;0;0m[48;2;0;0;0m▀[0m[38;2;72;0;0m[48;2;255;108;29m▀[0m[38;2;22;0;0m[48;2;109;36;13m▀[0m[38;2;0;0;0m[48;2;34;0;0m▀[0m[38;2;0;0;0m[48;2;0;0;0m▀[0m[38;2;0;0;0m[48;2;0;0;0m▀[0m[38;2;0;0;0m[48;2;0;0;0m▀[0m[38;2;45;44;42m[48;2;21;25;25m▀[0m[38;2;0;0;0m[48;2;80;85;86m▀[0m[38;2;0;0;0m[48;2;19;21;21m▀[0m[38;2;0;0;0m[48;2;0;0;0m▀[0m[38;2;0;0;0m[48;2;0;0;0m▀[0m[38;2;0;0;0m[48;2;0;0;0m▀[0m[38;2;22;0;0m[48;2;0;0;0m▀[0m[38;2;19;0;0m[48;2;0;53;76m▀[0m[38;2;0;28;44m[48;2;1;231;255m▀[0m[38;2;0;204;250m[48;2;0;255;255m▀[0m
[38;2;0;160;223m[48;2;11;164;218m▀[0m[38;2;4;134;189m[48;2;41;205;246m▀[0m[38;2;2;142;194m[48;2;0;0;0m▀[0m[38;2;7;158;219m[48;2;0;0;0m▀[0m[38;2;1;232;255m[48;2;15;0;0m▀[0m[38;2;1;166;215m[48;2;50;0;0m▀[0m[38;2;0;0;0m[48;2;19;0;0m▀[0m[38;2;0;0;0m[48;2;0;0;0m▀[0m[38;2;0;55;92m[48;2;0;0;0m▀[0m[38;2;148;43;66m[48;2;0;24;47m▀[0m[38;2;73;0;0m[48;2;133;21;42m▀[0m[38;2;0;0;0m[48;2;84;0;0m▀[0m[38;2;4;0;0m[48;2;21;0;0m▀[0m[38;2;32;8;0m[48;2;95;9;0m▀[0m[38;2;0;0;0m[48;2;74;0;0m▀[0m[38;2;135;33;0m[48;2;155;0;0m▀[0m[38;2;0;0;0m[48;2;0;0;0m▀[0m[38;2;24;0;0m[48;2;62;0;0m▀[0m[38;2;0;0;0m[48;2;0;0;0m▀[0m[38;2;0;0;0m[48;2;62;0;0m▀[0m[38;2;255;255;255m[48;2;255;255;255m▀[0m[38;2;159;124;120m[48;2;246;238;239m▀[0m[38;2;184;70;19m[48;2;113;78;60m▀[0m[38;2;0;0;0m[48;2;255;133;89m▀[0m[38;2;0;0;0m[48;2;90;0;0m▀[0m[38;2;1;0;0m[48;2;42;0;0m▀[0m[38;2;0;0;0m[48;2;105;6;0m▀[0m[38;2;26;39;47m[48;2;0;0;0m▀[0m[38;2;40;47;49m[48;2;0;0;0m▀[0m[38;2;0;0;0m[48;2;0;0;0m▀[0m[38;2;0;1;1m[48;2;0;0;0m▀[0m[38;2;0;0;0m[48;2;0;0;0m▀[0m[38;2;0;61;79m[48;2;44;0;0m▀[0m[38;2;20;255;255m[48;2;36;0;0m▀[0m[38;2;12;221;255m[48;2;0;0;0m▀[0m[38;2;9;189;255m[48;2;0;0;0m▀[0m
[38;2;0;183;246m[48;2;0;225;255m▀[0m[38;2;86;216;231m[48;2;23;81;93m▀[0m[38;2;59;54;35m[48;2;40;87;80m▀[0m[38;2;0;0;0m[48;2;0;0;0m▀[0m[38;2;94;0;0m[48;2;93;0;0m▀[0m[38;2;124;0;0m[48;2;124;0;0m▀[0m[38;2;127;0;0m[48;2;143;0;0m▀[0m[38;2;13;0;0m[48;2;140;0;0m▀[0m[38;2;0;0;0m[48;2;0;0;0m▀[0m[38;2;0;0;0m[48;2;0;0;0m▀[0m[38;2;0;0;1m[48;2;0;0;0m▀[0m[38;2;123;14;0m[48;2;0;0;0m▀[0m[38;2;208;42;0m[48;2;38;0;0m▀[0m[38;2;110;0;0m[48;2;77;53;40m▀[0m[38;2;52;20;19m[48;2;255;255;255m▀[0m[38;2;0;68;96m[48;2;75;133;150m▀[0m[38;2;0;0;0m[48;2;0;10;19m▀[0m[38;2;153;0;0m[48;2;255;255;255m▀[0m[38;2;14;0;0m[48;2;255;99;14m▀[0m[38;2;128;44;9m[48;2;255;204;173m▀[0m[38;2;225;80;27m[48;2;255;255;255m▀[0m[38;2;19;0;0m[48;2;0;0;5m▀[0m[38;2;0;23;47m[48;2;25;91;115m▀[0m[38;2;45;61;69m[48;2;255;255;255m▀[0m[38;2;236;128;80m[48;2;70;162;200m▀[0m[38;2;105;30;0m[48;2;7;0;0m▀[0m[38;2;194;17;0m[48;2;14;0;0m▀[0m[38;2;0;0;0m[48;2;0;0;0m▀[0m[38;2;0;0;0m[48;2;0;0;0m▀[0m[38;2;0;0;0m[48;2;0;0;0m▀[0m[38;2;0;0;0m[48;2;43;0;0m▀[0m[38;2;90;0;0m[48;2;138;0;0m▀[0m[38;2;124;0;0m[48;2;135;0;0m▀[0m[38;2;108;0;0m[48;2;121;0;0m▀[0m[38;2;7;0;0m[48;2;0;0;0m▀[0m[38;2;0;15;12m[48;2;0;73;73m▀[0m
[38;2;74;255;255m[48;2;195;255;255m▀[0m[38;2;0;0;0m[48;2;0;0;0m▀[0m[38;2;27;110;112m[48;2;132;174;174m▀[0m[38;2;38;19;15m[48;2;255;68;64m▀[0m[38;2;180;68;64m[48;2;255;59;54m▀[0m[38;2;171;39;39m[48;2;229;0;0m▀[0m[38;2;156;0;0m[48;2;151;0;0m▀[0m[38;2;175;0;0m[48;2;189;132;130m▀[0m[38;2;188;0;0m[48;2;244;243;241m▀[0m[38;2;0;0;0m[48;2;230;237;243m▀[0m[38;2;0;0;0m[48;2;179;118;88m▀[0m[38;2;0;0;0m[48;2;105;0;0m▀[0m[38;2;0;0;7m[48;2;56;0;0m▀[0m[38;2;0;168;234m[48;2;114;33;11m▀[0m[38;2;255;255;255m[48;2;0;224;255m▀[0m[38;2;255;149;126m[48;2;150;239;255m▀[0m[38;2;255;183;165m[48;2;110;197;220m▀[0m[38;2;255;255;255m[48;2;0;207;255m▀[0m[38;2;104;237;255m[48;2;0;215;255m▀[0m[38;2;233;233;234m[48;2;255;255;255m▀[0m[38;2;255;255;255m[48;2;16;210;255m▀[0m[38;2;255;181;161m[48;2;115;196;232m▀[0m[38;2;255;133;106m[48;2;188;235;252m▀[0m[38;2;255;237;238m[48;2;18;207;247m▀[0m[38;2;0;204;255m[48;2;9;19;16m▀[0m[38;2;0;0;1m[48;2;32;0;0m▀[0m[38;2;0;0;0m[48;2;13;0;0m▀[0m[38;2;0;0;0m[48;2;37;24;18m▀[0m[38;2;0;0;0m[48;2;205;140;144m▀[0m[38;2;174;0;0m[48;2;233;145;146m▀[0m[38;2;200;15;15m[48;2;163;63;65m▀[0m[38;2;185;46;46m[48;2;181;0;0m▀[0m[38;2;172;10;7m[48;2;205;0;0m▀[0m[38;2;167;0;0m[48;2;210;0;0m▀[0m[38;2;8;0;0m[48;2;244;0;0m▀[0m[38;2;5;159;159m[48;2;160;215;217m▀[0m
[38;2;148;207;217m[48;2;97;150;162m▀[0m[38;2;0;0;0m[48;2;0;0;0m▀[0m[38;2;107;20;27m[48;2;128;2;7m▀[0m[38;2;255;0;0m[48;2;255;0;0m▀[0m[38;2;255;0;0m[48;2;197;0;0m▀[0m[38;2;156;0;0m[48;2;153;0;0m▀[0m[38;2;157;150;150m[48;2;248;255;255m▀[0m[38;2;255;255;255m[48;2;255;255;255m▀[0m[38;2;255;255;255m[48;2;255;255;255m▀[0m[38;2;255;255;255m[48;2;255;255;255m▀[0m[38;2;255;255;255m[48;2;255;255;255m▀[0m[38;2;255;6;0m[48;2;233;157;121m▀[0m[38;2;255;0;0m[48;2;255;0;0m▀[0m[38;2;61;81;70m[48;2;0;21;48m▀[0m[38;2;103;255;255m[48;2;34;102;140m▀[0m[38;2;0;157;183m[48;2;0;34;96m▀[0m[38;2;0;134;193m[48;2;73;255;255m▀[0m[38;2;0;255;255m[48;2;81;189;194m▀[0m[38;2;137;255;255m[48;2;253;24;14m▀[0m[38;2;255;255;255m[48;2;253;56;49m▀[0m[38;2;0;255;255m[48;2;63;253;255m▀[0m[38;2;0;101;153m[48;2;15;194;216m▀[0m[38;2;12;217;242m[48;2;0;70;138m▀[0m[38;2;158;255;255m[48;2;56;130;173m▀[0m[38;2;60;82;78m[48;2;0;27;16m▀[0m[38;2;255;0;0m[48;2;255;0;0m▀[0m[38;2;255;12;0m[48;2;222;167;148m▀[0m[38;2;255;255;255m[48;2;255;255;255m▀[0m[38;2;255;255;255m[48;2;255;255;255m▀[0m[38;2;255;255;255m[48;2;255;255;255m▀[0m[38;2;255;255;255m[48;2;255;255;255m▀[0m[38;2;147;53;52m[48;2;215;255;255m▀[0m[38;2;169;0;0m[48;2;255;0;0m▀[0m[38;2;184;0;0m[48;2;255;0;0m▀[0m[38;2;227;0;0m[48;2;246;0;0m▀[0m[38;2;103;0;0m[48;2;90;0;0m▀[0m
[38;2;51;94;103m[48;2;22;58;62m▀[0m[38;2;0;54;54m[48;2;0;166;179m▀[0m[38;2;126;10;12m[48;2;133;25;30m▀[0m[38;2;226;0;0m[48;2;255;0;0m▀[0m[38;2;179;0;0m[48;2;255;0;0m▀[0m[38;2;191;0;0m[48;2;225;0;0m▀[0m[38;2;251;255;255m[48;2;218;255;255m▀[0m[38;2;255;255;255m[48;2;255;255;255m▀[0m[38;2;255;255;255m[48;2;255;255;255m▀[0m[38;2;255;254;252m[48;2;255;255;255m▀[0m[38;2;255;252;246m[48;2;255;255;255m▀[0m[38;2;255;255;255m[48;2;255;255;255m▀[0m[38;2;255;196;168m[48;2;255;255;255m▀[0m[38;2;167;42;0m[48;2;255;255;255m▀[0m[38;2;0;0;0m[48;2;110;236;238m▀[0m[38;2;48;215;244m[48;2;60;117;114m▀[0m[38;2;42;212;219m[48;2;96;0;0m▀[0m[38;2;120;255;255m[48;2;0;16;26m▀[0m[38;2;255;175;164m[48;2;172;255;255m▀[0m[38;2;255;173;162m[48;2;125;255;253m▀[0m[38;2;126;255;255m[48;2;0;0;0m▀[0m[38;2;0;194;208m[48;2;0;0;0m▀[0m[38;2;9;123;176m[48;2;0;143;157m▀[0m[38;2;0;0;0m[48;2;142;91;89m▀[0m[38;2;241;38;0m[48;2;255;255;255m▀[0m[38;2;248;204;187m[48;2;255;255;255m▀[0m[38;2;255;255;255m[48;2;255;255;255m▀[0m[38;2;255;232;218m[48;2;255;255;255m▀[0m[38;2;255;255;255m[48;2;255;255;255m▀[0m[38;2;255;255;255m[48;2;255;255;255m▀[0m[38;2;255;255;255m[48;2;255;255;255m▀[0m[38;2;216;255;255m[48;2;213;183;130m▀[0m[38;2;255;0;0m[48;2;255;0;0m▀[0m[38;2;134;43;47m[48;2;255;0;0m▀[0m[38;2;65;79;78m[48;2;255;0;0m▀[0m[38;2;165;0;0m[48;2;158;0;0m▀[0m
[38;2;0;18;17m[48;2;0;0;0m▀[0m[38;2;0;198;225m[48;2;0;157;184m▀[0m[38;2;179;23;27m[48;2;235;47;45m▀[0m[38;2;255;0;0m[48;2;255;0;0m▀[0m[38;2;255;0;0m[48;2;255;0;0m▀[0m[38;2;255;0;0m[48;2;255;0;0m▀[0m[38;2;213;83;7m[48;2;187;0;0m▀[0m[38;2;255;255;255m[48;2;255;151;52m▀[0m[38;2;255;255;255m[48;2;224;246;243m▀[0m[38;2;255;255;255m[48;2;255;255;255m▀[0m[38;2;252;252;254m[48;2;241;173;167m▀[0m[38;2;250;218;212m[48;2;253;253;251m▀[0m[38;2;255;255;255m[48;2;255;255;255m▀[0m[38;2;255;255;255m[48;2;255;255;255m▀[0m[38;2;255;87;77m[48;2;255;182;178m▀[0m[38;2;255;0;0m[48;2;255;0;0m▀[0m[38;2;146;0;0m[48;2;255;0;0m▀[0m[38;2;148;0;0m[48;2;255;0;0m▀[0m[38;2;0;0;0m[48;2;255;0;0m▀[0m[38;2;0;0;0m[48;2;255;0;0m▀[0m[38;2;127;0;0m[48;2;255;0;0m▀[0m[38;2;255;0;0m[48;2;255;0;0m▀[0m[38;2;255;0;0m[48;2;255;27;23m▀[0m[38;2;255;0;0m[48;2;255;236;236m▀[0m[38;2;255;255;255m[48;2;255;243;237m▀[0m[38;2;255;255;255m[48;2;255;255;255m▀[0m[38;2;249;234;228m[48;2;253;255;255m▀[0m[38;2;255;255;255m[48;2;244;212;206m▀[0m[38;2;255;255;255m[48;2;235;250;255m▀[0m[38;2;255;255;255m[48;2;226;177;151m▀[0m[38;2;255;255;255m[48;2;255;74;0m▀[0m[38;2;198;0;0m[48;2;179;0;0m▀[0m[38;2;255;0;0m[48;2;255;0;0m▀[0m[38;2;255;0;0m[48;2;255;0;0m▀[0m[38;2;226;9;7m[48;2;152;3;2m▀[0m[38;2;184;129;125m[48;2;196;102;96m▀[0m
[38;2;0;0;0m[48;2;0;0;0m▀[0m[38;2;0;176;203m[48;2;0;197;225m▀[0m[38;2;255;123;114m[48;2;255;84;72m▀[0m[38;2;255;0;0m[48;2;255;0;0m▀[0m[38;2;255;0;0m[48;2;255;0;0m▀[0m[38;2;255;0;0m[48;2;255;0;0m▀[0m[38;2;217;0;0m[48;2;224;0;0m▀[0m[38;2;255;17;0m[48;2;255;33;0m▀[0m[38;2;177;25;0m[48;2;204;118;67m▀[0m[38;2;221;104;95m[48;2;255;127;128m▀[0m[38;2;255;82;47m[48;2;255;200;194m▀[0m[38;2;255;220;209m[48;2;255;255;255m▀[0m[38;2;255;255;255m[48;2;255;255;255m▀[0m[38;2;255;255;255m[48;2;253;255;255m▀[0m[38;2;255;255;255m[48;2;255;255;255m▀[0m[38;2;255;190;187m[48;2;255;255;255m▀[0m[38;2;255;0;0m[48;2;242;253;247m▀[0m[38;2;255;0;0m[48;2;255;255;255m▀[0m[38;2;255;0;0m[48;2;255;0;0m▀[0m[38;2;255;0;0m[48;2;255;0;0m▀[0m[38;2;255;0;0m[48;2;255;0;0m▀[0m[38;2;255;119;114m[48;2;255;255;255m▀[0m[38;2;255;255;255m[48;2;255;255;255m▀[0m[38;2;255;255;255m[48;2;250;238;234m▀[0m[38;2;255;134;126m[48;2;255;255;255m▀[0m[38;2;255;255;255m[48;2;252;255;255m▀[0m[38;2;255;236;233m[48;2;255;255;255m▀[0m[38;2;255;114;92m[48;2;255;206;199m▀[0m[38;2;199;88;74m[48;2;255;118;113m▀[0m[38;2;239;0;0m[48;2;211;113;68m▀[0m[38;2;255;35;0m[48;2;255;37;0m▀[0m[38;2;220;0;0m[48;2;254;0;0m▀[0m[38;2;255;0;0m[48;2;255;0;0m▀[0m[38;2;255;0;0m[48;2;255;0;0m▀[0m[38;2;255;0;0m[48;2;255;0;0m▀[0m[38;2;184;19;15m[48;2;203;0;0m▀[0m
[38;2;0;8;21m[48;2;0;31;49m▀[0m[38;2;39;151;170m[48;2;90;120;137m▀[0m[38;2;245;24;11m[48;2;228;2;0m▀[0m[38;2;255;0;0m[48;2;255;0;0m▀[0m[38;2;255;0;0m[48;2;255;0;0m▀[0m[38;2;255;0;0m[48;2;255;0;0m▀[0m[38;2;243;0;0m[48;2;255;0;0m▀[0m[38;2;230;20;0m[48;2;173;16;0m▀[0m[38;2;215;255;255m[48;2;238;255;255m▀[0m[38;2;255;255;255m[48;2;255;255;255m▀[0m[38;2;255;255;255m[48;2;255;255;255m▀[0m[38;2;255;255;255m[48;2;253;255;255m▀[0m[38;2;253;255;255m[48;2;253;253;255m▀[0m[38;2;255;255;255m[48;2;255;255;255m▀[0m[38;2;253;255;255m[48;2;253;251;248m▀[0m[38;2;255;255;255m[48;2;250;252;240m▀[0m[38;2;246;254;249m[48;2;255;163;156m▀[0m[38;2;255;255;255m[48;2;255;255;255m▀[0m[38;2;255;0;0m[48;2;255;1;0m▀[0m[38;2;255;0;0m[48;2;255;126;121m▀[0m[38;2;255;153;152m[48;2;249;224;216m▀[0m[38;2;255;255;255m[48;2;255;255;255m▀[0m[38;2;251;236;232m[48;2;252;229;224m▀[0m[38;2;251;226;222m[48;2;254;227;220m▀[0m[38;2;255;255;255m[48;2;253;255;255m▀[0m[38;2;252;255;255m[48;2;253;255;255m▀[0m[38;2;252;255;255m[48;2;252;255;255m▀[0m[38;2;255;255;255m[48;2;255;255;255m▀[0m[38;2;255;255;255m[48;2;255;255;255m▀[0m[38;2;221;255;255m[48;2;255;255;255m▀[0m[38;2;217;27;0m[48;2;154;28;0m▀[0m[38;2;255;0;0m[48;2;255;0;0m▀[0m[38;2;251;0;0m[48;2;255;0;0m▀[0m[38;2;0;108;118m[48;2;58;35;37m▀[0m[38;2;255;0;0m[48;2;255;0;0m▀[0m[38;2;255;0;0m[48;2;255;0;0m▀[0m
