[38;2;26;44;49m[48;2;0;0;0m▀[0m[38;2;46;80;90m[48;2;48;79;90m▀[0m[38;2;49;83;96m[48;2;54;85;96m▀[0m[38;2;50;84;93m[48;2;58;88;99m▀[0m[38;2;47;79;91m[48;2;46;79;88m▀[0m[38;2;0;0;0m[48;2;0;0;0m▀[0m[38;2;26;42;49m[48;2;27;44;45m▀[0m[38;2;24;36;44m[48;2;34;54;62m▀[0m[38;2;15;23;29m[48;2;39;61;69m▀[0m[38;2;0;0;0m[48;2;0;0;0m▀[0m[38;2;47;81;92m[48;2;48;75;85m▀[0m[38;2;28;49;57m[48;2;54;87;97m▀[0m[38;2;0;0;0m[48;2;1;3;1m▀[0m[38;2;30;48;54m[48;2;0;0;0m▀[0m[38;2;71;111;123m[48;2;35;56;64m▀[0m[38;2;59;96;106m[48;2;64;98;109m▀[0m[38;2;44;75;84m[48;2;45;70;79m▀[0m[38;2;18;27;32m[48;2;2;5;10m▀[0m[38;2;25;40;48m[48;2;20;33;41m▀[0m[38;2;58;97;109m[48;2;48;76;85m▀[0m[38;2;59;100;109m[48;2;57;94;105m▀[0m[38;2;52;91;101m[48;2;21;37;44m▀[0m[38;2;12;25;29m[48;2;0;0;0m▀[0m[38;2;0;0;0m[48;2;5;7;9m▀[0m[38;2;37;65;74m[48;2;62;105;118m▀[0m[38;2;30;53;62m[48;2;33;56;63m▀[0m[38;2;0;0;0m[48;2;0;0;0m▀[0m[38;2;0;0;0m[48;2;15;24;29m▀[0m[38;2;54;86;99m[48;2;66;106;119m▀[0m[38;2;41;71;83m[48;2;38;65;74m▀[0m[38;2;0;0;0m[48;2;0;0;0m▀[0m[38;2;52;86;99m[48;2;53;84;97m▀[0m[38;2;57;94;108m[48;2;67;106;114m▀[0m[38;2;39;67;78m[48;2;16;28;32m▀[0m[38;2;7;14;16m[48;2;11;20;25m▀[0m[38;2;55;90;100m[48;2;62;97;107m▀[0m
[38;2;0;0;0m[48;2;0;1;1m▀[0m[38;2;32;50;56m[48;2;7;12;12m▀[0m[38;2;63;101;113m[48;2;63;100;110m▀[0m[38;2;56;93;103m[48;2;60;96;104m▀[0m[38;2;44;77;84m[48;2;44;74;83m▀[0m[38;2;0;0;0m[48;2;0;0;0m▀[0m[38;2;38;59;68m[48;2;45;71;80m▀[0m[38;2;60;95;105m[48;2;63;95;107m▀[0m[38;2;58;93;103m[48;2;51;78;87m▀[0m[38;2;0;0;0m[48;2;0;0;0m▀[0m[38;2;50;78;87m[48;2;24;38;42m▀[0m[38;2;57;87;99m[48;2;74;111;124m▀[0m[38;2;41;63;72m[48;2;60;93;103m▀[0m[38;2;11;25;28m[48;2;70;107;120m▀[0m[38;2;0;0;0m[48;2;59;91;104m▀[0m[38;2;21;35;39m[48;2;58;89;98m▀[0m[38;2;32;54;61m[48;2;69;109;118m▀[0m[38;2;24;40;47m[48;2;46;74;83m▀[0m[38;2;4;6;8m[48;2;44;70;82m▀[0m[38;2;32;48;58m[48;2;72;104;121m▀[0m[38;2;40;64;75m[48;2;67;98;110m▀[0m[38;2;25;37;42m[48;2;63;98;108m▀[0m[38;2;6;13;17m[48;2;24;42;50m▀[0m[38;2;58;93;103m[48;2;70;108;121m▀[0m[38;2;74;113;127m[48;2;29;46;50m▀[0m[38;2;22;31;35m[48;2;0;0;0m▀[0m[38;2;0;2;2m[48;2;11;19;20m▀[0m[38;2;37;58;66m[48;2;29;44;50m▀[0m[38;2;63;100;111m[48;2;62;98;106m▀[0m[38;2;33;56;63m[48;2;39;62;70m▀[0m[38;2;8;13;17m[48;2;9;16;20m▀[0m[38;2;54;88;95m[48;2;59;94;101m▀[0m[38;2;64;102;111m[48;2;50;80;91m▀[0m[38;2;0;0;0m[48;2;0;0;0m▀[0m[38;2;32;47;55m[48;2;48;73;83m▀[0m[38;2;60;91;106m[48;2;55;89;96m▀[0m
[38;2;33;59;66m[48;2;33;51;56m▀[0m[38;2;28;46;51m[48;2;49;71;81m▀[0m[38;2;42;69;76m[48;2;38;56;64m▀[0m[38;2;68;104;113m[48;2;69;103;112m▀[0m[38;2;41;67;77m[48;2;46;69;77m▀[0m[38;2;6;8;9m[48;2;21;28;33m▀[0m[38;2;60;95;106m[48;2;69;106;119m▀[0m[38;2;51;79;87m[48;2;49;79;88m▀[0m[38;2;39;54;61m[48;2;34;48;55m▀[0m[38;2;0;0;0m[48;2;0;0;0m▀[0m[38;2;24;38;45m[48;2;63;94;105m▀[0m[38;2;54;87;97m[48;2;62;97;107m▀[0m[38;2;32;55;63m[48;2;27;42;50m▀[0m[38;2;16;25;32m[48;2;0;0;0m▀[0m[38;2;64;99;108m[48;2;23;33;41m▀[0m[38;2;64;101;112m[48;2;56;86;95m▀[0m[38;2;66;105;114m[48;2;36;56;65m▀[0m[38;2;32;53;61m[48;2;0;0;0m▀[0m[38;2;42;64;74m[48;2;10;12;18m▀[0m[38;2;70;104;117m[48;2;54;82;94m▀[0m[38;2;71;108;121m[48;2;27;47;52m▀[0m[38;2;25;38;44m[48;2;0;0;0m▀[0m[38;2;8;13;13m[48;2;40;62;71m▀[0m[38;2;77;119;137m[48;2;72;106;119m▀[0m[38;2;19;36;40m[48;2;34;56;61m▀[0m[38;2;36;61;70m[48;2;42;72;84m▀[0m[38;2;16;25;29m[48;2;9;16;21m▀[0m[38;2;33;51;57m[48;2;72;110;120m▀[0m[38;2;58;93;100m[48;2;59;92;101m▀[0m[38;2;51;82;91m[48;2;66;98;110m▀[0m[38;2;5;9;9m[48;2;21;30;34m▀[0m[38;2;59;90;101m[48;2;49;76;85m▀[0m[38;2;40;62;70m[48;2;40;58;64m▀[0m[38;2;34;55;63m[48;2;45;68;77m▀[0m[38;2;49;75;83m[48;2;51;78;86m▀[0m[38;2;56;86;95m[48;2;56;86;94m▀[0m
[38;2;41;62;70m[48;2;22;31;36m▀[0m[38;2;61;91;102m[48;2;64;99;112m▀[0m[38;2;40;61;69m[48;2;50;76;84m▀[0m[38;2;55;88;97m[48;2;48;73;82m▀[0m[38;2;49;74;86m[48;2;54;87;94m▀[0m[38;2;28;38;45m[48;2;46;62;68m▀[0m[38;2;71;106;117m[48;2;69;104;113m▀[0m[38;2;59;90;105m[48;2;66;100;111m▀[0m[38;2;11;19;24m[48;2;14;22;26m▀[0m[38;2;0;0;0m[48;2;53;86;96m▀[0m[38;2;60;87;96m[48;2;20;29;33m▀[0m[38;2;80;120;129m[48;2;54;80;90m▀[0m[38;2;55;86;95m[48;2;72;112;125m▀[0m[38;2;11;21;22m[48;2;28;49;55m▀[0m[38;2;56;82;94m[48;2;58;85;95m▀[0m[38;2;63;98;107m[48;2;69;103;112m▀[0m[38;2;55;88;97m[48;2;68;102;111m▀[0m[38;2;14;27;38m[48;2;43;69;76m▀[0m[38;2;38;60;69m[48;2;58;91;101m▀[0m[38;2;58;89;97m[48;2;69;104;114m▀[0m[38;2;49;77;86m[48;2;73;112;124m▀[0m[38;2;35;58;66m[48;2;33;54;62m▀[0m[38;2;41;65;78m[48;2;51;79;91m▀[0m[38;2;55;89;94m[48;2;43;70;79m▀[0m[38;2;45;73;82m[48;2;1;5;6m▀[0m[38;2;11;20;24m[48;2;37;55;61m▀[0m[38;2;0;0;0m[48;2;0;5;4m▀[0m[38;2;71;108;121m[48;2;55;83;91m▀[0m[38;2;60;91;104m[48;2;62;99;112m▀[0m[38;2;64;95;107m[48;2;62;92;105m▀[0m[38;2;30;45;52m[48;2;35;53;63m▀[0m[38;2;43;63;69m[48;2;42;64;72m▀[0m[38;2;47;70;78m[48;2;49;74;83m▀[0m[38;2;48;71;80m[48;2;46;71;83m▀[0m[38;2;62;95;105m[48;2;64;98;108m▀[0m[38;2;57;90;100m[48;2;31;46;54m▀[0m
[38;2;0;0;0m[48;2;74;79;84m▀[0m[38;2;53;84;92m[48;2;8;28;34m▀[0m[38;2;62;95;101m[48;2;40;73;79m▀[0m[38;2;43;63;73m[48;2;44;70;79m▀[0m[38;2;55;78;86m[48;2;45;66;76m▀[0m[38;2;39;59;64m[48;2;51;76;85m▀[0m[38;2;76;110;120m[48;2;81;114;124m▀[0m[38;2;57;87;96m[48;2;52;75;84m▀[0m[38;2;9;17;22m[48;2;0;0;0m▀[0m[38;2;62;92;105m[48;2;26;41;47m▀[0m[38;2;53;80;93m[48;2;75;112;123m▀[0m[38;2;0;7;12m[48;2;33;53;63m▀[0m[38;2;60;95;104m[48;2;45;66;74m▀[0m[38;2;29;52;56m[48;2;45;70;78m▀[0m[38;2;32;53;59m[48;2;29;47;52m▀[0m[38;2;74;105;117m[48;2;78;112;125m▀[0m[38;2;67;95;107m[48;2;73;108;119m▀[0m[38;2;59;87;96m[48;2;53;83;95m▀[0m[38;2;62;95;105m[48;2;67;101;111m▀[0m[38;2;66;97;106m[48;2;81;116;130m▀[0m[38;2;61;96;105m[48;2;57;83;95m▀[0m[38;2;15;27;30m[48;2;28;40;45m▀[0m[38;2;60;91;100m[48;2;46;72;78m▀[0m[38;2;0;0;0m[48;2;25;50;59m▀[0m[38;2;6;21;25m[48;2;47;75;82m▀[0m[38;2;42;86;98m[48;2;107;115;120m▀[0m[38;2;0;0;0m[48;2;0;0;0m▀[0m[38;2;35;56;62m[48;2;22;36;36m▀[0m[38;2;70;109;117m[48;2;80;115;126m▀[0m[38;2;67;102;112m[48;2;68;102;112m▀[0m[38;2;20;35;41m[48;2;18;33;39m▀[0m[38;2;40;62;65m[48;2;53;83;91m▀[0m[38;2;58;89;98m[48;2;45;73;82m▀[0m[38;2;57;85;97m[48;2;35;62;71m▀[0m[38;2;29;54;62m[48;2;5;14;17m▀[0m[38;2;0;9;17m[48;2;99;112;121m▀[0m
[38;2;202;229;242m[48;2;190;220;233m▀[0m[38;2;146;164;177m[48;2;208;239;254m▀[0m[38;2;55;67;78m[48;2;198;227;240m▀[0m[38;2;13;35;40m[48;2;135;153;166m▀[0m[38;2;27;50;58m[48;2;0;0;0m▀[0m[38;2;72;105;115m[48;2;31;59;66m▀[0m[38;2;83;121;134m[48;2;48;72;82m▀[0m[38;2;16;25;29m[48;2;0;0;0m▀[0m[38;2;0;0;0m[48;2;34;55;65m▀[0m[38;2;43;66;74m[48;2;74;113;123m▀[0m[38;2;58;89;102m[48;2;74;109;119m▀[0m[38;2;35;60;68m[48;2;37;53;60m▀[0m[38;2;50;70;78m[48;2;25;46;55m▀[0m[38;2;57;88;96m[48;2;22;42;48m▀[0m[38;2;37;63;70m[48;2;17;35;43m▀[0m[38;2;64;96;108m[48;2;26;52;61m▀[0m[38;2;55;83;95m[48;2;26;53;66m▀[0m[38;2;22;38;48m[48;2;6;45;54m▀[0m[38;2;35;53;61m[48;2;7;48;56m▀[0m[38;2;71;110;123m[48;2;9;30;36m▀[0m[38;2;32;46;57m[48;2;17;33;40m▀[0m[38;2;58;93;106m[48;2;36;62;71m▀[0m[38;2;27;45;51m[48;2;0;0;0m▀[0m[38;2;8;45;56m[48;2;78;108;120m▀[0m[38;2;231;238;239m[48;2;217;219;219m▀[0m[38;2;255;255;255m[48;2;40;77;92m▀[0m[38;2;0;0;10m[48;2;47;84;94m▀[0m[38;2;0;0;0m[48;2;0;0;0m▀[0m[38;2;75;107;120m[48;2;9;11;14m▀[0m[38;2;67;96;109m[48;2;75;110;123m▀[0m[38;2;38;56;66m[48;2;0;0;0m▀[0m[38;2;38;71;81m[48;2;58;78;86m▀[0m[38;2;22;43;49m[48;2;144;165;173m▀[0m[38;2;52;65;72m[48;2;201;226;240m▀[0m[38;2;130;150;159m[48;2;204;231;244m▀[0m[38;2;215;244;255m[48;2;197;225;236m▀[0m
[38;2;182;207;221m[48;2;155;179;190m▀[0m[38;2;183;207;218m[48;2;182;209;221m▀[0m[38;2;193;219;231m[48;2;179;206;218m▀[0m[38;2;224;255;255m[48;2;182;210;219m▀[0m[38;2;169;184;196m[48;2;220;255;255m▀[0m[38;2;0;0;0m[48;2;193;219;229m▀[0m[38;2;0;0;0m[48;2;26;31;39m▀[0m[38;2;10;24;32m[48;2;17;55;67m▀[0m[38;2;67;99;112m[48;2;56;100;113m▀[0m[38;2;66;101;111m[48;2;61;91;103m▀[0m[38;2;54;95;100m[48;2;54;92;101m▀[0m[38;2;170;187;187m[48;2;52;89;102m▀[0m[38;2;194;199;201m[48;2;195;209;211m▀[0m[38;2;0;0;0m[48;2;29;38;41m▀[0m[38;2;0;0;0m[48;2;0;0;0m▀[0m[38;2;0;16;20m[48;2;0;29;35m▀[0m[38;2;0;34;42m[48;2;86;13;16m▀[0m[38;2;23;10;10m[48;2;238;87;96m▀[0m[38;2;10;15;17m[48;2;197;45;51m▀[0m[38;2;0;29;33m[48;2;14;0;0m▀[0m[38;2;0;18;18m[48;2;0;0;0m▀[0m[38;2;0;0;0m[48;2;0;0;0m▀[0m[38;2;0;0;0m[48;2;29;49;55m▀[0m[38;2;180;197;201m[48;2;173;185;189m▀[0m[38;2;82;107;115m[48;2;73;104;115m▀[0m[38;2;71;101;114m[48;2;124;150;157m▀[0m[38;2;60;92;107m[48;2;53;92;101m▀[0m[38;2;27;57;65m[48;2;39;77;87m▀[0m[38;2;0;0;0m[48;2;0;16;22m▀[0m[38;2;0;0;0m[48;2;93;107;113m▀[0m[38;2;77;92;96m[48;2;233;255;255m▀[0m[38;2;214;244;255m[48;2;196;226;237m▀[0m[38;2;206;233;249m[48;2;181;209;220m▀[0m[38;2;193;218;232m[48;2;189;219;230m▀[0m[38;2;191;219;228m[48;2;170;197;209m▀[0m[38;2;143;161;171m[48;2;162;180;193m▀[0m
[38;2;186;212;224m[48;2;173;187;200m▀[0m[38;2;181;209;218m[48;2;207;228;242m▀[0m[38;2;179;206;218m[48;2;186;210;221m▀[0m[38;2;181;209;221m[48;2;184;210;219m▀[0m[38;2;185;213;221m[48;2;188;209;222m▀[0m[38;2;209;244;251m[48;2;190;217;227m▀[0m[38;2;229;255;255m[48;2;186;217;226m▀[0m[38;2;109;122;133m[48;2;221;255;255m▀[0m[38;2;18;31;37m[48;2;209;128;120m▀[0m[38;2;28;89;104m[48;2;86;0;0m▀[0m[38;2;64;104;114m[48;2;0;51;66m▀[0m[38;2;66;101;116m[48;2;45;80;94m▀[0m[38;2;60;100;112m[48;2;92;131;145m▀[0m[38;2;64;72;76m[48;2;59;64;63m▀[0m[38;2;0;0;0m[48;2;0;36;44m▀[0m[38;2;36;19;23m[48;2;26;31;37m▀[0m[38;2;237;48;57m[48;2;252;14;18m▀[0m[38;2;217;84;92m[48;2;225;73;76m▀[0m[38;2;255;37;39m[48;2;255;46;49m▀[0m[38;2;194;20;18m[48;2;200;1;9m▀[0m[38;2;0;0;0m[48;2;0;9;16m▀[0m[38;2;0;27;32m[48;2;0;34;39m▀[0m[38;2;98;119;123m[48;2;160;175;178m▀[0m[38;2;113;134;142m[48;2;58;93;103m▀[0m[38;2;88;116;122m[48;2;8;40;53m▀[0m[38;2;30;67;78m[48;2;27;48;57m▀[0m[38;2;13;40;49m[48;2;129;145;155m▀[0m[38;2;41;59;65m[48;2;219;243;253m▀[0m[38;2;168;191;200m[48;2;220;244;255m▀[0m[38;2;233;255;255m[48;2;190;214;225m▀[0m[38;2;191;218;230m[48;2;188;207;223m▀[0m[38;2;183;211;220m[48;2;188;211;220m▀[0m[38;2;182;209;219m[48;2;185;211;221m▀[0m[38;2;190;216;229m[48;2;220;250;255m▀[0m[38;2;215;242;255m[48;2;153;173;181m▀[0m[38;2;84;96;101m[48;2;0;0;0m▀[0m
[38;2;42;56;62m[48;2;0;26;33m▀[0m[38;2;224;242;255m[48;2;142;154;163m▀[0m[38;2;198;222;236m[48;2;235;255;255m▀[0m[38;2;192;216;227m[48;2;192;219;232m▀[0m[38;2;184;213;226m[48;2;191;231;244m▀[0m[38;2;194;220;230m[48;2;179;175;185m▀[0m[38;2;177;195;206m[48;2;207;219;228m▀[0m[38;2;188;233;250m[48;2;186;218;234m▀[0m[38;2;223;228;236m[48;2;184;229;244m▀[0m[38;2;255;66;56m[48;2;215;196;192m▀[0m[38;2;144;184;194m[48;2;223;255;255m▀[0m[38;2;47;72;80m[48;2;229;255;255m▀[0m[38;2;0;14;24m[48;2;97;119;128m▀[0m[38;2;143;139;135m[48;2;0;0;0m▀[0m[38;2;152;216;222m[48;2;167;211;207m▀[0m[38;2;24;28;37m[48;2;63;0;6m▀[0m[38;2;148;0;0m[48;2;131;0;0m▀[0m[38;2;255;164;164m[48;2;196;30;36m▀[0m[38;2;245;109;110m[48;2;234;81;85m▀[0m[38;2;163;0;0m[48;2;168;0;0m▀[0m[38;2;0;9;23m[48;2;0;0;0m▀[0m[38;2;37;74;74m[48;2;197;220;218m▀[0m[38;2;148;158;162m[48;2;82;100;106m▀[0m[38;2;0;0;13m[48;2;168;193;203m▀[0m[38;2;109;123;131m[48;2;244;255;255m▀[0m[38;2;212;233;242m[48;2;212;234;243m▀[0m[38;2;233;255;255m[48;2;196;216;225m▀[0m[38;2;199;224;236m[48;2;188;213;222m▀[0m[38;2;187;212;220m[48;2;210;228;233m▀[0m[38;2;195;217;227m[48;2;187;213;222m▀[0m[38;2;186;206;216m[48;2;183;209;222m▀[0m[38;2;191;212;225m[48;2;192;216;229m▀[0m[38;2;197;223;233m[48;2;232;255;255m▀[0m[38;2;238;255;255m[48;2;163;179;190m▀[0m[38;2;39;52;56m[48;2;6;29;36m▀[0m[38;2;10;33;36m[48;2;45;68;73m▀[0m
[38;2;46;82;90m[48;2;73;106;113m▀[0m[38;2;34;54;58m[48;2;31;65;71m▀[0m[38;2;229;249;255m[48;2;90;103;111m▀[0m[38;2;219;255;255m[48;2;255;255;255m▀[0m[38;2;200;224;235m[48;2;169;138;149m▀[0m[38;2;181;74;75m[48;2;153;13;6m▀[0m[38;2;165;206;215m[48;2;189;255;255m▀[0m[38;2;221;241;247m[48;2;191;225;235m▀[0m[38;2;191;226;239m[48;2;201;236;242m▀[0m[38;2;206;208;214m[48;2;201;213;221m▀[0m[38;2;200;210;214m[48;2;224;204;200m▀[0m[38;2;203;241;254m[48;2;187;224;235m▀[0m[38;2;255;255;255m[48;2;199;230;239m▀[0m[38;2;111;126;136m[48;2;229;255;255m▀[0m[38;2;18;34;30m[48;2;125;153;164m▀[0m[38;2;198;201;198m[48;2;251;255;255m▀[0m[38;2;196;26;29m[48;2;255;255;255m▀[0m[38;2;189;9;12m[48;2;153;30;31m▀[0m[38;2;242;52;51m[48;2;116;43;32m▀[0m[38;2;161;0;0m[48;2;238;241;236m▀[0m[38;2;114;132;129m[48;2;193;232;234m▀[0m[38;2;156;179;180m[48;2;163;208;220m▀[0m[38;2;190;224;235m[48;2;212;250;255m▀[0m[38;2;245;255;255m[48;2;192;220;229m▀[0m[38;2;199;218;231m[48;2;195;226;235m▀[0m[38;2;188;211;220m[48;2;176;206;215m▀[0m[38;2;192;213;222m[48;2;180;205;213m▀[0m[38;2;231;241;248m[48;2;202;228;236m▀[0m[38;2;200;221;229m[48;2;187;209;220m▀[0m[38;2;184;210;219m[48;2;195;220;232m▀[0m[38;2;189;221;227m[48;2;198;228;237m▀[0m[38;2;207;218;231m[48;2;255;255;255m▀[0m[38;2;244;255;255m[48;2;102;109;114m▀[0m[38;2;58;81;89m[48;2;6;32;39m▀[0m[38;2;39;69;77m[48;2;74;112;122m▀[0m[38;2;50;72;77m[48;2;58;80;88m▀[0m
[38;2;81;112;125m[48;2;98;137;150m▀[0m[38;2;72;106;119m[48;2;49;67;77m▀[0m[38;2;0;0;0m[48;2;0;0;0m▀[0m[38;2;174;235;247m[48;2;0;0;0m▀[0m[38;2;180;87;90m[48;2;209;128;135m▀[0m[38;2;197;136;145m[48;2;248;211;222m▀[0m[38;2;207;255;255m[48;2;201;255;255m▀[0m[38;2;189;203;216m[48;2;202;198;206m▀[0m[38;2;186;210;221m[48;2;195;210;221m▀[0m[38;2;194;213;225m[48;2;184;214;223m▀[0m[38;2;235;208;200m[48;2;239;208;197m▀[0m[38;2;187;215;227m[48;2;192;212;221m▀[0m[38;2;203;230;243m[48;2;193;224;239m▀[0m[38;2;181;211;220m[48;2;192;223;235m▀[0m[38;2;150;188;202m[48;2;107;123;130m▀[0m[38;2;168;177;181m[48;2;235;223;218m▀[0m[38;2;229;217;214m[48;2;219;214;213m▀[0m[38;2;171;151;149m[48;2;214;220;229m▀[0m[38;2;169;149;150m[48;2;210;255;255m▀[0m[38;2;227;157;155m[48;2;255;133;129m▀[0m[38;2;163;209;219m[48;2;191;178;185m▀[0m[38;2;160;194;204m[48;2;136;187;197m▀[0m[38;2;191;220;233m[48;2;210;238;250m▀[0m[38;2;196;223;233m[48;2;196;218;229m▀[0m[38;2;193;223;232m[48;2;195;226;238m▀[0m[38;2;186;217;229m[48;2;196;223;237m▀[0m[38;2;137;149;158m[48;2;207;33;33m▀[0m[38;2;195;226;241m[48;2;197;231;242m▀[0m[38;2;195;222;234m[48;2;204;232;244m▀[0m[38;2;201;227;240m[48;2;234;255;255m▀[0m[38;2;248;255;255m[48;2;255;255;255m▀[0m[38;2;210;174;183m[48;2;0;0;0m▀[0m[38;2;0;0;0m[48;2;0;0;0m▀[0m[38;2;0;0;0m[48;2;0;0;0m▀[0m[38;2;88;126;139m[48;2;74;108;115m▀[0m[38;2;66;94;102m[48;2;75;100;112m▀[0m
[38;2;107;145;158m[48;2;75;95;105m▀[0m[38;2;22;31;38m[48;2;10;22;26m▀[0m[38;2;0;0;0m[48;2;49;87;96m▀[0m[38;2;0;0;0m[48;2;0;8;9m▀[0m[38;2;0;0;0m[48;2;0;0;0m▀[0m[38;2;255;173;180m[48;2;10;1;0m▀[0m[38;2;235;255;255m[48;2;239;255;255m▀[0m[38;2;207;194;198m[48;2;217;191;198m▀[0m[38;2;192;217;225m[48;2;197;218;228m▀[0m[38;2;191;222;234m[48;2;194;219;233m▀[0m[38;2;193;205;212m[48;2;194;219;233m▀[0m[38;2;193;214;223m[48;2;200;227;243m▀[0m[38;2;203;234;246m[48;2;194;194;207m▀[0m[38;2;148;183;197m[48;2;172;188;198m▀[0m[38;2;197;202;206m[48;2;234;226;220m▀[0m[38;2;213;222;222m[48;2;208;226;232m▀[0m[38;2;208;220;227m[48;2;180;180;182m▀[0m[38;2;209;241;255m[48;2;164;196;208m▀[0m[38;2;203;255;255m[48;2;211;237;249m▀[0m[38;2;212;150;154m[48;2;168;190;201m▀[0m[38;2;222;138;140m[48;2;222;0;0m▀[0m[38;2;165;235;251m[48;2;193;232;248m▀[0m[38;2;186;207;218m[48;2;178;213;227m▀[0m[38;2;202;229;237m[48;2;191;216;226m▀[0m[38;2;190;231;240m[48;2;197;233;241m▀[0m[38;2;192;214;225m[48;2;190;208;220m▀[0m[38;2;216;75;75m[48;2;194;173;182m▀[0m[38;2;199;232;238m[48;2;213;238;250m▀[0m[38;2;225;255;255m[48;2;218;254;255m▀[0m[38;2;255;255;255m[48;2;0;0;0m▀[0m[38;2;23;28;29m[48;2;0;0;0m▀[0m[38;2;0;0;0m[48;2;17;33;39m▀[0m[38;2;4;16;20m[48;2;100;150;163m▀[0m[38;2;0;0;0m[48;2;32;54;61m▀[0m[38;2;40;55;61m[48;2;9;16;18m▀[0m[38;2;78;105;117m[48;2;72;98;107m▀[0m
