[38;2;4;6;7m[48;2;4;5;2m▀[0m[38;2;1;4;5m[48;2;0;6;7m▀[0m[38;2;8;11;13m[48;2;7;10;12m▀[0m[38;2;14;22;25m[48;2;15;20;24m▀[0m[38;2;0;0;0m[48;2;0;0;0m▀[0m[38;2;0;0;0m[48;2;92;96;98m▀[0m[38;2;227;226;227m[48;2;236;238;238m▀[0m[38;2;209;217;221m[48;2;0;0;0m▀[0m[38;2;112;120;124m[48;2;16;30;39m▀[0m[38;2;193;200;202m[48;2;0;0;0m▀[0m[38;2;84;99;102m[48;2;148;147;144m▀[0m[38;2;107;130;133m[48;2;0;0;0m▀[0m[38;2;137;141;141m[48;2;128;137;140m▀[0m[38;2;80;84;89m[48;2;211;215;216m▀[0m[38;2;138;145;150m[48;2;224;227;226m▀[0m[38;2;193;197;197m[48;2;118;127;127m▀[0m[38;2;174;179;185m[48;2;113;122;125m▀[0m[38;2;143;146;149m[48;2;125;134;137m▀[0m[38;2;210;217;221m[48;2;127;132;133m▀[0m[38;2;135;138;143m[48;2;122;126;128m▀[0m[38;2;150;155;159m[48;2;107;115;116m▀[0m[38;2;193;200;202m[48;2;135;143;146m▀[0m[38;2;154;166;169m[48;2;231;235;237m▀[0m[38;2;100;108;109m[48;2;183;190;195m▀[0m[38;2;131;138;140m[48;2;100;104;106m▀[0m[38;2;105;113;121m[48;2;0;0;0m▀[0m[38;2;91;100;105m[48;2;172;175;175m▀[0m[38;2;178;185;186m[48;2;0;0;0m▀[0m[38;2;104;116;123m[48;2;16;38;51m▀[0m[38;2;228;231;232m[48;2;0;0;0m▀[0m[38;2;181;180;177m[48;2;255;255;255m▀[0m[38;2;0;0;0m[48;2;49;53;54m▀[0m[38;2;0;0;0m[48;2;0;0;0m▀[0m[38;2;2;10;15m[48;2;7;17;25m▀[0m[38;2;3;6;7m[48;2;3;6;7m▀[0m[38;2;3;5;5m[48;2;3;3;0m▀[0m
[38;2;3;4;1m[48;2;2;4;5m▀[0m[38;2;2;5;2m[48;2;1;4;5m▀[0m[38;2;5;9;10m[48;2;1;7;5m▀[0m[38;2;10;18;21m[48;2;7;15;18m▀[0m[38;2;0;0;0m[48;2;0;0;0m▀[0m[38;2;167;172;173m[48;2;79;83;83m▀[0m[38;2;122;125;125m[48;2;235;238;238m▀[0m[38;2;0;0;0m[48;2;95;99;101m▀[0m[38;2;204;209;210m[48;2;153;163;166m▀[0m[38;2;245;248;247m[48;2;214;214;212m▀[0m[38;2;251;254;251m[48;2;77;81;78m▀[0m[38;2;193;193;190m[48;2;58;62;62m▀[0m[38;2;129;136;137m[48;2;70;70;67m▀[0m[38;2;103;108;109m[48;2;202;195;191m▀[0m[38;2;69;77;77m[48;2;254;254;250m▀[0m[38;2;132;137;137m[48;2;242;246;245m▀[0m[38;2;255;255;255m[48;2;155;170;172m▀[0m[38;2;255;255;255m[48;2;123;138;146m▀[0m[38;2;255;255;255m[48;2;151;173;174m▀[0m[38;2;255;255;255m[48;2;128;146;150m▀[0m[38;2;255;255;255m[48;2;146;155;159m▀[0m[38;2;165;170;170m[48;2;250;255;255m▀[0m[38;2;53;65;68m[48;2;223;223;219m▀[0m[38;2;95;104;108m[48;2;166;162;158m▀[0m[38;2;131;135;137m[48;2;86;89;92m▀[0m[38;2;175;177;178m[48;2;64;66;68m▀[0m[38;2;255;255;255m[48;2;51;50;50m▀[0m[38;2;255;255;255m[48;2;226;225;223m▀[0m[38;2;210;215;212m[48;2;189;189;190m▀[0m[38;2;0;0;0m[48;2;98;100;103m▀[0m[38;2;176;178;179m[48;2;229;237;236m▀[0m[38;2;147;149;151m[48;2;49;52;53m▀[0m[38;2;0;0;0m[48;2;0;0;0m▀[0m[38;2;2;10;14m[48;2;0;0;0m▀[0m[38;2;3;2;2m[48;2;2;0;0m▀[0m[38;2;1;3;3m[48;2;1;3;3m▀[0m
[38;2;2;4;5m[48;2;2;4;4m▀[0m[38;2;1;4;4m[48;2;1;4;4m▀[0m[38;2;3;6;6m[48;2;2;4;5m▀[0m[38;2;3;10;11m[48;2;5;8;9m▀[0m[38;2;0;0;0m[48;2;0;0;0m▀[0m[38;2;0;0;0m[48;2;0;0;0m▀[0m[38;2;0;2;8m[48;2;21;26;30m▀[0m[38;2;112;115;120m[48;2;68;73;74m▀[0m[38;2;255;255;255m[48;2;255;255;255m▀[0m[38;2;3;5;3m[48;2;0;0;0m▀[0m[38;2;139;141;143m[48;2;68;66;60m▀[0m[38;2;255;255;255m[48;2;211;220;221m▀[0m[38;2;238;242;241m[48;2;25;71;94m▀[0m[38;2;232;255;255m[48;2;0;27;63m▀[0m[38;2;14;40;57m[48;2;0;32;56m▀[0m[38;2;0;0;0m[48;2;0;0;0m▀[0m[38;2;0;0;0m[48;2;3;12;17m▀[0m[38;2;0;0;0m[48;2;15;24;28m▀[0m[38;2;0;3;9m[48;2;61;69;73m▀[0m[38;2;0;0;0m[48;2;8;20;27m▀[0m[38;2;0;0;0m[48;2;0;12;17m▀[0m[38;2;0;0;0m[48;2;5;2;2m▀[0m[38;2;46;76;92m[48;2;0;21;42m▀[0m[38;2;255;255;255m[48;2;0;18;52m▀[0m[38;2;255;255;255m[48;2;133;160;173m▀[0m[38;2;248;243;238m[48;2;191;216;229m▀[0m[38;2;109;112;108m[48;2;57;53;52m▀[0m[38;2;4;6;4m[48;2;1;1;0m▀[0m[38;2;255;255;255m[48;2;255;255;255m▀[0m[38;2;107;114;118m[48;2;58;72;74m▀[0m[38;2;0;0;2m[48;2;29;42;46m▀[0m[38;2;0;0;0m[48;2;0;0;0m▀[0m[38;2;0;0;0m[48;2;0;0;0m▀[0m[38;2;0;0;0m[48;2;16;19;20m▀[0m[38;2;2;2;0m[48;2;3;3;3m▀[0m[38;2;0;2;2m[48;2;0;2;2m▀[0m
[38;2;1;4;4m[48;2;1;3;4m▀[0m[38;2;0;3;3m[48;2;0;3;3m▀[0m[38;2;1;4;4m[48;2;1;4;3m▀[0m[38;2;3;6;7m[48;2;2;5;5m▀[0m[38;2;0;0;0m[48;2;0;0;0m▀[0m[38;2;0;0;0m[48;2;0;0;0m▀[0m[38;2;98;98;99m[48;2;60;62;63m▀[0m[38;2;135;139;140m[48;2;34;37;38m▀[0m[38;2;255;255;255m[48;2;189;194;198m▀[0m[38;2;28;24;26m[48;2;66;61;56m▀[0m[38;2;0;0;0m[48;2;0;0;0m▀[0m[38;2;0;0;0m[48;2;18;64;89m▀[0m[38;2;0;33;52m[48;2;0;0;2m▀[0m[38;2;3;49;80m[48;2;0;0;0m▀[0m[38;2;84;100;106m[48;2;25;29;30m▀[0m[38;2;162;160;154m[48;2;0;3;5m▀[0m[38;2;0;0;0m[48;2;0;0;0m▀[0m[38;2;0;0;0m[48;2;131;136;133m▀[0m[38;2;0;0;0m[48;2;255;255;255m▀[0m[38;2;0;0;0m[48;2;131;135;137m▀[0m[38;2;0;0;0m[48;2;2;9;13m▀[0m[38;2;97;101;101m[48;2;0;0;0m▀[0m[38;2;71;89;100m[48;2;0;8;12m▀[0m[38;2;2;46;73m[48;2;0;0;0m▀[0m[38;2;9;64;90m[48;2;0;4;10m▀[0m[38;2;0;0;8m[48;2;19;65;96m▀[0m[38;2;0;0;0m[48;2;0;0;0m▀[0m[38;2;32;32;32m[48;2;62;59;53m▀[0m[38;2;255;255;255m[48;2;181;187;186m▀[0m[38;2;120;118;122m[48;2;32;32;33m▀[0m[38;2;99;102;104m[48;2;65;64;62m▀[0m[38;2;0;0;0m[48;2;2;5;5m▀[0m[38;2;0;0;0m[48;2;0;0;0m▀[0m[38;2;0;0;0m[48;2;25;28;27m▀[0m[38;2;0;0;0m[48;2;3;3;3m▀[0m[38;2;0;2;3m[48;2;0;2;2m▀[0m
[38;2;1;3;4m[48;2;1;3;4m▀[0m[38;2;0;3;3m[48;2;0;2;2m▀[0m[38;2;0;3;3m[48;2;0;3;3m▀[0m[38;2;1;5;5m[48;2;1;4;4m▀[0m[38;2;0;0;0m[48;2;0;0;0m▀[0m[38;2;0;0;0m[48;2;0;0;0m▀[0m[38;2;0;0;0m[48;2;0;0;0m▀[0m[38;2;0;1;0m[48;2;134;142;141m▀[0m[38;2;255;255;255m[48;2;255;255;255m▀[0m[38;2;79;76;68m[48;2;63;58;48m▀[0m[38;2;0;0;1m[48;2;0;0;0m▀[0m[38;2;2;52;80m[48;2;23;70;104m▀[0m[38;2;0;0;0m[48;2;235;240;242m▀[0m[38;2;0;0;0m[48;2;115;119;120m▀[0m[38;2;0;0;0m[48;2;0;0;0m▀[0m[38;2;0;0;0m[48;2;255;255;255m▀[0m[38;2;255;255;255m[48;2;255;255;255m▀[0m[38;2;178;177;175m[48;2;0;0;0m▀[0m[38;2;132;132;130m[48;2;0;0;0m▀[0m[38;2;245;241;241m[48;2;195;195;195m▀[0m[38;2;255;255;255m[48;2;255;255;255m▀[0m[38;2;125;130;129m[48;2;242;245;241m▀[0m[38;2;0;0;0m[48;2;0;0;0m▀[0m[38;2;0;0;0m[48;2;118;121;122m▀[0m[38;2;0;0;0m[48;2;203;206;208m▀[0m[38;2;2;56;84m[48;2;16;66;99m▀[0m[38;2;0;0;0m[48;2;0;0;0m▀[0m[38;2;82;75;70m[48;2;69;67;61m▀[0m[38;2;249;253;254m[48;2;255;255;255m▀[0m[38;2;5;7;5m[48;2;139;141;142m▀[0m[38;2;0;0;0m[48;2;0;0;0m▀[0m[38;2;0;0;0m[48;2;0;0;0m▀[0m[38;2;0;0;0m[48;2;0;0;0m▀[0m[38;2;47;51;52m[48;2;17;21;25m▀[0m[38;2;5;5;5m[48;2;2;3;0m▀[0m[38;2;0;0;0m[48;2;0;2;2m▀[0m
[38;2;1;4;6m[48;2;1;4;5m▀[0m[38;2;1;1;2m[48;2;1;1;2m▀[0m[38;2;0;3;3m[48;2;0;2;2m▀[0m[38;2;0;3;3m[48;2;0;2;2m▀[0m[38;2;0;0;0m[48;2;0;0;0m▀[0m[38;2;0;0;0m[48;2;0;0;0m▀[0m[38;2;0;0;0m[48;2;0;0;0m▀[0m[38;2;57;60;60m[48;2;42;49;55m▀[0m[38;2;158;162;159m[48;2;128;132;132m▀[0m[38;2;49;44;42m[48;2;50;45;43m▀[0m[38;2;0;0;1m[48;2;0;0;0m▀[0m[38;2;93;112;129m[48;2;0;22;45m▀[0m[38;2;149;147;141m[48;2;0;0;0m▀[0m[38;2;141;144;144m[48;2;200;204;205m▀[0m[38;2;255;255;255m[48;2;255;255;255m▀[0m[38;2;255;255;255m[48;2;0;0;0m▀[0m[38;2;255;255;255m[48;2;0;0;0m▀[0m[38;2;255;255;255m[48;2;46;51;50m▀[0m[38;2;255;255;255m[48;2;0;0;0m▀[0m[38;2;208;211;211m[48;2;0;0;0m▀[0m[38;2;86;90;90m[48;2;0;0;0m▀[0m[38;2;0;0;0m[48;2;0;0;0m▀[0m[38;2;49;55;54m[48;2;35;39;39m▀[0m[38;2;188;194;192m[48;2;0;0;0m▀[0m[38;2;255;255;255m[48;2;0;0;0m▀[0m[38;2;73;80;81m[48;2;0;10;13m▀[0m[38;2;0;0;0m[48;2;0;0;0m▀[0m[38;2;55;57;55m[48;2;64;63;61m▀[0m[38;2;171;179;175m[48;2;147;150;151m▀[0m[38;2;42;44;42m[48;2;59;61;62m▀[0m[38;2;0;0;0m[48;2;0;0;0m▀[0m[38;2;0;0;0m[48;2;0;0;0m▀[0m[38;2;0;0;0m[48;2;0;0;0m▀[0m[38;2;3;5;6m[48;2;7;16;23m▀[0m[38;2;1;2;0m[48;2;1;3;3m▀[0m[38;2;0;2;2m[48;2;0;2;2m▀[0m
[38;2;2;5;6m[48;2;3;5;6m▀[0m[38;2;0;2;2m[48;2;0;2;3m▀[0m[38;2;0;2;2m[48;2;0;2;2m▀[0m[38;2;0;2;2m[48;2;0;2;2m▀[0m[38;2;0;0;0m[48;2;0;0;0m▀[0m[38;2;0;0;0m[48;2;0;0;0m▀[0m[38;2;0;0;0m[48;2;0;0;0m▀[0m[38;2;125;138;146m[48;2;126;138;147m▀[0m[38;2;255;255;255m[48;2;255;255;255m▀[0m[38;2;37;32;28m[48;2;26;26;20m▀[0m[38;2;0;0;0m[48;2;0;0;0m▀[0m[38;2;0;29;45m[48;2;5;47;63m▀[0m[38;2;1;4;0m[48;2;0;0;0m▀[0m[38;2;255;255;255m[48;2;212;211;209m▀[0m[38;2;34;34;34m[48;2;90;91;87m▀[0m[38;2;0;0;0m[48;2;0;0;0m▀[0m[38;2;0;0;0m[48;2;0;0;0m▀[0m[38;2;0;0;0m[48;2;0;0;0m▀[0m[38;2;0;0;0m[48;2;0;0;0m▀[0m[38;2;3;41;56m[48;2;0;45;68m▀[0m[38;2;0;7;12m[48;2;71;15;17m▀[0m[38;2;0;0;0m[48;2;0;0;0m▀[0m[38;2;46;49;50m[48;2;24;39;45m▀[0m[38;2;29;38;42m[48;2;255;255;255m▀[0m[38;2;1;9;10m[48;2;51;55;56m▀[0m[38;2;0;8;11m[48;2;0;0;0m▀[0m[38;2;0;0;0m[48;2;0;0;0m▀[0m[38;2;49;51;52m[48;2;46;48;49m▀[0m[38;2;255;255;255m[48;2;255;255;255m▀[0m[38;2;133;141;144m[48;2;118;135;139m▀[0m[38;2;0;0;0m[48;2;0;0;0m▀[0m[38;2;0;0;0m[48;2;0;0;0m▀[0m[38;2;0;0;0m[48;2;0;0;0m▀[0m[38;2;5;14;22m[48;2;2;2;3m▀[0m[38;2;0;2;3m[48;2;0;1;1m▀[0m[38;2;0;2;2m[48;2;0;2;2m▀[0m
[38;2;0;2;2m[48;2;0;2;2m▀[0m[38;2;0;3;3m[48;2;0;2;3m▀[0m[38;2;1;1;1m[48;2;0;2;0m▀[0m[38;2;0;2;2m[48;2;0;2;2m▀[0m[38;2;0;2;2m[48;2;1;1;1m▀[0m[38;2;0;0;0m[48;2;0;0;0m▀[0m[38;2;0;0;0m[48;2;0;0;0m▀[0m[38;2;38;47;55m[48;2;0;10;21m▀[0m[38;2;214;214;214m[48;2;23;23;23m▀[0m[38;2;35;38;37m[48;2;29;39;43m▀[0m[38;2;0;0;0m[48;2;0;0;0m▀[0m[38;2;9;44;66m[48;2;10;51;77m▀[0m[38;2;0;0;0m[48;2;0;0;0m▀[0m[38;2;16;19;19m[48;2;125;127;127m▀[0m[38;2;100;100;98m[48;2;185;182;184m▀[0m[38;2;0;0;0m[48;2;0;0;0m▀[0m[38;2;30;0;0m[48;2;26;4;14m▀[0m[38;2;212;0;0m[48;2;255;0;0m▀[0m[38;2;0;10;22m[48;2;130;128;152m▀[0m[38;2;35;28;52m[48;2;224;255;255m▀[0m[38;2;255;0;0m[48;2;70;155;197m▀[0m[38;2;3;7;22m[48;2;0;35;51m▀[0m[38;2;0;0;0m[48;2;0;0;0m▀[0m[38;2;202;201;198m[48;2;24;30;29m▀[0m[38;2;227;229;230m[48;2;247;250;249m▀[0m[38;2;0;0;0m[48;2;0;0;0m▀[0m[38;2;0;0;0m[48;2;0;0;0m▀[0m[38;2;47;51;52m[48;2;52;55;58m▀[0m[38;2;210;212;213m[48;2;13;13;14m▀[0m[38;2;23;41;47m[48;2;0;0;6m▀[0m[38;2;0;0;0m[48;2;0;0;0m▀[0m[38;2;0;0;0m[48;2;0;0;0m▀[0m[38;2;0;0;0m[48;2;1;1;1m▀[0m[38;2;1;1;2m[48;2;1;1;1m▀[0m[38;2;0;1;1m[48;2;0;1;1m▀[0m[38;2;1;1;1m[48;2;1;1;1m▀[0m
[38;2;0;2;2m[48;2;0;2;2m▀[0m[38;2;0;2;2m[48;2;0;2;2m▀[0m[38;2;0;2;2m[48;2;1;1;1m▀[0m[38;2;0;1;2m[48;2;1;1;1m▀[0m[38;2;1;1;1m[48;2;1;1;1m▀[0m[38;2;0;0;0m[48;2;0;0;0m▀[0m[38;2;0;0;0m[48;2;0;0;0m▀[0m[38;2;9;31;41m[48;2;17;42;55m▀[0m[38;2;13;12;9m[48;2;23;25;26m▀[0m[38;2;28;41;48m[48;2;20;35;45m▀[0m[38;2;0;0;0m[48;2;0;0;0m▀[0m[38;2;0;28;50m[48;2;8;17;24m▀[0m[38;2;0;3;9m[48;2;66;70;66m▀[0m[38;2;255;255;255m[48;2;62;64;62m▀[0m[38;2;60;63;63m[48;2;0;0;0m▀[0m[38;2;118;123;120m[48;2;162;166;167m▀[0m[38;2;11;41;48m[48;2;45;38;30m▀[0m[38;2;0;91;144m[48;2;0;0;0m▀[0m[38;2;108;184;216m[48;2;0;19;28m▀[0m[38;2;255;255;255m[48;2;167;172;174m▀[0m[38;2;207;193;191m[48;2;0;24;44m▀[0m[38;2;188;204;201m[48;2;86;84;80m▀[0m[38;2;239;245;240m[48;2;17;21;18m▀[0m[38;2;0;0;0m[48;2;0;0;0m▀[0m[38;2;50;58;59m[48;2;0;0;0m▀[0m[38;2;7;18;20m[48;2;60;72;79m▀[0m[38;2;0;0;0m[48;2;0;0;0m▀[0m[38;2;61;63;69m[48;2;51;58;60m▀[0m[38;2;0;1;2m[48;2;11;11;13m▀[0m[38;2;12;24;28m[48;2;22;31;35m▀[0m[38;2;1;4;5m[48;2;3;3;3m▀[0m[38;2;0;0;0m[48;2;0;0;0m▀[0m[38;2;1;1;1m[48;2;0;1;0m▀[0m[38;2;0;0;0m[48;2;0;0;0m▀[0m[38;2;0;0;0m[48;2;0;0;0m▀[0m[38;2;0;1;1m[48;2;0;1;1m▀[0m
[38;2;0;2;2m[48;2;0;0;0m▀[0m[38;2;0;0;0m[48;2;0;0;0m▀[0m[38;2;0;0;0m[48;2;0;0;0m▀[0m[38;2;0;0;0m[48;2;0;0;0m▀[0m[38;2;0;0;0m[48;2;0;0;0m▀[0m[38;2;0;0;0m[48;2;0;0;0m▀[0m[38;2;0;0;0m[48;2;0;0;0m▀[0m[38;2;15;33;45m[48;2;18;40;53m▀[0m[38;2;5;5;5m[48;2;23;55;72m▀[0m[38;2;3;25;36m[48;2;0;0;0m▀[0m[38;2;0;0;0m[48;2;0;0;0m▀[0m[38;2;178;186;186m[48;2;0;0;0m▀[0m[38;2;176;176;177m[48;2;0;0;0m▀[0m[38;2;0;0;0m[48;2;255;255;255m▀[0m[38;2;54;56;54m[48;2;147;149;147m▀[0m[38;2;0;0;0m[48;2;0;0;0m▀[0m[38;2;0;0;0m[48;2;0;0;0m▀[0m[38;2;0;0;0m[48;2;29;119;156m▀[0m[38;2;0;0;5m[48;2;48;202;249m▀[0m[38;2;0;48;76m[48;2;0;133;176m▀[0m[38;2;0;48;75m[48;2;20;141;180m▀[0m[38;2;0;0;0m[48;2;13;58;75m▀[0m[38;2;0;0;0m[48;2;0;0;0m▀[0m[38;2;0;0;0m[48;2;233;233;234m▀[0m[38;2;0;0;0m[48;2;255;255;255m▀[0m[38;2;204;209;211m[48;2;184;186;188m▀[0m[38;2;33;31;27m[48;2;0;0;0m▀[0m[38;2;0;16;24m[48;2;0;0;0m▀[0m[38;2;11;15;15m[48;2;19;61;78m▀[0m[38;2;29;38;39m[48;2;25;62;73m▀[0m[38;2;0;0;0m[48;2;0;0;0m▀[0m[38;2;0;0;0m[48;2;0;0;0m▀[0m[38;2;0;0;0m[48;2;0;0;0m▀[0m[38;2;0;0;0m[48;2;0;0;0m▀[0m[38;2;0;0;0m[48;2;0;0;0m▀[0m[38;2;0;0;0m[48;2;0;0;0m▀[0m
[38;2;0;0;0m[48;2;0;0;0m▀[0m[38;2;0;0;0m[48;2;0;0;0m▀[0m[38;2;0;0;0m[48;2;198;203;203m▀[0m[38;2;0;0;0m[48;2;255;255;255m▀[0m[38;2;0;0;0m[48;2;224;227;228m▀[0m[38;2;0;0;0m[48;2;22;21;22m▀[0m[38;2;0;0;0m[48;2;0;0;0m▀[0m[38;2;13;55;73m[48;2;0;24;51m▀[0m[38;2;32;90;122m[48;2;16;93;137m▀[0m[38;2;0;0;0m[48;2;0;0;0m▀[0m[38;2;0;0;0m[48;2;139;135;131m▀[0m[38;2;22;27;27m[48;2;255;255;255m▀[0m[38;2;255;255;255m[48;2;255;255;255m▀[0m[38;2;255;255;255m[48;2;255;255;255m▀[0m[38;2;0;0;0m[48;2;24;74;92m▀[0m[38;2;0;0;0m[48;2;255;190;173m▀[0m[38;2;205;223;225m[48;2;255;255;255m▀[0m[38;2;255;255;255m[48;2;255;255;255m▀[0m[38;2;255;24;20m[48;2;255;0;0m▀[0m[38;2;243;0;0m[48;2;255;0;0m▀[0m[38;2;255;166;166m[48;2;255;255;239m▀[0m[38;2;255;255;255m[48;2;255;255;255m▀[0m[38;2;168;177;178m[48;2;255;173;154m▀[0m[38;2;220;234;234m[48;2;158;136;140m▀[0m[38;2;255;255;255m[48;2;74;128;151m▀[0m[38;2;255;255;255m[48;2;255;255;255m▀[0m[38;2;12;5;0m[48;2;255;255;255m▀[0m[38;2;0;0;0m[48;2;18;25;26m▀[0m[38;2;34;89;117m[48;2;4;74;122m▀[0m[38;2;31;76;97m[48;2;21;73;106m▀[0m[38;2;0;0;0m[48;2;0;0;0m▀[0m[38;2;0;0;0m[48;2;9;9;6m▀[0m[38;2;0;0;0m[48;2;255;255;255m▀[0m[38;2;0;0;0m[48;2;255;255;255m▀[0m[38;2;0;0;0m[48;2;0;0;0m▀[0m[38;2;0;0;0m[48;2;0;0;0m▀[0m
[38;2;0;0;0m[48;2;0;0;0m▀[0m[38;2;0;0;0m[48;2;144;156;163m▀[0m[38;2;255;255;255m[48;2;255;255;255m▀[0m[38;2;255;255;255m[48;2;255;255;255m▀[0m[38;2;219;224;226m[48;2;118;123;127m▀[0m[38;2;255;255;255m[48;2;0;0;0m▀[0m[38;2;255;255;255m[48;2;198;198;200m▀[0m[38;2;255;255;255m[48;2;255;255;255m▀[0m[38;2;203;216;224m[48;2;255;255;255m▀[0m[38;2;255;255;255m[48;2;237;250;255m▀[0m[38;2;255;255;255m[48;2;96;135;167m▀[0m[38;2;255;255;255m[48;2;0;25;52m▀[0m[38;2;195;228;248m[48;2;0;0;0m▀[0m[38;2;0;0;0m[48;2;0;0;0m▀[0m[38;2;82;90;90m[48;2;0;0;0m▀[0m[38;2;112;191;227m[48;2;0;24;46m▀[0m[38;2;8;98;142m[48;2;10;57;79m▀[0m[38;2;133;219;241m[48;2;225;255;255m▀[0m[38;2;255;255;255m[48;2;255;255;255m▀[0m[38;2;255;181;171m[48;2;255;221;216m▀[0m[38;2;181;255;255m[48;2;215;255;255m▀[0m[38;2;65;147;179m[48;2;0;39;69m▀[0m[38;2;136;160;189m[48;2;0;60;110m▀[0m[38;2;233;222;220m[48;2;18;44;53m▀[0m[38;2;0;0;6m[48;2;0;0;0m▀[0m[38;2;233;255;255m[48;2;0;0;0m▀[0m[38;2;255;255;255m[48;2;185;212;225m▀[0m[38;2;255;255;255m[48;2;255;255;255m▀[0m[38;2;177;209;228m[48;2;255;255;255m▀[0m[38;2;0;21;55m[48;2;255;255;255m▀[0m[38;2;0;0;0m[48;2;238;236;233m▀[0m[38;2;115;118;119m[48;2;0;0;0m▀[0m[38;2;255;255;255m[48;2;255;255;255m▀[0m[38;2;255;255;255m[48;2;255;255;255m▀[0m[38;2;119;124;123m[48;2;229;242;246m▀[0m[38;2;0;0;0m[48;2;0;0;0m▀[0m
