[38;2;4;5;4m[48;2;5;5;5m▀[0m[38;2;4;4;4m[48;2;5;5;5m▀[0m[38;2;1;1;1m[48;2;2;2;2m▀[0m[38;2;0;0;1m[48;2;0;0;1m▀[0m[38;2;0;1;1m[48;2;0;0;1m▀[0m[38;2;0;1;1m[48;2;1;1;1m▀[0m[38;2;0;0;1m[48;2;0;0;0m▀[0m[38;2;0;0;0m[48;2;0;0;0m▀[0m[38;2;0;0;0m[48;2;0;0;0m▀[0m[38;2;0;13;33m[48;2;161;196;166m▀[0m[38;2;16;44;0m[48;2;255;255;255m▀[0m[38;2;255;255;47m[48;2;255;120;140m▀[0m[38;2;255;255;255m[48;2;255;142;186m▀[0m[38;2;255;255;225m[48;2;255;0;49m▀[0m[38;2;255;255;41m[48;2;255;150;88m▀[0m[38;2;0;12;10m[48;2;204;250;0m▀[0m[38;2;62;11;5m[48;2;106;79;0m▀[0m[38;2;255;0;0m[48;2;255;0;0m▀[0m[38;2;0;0;0m[48;2;0;0;0m▀[0m[38;2;0;0;0m[48;2;0;0;0m▀[0m[38;2;0;0;0m[48;2;0;0;0m▀[0m[38;2;0;0;0m[48;2;0;0;0m▀[0m[38;2;20;21;21m[48;2;0;0;0m▀[0m[38;2;94;67;66m[48;2;115;48;47m▀[0m[38;2;0;14;17m[48;2;221;166;167m▀[0m[38;2;0;0;0m[48;2;0;18;18m▀[0m[38;2;0;0;0m[48;2;3;8;8m▀[0m[38;2;185;186;186m[48;2;115;118;118m▀[0m[38;2;88;90;93m[48;2;0;0;0m▀[0m[38;2;0;0;0m[48;2;0;0;0m▀[0m[38;2;0;0;0m[48;2;0;0;0m▀[0m[38;2;113;117;116m[48;2;0;0;0m▀[0m[38;2;236;241;240m[48;2;150;151;151m▀[0m[38;2;126;128;126m[48;2;255;255;255m▀[0m[38;2;56;57;57m[48;2;178;179;179m▀[0m[38;2;21;20;23m[48;2;6;8;10m▀[0m
[38;2;5;5;5m[48;2;8;9;9m▀[0m[38;2;5;6;6m[48;2;6;8;8m▀[0m[38;2;3;3;3m[48;2;3;3;3m▀[0m[38;2;0;1;1m[48;2;2;2;2m▀[0m[38;2;0;1;1m[48;2;1;1;1m▀[0m[38;2;0;1;1m[48;2;0;1;1m▀[0m[38;2;0;0;0m[48;2;0;1;1m▀[0m[38;2;0;0;0m[48;2;0;0;0m▀[0m[38;2;0;0;0m[48;2;0;0;0m▀[0m[38;2;57;140;111m[48;2;0;27;16m▀[0m[38;2;255;138;128m[48;2;255;177;88m▀[0m[38;2;255;0;0m[48;2;255;0;0m▀[0m[38;2;255;178;203m[48;2;255;0;0m▀[0m[38;2;255;0;0m[48;2;255;0;0m▀[0m[38;2;255;32;18m[48;2;255;29;26m▀[0m[38;2;255;255;60m[48;2;255;255;86m▀[0m[38;2;116;120;0m[48;2;111;151;0m▀[0m[38;2;255;0;2m[48;2;243;0;5m▀[0m[38;2;0;0;0m[48;2;0;0;0m▀[0m[38;2;0;0;0m[48;2;0;1;6m▀[0m[38;2;0;0;0m[48;2;147;155;155m▀[0m[38;2;66;71;71m[48;2;219;223;225m▀[0m[38;2;86;95;95m[48;2;0;0;0m▀[0m[38;2;0;0;0m[48;2;0;6;9m▀[0m[38;2;81;0;0m[48;2;0;0;0m▀[0m[38;2;26;0;0m[48;2;62;2;0m▀[0m[38;2;0;0;0m[48;2;11;0;0m▀[0m[38;2;0;0;0m[48;2;0;0;0m▀[0m[38;2;0;0;0m[48;2;2;5;8m▀[0m[38;2;0;0;0m[48;2;4;4;6m▀[0m[38;2;0;0;0m[48;2;0;0;0m▀[0m[38;2;26;27;29m[48;2;3;5;5m▀[0m[38;2;0;0;0m[48;2;255;255;255m▀[0m[38;2;105;106;108m[48;2;5;6;9m▀[0m[38;2;0;0;0m[48;2;0;0;0m▀[0m[38;2;64;65;65m[48;2;0;0;0m▀[0m
[38;2;18;18;18m[48;2;21;20;23m▀[0m[38;2;8;8;8m[48;2;8;8;8m▀[0m[38;2;2;3;3m[48;2;0;3;3m▀[0m[38;2;3;3;3m[48;2;3;3;3m▀[0m[38;2;0;1;1m[48;2;0;0;1m▀[0m[38;2;0;0;1m[48;2;0;0;0m▀[0m[38;2;0;1;1m[48;2;0;0;1m▀[0m[38;2;0;0;0m[48;2;0;0;0m▀[0m[38;2;0;0;0m[48;2;0;0;0m▀[0m[38;2;0;2;4m[48;2;0;0;0m▀[0m[38;2;255;216;124m[48;2;255;228;134m▀[0m[38;2;255;0;0m[48;2;255;6;0m▀[0m[38;2;255;0;0m[48;2;255;0;0m▀[0m[38;2;255;0;0m[48;2;255;0;0m▀[0m[38;2;255;0;4m[48;2;255;0;0m▀[0m[38;2;255;255;92m[48;2;255;253;100m▀[0m[38;2;127;192;0m[48;2;172;228;4m▀[0m[38;2;250;0;11m[48;2;72;0;1m▀[0m[38;2;3;0;0m[48;2;0;0;0m▀[0m[38;2;0;42;50m[48;2;0;0;0m▀[0m[38;2;13;19;24m[48;2;0;0;0m▀[0m[38;2;4;10;10m[48;2;79;90;92m▀[0m[38;2;43;47;48m[48;2;78;88;90m▀[0m[38;2;4;10;10m[48;2;0;0;0m▀[0m[38;2;0;0;0m[48;2;0;0;0m▀[0m[38;2;0;9;9m[48;2;0;0;0m▀[0m[38;2;36;32;32m[48;2;14;20;20m▀[0m[38;2;0;10;10m[48;2;21;31;31m▀[0m[38;2;0;2;2m[48;2;5;17;18m▀[0m[38;2;29;51;51m[48;2;55;0;0m▀[0m[38;2;0;0;0m[48;2;0;0;0m▀[0m[38;2;185;190;192m[48;2;66;86;86m▀[0m[38;2;255;255;255m[48;2;255;255;255m▀[0m[38;2;0;0;0m[48;2;255;255;255m▀[0m[38;2;0;0;0m[48;2;0;0;0m▀[0m[38;2;0;0;0m[48;2;0;0;0m▀[0m
[38;2;23;24;24m[48;2;24;26;26m▀[0m[38;2;8;8;8m[48;2;8;8;8m▀[0m[38;2;3;0;0m[48;2;0;0;0m▀[0m[38;2;3;4;4m[48;2;4;4;5m▀[0m[38;2;0;1;1m[48;2;0;1;1m▀[0m[38;2;0;0;0m[48;2;0;1;1m▀[0m[38;2;0;0;1m[48;2;0;1;1m▀[0m[38;2;0;0;0m[48;2;0;0;0m▀[0m[38;2;0;0;0m[48;2;0;0;0m▀[0m[38;2;0;0;0m[48;2;0;0;0m▀[0m[38;2;194;217;131m[48;2;111;174;109m▀[0m[38;2;255;52;8m[48;2;255;108;46m▀[0m[38;2;255;0;0m[48;2;255;0;0m▀[0m[38;2;255;0;0m[48;2;255;0;0m▀[0m[38;2;255;0;0m[48;2;255;0;0m▀[0m[38;2;255;213;97m[48;2;255;165;75m▀[0m[38;2;194;251;18m[48;2;219;255;32m▀[0m[38;2;146;9;0m[48;2;134;101;0m▀[0m[38;2;0;0;0m[48;2;55;43;20m▀[0m[38;2;0;0;0m[48;2;0;0;0m▀[0m[38;2;0;0;0m[48;2;19;28;33m▀[0m[38;2;0;0;1m[48;2;0;0;0m▀[0m[38;2;27;25;25m[48;2;82;3;0m▀[0m[38;2;25;0;0m[48;2;96;3;0m▀[0m[38;2;0;0;0m[48;2;0;0;0m▀[0m[38;2;0;0;0m[48;2;0;0;0m▀[0m[38;2;0;0;0m[48;2;98;103;103m▀[0m[38;2;0;0;0m[48;2;65;72;74m▀[0m[38;2;0;9;11m[48;2;0;0;0m▀[0m[38;2;159;0;0m[48;2;72;0;0m▀[0m[38;2;36;0;0m[48;2;255;0;0m▀[0m[38;2;0;0;0m[48;2;0;0;0m▀[0m[38;2;255;255;255m[48;2;198;219;219m▀[0m[38;2;255;255;255m[48;2;255;255;255m▀[0m[38;2;255;255;255m[48;2;239;243;243m▀[0m[38;2;21;23;23m[48;2;49;52;52m▀[0m
[38;2;26;28;28m[48;2;28;29;29m▀[0m[38;2;8;8;8m[48;2;8;9;4m▀[0m[38;2;0;0;0m[48;2;0;1;1m▀[0m[38;2;4;5;5m[48;2;5;5;6m▀[0m[38;2;0;0;1m[48;2;0;1;1m▀[0m[38;2;0;1;1m[48;2;0;1;1m▀[0m[38;2;0;0;1m[48;2;0;0;1m▀[0m[38;2;0;0;1m[48;2;0;0;1m▀[0m[38;2;0;0;0m[48;2;0;0;0m▀[0m[38;2;0;0;0m[48;2;0;0;0m▀[0m[38;2;29;119;77m[48;2;0;52;36m▀[0m[38;2;255;173;81m[48;2;255;217;109m▀[0m[38;2;255;0;0m[48;2;255;0;0m▀[0m[38;2;255;0;0m[48;2;255;0;0m▀[0m[38;2;255;0;0m[48;2;255;0;0m▀[0m[38;2;255;103;55m[48;2;255;23;12m▀[0m[38;2;255;255;52m[48;2;255;255;54m▀[0m[38;2;106;97;0m[48;2;111;104;0m▀[0m[38;2;34;43;13m[48;2;0;0;0m▀[0m[38;2;0;0;0m[48;2;0;0;0m▀[0m[38;2;9;18;25m[48;2;0;0;6m▀[0m[38;2;0;44;47m[48;2;0;31;34m▀[0m[38;2;161;0;0m[48;2;255;5;0m▀[0m[38;2;86;0;0m[48;2;81;0;0m▀[0m[38;2;0;0;0m[48;2;0;0;0m▀[0m[38;2;35;43;43m[48;2;0;0;0m▀[0m[38;2;21;29;29m[48;2;0;0;0m▀[0m[38;2;255;255;255m[48;2;93;101;101m▀[0m[38;2;0;0;0m[48;2;0;0;0m▀[0m[38;2;0;0;0m[48;2;0;0;0m▀[0m[38;2;255;0;0m[48;2;255;0;0m▀[0m[38;2;0;0;0m[48;2;124;0;0m▀[0m[38;2;0;0;0m[48;2;0;0;0m▀[0m[38;2;230;243;243m[48;2;0;0;0m▀[0m[38;2;65;77;78m[48;2;0;0;0m▀[0m[38;2;0;0;0m[48;2;0;0;0m▀[0m
[38;2;29;31;29m[48;2;29;31;31m▀[0m[38;2;4;9;4m[48;2;4;5;3m▀[0m[38;2;0;0;0m[48;2;0;0;0m▀[0m[38;2;5;6;6m[48;2;8;8;12m▀[0m[38;2;1;1;1m[48;2;3;4;4m▀[0m[38;2;0;1;1m[48;2;0;0;1m▀[0m[38;2;0;1;1m[48;2;0;1;1m▀[0m[38;2;0;1;1m[48;2;0;1;1m▀[0m[38;2;0;0;0m[48;2;0;0;0m▀[0m[38;2;0;0;0m[48;2;0;0;0m▀[0m[38;2;0;0;3m[48;2;0;0;0m▀[0m[38;2;255;232;131m[48;2;255;233;158m▀[0m[38;2;255;0;0m[48;2;255;37;25m▀[0m[38;2;255;34;74m[48;2;255;196;177m▀[0m[38;2;255;64;110m[48;2;255;255;246m▀[0m[38;2;255;0;0m[48;2;255;204;146m▀[0m[38;2;255;255;88m[48;2;255;255;60m▀[0m[38;2;131;129;3m[48;2;42;37;0m▀[0m[38;2;70;59;17m[48;2;94;80;41m▀[0m[38;2;0;0;5m[48;2;0;5;31m▀[0m[38;2;0;0;0m[48;2;0;0;0m▀[0m[38;2;0;0;0m[48;2;0;0;0m▀[0m[38;2;255;0;0m[48;2;255;0;0m▀[0m[38;2;69;0;0m[48;2;228;26;20m▀[0m[38;2;0;0;0m[48;2;255;255;255m▀[0m[38;2;98;117;116m[48;2;255;255;255m▀[0m[38;2;255;255;255m[48;2;255;255;255m▀[0m[38;2;255;255;255m[48;2;234;243;243m▀[0m[38;2;116;142;142m[48;2;255;255;255m▀[0m[38;2;112;148;148m[48;2;255;255;255m▀[0m[38;2;255;20;17m[48;2;255;255;255m▀[0m[38;2;198;0;0m[48;2;57;60;58m▀[0m[38;2;0;0;0m[48;2;0;0;0m▀[0m[38;2;0;0;0m[48;2;0;0;0m▀[0m[38;2;43;47;48m[48;2;86;90;93m▀[0m[38;2;0;1;0m[48;2;3;3;4m▀[0m
[38;2;29;31;31m[48;2;31;33;33m▀[0m[38;2;4;5;3m[48;2;3;3;3m▀[0m[38;2;0;0;0m[48;2;0;0;0m▀[0m[38;2;8;9;13m[48;2;9;9;10m▀[0m[38;2;5;6;6m[48;2;11;12;12m▀[0m[38;2;0;0;0m[48;2;0;0;0m▀[0m[38;2;0;1;1m[48;2;0;1;1m▀[0m[38;2;0;0;1m[48;2;0;1;1m▀[0m[38;2;0;0;0m[48;2;0;0;1m▀[0m[38;2;0;0;0m[48;2;0;0;0m▀[0m[38;2;0;0;0m[48;2;0;0;0m▀[0m[38;2;208;231;203m[48;2;140;132;70m▀[0m[38;2;188;182;94m[48;2;0;0;0m▀[0m[38;2;255;226;0m[48;2;143;96;0m▀[0m[38;2;255;255;246m[48;2;255;255;125m▀[0m[38;2;255;255;67m[48;2;225;188;47m▀[0m[38;2;207;141;0m[48;2;2;0;0m▀[0m[38;2;240;174;0m[48;2;47;48;39m▀[0m[38;2;103;116;115m[48;2;72;81;101m▀[0m[38;2;0;0;10m[48;2;0;0;0m▀[0m[38;2;0;0;0m[48;2;0;0;0m▀[0m[38;2;0;0;0m[48;2;0;0;0m▀[0m[38;2;240;0;0m[48;2;152;21;14m▀[0m[38;2;255;0;0m[48;2;255;0;0m▀[0m[38;2;255;255;255m[48;2;255;0;0m▀[0m[38;2;255;255;255m[48;2;255;255;255m▀[0m[38;2;233;248;248m[48;2;255;255;255m▀[0m[38;2;255;255;255m[48;2;255;255;255m▀[0m[38;2;255;255;255m[48;2;255;255;255m▀[0m[38;2;255;255;255m[48;2;255;255;255m▀[0m[38;2;255;255;255m[48;2;250;255;255m▀[0m[38;2;255;255;255m[48;2;255;255;255m▀[0m[38;2;75;86;86m[48;2;255;255;255m▀[0m[38;2;23;25;25m[48;2;0;0;0m▀[0m[38;2;40;42;42m[48;2;0;0;0m▀[0m[38;2;23;26;26m[48;2;0;0;0m▀[0m
[38;2;33;34;34m[48;2;33;34;35m▀[0m[38;2;3;2;2m[48;2;3;2;2m▀[0m[38;2;0;0;0m[48;2;0;0;0m▀[0m[38;2;9;10;10m[48;2;9;10;10m▀[0m[38;2;12;14;14m[48;2;12;14;14m▀[0m[38;2;0;0;0m[48;2;0;0;0m▀[0m[38;2;0;1;1m[48;2;0;0;0m▀[0m[38;2;0;1;1m[48;2;0;0;0m▀[0m[38;2;0;0;0m[48;2;0;0;0m▀[0m[38;2;0;0;0m[48;2;0;0;0m▀[0m[38;2;0;0;0m[48;2;0;0;0m▀[0m[38;2;31;31;23m[48;2;0;0;0m▀[0m[38;2;80;83;89m[48;2;0;0;0m▀[0m[38;2;0;0;0m[48;2;65;50;2m▀[0m[38;2;209;162;3m[48;2;255;255;0m▀[0m[38;2;239;213;104m[48;2;255;255;116m▀[0m[38;2;64;37;0m[48;2;158;101;0m▀[0m[38;2;0;0;5m[48;2;140;127;101m▀[0m[38;2;0;0;17m[48;2;0;2;24m▀[0m[38;2;0;0;4m[48;2;0;0;0m▀[0m[38;2;0;0;0m[48;2;0;1;2m▀[0m[38;2;0;0;0m[48;2;0;0;0m▀[0m[38;2;72;156;157m[48;2;0;0;0m▀[0m[38;2;181;0;0m[48;2;0;0;0m▀[0m[38;2;255;26;16m[48;2;94;119;123m▀[0m[38;2;255;255;255m[48;2;255;255;255m▀[0m[38;2;255;255;255m[48;2;255;255;255m▀[0m[38;2;255;255;255m[48;2;236;240;242m▀[0m[38;2;121;123;125m[48;2;133;136;136m▀[0m[38;2;255;255;255m[48;2;255;255;255m▀[0m[38;2;186;187;186m[48;2;89;90;92m▀[0m[38;2;185;187;187m[48;2;0;1;3m▀[0m[38;2;255;255;255m[48;2;255;255;255m▀[0m[38;2;0;0;0m[48;2;0;0;0m▀[0m[38;2;0;0;0m[48;2;0;0;0m▀[0m[38;2;0;0;0m[48;2;0;0;0m▀[0m
[38;2;34;35;35m[48;2;34;35;35m▀[0m[38;2;3;2;2m[48;2;3;2;2m▀[0m[38;2;0;0;0m[48;2;0;0;0m▀[0m[38;2;9;10;10m[48;2;9;10;10m▀[0m[38;2;14;17;17m[48;2;13;16;16m▀[0m[38;2;0;0;0m[48;2;0;0;0m▀[0m[38;2;0;0;0m[48;2;0;0;0m▀[0m[38;2;0;0;0m[48;2;3;6;6m▀[0m[38;2;0;0;0m[48;2;113;112;112m▀[0m[38;2;0;0;0m[48;2;188;195;195m▀[0m[38;2;0;0;0m[48;2;124;129;131m▀[0m[38;2;0;0;0m[48;2;86;96;100m▀[0m[38;2;0;0;0m[48;2;88;95;104m▀[0m[38;2;0;0;0m[48;2;0;0;14m▀[0m[38;2;0;0;0m[48;2;34;51;92m▀[0m[38;2;73;83;77m[48;2;255;255;251m▀[0m[38;2;69;96;144m[48;2;255;255;255m▀[0m[38;2;29;47;80m[48;2;52;67;81m▀[0m[38;2;4;9;21m[48;2;0;0;5m▀[0m[38;2;0;0;0m[48;2;0;0;0m▀[0m[38;2;0;0;0m[48;2;0;0;0m▀[0m[38;2;87;94;94m[48;2;240;246;246m▀[0m[38;2;255;255;255m[48;2;255;255;255m▀[0m[38;2;207;217;218m[48;2;255;255;255m▀[0m[38;2;142;159;161m[48;2;89;95;93m▀[0m[38;2;255;255;255m[48;2;255;255;255m▀[0m[38;2;251;255;255m[48;2;255;255;255m▀[0m[38;2;0;2;2m[48;2;79;80;80m▀[0m[38;2;12;13;16m[48;2;92;93;93m▀[0m[38;2;186;187;187m[48;2;255;255;255m▀[0m[38;2;218;219;220m[48;2;255;255;255m▀[0m[38;2;20;21;24m[48;2;142;144;146m▀[0m[38;2;163;163;164m[48;2;126;128;127m▀[0m[38;2;0;0;0m[48;2;0;0;0m▀[0m[38;2;62;65;65m[48;2;52;56;55m▀[0m[38;2;255;255;255m[48;2;251;253;255m▀[0m
[38;2;34;35;35m[48;2;34;35;35m▀[0m[38;2;3;4;2m[48;2;2;2;2m▀[0m[38;2;0;0;0m[48;2;0;0;0m▀[0m[38;2;9;10;11m[48;2;10;10;11m▀[0m[38;2;10;10;14m[48;2;11;14;14m▀[0m[38;2;0;0;0m[48;2;0;0;0m▀[0m[38;2;3;0;0m[48;2;23;0;0m▀[0m[38;2;129;90;88m[48;2;79;66;66m▀[0m[38;2;65;41;39m[48;2;0;4;6m▀[0m[38;2;0;0;0m[48;2;0;0;0m▀[0m[38;2;0;0;0m[48;2;37;0;0m▀[0m[38;2;0;0;0m[48;2;188;60;51m▀[0m[38;2;0;0;0m[48;2;1;23;27m▀[0m[38;2;0;0;3m[48;2;0;0;0m▀[0m[38;2;154;172;197m[48;2;0;0;0m▀[0m[38;2;255;255;117m[48;2;81;46;29m▀[0m[38;2;255;255;140m[48;2;177;0;1m▀[0m[38;2;131;155;119m[48;2;255;72;72m▀[0m[38;2;0;25;44m[48;2;1;0;0m▀[0m[38;2;0;0;0m[48;2;0;4;6m▀[0m[38;2;0;2;3m[48;2;0;0;0m▀[0m[38;2;10;17;20m[48;2;0;0;0m▀[0m[38;2;110;116;116m[48;2;0;0;0m▀[0m[38;2;174;175;177m[48;2;0;0;0m▀[0m[38;2;202;207;207m[48;2;64;64;64m▀[0m[38;2;0;2;5m[48;2;0;0;0m▀[0m[38;2;255;255;255m[48;2;173;173;172m▀[0m[38;2;238;239;239m[48;2;175;178;178m▀[0m[38;2;255;255;255m[48;2;188;188;188m▀[0m[38;2;255;255;255m[48;2;255;255;255m▀[0m[38;2;120;125;126m[48;2;43;46;44m▀[0m[38;2;73;75;77m[48;2;39;39;40m▀[0m[38;2;189;189;190m[48;2;95;97;98m▀[0m[38;2;5;5;4m[48;2;0;0;0m▀[0m[38;2;139;140;142m[48;2;13;14;13m▀[0m[38;2;143;147;147m[48;2;86;87;87m▀[0m
[38;2;34;33;35m[48;2;34;35;35m▀[0m[38;2;2;2;2m[48;2;2;2;2m▀[0m[38;2;0;0;0m[48;2;0;0;0m▀[0m[38;2;10;10;14m[48;2;10;10;14m▀[0m[38;2;9;10;10m[48;2;9;13;13m▀[0m[38;2;0;0;0m[48;2;0;0;0m▀[0m[38;2;0;0;0m[48;2;73;0;0m▀[0m[38;2;27;51;51m[48;2;0;0;0m▀[0m[38;2;70;81;81m[48;2;0;0;0m▀[0m[38;2;112;128;128m[48;2;120;134;134m▀[0m[38;2;255;255;255m[48;2;148;112;111m▀[0m[38;2;255;255;255m[48;2;0;0;0m▀[0m[38;2;255;255;255m[48;2;26;24;24m▀[0m[38;2;90;109;113m[48;2;255;255;255m▀[0m[38;2;0;0;0m[48;2;0;23;28m▀[0m[38;2;101;72;80m[48;2;0;87;83m▀[0m[38;2;255;0;0m[48;2;155;0;1m▀[0m[38;2;255;20;20m[48;2;255;8;0m▀[0m[38;2;34;0;0m[48;2;81;0;0m▀[0m[38;2;0;0;0m[48;2;0;0;0m▀[0m[38;2;0;0;0m[48;2;116;64;57m▀[0m[38;2;184;184;184m[48;2;123;182;189m▀[0m[38;2;251;255;255m[48;2;255;255;255m▀[0m[38;2;121;81;77m[48;2;255;163;157m▀[0m[38;2;132;93;88m[48;2;196;232;234m▀[0m[38;2;255;255;255m[48;2;255;255;255m▀[0m[38;2;255;255;255m[48;2;255;255;255m▀[0m[38;2;255;255;255m[48;2;255;255;255m▀[0m[38;2;255;255;255m[48;2;255;255;255m▀[0m[38;2;255;255;255m[48;2;255;255;255m▀[0m[38;2;67;67;64m[48;2;255;255;255m▀[0m[38;2;0;0;0m[48;2;0;0;0m▀[0m[38;2;0;0;0m[48;2;0;0;0m▀[0m[38;2;0;0;0m[48;2;0;0;0m▀[0m[38;2;0;0;0m[48;2;0;0;0m▀[0m[38;2;0;0;0m[48;2;48;50;50m▀[0m
[38;2;35;37;37m[48;2;37;39;40m▀[0m[38;2;2;2;2m[48;2;0;1;0m▀[0m[38;2;0;0;0m[48;2;0;0;0m▀[0m[38;2;10;14;14m[48;2;11;14;17m▀[0m[38;2;11;13;13m[48;2;9;14;13m▀[0m[38;2;0;0;0m[48;2;0;0;0m▀[0m[38;2;54;0;0m[48;2;0;0;0m▀[0m[38;2;244;27;20m[48;2;18;0;0m▀[0m[38;2;54;0;0m[48;2;49;54;55m▀[0m[38;2;0;0;0m[48;2;181;200;202m▀[0m[38;2;0;0;0m[48;2;42;60;60m▀[0m[38;2;42;0;0m[48;2;0;14;19m▀[0m[38;2;0;0;0m[48;2;60;0;0m▀[0m[38;2;212;255;255m[48;2;255;0;0m▀[0m[38;2;88;50;49m[48;2;255;0;0m▀[0m[38;2;0;18;18m[48;2;218;17;9m▀[0m[38;2;112;34;29m[48;2;226;83;81m▀[0m[38;2;255;0;0m[48;2;255;0;0m▀[0m[38;2;79;0;0m[48;2;120;0;0m▀[0m[38;2;0;4;0m[48;2;31;67;63m▀[0m[38;2;164;177;171m[48;2;181;255;255m▀[0m[38;2;255;255;255m[48;2;255;195;193m▀[0m[38;2;255;162;154m[48;2;255;98;94m▀[0m[38;2;255;255;255m[48;2;246;255;255m▀[0m[38;2;178;195;190m[48;2;255;255;255m▀[0m[38;2;255;255;255m[48;2;255;255;255m▀[0m[38;2;255;255;255m[48;2;255;255;255m▀[0m[38;2;255;255;255m[48;2;255;255;255m▀[0m[38;2;255;255;255m[48;2;138;141;143m▀[0m[38;2;255;255;255m[48;2;255;255;255m▀[0m[38;2;255;255;255m[48;2;255;255;255m▀[0m[38;2;135;116;116m[48;2;255;255;255m▀[0m[38;2;0;0;0m[48;2;0;0;0m▀[0m[38;2;0;0;0m[48;2;0;0;0m▀[0m[38;2;0;0;0m[48;2;51;51;51m▀[0m[38;2;255;255;255m[48;2;255;255;255m▀[0m
