[38;2;9;35;54m[48;2;0;0;0m▀[0m[38;2;6;22;32m[48;2;0;0;0m▀[0m[38;2;3;7;14m[48;2;1;0;0m▀[0m[38;2;0;2;3m[48;2;1;1;1m▀[0m[38;2;1;1;1m[48;2;1;1;1m▀[0m[38;2;1;0;1m[48;2;1;1;1m▀[0m[38;2;1;1;1m[48;2;1;1;1m▀[0m[38;2;0;0;0m[48;2;0;0;0m▀[0m[38;2;0;0;0m[48;2;0;0;0m▀[0m[38;2;0;0;0m[48;2;0;0;0m▀[0m[38;2;0;0;0m[48;2;128;130;131m▀[0m[38;2;255;255;255m[48;2;255;255;255m▀[0m[38;2;255;255;255m[48;2;246;255;255m▀[0m[38;2;232;242;247m[48;2;247;252;255m▀[0m[38;2;252;249;251m[48;2;255;255;255m▀[0m[38;2;213;234;243m[48;2;252;255;255m▀[0m[38;2;244;248;252m[48;2;255;255;255m▀[0m[38;2;255;255;255m[48;2;253;251;249m▀[0m[38;2;255;255;255m[48;2;247;247;248m▀[0m[38;2;255;255;255m[48;2;255;255;255m▀[0m[38;2;219;240;244m[48;2;255;255;255m▀[0m[38;2;236;250;250m[48;2;205;236;244m▀[0m[38;2;255;255;255m[48;2;255;255;255m▀[0m[38;2;255;255;255m[48;2;255;255;255m▀[0m[38;2;0;0;0m[48;2;146;148;146m▀[0m[38;2;0;0;0m[48;2;0;0;0m▀[0m[38;2;0;0;0m[48;2;0;0;0m▀[0m[38;2;0;0;0m[48;2;0;0;0m▀[0m[38;2;1;1;1m[48;2;2;0;0m▀[0m[38;2;2;2;0m[48;2;2;0;0m▀[0m[38;2;1;0;0m[48;2;0;0;0m▀[0m[38;2;3;7;9m[48;2;4;14;22m▀[0m[38;2;4;17;26m[48;2;1;9;14m▀[0m[38;2;8;33;46m[48;2;12;62;95m▀[0m[38;2;6;19;28m[48;2;8;34;51m▀[0m[38;2;4;7;10m[48;2;0;0;0m▀[0m
[38;2;3;13;20m[48;2;9;19;26m▀[0m[38;2;1;0;0m[48;2;2;0;0m▀[0m[38;2;1;1;2m[48;2;1;1;0m▀[0m[38;2;1;0;1m[48;2;1;1;1m▀[0m[38;2;1;1;1m[48;2;2;1;1m▀[0m[38;2;1;1;1m[48;2;2;1;1m▀[0m[38;2;2;1;1m[48;2;2;0;0m▀[0m[38;2;0;0;0m[48;2;0;0;0m▀[0m[38;2;0;0;0m[48;2;0;0;0m▀[0m[38;2;0;0;0m[48;2;0;0;0m▀[0m[38;2;255;255;255m[48;2;255;255;255m▀[0m[38;2;255;255;255m[48;2;255;255;255m▀[0m[38;2;246;255;255m[48;2;247;255;255m▀[0m[38;2;255;255;255m[48;2;255;255;255m▀[0m[38;2;246;245;245m[48;2;215;207;204m▀[0m[38;2;247;249;250m[48;2;254;242;237m▀[0m[38;2;233;253;255m[48;2;229;252;255m▀[0m[38;2;255;255;253m[48;2;255;255;255m▀[0m[38;2;205;200;194m[48;2;160;149;153m▀[0m[38;2;255;255;252m[48;2;167;146;142m▀[0m[38;2;255;255;255m[48;2;255;255;247m▀[0m[38;2;219;237;249m[48;2;255;255;255m▀[0m[38;2;251;255;255m[48;2;234;248;254m▀[0m[38;2;255;255;255m[48;2;255;255;255m▀[0m[38;2;255;255;255m[48;2;255;255;255m▀[0m[38;2;0;0;0m[48;2;47;45;48m▀[0m[38;2;0;0;0m[48;2;0;0;0m▀[0m[38;2;0;0;0m[48;2;0;21;35m▀[0m[38;2;0;0;0m[48;2;6;41;58m▀[0m[38;2;0;0;0m[48;2;11;53;76m▀[0m[38;2;0;0;0m[48;2;9;57;83m▀[0m[38;2;5;14;22m[48;2;7;62;89m▀[0m[38;2;2;12;21m[48;2;3;41;58m▀[0m[38;2;8;44;69m[48;2;4;19;30m▀[0m[38;2;5;21;31m[48;2;5;24;37m▀[0m[38;2;1;5;10m[48;2;3;15;24m▀[0m
[38;2;5;8;13m[48;2;1;5;5m▀[0m[38;2;4;11;15m[48;2;4;11;20m▀[0m[38;2;0;0;0m[48;2;0;0;0m▀[0m[38;2;1;0;0m[48;2;0;0;0m▀[0m[38;2;2;0;0m[48;2;0;0;0m▀[0m[38;2;2;0;0m[48;2;0;0;0m▀[0m[38;2;0;0;0m[48;2;0;0;0m▀[0m[38;2;0;0;0m[48;2;0;0;0m▀[0m[38;2;0;0;0m[48;2;0;0;0m▀[0m[38;2;23;15;14m[48;2;66;59;59m▀[0m[38;2;255;255;255m[48;2;255;255;255m▀[0m[38;2;255;255;255m[48;2;255;255;255m▀[0m[38;2;250;255;255m[48;2;255;255;255m▀[0m[38;2;255;255;255m[48;2;250;219;207m▀[0m[38;2;143;146;149m[48;2;66;163;197m▀[0m[38;2;237;226;224m[48;2;153;231;251m▀[0m[38;2;255;255;255m[48;2;255;255;255m▀[0m[38;2;255;255;255m[48;2;255;255;255m▀[0m[38;2;108;190;227m[48;2;82;221;255m▀[0m[38;2;81;153;177m[48;2;4;186;244m▀[0m[38;2;96;165;183m[48;2;0;143;209m▀[0m[38;2;255;255;255m[48;2;94;161;198m▀[0m[38;2;237;255;255m[48;2;255;255;255m▀[0m[38;2;255;255;255m[48;2;255;255;255m▀[0m[38;2;255;255;255m[48;2;255;255;255m▀[0m[38;2;182;196;204m[48;2;255;255;255m▀[0m[38;2;0;0;0m[48;2;0;0;0m▀[0m[38;2;0;28;49m[48;2;0;0;0m▀[0m[38;2;0;34;51m[48;2;31;0;0m▀[0m[38;2;0;26;38m[48;2;43;0;0m▀[0m[38;2;0;13;20m[48;2;49;0;0m▀[0m[38;2;3;0;2m[48;2;52;1;1m▀[0m[38;2;4;0;0m[48;2;49;10;16m▀[0m[38;2;3;12;17m[48;2;11;20;29m▀[0m[38;2;3;15;23m[48;2;0;10;16m▀[0m[38;2;6;21;33m[48;2;5;20;33m▀[0m
[38;2;5;14;22m[48;2;11;15;22m▀[0m[38;2;5;13;21m[48;2;23;34;51m▀[0m[38;2;3;7;13m[48;2;7;86;126m▀[0m[38;2;3;7;12m[48;2;11;77;112m▀[0m[38;2;7;22;33m[48;2;5;75;108m▀[0m[38;2;9;39;57m[48;2;1;63;92m▀[0m[38;2;11;54;76m[48;2;0;43;64m▀[0m[38;2;9;58;88m[48;2;0;20;38m▀[0m[38;2;0;2;43m[48;2;0;0;0m▀[0m[38;2;125;151;168m[48;2;127;130;131m▀[0m[38;2;255;255;255m[48;2;255;255;255m▀[0m[38;2;255;255;255m[48;2;255;255;255m▀[0m[38;2;255;255;255m[48;2;246;255;255m▀[0m[38;2;128;143;151m[48;2;0;0;15m▀[0m[38;2;43;169;215m[48;2;20;17;31m▀[0m[38;2;0;130;178m[48;2;0;0;41m▀[0m[38;2;255;255;247m[48;2;73;93;103m▀[0m[38;2;255;255;255m[48;2;255;255;228m▀[0m[38;2;147;155;167m[48;2;158;162;155m▀[0m[38;2;0;0;51m[48;2;0;0;29m▀[0m[38;2;20;45;67m[48;2;255;0;0m▀[0m[38;2;0;0;0m[48;2;255;0;0m▀[0m[38;2;43;45;43m[48;2;0;29;64m▀[0m[38;2;255;255;255m[48;2;255;255;255m▀[0m[38;2;255;255;255m[48;2;255;255;255m▀[0m[38;2;255;255;255m[48;2;255;255;255m▀[0m[38;2;37;14;14m[48;2;116;124;125m▀[0m[38;2;0;0;0m[48;2;0;0;0m▀[0m[38;2;0;0;0m[48;2;0;0;0m▀[0m[38;2;0;0;0m[48;2;0;0;0m▀[0m[38;2;0;3;4m[48;2;0;7;10m▀[0m[38;2;0;26;41m[48;2;0;31;47m▀[0m[38;2;0;37;60m[48;2;0;23;34m▀[0m[38;2;0;9;11m[48;2;108;0;0m▀[0m[38;2;1;19;25m[48;2;8;22;35m▀[0m[38;2;0;13;21m[48;2;0;3;3m▀[0m
[38;2;9;12;13m[48;2;0;17;27m▀[0m[38;2;18;0;0m[48;2;23;0;0m▀[0m[38;2;14;0;0m[48;2;46;12;16m▀[0m[38;2;22;0;0m[48;2;35;1;0m▀[0m[38;2;27;0;0m[48;2;22;0;0m▀[0m[38;2;38;0;0m[48;2;14;1;0m▀[0m[38;2;43;0;0m[48;2;3;0;0m▀[0m[38;2;34;0;0m[48;2;0;0;0m▀[0m[38;2;0;0;0m[48;2;0;0;0m▀[0m[38;2;140;130;130m[48;2;130;134;133m▀[0m[38;2;255;255;255m[48;2;255;255;255m▀[0m[38;2;255;255;255m[48;2;255;255;255m▀[0m[38;2;247;228;215m[48;2;255;255;255m▀[0m[38;2;0;0;0m[48;2;0;64;126m▀[0m[38;2;255;0;0m[48;2;50;24;93m▀[0m[38;2;255;0;0m[48;2;154;41;73m▀[0m[38;2;0;25;99m[48;2;0;73;164m▀[0m[38;2;0;57;139m[48;2;0;191;255m▀[0m[38;2;0;68;130m[48;2;0;174;255m▀[0m[38;2;0;92;186m[48;2;0;72;161m▀[0m[38;2;157;52;95m[48;2;0;69;163m▀[0m[38;2;85;8;53m[48;2;0;68;158m▀[0m[38;2;0;76;111m[48;2;0;18;55m▀[0m[38;2;255;255;255m[48;2;188;196;194m▀[0m[38;2;255;255;255m[48;2;255;255;255m▀[0m[38;2;255;255;255m[48;2;255;255;255m▀[0m[38;2;242;238;240m[48;2;255;255;255m▀[0m[38;2;0;0;0m[48;2;0;0;0m▀[0m[38;2;0;0;0m[48;2;0;0;0m▀[0m[38;2;0;0;0m[48;2;0;0;0m▀[0m[38;2;0;7;10m[48;2;0;6;9m▀[0m[38;2;0;24;37m[48;2;0;11;23m▀[0m[38;2;16;11;15m[48;2;71;4;5m▀[0m[38;2;143;0;0m[48;2;102;6;6m▀[0m[38;2;0;21;35m[48;2;0;13;23m▀[0m[38;2;0;0;0m[48;2;0;0;0m▀[0m
[38;2;1;27;41m[48;2;0;23;37m▀[0m[38;2;0;6;9m[48;2;84;5;9m▀[0m[38;2;0;37;58m[48;2;19;10;14m▀[0m[38;2;0;19;28m[48;2;0;26;41m▀[0m[38;2;0;0;0m[48;2;0;0;0m▀[0m[38;2;0;0;0m[48;2;0;0;0m▀[0m[38;2;0;0;0m[48;2;0;0;0m▀[0m[38;2;0;0;0m[48;2;0;0;0m▀[0m[38;2;0;0;0m[48;2;0;0;0m▀[0m[38;2;127;129;130m[48;2;124;126;124m▀[0m[38;2;255;255;255m[48;2;255;255;255m▀[0m[38;2;230;255;255m[48;2;195;225;246m▀[0m[38;2;255;255;255m[48;2;255;255;255m▀[0m[38;2;66;87;100m[48;2;31;42;54m▀[0m[38;2;0;43;131m[48;2;0;0;83m▀[0m[38;2;0;63;150m[48;2;0;84;189m▀[0m[38;2;0;69;151m[48;2;0;103;200m▀[0m[38;2;0;138;219m[48;2;0;105;205m▀[0m[38;2;0;139;223m[48;2;0;110;201m▀[0m[38;2;0;100;188m[48;2;0;116;218m▀[0m[38;2;0;90;182m[48;2;0;117;234m▀[0m[38;2;0;61;148m[48;2;0;45;178m▀[0m[38;2;0;19;63m[48;2;192;202;203m▀[0m[38;2;232;215;198m[48;2;255;255;255m▀[0m[38;2;255;255;255m[48;2;255;255;255m▀[0m[38;2;255;255;255m[48;2;206;236;252m▀[0m[38;2;255;255;255m[48;2;255;255;255m▀[0m[38;2;2;11;10m[48;2;79;39;38m▀[0m[38;2;0;0;0m[48;2;38;0;0m▀[0m[38;2;0;0;0m[48;2;94;0;0m▀[0m[38;2;15;7;8m[48;2;91;0;0m▀[0m[38;2;15;7;10m[48;2;59;0;2m▀[0m[38;2;22;5;8m[48;2;0;6;9m▀[0m[38;2;14;12;20m[48;2;0;6;12m▀[0m[38;2;0;4;6m[48;2;0;0;0m▀[0m[38;2;0;0;0m[48;2;0;1;0m▀[0m
[38;2;0;0;0m[48;2;0;0;0m▀[0m[38;2;47;13;20m[48;2;0;13;21m▀[0m[38;2;105;0;0m[48;2;56;3;4m▀[0m[38;2;0;20;33m[48;2;0;6;10m▀[0m[38;2;2;6;7m[48;2;0;11;17m▀[0m[38;2;0;0;0m[48;2;0;2;1m▀[0m[38;2;0;0;0m[48;2;0;0;0m▀[0m[38;2;0;0;0m[48;2;0;0;0m▀[0m[38;2;0;0;0m[48;2;0;0;0m▀[0m[38;2;103;108;108m[48;2;106;108;108m▀[0m[38;2;255;255;255m[48;2;255;255;255m▀[0m[38;2;161;190;212m[48;2;112;158;184m▀[0m[38;2;255;255;255m[48;2;255;255;255m▀[0m[38;2;255;250;231m[48;2;250;247;240m▀[0m[38;2;158;169;182m[48;2;255;255;255m▀[0m[38;2;0;51;176m[48;2;223;229;223m▀[0m[38;2;0;125;255m[48;2;0;80;153m▀[0m[38;2;0;136;249m[48;2;0;123;239m▀[0m[38;2;0;125;210m[48;2;0;187;255m▀[0m[38;2;0;138;250m[48;2;0;141;251m▀[0m[38;2;0;102;231m[48;2;0;0;0m▀[0m[38;2;90;145;174m[48;2;255;255;230m▀[0m[38;2;255;255;255m[48;2;255;255;255m▀[0m[38;2;236;238;236m[48;2;190;200;203m▀[0m[38;2;255;255;255m[48;2;255;255;255m▀[0m[38;2;154;191;220m[48;2;163;189;212m▀[0m[38;2;255;255;255m[48;2;235;255;255m▀[0m[38;2;154;147;145m[48;2;255;255;255m▀[0m[38;2;0;0;0m[48;2;0;0;0m▀[0m[38;2;0;0;0m[48;2;0;0;0m▀[0m[38;2;0;0;2m[48;2;0;0;0m▀[0m[38;2;0;1;6m[48;2;0;0;2m▀[0m[38;2;0;7;15m[48;2;1;9;12m▀[0m[38;2;1;5;7m[48;2;0;3;4m▀[0m[38;2;0;0;0m[48;2;0;0;0m▀[0m[38;2;43;2;3m[48;2;39;6;4m▀[0m
[38;2;0;0;0m[48;2;1;1;1m▀[0m[38;2;0;3;5m[48;2;0;0;0m▀[0m[38;2;0;10;16m[48;2;3;8;10m▀[0m[38;2;2;0;0m[48;2;0;5;7m▀[0m[38;2;32;9;10m[48;2;11;3;3m▀[0m[38;2;65;5;7m[48;2;11;3;3m▀[0m[38;2;82;3;0m[48;2;0;0;0m▀[0m[38;2;78;0;0m[48;2;0;0;0m▀[0m[38;2;0;0;0m[48;2;0;0;0m▀[0m[38;2;140;120;120m[48;2;157;154;146m▀[0m[38;2;255;255;255m[48;2;255;255;255m▀[0m[38;2;87;146;178m[48;2;57;122;169m▀[0m[38;2;255;255;255m[48;2;255;254;251m▀[0m[38;2;251;250;242m[48;2;255;255;255m▀[0m[38;2;242;252;247m[48;2;200;222;230m▀[0m[38;2;255;255;255m[48;2;255;255;255m▀[0m[38;2;150;143;119m[48;2;255;159;140m▀[0m[38;2;0;0;0m[48;2;242;0;0m▀[0m[38;2;0;22;35m[48;2;0;0;15m▀[0m[38;2;0;0;0m[48;2;0;12;73m▀[0m[38;2;0;0;0m[48;2;112;0;0m▀[0m[38;2;255;255;255m[48;2;255;255;253m▀[0m[38;2;255;255;255m[48;2;255;255;255m▀[0m[38;2;138;151;154m[48;2;207;216;212m▀[0m[38;2;233;240;240m[48;2;221;220;213m▀[0m[38;2;236;243;251m[48;2;255;255;255m▀[0m[38;2;95;161;208m[48;2;55;117;167m▀[0m[38;2;255;255;255m[48;2;255;255;255m▀[0m[38;2;33;24;21m[48;2;215;183;167m▀[0m[38;2;0;0;0m[48;2;0;0;0m▀[0m[38;2;0;0;0m[48;2;0;0;0m▀[0m[38;2;0;0;0m[48;2;0;0;0m▀[0m[38;2;2;6;8m[48;2;0;5;4m▀[0m[38;2;0;0;0m[48;2;0;0;0m▀[0m[38;2;1;0;0m[48;2;0;0;0m▀[0m[38;2;23;9;7m[48;2;5;18;29m▀[0m
[38;2;3;0;2m[48;2;0;2;3m▀[0m[38;2;0;0;1m[48;2;0;1;0m▀[0m[38;2;2;1;2m[48;2;0;0;0m▀[0m[38;2;3;8;13m[48;2;3;5;6m▀[0m[38;2;0;3;5m[48;2;2;4;5m▀[0m[38;2;0;5;7m[48;2;0;0;2m▀[0m[38;2;0;0;0m[48;2;0;0;0m▀[0m[38;2;0;0;0m[48;2;0;0;0m▀[0m[38;2;5;1;0m[48;2;143;90;66m▀[0m[38;2;255;243;217m[48;2;201;231;243m▀[0m[38;2;247;255;255m[48;2;118;160;187m▀[0m[38;2;27;109;157m[48;2;93;89;101m▀[0m[38;2;255;255;255m[48;2;255;255;255m▀[0m[38;2;255;255;255m[48;2;255;255;247m▀[0m[38;2;168;202;205m[48;2;8;42;69m▀[0m[38;2;236;177;166m[48;2;28;0;2m▀[0m[38;2;255;0;0m[48;2;36;0;0m▀[0m[38;2;255;0;0m[48;2;71;0;16m▀[0m[38;2;175;0;0m[48;2;167;0;0m▀[0m[38;2;0;38;110m[48;2;146;0;0m▀[0m[38;2;239;0;0m[48;2;255;0;0m▀[0m[38;2;255;0;0m[48;2;65;0;0m▀[0m[38;2;191;160;148m[48;2;20;30;53m▀[0m[38;2;212;217;205m[48;2;0;0;17m▀[0m[38;2;196;185;171m[48;2;0;0;0m▀[0m[38;2;255;255;255m[48;2;147;113;99m▀[0m[38;2;172;183;202m[48;2;255;255;255m▀[0m[38;2;66;137;192m[48;2;0;142;253m▀[0m[38;2;255;255;255m[48;2;0;218;255m▀[0m[38;2;132;95;77m[48;2;224;226;226m▀[0m[38;2;26;14;9m[48;2;128;89;76m▀[0m[38;2;0;0;0m[48;2;0;0;0m▀[0m[38;2;0;0;0m[48;2;0;0;0m▀[0m[38;2;0;0;0m[48;2;0;0;0m▀[0m[38;2;8;5;9m[48;2;6;15;23m▀[0m[38;2;3;25;40m[48;2;35;19;30m▀[0m
[38;2;34;2;2m[48;2;27;18;28m▀[0m[38;2;0;0;0m[48;2;32;0;0m▀[0m[38;2;0;0;0m[48;2;0;0;0m▀[0m[38;2;2;2;3m[48;2;2;4;5m▀[0m[38;2;2;5;6m[48;2;0;4;5m▀[0m[38;2;0;0;0m[48;2;0;0;0m▀[0m[38;2;0;0;0m[48;2;23;16;15m▀[0m[38;2;46;1;0m[48;2;132;59;28m▀[0m[38;2;71;83;94m[48;2;0;82;140m▀[0m[38;2;0;241;255m[48;2;0;255;255m▀[0m[38;2;0;201;255m[48;2;0;217;255m▀[0m[38;2;70;88;105m[48;2;0;149;255m▀[0m[38;2;255;255;236m[48;2;255;255;249m▀[0m[38;2;253;219;199m[48;2;205;127;102m▀[0m[38;2;0;0;27m[48;2;0;36;114m▀[0m[38;2;0;105;165m[48;2;0;221;255m▀[0m[38;2;0;72;123m[48;2;0;234;255m▀[0m[38;2;0;36;105m[48;2;0;158;249m▀[0m[38;2;0;52;122m[48;2;0;157;252m▀[0m[38;2;255;0;0m[48;2;223;3;21m▀[0m[38;2;255;0;0m[48;2;255;0;0m▀[0m[38;2;15;25;72m[48;2;255;0;0m▀[0m[38;2;0;43;121m[48;2;0;117;216m▀[0m[38;2;0;43;123m[48;2;0;222;255m▀[0m[38;2;0;127;240m[48;2;0;217;255m▀[0m[38;2;0;34;96m[48;2;59;94;160m▀[0m[38;2;255;228;191m[48;2;16;58;113m▀[0m[38;2;203;248;255m[48;2;255;214;174m▀[0m[38;2;0;208;255m[48;2;43;198;255m▀[0m[38;2;43;210;255m[48;2;0;242;255m▀[0m[38;2;117;45;18m[48;2;204;133;106m▀[0m[38;2;0;0;0m[48;2;0;0;0m▀[0m[38;2;0;0;0m[48;2;0;0;0m▀[0m[38;2;0;0;0m[48;2;4;9;15m▀[0m[38;2;0;25;35m[48;2;36;20;28m▀[0m[38;2;84;4;6m[48;2;50;0;0m▀[0m
[38;2;0;31;45m[48;2;85;15;19m▀[0m[38;2;38;6;9m[48;2;0;26;42m▀[0m[38;2;0;0;0m[48;2;26;0;0m▀[0m[38;2;0;7;14m[48;2;0;7;11m▀[0m[38;2;0;1;3m[48;2;0;5;9m▀[0m[38;2;0;0;0m[48;2;0;0;0m▀[0m[38;2;4;0;0m[48;2;0;0;0m▀[0m[38;2;58;0;0m[48;2;128;48;17m▀[0m[38;2;0;128;210m[48;2;4;221;255m▀[0m[38;2;0;240;255m[48;2;0;226;255m▀[0m[38;2;0;197;255m[48;2;0;174;255m▀[0m[38;2;0;165;255m[48;2;61;134;186m▀[0m[38;2;255;255;253m[48;2;255;255;246m▀[0m[38;2;78;108;126m[48;2;0;202;255m▀[0m[38;2;0;192;255m[48;2;0;175;255m▀[0m[38;2;0;249;255m[48;2;0;53;129m▀[0m[38;2;0;207;255m[48;2;0;132;214m▀[0m[38;2;6;192;255m[48;2;79;255;255m▀[0m[38;2;255;7;25m[48;2;12;255;255m▀[0m[38;2;255;0;0m[48;2;0;147;212m▀[0m[38;2;255;151;131m[48;2;255;0;0m▀[0m[38;2;255;255;255m[48;2;255;130;110m▀[0m[38;2;255;0;0m[48;2;255;0;0m▀[0m[38;2;255;0;0m[48;2;255;0;0m▀[0m[38;2;255;0;0m[48;2;83;95;153m▀[0m[38;2;255;0;0m[48;2;150;193;211m▀[0m[38;2;0;207;255m[48;2;0;255;255m▀[0m[38;2;0;193;255m[48;2;0;211;255m▀[0m[38;2;40;162;206m[48;2;0;193;255m▀[0m[38;2;0;159;255m[48;2;0;66;150m▀[0m[38;2;255;255;255m[48;2;182;179;196m▀[0m[38;2;33;5;0m[48;2;148;110;88m▀[0m[38;2;0;0;0m[48;2;0;0;0m▀[0m[38;2;0;14;24m[48;2;19;6;14m▀[0m[38;2;72;6;7m[48;2;52;0;0m▀[0m[38;2;0;0;0m[48;2;0;2;8m▀[0m
[38;2;71;0;0m[48;2;0;0;0m▀[0m[38;2;41;25;34m[48;2;83;5;5m▀[0m[38;2;0;11;15m[48;2;12;26;37m▀[0m[38;2;10;5;8m[48;2;8;11;17m▀[0m[38;2;0;7;10m[48;2;0;3;3m▀[0m[38;2;0;0;0m[48;2;0;0;0m▀[0m[38;2;0;0;0m[48;2;0;0;0m▀[0m[38;2;194;129;103m[48;2;181;118;96m▀[0m[38;2;0;243;255m[48;2;0;211;255m▀[0m[38;2;0;218;255m[48;2;0;216;255m▀[0m[38;2;0;169;255m[48;2;0;182;255m▀[0m[38;2;143;118;112m[48;2;196;174;165m▀[0m[38;2;253;255;255m[48;2;116;221;253m▀[0m[38;2;0;181;255m[48;2;0;197;255m▀[0m[38;2;0;30;97m[48;2;0;108;202m▀[0m[38;2;0;28;107m[48;2;0;152;235m▀[0m[38;2;54;174;233m[48;2;0;183;255m▀[0m[38;2;0;228;255m[48;2;0;195;255m▀[0m[38;2;0;230;255m[48;2;0;230;255m▀[0m[38;2;0;255;255m[48;2;81;117;181m▀[0m[38;2;4;136;221m[48;2;97;105;163m▀[0m[38;2;255;0;0m[48;2;255;0;0m▀[0m[38;2;255;0;0m[48;2;255;0;0m▀[0m[38;2;0;176;255m[48;2;169;49;75m▀[0m[38;2;0;218;255m[48;2;255;0;0m▀[0m[38;2;4;168;251m[48;2;0;156;242m▀[0m[38;2;0;229;255m[48;2;0;229;255m▀[0m[38;2;0;199;255m[48;2;0;199;255m▀[0m[38;2;0;229;255m[48;2;0;203;255m▀[0m[38;2;0;139;243m[48;2;0;197;255m▀[0m[38;2;42;84;137m[48;2;0;130;220m▀[0m[38;2;255;227;195m[48;2;255;255;255m▀[0m[38;2;0;11;13m[48;2;61;36;27m▀[0m[38;2;42;0;0m[48;2;30;0;0m▀[0m[38;2;2;0;0m[48;2;0;2;4m▀[0m[38;2;0;7;12m[48;2;0;6;10m▀[0m
