wide,38,21,255,160,158
wide,34,31,255,205,198
wide,38,45,248,241,243
wide,38,31,255,255,255
wide,38,28,255,255,255
wide,38,16,255,255,255
wide,40,41,255,255,255
wide,36,39,255,255,255
wide,37,35,247,248,248
punch,36,21,247,195,193
punch,38,33,255,255,255
punch,38,28,255,255,255
punch,38,15,255,255,255
punch,38,8,255,255,255
punch,38,37,245,244,245
punch,39,40,255,255,255
punch,36,45,255,255,255
punch,41,46,255,255,255
strip,23,4,254,207,203
strip,21,13,255,247,247
strip,33,9,255,255,255
strip,32,11,255,255,255
strip,32,7,255,255,255
strip,29,11,255,255,255
