[38;2;0;0;0m[48;2;0;0;0m▀[0m[38;2;0;0;0m[48;2;0;0;0m▀[0m[38;2;3;6;6m[48;2;6;8;9m▀[0m[38;2;0;0;0m[48;2;6;8;8m▀[0m[38;2;0;0;0m[48;2;0;0;0m▀[0m[38;2;0;0;0m[48;2;0;0;0m▀[0m[38;2;0;0;0m[48;2;0;0;0m▀[0m[38;2;255;255;255m[48;2;255;255;255m▀[0m[38;2;136;130;134m[48;2;248;248;244m▀[0m[38;2;175;202;211m[48;2;64;80;82m▀[0m[38;2;230;250;255m[48;2;200;212;215m▀[0m[38;2;213;237;239m[48;2;183;193;198m▀[0m[38;2;58;68;69m[48;2;81;91;96m▀[0m[38;2;0;0;0m[48;2;0;0;0m▀[0m[38;2;0;0;0m[48;2;0;0;0m▀[0m[38;2;0;0;0m[48;2;0;118;118m▀[0m[38;2;255;0;0m[48;2;255;10;6m▀[0m[38;2;255;0;0m[48;2;255;0;0m▀[0m[38;2;247;0;0m[48;2;255;0;0m▀[0m[38;2;0;0;3m[48;2;255;0;0m▀[0m[38;2;255;0;0m[48;2;0;3;4m▀[0m[38;2;255;0;0m[48;2;255;0;0m▀[0m[38;2;255;0;0m[48;2;255;0;0m▀[0m[38;2;255;0;0m[48;2;10;4;4m▀[0m[38;2;0;3;3m[48;2;255;0;0m▀[0m[38;2;255;0;0m[48;2;255;0;0m▀[0m[38;2;255;0;0m[48;2;255;0;0m▀[0m[38;2;255;0;0m[48;2;255;0;0m▀[0m[38;2;162;108;109m[48;2;255;255;255m▀[0m[38;2;0;0;0m[48;2;17;125;125m▀[0m[38;2;0;0;0m[48;2;0;0;0m▀[0m[38;2;53;61;59m[48;2;0;0;0m▀[0m[38;2;54;59;61m[48;2;50;54;56m▀[0m[38;2;204;233;234m[48;2;228;255;255m▀[0m[38;2;250;255;255m[48;2;237;255;255m▀[0m[38;2;59;64;63m[48;2;8;10;8m▀[0m[38;2;93;104;114m[48;2;147;156;162m▀[0m[38;2;255;255;255m[48;2;255;255;255m▀[0m[38;2;0;0;0m[48;2;0;0;0m▀[0m[38;2;0;0;0m[48;2;0;0;0m▀[0m[38;2;0;0;0m[48;2;0;0;0m▀[0m[38;2;0;0;0m[48;2;41;50;51m▀[0m[38;2;0;1;1m[48;2;58;70;69m▀[0m[38;2;0;0;0m[48;2;37;46;47m▀[0m
[38;2;0;0;0m[48;2;0;0;0m▀[0m[38;2;4;7;9m[48;2;0;0;0m▀[0m[38;2;32;42;46m[48;2;0;0;0m▀[0m[38;2;57;68;71m[48;2;0;0;0m▀[0m[38;2;41;50;59m[48;2;0;0;0m▀[0m[38;2;0;8;10m[48;2;0;0;0m▀[0m[38;2;0;0;0m[48;2;0;0;0m▀[0m[38;2;82;82;82m[48;2;3;0;0m▀[0m[38;2;253;255;253m[48;2;255;255;255m▀[0m[38;2;74;84;87m[48;2;26;31;34m▀[0m[38;2;254;255;255m[48;2;219;231;233m▀[0m[38;2;187;203;206m[48;2;224;239;242m▀[0m[38;2;86;104;112m[48;2;85;101;106m▀[0m[38;2;0;0;0m[48;2;0;0;0m▀[0m[38;2;0;0;0m[48;2;0;0;0m▀[0m[38;2;175;255;255m[48;2;255;255;255m▀[0m[38;2;239;119;119m[48;2;192;255;255m▀[0m[38;2;255;0;0m[48;2;255;0;0m▀[0m[38;2;255;0;0m[48;2;255;0;0m▀[0m[38;2;255;0;0m[48;2;255;0;0m▀[0m[38;2;247;0;0m[48;2;255;0;0m▀[0m[38;2;0;3;4m[48;2;3;2;3m▀[0m[38;2;229;0;0m[48;2;120;0;0m▀[0m[38;2;0;3;4m[48;2;0;0;0m▀[0m[38;2;255;0;0m[48;2;255;0;0m▀[0m[38;2;255;0;0m[48;2;255;0;0m▀[0m[38;2;255;0;0m[48;2;255;0;0m▀[0m[38;2;255;0;0m[48;2;78;0;0m▀[0m[38;2;255;255;255m[48;2;255;255;255m▀[0m[38;2;178;240;240m[48;2;202;231;229m▀[0m[38;2;0;0;0m[48;2;0;0;0m▀[0m[38;2;0;0;0m[48;2;0;0;0m▀[0m[38;2;47;50;51m[48;2;20;24;26m▀[0m[38;2;255;255;255m[48;2;255;255;255m▀[0m[38;2;136;151;156m[48;2;95;103;113m▀[0m[38;2;0;0;0m[48;2;0;0;0m▀[0m[38;2;246;255;255m[48;2;255;255;255m▀[0m[38;2;233;233;233m[48;2;128;124;124m▀[0m[38;2;0;0;0m[48;2;0;0;0m▀[0m[38;2;0;0;0m[48;2;0;0;0m▀[0m[38;2;17;20;21m[48;2;0;0;0m▀[0m[38;2;25;29;31m[48;2;0;0;0m▀[0m[38;2;12;15;17m[48;2;0;0;0m▀[0m[38;2;0;0;0m[48;2;0;0;0m▀[0m
[38;2;255;255;255m[48;2;255;255;255m▀[0m[38;2;0;0;0m[48;2;148;148;141m▀[0m[38;2;0;0;0m[48;2;0;0;0m▀[0m[38;2;0;0;0m[48;2;0;0;0m▀[0m[38;2;0;0;0m[48;2;2;7;7m▀[0m[38;2;0;1;2m[48;2;6;17;15m▀[0m[38;2;0;0;0m[48;2;0;0;0m▀[0m[38;2;0;0;0m[48;2;0;0;0m▀[0m[38;2;124;135;130m[48;2;68;68;68m▀[0m[38;2;10;21;20m[48;2;35;45;43m▀[0m[38;2;161;170;172m[48;2;109;112;113m▀[0m[38;2;253;255;255m[48;2;252;255;255m▀[0m[38;2;84;90;95m[48;2;39;43;45m▀[0m[38;2;0;0;0m[48;2;0;0;0m▀[0m[38;2;0;0;0m[48;2;0;0;0m▀[0m[38;2;255;255;255m[48;2;255;255;255m▀[0m[38;2;255;255;255m[48;2;255;255;255m▀[0m[38;2;0;0;0m[48;2;0;0;0m▀[0m[38;2;255;0;0m[48;2;10;0;0m▀[0m[38;2;255;0;0m[48;2;0;0;0m▀[0m[38;2;255;0;0m[48;2;0;0;0m▀[0m[38;2;158;0;0m[48;2;0;0;0m▀[0m[38;2;74;0;0m[48;2;136;0;0m▀[0m[38;2;7;0;0m[48;2;0;0;0m▀[0m[38;2;255;0;0m[48;2;0;0;0m▀[0m[38;2;169;0;0m[48;2;0;0;0m▀[0m[38;2;201;0;0m[48;2;67;0;0m▀[0m[38;2;0;0;0m[48;2;0;0;0m▀[0m[38;2;255;255;255m[48;2;255;255;255m▀[0m[38;2;255;255;255m[48;2;255;255;255m▀[0m[38;2;0;0;0m[48;2;21;24;24m▀[0m[38;2;0;0;0m[48;2;0;0;0m▀[0m[38;2;0;0;0m[48;2;0;0;0m▀[0m[38;2;248;255;255m[48;2;212;223;234m▀[0m[38;2;80;86;91m[48;2;54;59;64m▀[0m[38;2;0;0;0m[48;2;0;0;0m▀[0m[38;2;255;255;255m[48;2;255;255;255m▀[0m[38;2;45;41;41m[48;2;0;0;0m▀[0m[38;2;0;0;0m[48;2;0;0;0m▀[0m[38;2;34;40;45m[48;2;0;0;0m▀[0m[38;2;28;34;36m[48;2;0;0;0m▀[0m[38;2;26;32;32m[48;2;0;0;0m▀[0m[38;2;31;45;45m[48;2;0;0;0m▀[0m[38;2;0;0;0m[48;2;153;158;158m▀[0m
[38;2;255;255;255m[48;2;255;255;255m▀[0m[38;2;255;255;255m[48;2;255;255;255m▀[0m[38;2;0;0;0m[48;2;255;255;255m▀[0m[38;2;0;0;0m[48;2;0;0;0m▀[0m[38;2;0;0;0m[48;2;0;0;0m▀[0m[38;2;4;7;9m[48;2;0;0;0m▀[0m[38;2;18;20;20m[48;2;0;0;0m▀[0m[38;2;0;0;0m[48;2;0;0;0m▀[0m[38;2;52;57;47m[48;2;34;34;35m▀[0m[38;2;61;59;59m[48;2;61;64;64m▀[0m[38;2;87;93;95m[48;2;97;102;104m▀[0m[38;2;240;252;255m[48;2;192;202;203m▀[0m[38;2;1;1;2m[48;2;0;0;0m▀[0m[38;2;0;0;0m[48;2;0;0;0m▀[0m[38;2;0;0;0m[48;2;52;54;52m▀[0m[38;2;255;255;255m[48;2;255;255;255m▀[0m[38;2;255;255;255m[48;2;255;255;255m▀[0m[38;2;4;37;37m[48;2;140;158;154m▀[0m[38;2;0;0;0m[48;2;0;0;0m▀[0m[38;2;12;52;52m[48;2;82;109;109m▀[0m[38;2;0;0;0m[48;2;255;255;255m▀[0m[38;2;0;0;0m[48;2;154;191;192m▀[0m[38;2;53;0;0m[48;2;176;118;118m▀[0m[38;2;0;0;0m[48;2;206;255;255m▀[0m[38;2;0;0;0m[48;2;255;255;255m▀[0m[38;2;92;129;131m[48;2;41;59;63m▀[0m[38;2;0;0;0m[48;2;0;0;0m▀[0m[38;2;26;58;61m[48;2;158;169;173m▀[0m[38;2;255;255;255m[48;2;255;255;255m▀[0m[38;2;255;255;255m[48;2;236;241;241m▀[0m[38;2;45;45;45m[48;2;0;3;3m▀[0m[38;2;0;0;0m[48;2;47;51;51m▀[0m[38;2;0;0;0m[48;2;0;0;0m▀[0m[38;2;185;195;200m[48;2;73;76;80m▀[0m[38;2;45;51;56m[48;2;30;34;34m▀[0m[38;2;0;0;0m[48;2;0;0;0m▀[0m[38;2;242;246;245m[48;2;123;128;126m▀[0m[38;2;0;0;0m[48;2;0;0;0m▀[0m[38;2;0;0;0m[48;2;0;0;0m▀[0m[38;2;0;0;2m[48;2;0;0;0m▀[0m[38;2;0;0;0m[48;2;0;0;0m▀[0m[38;2;0;0;0m[48;2;0;0;0m▀[0m[38;2;0;0;0m[48;2;255;255;255m▀[0m[38;2;255;255;255m[48;2;255;255;255m▀[0m
[38;2;255;255;255m[48;2;255;255;255m▀[0m[38;2;255;255;255m[48;2;255;255;255m▀[0m[38;2;255;255;255m[48;2;255;255;255m▀[0m[38;2;115;120;120m[48;2;255;255;255m▀[0m[38;2;0;0;0m[48;2;56;54;54m▀[0m[38;2;0;0;0m[48;2;0;0;0m▀[0m[38;2;0;0;0m[48;2;0;0;0m▀[0m[38;2;0;0;0m[48;2;0;0;0m▀[0m[38;2;2;1;2m[48;2;0;0;0m▀[0m[38;2;54;58;58m[48;2;28;31;31m▀[0m[38;2;104;114;114m[48;2;53;67;67m▀[0m[38;2;46;50;50m[48;2;26;23;28m▀[0m[38;2;0;0;0m[48;2;0;0;0m▀[0m[38;2;0;0;0m[48;2;0;0;0m▀[0m[38;2;58;61;58m[48;2;40;42;40m▀[0m[38;2;136;139;139m[48;2;0;0;0m▀[0m[38;2;255;255;255m[48;2;255;255;255m▀[0m[38;2;178;183;183m[48;2;255;255;255m▀[0m[38;2;0;0;0m[48;2;0;0;0m▀[0m[38;2;0;0;0m[48;2;0;0;0m▀[0m[38;2;54;76;82m[48;2;0;0;0m▀[0m[38;2;255;255;255m[48;2;45;0;0m▀[0m[38;2;255;255;255m[48;2;255;17;10m▀[0m[38;2;255;255;255m[48;2;168;0;0m▀[0m[38;2;0;0;0m[48;2;0;0;0m▀[0m[38;2;0;0;0m[48;2;0;0;0m▀[0m[38;2;0;0;0m[48;2;0;0;0m▀[0m[38;2;253;255;255m[48;2;255;255;255m▀[0m[38;2;255;255;255m[48;2;255;255;255m▀[0m[38;2;112;112;112m[48;2;1;1;1m▀[0m[38;2;0;0;0m[48;2;9;8;8m▀[0m[38;2;31;35;31m[48;2;0;0;0m▀[0m[38;2;0;0;0m[48;2;0;0;0m▀[0m[38;2;0;0;0m[48;2;82;85;85m▀[0m[38;2;0;0;0m[48;2;0;0;0m▀[0m[38;2;8;10;10m[48;2;54;57;59m▀[0m[38;2;85;89;87m[48;2;69;73;71m▀[0m[38;2;0;0;0m[48;2;0;0;0m▀[0m[38;2;0;0;0m[48;2;15;14;15m▀[0m[38;2;0;0;0m[48;2;0;0;0m▀[0m[38;2;0;0;0m[48;2;0;0;0m▀[0m[38;2;45;45;46m[48;2;255;255;255m▀[0m[38;2;255;255;255m[48;2;255;255;255m▀[0m[38;2;255;255;255m[48;2;255;255;255m▀[0m
[38;2;255;255;255m[48;2;255;255;255m▀[0m[38;2;255;255;255m[48;2;255;255;255m▀[0m[38;2;255;255;255m[48;2;255;255;255m▀[0m[38;2;255;255;255m[48;2;255;255;255m▀[0m[38;2;255;255;255m[48;2;255;255;255m▀[0m[38;2;2;2;2m[48;2;255;255;255m▀[0m[38;2;0;0;0m[48;2;0;0;0m▀[0m[38;2;0;0;0m[48;2;0;0;0m▀[0m[38;2;0;0;0m[48;2;0;0;0m▀[0m[38;2;0;0;0m[48;2;0;0;0m▀[0m[38;2;35;43;45m[48;2;15;24;24m▀[0m[38;2;4;3;3m[48;2;0;0;0m▀[0m[38;2;0;0;0m[48;2;130;130;130m▀[0m[38;2;0;0;0m[48;2;255;255;255m▀[0m[38;2;51;51;51m[48;2;255;255;255m▀[0m[38;2;20;23;24m[48;2;254;255;251m▀[0m[38;2;255;255;255m[48;2;255;255;255m▀[0m[38;2;255;255;255m[48;2;255;255;255m▀[0m[38;2;0;0;0m[48;2;0;0;0m▀[0m[38;2;0;0;0m[48;2;0;2;2m▀[0m[38;2;0;0;0m[48;2;0;0;0m▀[0m[38;2;0;0;0m[48;2;0;0;0m▀[0m[38;2;255;0;0m[48;2;178;0;0m▀[0m[38;2;122;0;0m[48;2;0;0;0m▀[0m[38;2;0;0;0m[48;2;0;0;0m▀[0m[38;2;0;0;0m[48;2;17;28;23m▀[0m[38;2;0;0;0m[48;2;28;32;29m▀[0m[38;2;255;255;255m[48;2;255;255;255m▀[0m[38;2;254;254;254m[48;2;226;230;230m▀[0m[38;2;12;15;12m[48;2;111;111;111m▀[0m[38;2;1;1;1m[48;2;255;255;255m▀[0m[38;2;68;68;68m[48;2;255;255;255m▀[0m[38;2;54;54;54m[48;2;255;255;255m▀[0m[38;2;0;0;0m[48;2;140;140;140m▀[0m[38;2;0;0;0m[48;2;0;0;0m▀[0m[38;2;71;76;76m[48;2;101;104;104m▀[0m[38;2;34;36;36m[48;2;0;0;0m▀[0m[38;2;0;0;0m[48;2;0;0;0m▀[0m[38;2;0;0;0m[48;2;0;0;0m▀[0m[38;2;0;0;0m[48;2;215;218;219m▀[0m[38;2;255;255;255m[48;2;255;255;255m▀[0m[38;2;255;255;255m[48;2;255;255;255m▀[0m[38;2;255;255;255m[48;2;255;255;255m▀[0m[38;2;255;255;255m[48;2;255;255;255m▀[0m
[38;2;255;255;255m[48;2;255;255;255m▀[0m[38;2;255;255;255m[48;2;255;255;255m▀[0m[38;2;255;255;255m[48;2;255;255;255m▀[0m[38;2;255;255;255m[48;2;197;201;196m▀[0m[38;2;247;251;247m[48;2;0;0;0m▀[0m[38;2;255;255;255m[48;2;255;255;255m▀[0m[38;2;198;197;197m[48;2;255;255;255m▀[0m[38;2;0;0;0m[48;2;0;0;0m▀[0m[38;2;0;0;0m[48;2;0;0;0m▀[0m[38;2;0;0;0m[48;2;0;0;0m▀[0m[38;2;0;0;0m[48;2;0;0;0m▀[0m[38;2;0;0;0m[48;2;178;178;180m▀[0m[38;2;255;255;255m[48;2;255;255;255m▀[0m[38;2;255;255;255m[48;2;255;255;255m▀[0m[38;2;255;255;255m[48;2;255;255;255m▀[0m[38;2;255;255;255m[48;2;0;0;0m▀[0m[38;2;162;162;163m[48;2;10;10;14m▀[0m[38;2;255;255;255m[48;2;255;255;255m▀[0m[38;2;187;187;187m[48;2;103;107;107m▀[0m[38;2;255;255;255m[48;2;255;255;255m▀[0m[38;2;255;255;255m[48;2;255;255;255m▀[0m[38;2;20;62;63m[48;2;156;200;193m▀[0m[38;2;0;0;0m[48;2;15;0;0m▀[0m[38;2;0;0;0m[48;2;118;131;129m▀[0m[38;2;255;255;255m[48;2;211;237;236m▀[0m[38;2;255;255;255m[48;2;29;42;40m▀[0m[38;2;233;235;235m[48;2;201;204;208m▀[0m[38;2;255;255;255m[48;2;233;239;235m▀[0m[38;2;82;82;82m[48;2;89;93;89m▀[0m[38;2;184;189;184m[48;2;0;0;0m▀[0m[38;2;255;255;255m[48;2;255;255;255m▀[0m[38;2;255;255;255m[48;2;255;255;255m▀[0m[38;2;255;255;255m[48;2;255;255;255m▀[0m[38;2;255;255;255m[48;2;255;255;255m▀[0m[38;2;0;0;0m[48;2;71;68;71m▀[0m[38;2;37;35;40m[48;2;0;0;0m▀[0m[38;2;0;0;0m[48;2;0;0;0m▀[0m[38;2;0;0;0m[48;2;0;0;0m▀[0m[38;2;0;0;0m[48;2;255;255;255m▀[0m[38;2;255;255;255m[48;2;255;255;255m▀[0m[38;2;255;255;255m[48;2;80;82;84m▀[0m[38;2;255;255;255m[48;2;255;255;255m▀[0m[38;2;255;255;255m[48;2;255;255;255m▀[0m[38;2;255;255;255m[48;2;255;255;255m▀[0m
[38;2;255;255;255m[48;2;184;187;190m▀[0m[38;2;255;255;255m[48;2;91;89;93m▀[0m[38;2;222;224;225m[48;2;0;0;0m▀[0m[38;2;0;0;0m[48;2;219;224;220m▀[0m[38;2;0;0;0m[48;2;178;181;181m▀[0m[38;2;255;255;255m[48;2;255;255;255m▀[0m[38;2;255;255;255m[48;2;255;255;255m▀[0m[38;2;74;76;78m[48;2;255;255;255m▀[0m[38;2;0;0;0m[48;2;0;0;0m▀[0m[38;2;0;0;0m[48;2;0;0;0m▀[0m[38;2;0;0;0m[48;2;0;0;0m▀[0m[38;2;255;255;255m[48;2;255;255;255m▀[0m[38;2;255;255;255m[48;2;255;255;255m▀[0m[38;2;255;255;255m[48;2;255;255;255m▀[0m[38;2;79;85;84m[48;2;0;0;0m▀[0m[38;2;0;0;0m[48;2;117;117;117m▀[0m[38;2;233;235;233m[48;2;241;248;246m▀[0m[38;2;223;229;224m[48;2;255;255;255m▀[0m[38;2;255;255;255m[48;2;255;255;255m▀[0m[38;2;124;151;151m[48;2;255;255;255m▀[0m[38;2;255;255;255m[48;2;255;255;255m▀[0m[38;2;255;255;255m[48;2;255;255;255m▀[0m[38;2;255;153;150m[48;2;255;255;255m▀[0m[38;2;255;255;255m[48;2;255;255;255m▀[0m[38;2;255;255;255m[48;2;255;255;255m▀[0m[38;2;187;208;208m[48;2;172;255;255m▀[0m[38;2;203;223;223m[48;2;255;255;255m▀[0m[38;2;239;250;250m[48;2;255;255;255m▀[0m[38;2;255;255;255m[48;2;255;255;255m▀[0m[38;2;40;43;40m[48;2;255;255;255m▀[0m[38;2;0;0;0m[48;2;0;0;0m▀[0m[38;2;255;255;255m[48;2;0;0;0m▀[0m[38;2;255;255;255m[48;2;255;255;255m▀[0m[38;2;255;255;255m[48;2;255;255;255m▀[0m[38;2;204;208;208m[48;2;255;255;255m▀[0m[38;2;0;0;0m[48;2;0;0;0m▀[0m[38;2;0;0;0m[48;2;0;0;0m▀[0m[38;2;0;0;0m[48;2;71;71;69m▀[0m[38;2;255;255;255m[48;2;255;255;255m▀[0m[38;2;255;255;255m[48;2;255;255;255m▀[0m[38;2;0;0;0m[48;2;62;64;62m▀[0m[38;2;245;248;245m[48;2;46;48;48m▀[0m[38;2;255;255;255m[48;2;200;202;202m▀[0m[38;2;255;255;255m[48;2;255;255;255m▀[0m
[38;2;0;0;0m[48;2;0;0;0m▀[0m[38;2;0;0;0m[48;2;0;0;0m▀[0m[38;2;70;68;63m[48;2;178;175;173m▀[0m[38;2;255;255;255m[48;2;178;175;173m▀[0m[38;2;255;255;255m[48;2;70;95;96m▀[0m[38;2;255;255;255m[48;2;43;82;84m▀[0m[38;2;255;255;255m[48;2;28;69;64m▀[0m[38;2;255;255;255m[48;2;112;126;130m▀[0m[38;2;0;0;0m[48;2;34;25;25m▀[0m[38;2;0;0;0m[48;2;0;0;0m▀[0m[38;2;0;0;0m[48;2;0;0;0m▀[0m[38;2;255;255;255m[48;2;255;255;255m▀[0m[38;2;255;255;255m[48;2;255;255;255m▀[0m[38;2;111;113;113m[48;2;56;54;54m▀[0m[38;2;64;64;62m[48;2;68;71;71m▀[0m[38;2;255;255;255m[48;2;255;255;255m▀[0m[38;2;255;255;255m[48;2;255;255;255m▀[0m[38;2;255;255;255m[48;2;255;255;255m▀[0m[38;2;255;255;255m[48;2;255;255;255m▀[0m[38;2;255;207;200m[48;2;255;255;255m▀[0m[38;2;255;230;229m[48;2;255;148;139m▀[0m[38;2;255;225;226m[48;2;255;0;0m▀[0m[38;2;255;51;47m[48;2;255;0;0m▀[0m[38;2;255;157;151m[48;2;255;0;0m▀[0m[38;2;255;135;131m[48;2;255;0;0m▀[0m[38;2;255;197;184m[48;2;255;3;0m▀[0m[38;2;255;255;255m[48;2;255;255;255m▀[0m[38;2;255;255;255m[48;2;255;255;255m▀[0m[38;2;255;255;255m[48;2;255;255;255m▀[0m[38;2;255;255;255m[48;2;255;255;255m▀[0m[38;2;184;189;187m[48;2;255;255;255m▀[0m[38;2;0;0;0m[48;2;0;0;0m▀[0m[38;2;255;255;255m[48;2;255;255;255m▀[0m[38;2;255;255;255m[48;2;255;255;255m▀[0m[38;2;255;255;255m[48;2;245;251;246m▀[0m[38;2;0;0;0m[48;2;0;0;0m▀[0m[38;2;0;0;0m[48;2;0;0;0m▀[0m[38;2;255;255;255m[48;2;255;255;255m▀[0m[38;2;255;255;255m[48;2;208;202;200m▀[0m[38;2;255;255;255m[48;2;236;241;241m▀[0m[38;2;255;255;255m[48;2;255;255;255m▀[0m[38;2;255;255;255m[48;2;255;255;255m▀[0m[38;2;0;0;0m[48;2;183;181;179m▀[0m[38;2;9;13;17m[48;2;0;0;0m▀[0m
[38;2;0;0;0m[48;2;9;14;15m▀[0m[38;2;2;1;2m[48;2;42;59;64m▀[0m[38;2;32;57;57m[48;2;20;54;64m▀[0m[38;2;19;87;97m[48;2;9;53;64m▀[0m[38;2;23;123;145m[48;2;89;125;128m▀[0m[38;2;4;95;119m[48;2;125;142;145m▀[0m[38;2;3;63;74m[48;2;115;111;109m▀[0m[38;2;0;0;0m[48;2;114;126;126m▀[0m[38;2;0;0;0m[48;2;71;78;84m▀[0m[38;2;0;0;0m[48;2;0;0;0m▀[0m[38;2;0;0;0m[48;2;0;0;0m▀[0m[38;2;255;255;255m[48;2;108;109;106m▀[0m[38;2;255;255;255m[48;2;178;176;174m▀[0m[38;2;103;107;102m[48;2;255;255;255m▀[0m[38;2;255;255;255m[48;2;180;185;187m▀[0m[38;2;255;255;255m[48;2;250;254;255m▀[0m[38;2;255;255;255m[48;2;255;255;255m▀[0m[38;2;255;255;255m[48;2;255;255;255m▀[0m[38;2;255;255;255m[48;2;255;255;255m▀[0m[38;2;255;255;255m[48;2;255;224;220m▀[0m[38;2;255;255;255m[48;2;255;255;255m▀[0m[38;2;255;91;85m[48;2;255;255;255m▀[0m[38;2;255;0;0m[48;2;255;90;87m▀[0m[38;2;255;0;0m[48;2;255;200;198m▀[0m[38;2;255;8;9m[48;2;255;255;255m▀[0m[38;2;255;255;255m[48;2;255;255;255m▀[0m[38;2;255;255;255m[48;2;255;255;255m▀[0m[38;2;255;255;255m[48;2;255;255;255m▀[0m[38;2;255;255;255m[48;2;255;255;255m▀[0m[38;2;255;255;255m[48;2;255;255;255m▀[0m[38;2;255;255;255m[48;2;191;192;189m▀[0m[38;2;255;255;255m[48;2;187;184;184m▀[0m[38;2;134;136;137m[48;2;245;247;247m▀[0m[38;2;255;255;255m[48;2;157;158;154m▀[0m[38;2;220;223;223m[48;2;48;58;62m▀[0m[38;2;0;0;0m[48;2;0;0;0m▀[0m[38;2;0;0;0m[48;2;0;0;0m▀[0m[38;2;0;0;2m[48;2;0;19;19m▀[0m[38;2;0;21;50m[48;2;71;140;154m▀[0m[38;2;24;86;104m[48;2;0;18;20m▀[0m[38;2;62;115;142m[48;2;13;78;95m▀[0m[38;2;0;3;6m[48;2;18;78;95m▀[0m[38;2;81;85;85m[48;2;0;0;0m▀[0m[38;2;0;0;0m[48;2;21;31;29m▀[0m
[38;2;0;0;0m[48;2;0;0;0m▀[0m[38;2;0;0;0m[48;2;159;163;162m▀[0m[38;2;84;82;80m[48;2;255;255;255m▀[0m[38;2;255;255;254m[48;2;255;255;255m▀[0m[38;2;255;255;255m[48;2;255;255;255m▀[0m[38;2;255;255;255m[48;2;255;255;255m▀[0m[38;2;255;255;255m[48;2;255;255;255m▀[0m[38;2;255;255;255m[48;2;255;255;255m▀[0m[38;2;255;255;255m[48;2;255;255;255m▀[0m[38;2;150;146;146m[48;2;255;255;255m▀[0m[38;2;0;0;0m[48;2;45;46;42m▀[0m[38;2;0;0;0m[48;2;0;0;0m▀[0m[38;2;255;255;255m[48;2;255;255;255m▀[0m[38;2;170;176;173m[48;2;195;196;192m▀[0m[38;2;164;178;178m[48;2;255;255;255m▀[0m[38;2;255;255;255m[48;2;255;255;255m▀[0m[38;2;255;255;255m[48;2;255;255;255m▀[0m[38;2;255;255;255m[48;2;255;255;255m▀[0m[38;2;255;255;255m[48;2;255;255;255m▀[0m[38;2;255;255;255m[48;2;255;255;255m▀[0m[38;2;255;245;244m[48;2;255;255;255m▀[0m[38;2;255;255;255m[48;2;255;255;255m▀[0m[38;2;255;255;255m[48;2;255;240;234m▀[0m[38;2;255;255;255m[48;2;255;255;255m▀[0m[38;2;255;255;255m[48;2;255;255;255m▀[0m[38;2;255;255;255m[48;2;255;255;255m▀[0m[38;2;255;255;255m[48;2;255;255;255m▀[0m[38;2;255;255;255m[48;2;255;255;255m▀[0m[38;2;255;255;255m[48;2;255;255;255m▀[0m[38;2;255;255;255m[48;2;255;255;255m▀[0m[38;2;255;255;255m[48;2;255;255;255m▀[0m[38;2;122;126;132m[48;2;229;239;236m▀[0m[38;2;255;255;255m[48;2;255;255;255m▀[0m[38;2;111;113;113m[48;2;255;255;255m▀[0m[38;2;0;0;0m[48;2;0;0;0m▀[0m[38;2;0;0;0m[48;2;255;255;255m▀[0m[38;2;244;244;240m[48;2;255;255;255m▀[0m[38;2;255;255;255m[48;2;255;255;255m▀[0m[38;2;255;255;255m[48;2;255;255;255m▀[0m[38;2;255;255;254m[48;2;255;255;255m▀[0m[38;2;224;214;208m[48;2;255;255;255m▀[0m[38;2;122;134;139m[48;2;255;255;255m▀[0m[38;2;0;0;1m[48;2;255;255;255m▀[0m[38;2;0;0;0m[48;2;3;3;3m▀[0m
[38;2;87;93;89m[48;2;255;255;255m▀[0m[38;2;255;255;255m[48;2;255;255;255m▀[0m[38;2;255;255;255m[48;2;255;255;255m▀[0m[38;2;255;255;255m[48;2;255;255;255m▀[0m[38;2;255;255;255m[48;2;255;255;255m▀[0m[38;2;255;255;255m[48;2;255;255;255m▀[0m[38;2;255;255;255m[48;2;255;255;255m▀[0m[38;2;255;255;255m[48;2;255;255;255m▀[0m[38;2;255;255;255m[48;2;255;255;255m▀[0m[38;2;255;255;255m[48;2;255;255;255m▀[0m[38;2;255;255;255m[48;2;255;255;255m▀[0m[38;2;0;0;0m[48;2;103;102;103m▀[0m[38;2;255;255;255m[48;2;255;255;255m▀[0m[38;2;255;255;255m[48;2;255;255;255m▀[0m[38;2;255;255;255m[48;2;255;255;255m▀[0m[38;2;255;255;255m[48;2;255;255;255m▀[0m[38;2;255;255;255m[48;2;255;255;255m▀[0m[38;2;255;255;255m[48;2;255;255;255m▀[0m[38;2;255;255;255m[48;2;255;255;255m▀[0m[38;2;255;255;255m[48;2;255;255;255m▀[0m[38;2;255;255;255m[48;2;255;255;255m▀[0m[38;2;255;255;255m[48;2;255;255;255m▀[0m[38;2;255;179;175m[48;2;255;255;255m▀[0m[38;2;255;246;245m[48;2;255;255;255m▀[0m[38;2;255;255;255m[48;2;255;255;255m▀[0m[38;2;255;255;255m[48;2;255;255;255m▀[0m[38;2;255;255;255m[48;2;255;255;255m▀[0m[38;2;255;255;255m[48;2;255;255;255m▀[0m[38;2;255;255;255m[48;2;255;255;255m▀[0m[38;2;255;255;255m[48;2;255;255;255m▀[0m[38;2;255;255;255m[48;2;255;255;255m▀[0m[38;2;255;255;255m[48;2;255;255;255m▀[0m[38;2;255;255;255m[48;2;255;255;255m▀[0m[38;2;228;228;228m[48;2;145;145;145m▀[0m[38;2;62;63;59m[48;2;244;245;240m▀[0m[38;2;255;255;255m[48;2;255;255;255m▀[0m[38;2;255;255;255m[48;2;255;255;255m▀[0m[38;2;255;255;255m[48;2;255;255;255m▀[0m[38;2;255;255;255m[48;2;255;255;255m▀[0m[38;2;255;255;255m[48;2;255;255;255m▀[0m[38;2;255;255;255m[48;2;255;255;255m▀[0m[38;2;255;255;255m[48;2;255;255;254m▀[0m[38;2;255;255;255m[48;2;255;255;255m▀[0m[38;2;255;255;255m[48;2;255;255;255m▀[0m
[38;2;255;255;255m[48;2;248;255;255m▀[0m[38;2;255;255;255m[48;2;245;255;254m▀[0m[38;2;255;255;255m[48;2;255;255;255m▀[0m[38;2;255;255;255m[48;2;255;246;241m▀[0m[38;2;255;255;254m[48;2;255;208;206m▀[0m[38;2;255;240;230m[48;2;255;255;255m▀[0m[38;2;255;255;255m[48;2;255;255;255m▀[0m[38;2;255;255;255m[48;2;255;255;255m▀[0m[38;2;255;255;255m[48;2;255;255;255m▀[0m[38;2;255;255;255m[48;2;255;255;255m▀[0m[38;2;255;255;255m[48;2;255;255;255m▀[0m[38;2;255;255;255m[48;2;255;255;255m▀[0m[38;2;95;98;98m[48;2;202;202;202m▀[0m[38;2;255;255;255m[48;2;0;0;0m▀[0m[38;2;255;255;255m[48;2;255;255;255m▀[0m[38;2;255;255;255m[48;2;255;255;255m▀[0m[38;2;255;255;255m[48;2;230;233;230m▀[0m[38;2;255;255;255m[48;2;80;82;82m▀[0m[38;2;255;255;255m[48;2;195;206;203m▀[0m[38;2;211;215;211m[48;2;255;255;255m▀[0m[38;2;253;255;255m[48;2;255;255;255m▀[0m[38;2;255;255;255m[48;2;255;255;255m▀[0m[38;2;255;255;255m[48;2;255;255;255m▀[0m[38;2;255;255;255m[48;2;255;255;255m▀[0m[38;2;255;255;255m[48;2;255;255;255m▀[0m[38;2;255;255;255m[48;2;255;255;255m▀[0m[38;2;236;239;239m[48;2;255;255;255m▀[0m[38;2;255;255;255m[48;2;241;241;241m▀[0m[38;2;255;255;255m[48;2;47;51;47m▀[0m[38;2;255;255;255m[48;2;140;135;139m▀[0m[38;2;255;255;255m[48;2;255;255;255m▀[0m[38;2;255;255;255m[48;2;117;117;120m▀[0m[38;2;255;255;255m[48;2;29;35;35m▀[0m[38;2;156;156;152m[48;2;255;255;255m▀[0m[38;2;255;255;255m[48;2;255;255;255m▀[0m[38;2;255;255;255m[48;2;255;255;255m▀[0m[38;2;255;255;255m[48;2;255;255;255m▀[0m[38;2;255;255;255m[48;2;255;255;255m▀[0m[38;2;255;255;255m[48;2;255;255;255m▀[0m[38;2;255;255;255m[48;2;255;255;255m▀[0m[38;2;255;255;255m[48;2;255;255;255m▀[0m[38;2;255;255;255m[48;2;255;255;255m▀[0m[38;2;251;251;248m[48;2;255;255;255m▀[0m[38;2;250;254;251m[48;2;234;236;234m▀[0m
[38;2;235;246;244m[48;2;236;255;255m▀[0m[38;2;255;255;255m[48;2;255;234;234m▀[0m[38;2;255;236;230m[48;2;255;89;75m▀[0m[38;2;255;213;208m[48;2;255;255;255m▀[0m[38;2;255;255;255m[48;2;255;255;255m▀[0m[38;2;255;255;255m[48;2;255;255;255m▀[0m[38;2;255;255;255m[48;2;255;255;255m▀[0m[38;2;255;255;255m[48;2;255;255;255m▀[0m[38;2;255;255;255m[48;2;255;255;255m▀[0m[38;2;255;255;255m[48;2;255;255;255m▀[0m[38;2;255;255;255m[48;2;255;255;255m▀[0m[38;2;255;255;255m[48;2;255;255;255m▀[0m[38;2;255;255;255m[48;2;255;255;255m▀[0m[38;2;35;40;35m[48;2;255;255;255m▀[0m[38;2;0;0;0m[48;2;0;0;0m▀[0m[38;2;0;0;0m[48;2;0;0;0m▀[0m[38;2;0;0;0m[48;2;255;255;255m▀[0m[38;2;255;255;255m[48;2;255;255;255m▀[0m[38;2;255;255;255m[48;2;255;254;254m▀[0m[38;2;255;255;255m[48;2;255;255;255m▀[0m[38;2;255;255;255m[48;2;255;255;255m▀[0m[38;2;255;255;255m[48;2;255;255;255m▀[0m[38;2;255;255;255m[48;2;255;255;255m▀[0m[38;2;255;255;255m[48;2;255;255;255m▀[0m[38;2;255;255;255m[48;2;255;255;255m▀[0m[38;2;255;255;255m[48;2;255;255;255m▀[0m[38;2;255;255;255m[48;2;255;255;255m▀[0m[38;2;255;255;255m[48;2;255;255;255m▀[0m[38;2;255;255;255m[48;2;255;255;255m▀[0m[38;2;0;0;0m[48;2;255;255;255m▀[0m[38;2;0;0;0m[48;2;0;0;0m▀[0m[38;2;0;0;0m[48;2;201;201;203m▀[0m[38;2;255;255;255m[48;2;255;255;255m▀[0m[38;2;255;255;255m[48;2;255;255;255m▀[0m[38;2;255;255;255m[48;2;255;255;255m▀[0m[38;2;255;255;255m[48;2;255;255;255m▀[0m[38;2;255;255;255m[48;2;255;255;255m▀[0m[38;2;255;255;255m[48;2;255;255;255m▀[0m[38;2;255;255;255m[48;2;255;255;255m▀[0m[38;2;255;255;255m[48;2;255;255;255m▀[0m[38;2;255;255;255m[48;2;255;255;255m▀[0m[38;2;255;255;255m[48;2;255;255;255m▀[0m[38;2;255;255;255m[48;2;255;255;255m▀[0m[38;2;255;255;255m[48;2;255;255;255m▀[0m
[38;2;253;255;255m[48;2;255;255;255m▀[0m[38;2;255;213;213m[48;2;255;255;255m▀[0m[38;2;255;255;255m[48;2;255;255;255m▀[0m[38;2;255;255;255m[48;2;255;255;255m▀[0m[38;2;255;255;255m[48;2;255;255;255m▀[0m[38;2;255;255;255m[48;2;255;255;255m▀[0m[38;2;255;255;255m[48;2;255;255;255m▀[0m[38;2;255;255;255m[48;2;255;255;255m▀[0m[38;2;255;255;255m[48;2;255;255;255m▀[0m[38;2;255;255;255m[48;2;255;255;255m▀[0m[38;2;255;255;255m[48;2;255;255;255m▀[0m[38;2;255;255;255m[48;2;255;255;255m▀[0m[38;2;255;255;255m[48;2;255;255;255m▀[0m[38;2;255;255;255m[48;2;255;255;255m▀[0m[38;2;255;255;255m[48;2;255;255;255m▀[0m[38;2;101;104;104m[48;2;242;242;242m▀[0m[38;2;255;255;255m[48;2;62;68;68m▀[0m[38;2;255;255;255m[48;2;217;225;225m▀[0m[38;2;255;255;255m[48;2;246;251;251m▀[0m[38;2;255;255;255m[48;2;255;255;255m▀[0m[38;2;255;255;255m[48;2;255;255;255m▀[0m[38;2;255;255;255m[48;2;218;237;237m▀[0m[38;2;246;251;251m[48;2;122;128;129m▀[0m[38;2;255;255;255m[48;2;186;189;189m▀[0m[38;2;255;255;255m[48;2;255;255;255m▀[0m[38;2;255;255;255m[48;2;255;255;255m▀[0m[38;2;255;255;255m[48;2;255;255;255m▀[0m[38;2;255;255;255m[48;2;255;255;255m▀[0m[38;2;255;255;255m[48;2;150;153;150m▀[0m[38;2;233;237;233m[48;2;9;13;9m▀[0m[38;2;146;150;150m[48;2;255;255;255m▀[0m[38;2;255;255;255m[48;2;255;255;255m▀[0m[38;2;255;255;255m[48;2;255;255;255m▀[0m[38;2;255;255;255m[48;2;255;255;255m▀[0m[38;2;255;255;255m[48;2;255;255;255m▀[0m[38;2;255;255;255m[48;2;255;255;255m▀[0m[38;2;255;255;255m[48;2;255;255;255m▀[0m[38;2;255;255;255m[48;2;255;255;255m▀[0m[38;2;255;255;255m[48;2;255;255;255m▀[0m[38;2;255;255;255m[48;2;255;255;255m▀[0m[38;2;255;255;255m[48;2;255;255;255m▀[0m[38;2;255;255;255m[48;2;255;255;255m▀[0m[38;2;255;255;252m[48;2;255;255;255m▀[0m[38;2;255;255;255m[48;2;255;214;204m▀[0m
[38;2;255;252;247m[48;2;255;239;234m▀[0m[38;2;255;255;255m[48;2;255;255;255m▀[0m[38;2;255;255;255m[48;2;255;255;255m▀[0m[38;2;255;255;255m[48;2;255;255;255m▀[0m[38;2;255;255;255m[48;2;255;255;255m▀[0m[38;2;255;255;255m[48;2;255;255;255m▀[0m[38;2;255;255;255m[48;2;255;254;244m▀[0m[38;2;255;246;245m[48;2;255;255;255m▀[0m[38;2;255;255;255m[48;2;255;255;255m▀[0m[38;2;255;255;255m[48;2;255;255;255m▀[0m[38;2;255;255;255m[48;2;255;255;255m▀[0m[38;2;255;255;255m[48;2;255;255;255m▀[0m[38;2;255;255;255m[48;2;255;255;255m▀[0m[38;2;255;255;255m[48;2;255;255;255m▀[0m[38;2;255;255;255m[48;2;255;255;255m▀[0m[38;2;255;255;255m[48;2;255;255;255m▀[0m[38;2;102;104;104m[48;2;255;255;255m▀[0m[38;2;253;255;255m[48;2;158;169;173m▀[0m[38;2;255;255;255m[48;2;255;255;255m▀[0m[38;2;255;255;255m[48;2;255;255;247m▀[0m[38;2;255;255;255m[48;2;255;239;228m▀[0m[38;2;255;255;255m[48;2;255;255;255m▀[0m[38;2;255;255;255m[48;2;255;255;255m▀[0m[38;2;255;255;255m[48;2;255;255;255m▀[0m[38;2;255;255;255m[48;2;255;255;255m▀[0m[38;2;255;255;255m[48;2;255;255;255m▀[0m[38;2;255;255;255m[48;2;255;255;255m▀[0m[38;2;255;255;255m[48;2;255;255;255m▀[0m[38;2;183;189;189m[48;2;108;113;113m▀[0m[38;2;230;230;230m[48;2;255;255;255m▀[0m[38;2;255;255;255m[48;2;255;255;255m▀[0m[38;2;255;255;255m[48;2;255;255;255m▀[0m[38;2;255;255;255m[48;2;255;255;255m▀[0m[38;2;255;255;255m[48;2;255;255;255m▀[0m[38;2;255;255;255m[48;2;255;255;255m▀[0m[38;2;255;255;255m[48;2;255;255;255m▀[0m[38;2;255;255;255m[48;2;255;255;255m▀[0m[38;2;255;255;255m[48;2;255;250;245m▀[0m[38;2;255;255;255m[48;2;255;255;255m▀[0m[38;2;255;255;255m[48;2;255;255;255m▀[0m[38;2;255;255;255m[48;2;255;255;255m▀[0m[38;2;255;255;255m[48;2;255;255;255m▀[0m[38;2;255;255;255m[48;2;255;255;255m▀[0m[38;2;255;134;125m[48;2;255;255;255m▀[0m
