[38;2;0;0;0m[48;2;0;0;0m▀[0m[38;2;0;0;0m[48;2;0;0;0m▀[0m[38;2;3;5;5m[48;2;5;7;8m▀[0m[38;2;0;0;0m[48;2;5;7;7m▀[0m[38;2;0;0;0m[48;2;0;0;0m▀[0m[38;2;0;0;0m[48;2;0;0;0m▀[0m[38;2;0;0;0m[48;2;0;0;0m▀[0m[38;2;255;255;255m[48;2;245;245;245m▀[0m[38;2;118;113;116m[48;2;216;216;211m▀[0m[38;2;152;175;183m[48;2;56;69;72m▀[0m[38;2;200;217;223m[48;2;173;184;187m▀[0m[38;2;185;206;207m[48;2;158;168;172m▀[0m[38;2;50;59;60m[48;2;71;79;83m▀[0m[38;2;0;0;0m[48;2;0;0;0m▀[0m[38;2;0;0;0m[48;2;0;0;0m▀[0m[38;2;0;0;0m[48;2;0;102;102m▀[0m[38;2;255;0;0m[48;2;255;9;5m▀[0m[38;2;255;0;0m[48;2;255;0;0m▀[0m[38;2;215;0;0m[48;2;255;0;0m▀[0m[38;2;0;0;3m[48;2;255;0;0m▀[0m[38;2;255;0;0m[48;2;0;3;4m▀[0m[38;2;255;0;0m[48;2;255;0;0m▀[0m[38;2;255;0;0m[48;2;255;0;0m▀[0m[38;2;255;0;0m[48;2;9;4;4m▀[0m[38;2;0;3;3m[48;2;226;0;0m▀[0m[38;2;255;0;0m[48;2;255;0;0m▀[0m[38;2;255;0;0m[48;2;255;0;0m▀[0m[38;2;255;0;0m[48;2;255;0;0m▀[0m[38;2;140;94;95m[48;2;235;225;225m▀[0m[38;2;0;0;0m[48;2;14;109;109m▀[0m[38;2;0;0;0m[48;2;0;0;0m▀[0m[38;2;46;52;51m[48;2;0;0;0m▀[0m[38;2;47;51;52m[48;2;43;47;48m▀[0m[38;2;178;202;203m[48;2;198;225;224m▀[0m[38;2;217;240;239m[48;2;206;224;225m▀[0m[38;2;51;56;55m[48;2;7;9;7m▀[0m[38;2;81;91;99m[48;2;128;135;140m▀[0m[38;2;255;255;255m[48;2;255;255;255m▀[0m[38;2;0;0;0m[48;2;0;0;0m▀[0m[38;2;0;0;0m[48;2;0;0;0m▀[0m[38;2;0;0;0m[48;2;0;0;0m▀[0m[38;2;0;0;0m[48;2;36;43;44m▀[0m[38;2;0;1;1m[48;2;50;61;60m▀[0m[38;2;0;0;0m[48;2;32;40;41m▀[0m
[38;2;0;0;0m[48;2;0;0;0m▀[0m[38;2;4;6;8m[48;2;0;0;0m▀[0m[38;2;28;37;40m[48;2;0;0;0m▀[0m[38;2;49;59;62m[48;2;0;0;0m▀[0m[38;2;36;43;51m[48;2;0;0;0m▀[0m[38;2;0;7;9m[48;2;0;0;0m▀[0m[38;2;0;0;0m[48;2;0;0;0m▀[0m[38;2;72;72;72m[48;2;3;0;0m▀[0m[38;2;220;224;220m[48;2;224;233;228m▀[0m[38;2;64;73;76m[48;2;23;27;29m▀[0m[38;2;221;235;234m[48;2;190;201;202m▀[0m[38;2;163;177;179m[48;2;195;207;210m▀[0m[38;2;75;91;97m[48;2;74;87;92m▀[0m[38;2;0;0;0m[48;2;0;0;0m▀[0m[38;2;0;0;0m[48;2;0;0;0m▀[0m[38;2;152;255;255m[48;2;255;255;255m▀[0m[38;2;207;103;103m[48;2;167;255;255m▀[0m[38;2;255;0;0m[48;2;255;0;0m▀[0m[38;2;255;0;0m[48;2;255;0;0m▀[0m[38;2;255;0;0m[48;2;255;0;0m▀[0m[38;2;215;0;0m[48;2;255;0;0m▀[0m[38;2;0;3;4m[48;2;3;2;3m▀[0m[38;2;199;0;0m[48;2;104;0;0m▀[0m[38;2;0;3;4m[48;2;0;0;0m▀[0m[38;2;255;0;0m[48;2;255;0;0m▀[0m[38;2;255;0;0m[48;2;255;0;0m▀[0m[38;2;255;0;0m[48;2;255;0;0m▀[0m[38;2;255;0;0m[48;2;67;0;0m▀[0m[38;2;255;255;255m[48;2;255;255;255m▀[0m[38;2;154;208;208m[48;2;175;201;199m▀[0m[38;2;0;0;0m[48;2;0;0;0m▀[0m[38;2;0;0;0m[48;2;0;0;0m▀[0m[38;2;41;43;44m[48;2;18;21;23m▀[0m[38;2;225;254;255m[48;2;240;255;255m▀[0m[38;2;118;131;135m[48;2;82;90;98m▀[0m[38;2;0;0;0m[48;2;0;0;0m▀[0m[38;2;214;222;223m[48;2;255;255;255m▀[0m[38;2;202;202;202m[48;2;111;108;108m▀[0m[38;2;0;0;0m[48;2;0;0;0m▀[0m[38;2;0;0;0m[48;2;0;0;0m▀[0m[38;2;14;18;19m[48;2;0;0;0m▀[0m[38;2;22;25;27m[48;2;0;0;0m▀[0m[38;2;10;13;14m[48;2;0;0;0m▀[0m[38;2;0;0;0m[48;2;0;0;0m▀[0m
[38;2;253;250;250m[48;2;255;255;255m▀[0m[38;2;0;0;0m[48;2;129;129;122m▀[0m[38;2;0;0;0m[48;2;0;0;0m▀[0m[38;2;0;0;0m[48;2;0;0;0m▀[0m[38;2;0;0;0m[48;2;2;6;6m▀[0m[38;2;0;1;2m[48;2;5;14;13m▀[0m[38;2;0;0;0m[48;2;0;0;0m▀[0m[38;2;0;0;0m[48;2;0;0;0m▀[0m[38;2;108;117;113m[48;2;59;59;59m▀[0m[38;2;9;19;18m[48;2;30;39;38m▀[0m[38;2;139;148;149m[48;2;95;97;98m▀[0m[38;2;220;230;235m[48;2;219;235;237m▀[0m[38;2;73;78;82m[48;2;33;38;39m▀[0m[38;2;0;0;0m[48;2;0;0;0m▀[0m[38;2;0;0;0m[48;2;0;0;0m▀[0m[38;2;255;255;255m[48;2;255;255;255m▀[0m[38;2;255;255;255m[48;2;255;255;255m▀[0m[38;2;0;0;0m[48;2;0;0;0m▀[0m[38;2;255;0;0m[48;2;9;0;0m▀[0m[38;2;255;0;0m[48;2;0;0;0m▀[0m[38;2;255;0;0m[48;2;0;0;0m▀[0m[38;2;137;0;0m[48;2;0;0;0m▀[0m[38;2;64;0;0m[48;2;118;0;0m▀[0m[38;2;6;0;0m[48;2;0;0;0m▀[0m[38;2;255;0;0m[48;2;0;0;0m▀[0m[38;2;147;0;0m[48;2;0;0;0m▀[0m[38;2;174;0;0m[48;2;58;0;0m▀[0m[38;2;0;0;0m[48;2;0;0;0m▀[0m[38;2;255;255;255m[48;2;255;255;255m▀[0m[38;2;255;255;255m[48;2;255;255;255m▀[0m[38;2;0;0;0m[48;2;19;21;21m▀[0m[38;2;0;0;0m[48;2;0;0;0m▀[0m[38;2;0;0;0m[48;2;0;0;0m▀[0m[38;2;216;231;234m[48;2;184;193;203m▀[0m[38;2;69;75;79m[48;2;47;51;56m▀[0m[38;2;0;0;0m[48;2;0;0;0m▀[0m[38;2;255;255;255m[48;2;255;255;255m▀[0m[38;2;39;36;36m[48;2;0;0;0m▀[0m[38;2;0;0;0m[48;2;0;0;0m▀[0m[38;2;29;34;39m[48;2;0;0;0m▀[0m[38;2;24;29;31m[48;2;0;0;0m▀[0m[38;2;23;28;28m[48;2;0;0;0m▀[0m[38;2;27;39;39m[48;2;0;0;0m▀[0m[38;2;0;0;0m[48;2;133;137;137m▀[0m
[38;2;255;255;255m[48;2;234;234;232m▀[0m[38;2;255;255;255m[48;2;255;255;255m▀[0m[38;2;0;0;0m[48;2;255;255;255m▀[0m[38;2;0;0;0m[48;2;0;0;0m▀[0m[38;2;0;0;0m[48;2;0;0;0m▀[0m[38;2;4;6;8m[48;2;0;0;0m▀[0m[38;2;15;18;18m[48;2;0;0;0m▀[0m[38;2;0;0;0m[48;2;0;0;0m▀[0m[38;2;45;49;41m[48;2;29;29;30m▀[0m[38;2;52;51;51m[48;2;52;56;56m▀[0m[38;2;76;81;82m[48;2;84;89;91m▀[0m[38;2;208;219;224m[48;2;167;175;177m▀[0m[38;2;1;1;2m[48;2;0;0;0m▀[0m[38;2;0;0;0m[48;2;0;0;0m▀[0m[38;2;0;0;0m[48;2;45;47;45m▀[0m[38;2;255;255;255m[48;2;255;255;255m▀[0m[38;2;255;255;255m[48;2;255;255;255m▀[0m[38;2;4;32;32m[48;2;121;137;134m▀[0m[38;2;0;0;0m[48;2;0;0;0m▀[0m[38;2;10;45;45m[48;2;72;95;95m▀[0m[38;2;0;0;0m[48;2;231;255;253m▀[0m[38;2;0;0;0m[48;2;134;166;167m▀[0m[38;2;46;0;0m[48;2;153;102;102m▀[0m[38;2;0;0;0m[48;2;179;232;232m▀[0m[38;2;0;0;0m[48;2;255;255;255m▀[0m[38;2;80;112;114m[48;2;36;51;55m▀[0m[38;2;0;0;0m[48;2;0;0;0m▀[0m[38;2;23;50;52m[48;2;137;147;150m▀[0m[38;2;255;255;255m[48;2;255;255;255m▀[0m[38;2;255;255;255m[48;2;205;209;209m▀[0m[38;2;39;39;39m[48;2;0;3;3m▀[0m[38;2;0;0;0m[48;2;41;44;44m▀[0m[38;2;0;0;0m[48;2;0;0;0m▀[0m[38;2;161;169;173m[48;2;63;66;69m▀[0m[38;2;39;44;48m[48;2;26;29;29m▀[0m[38;2;0;0;0m[48;2;0;0;0m▀[0m[38;2;210;214;213m[48;2;107;111;110m▀[0m[38;2;0;0;0m[48;2;0;0;0m▀[0m[38;2;0;0;0m[48;2;0;0;0m▀[0m[38;2;0;0;2m[48;2;0;0;0m▀[0m[38;2;0;0;0m[48;2;0;0;0m▀[0m[38;2;0;0;0m[48;2;0;0;0m▀[0m[38;2;0;0;0m[48;2;255;255;255m▀[0m[38;2;255;255;255m[48;2;255;255;255m▀[0m
[38;2;228;228;226m[48;2;240;240;238m▀[0m[38;2;255;255;252m[48;2;231;231;228m▀[0m[38;2;255;255;255m[48;2;255;255;255m▀[0m[38;2;100;104;104m[48;2;255;255;255m▀[0m[38;2;0;0;0m[48;2;48;47;47m▀[0m[38;2;0;0;0m[48;2;0;0;0m▀[0m[38;2;0;0;0m[48;2;0;0;0m▀[0m[38;2;0;0;0m[48;2;0;0;0m▀[0m[38;2;2;1;2m[48;2;0;0;0m▀[0m[38;2;47;50;50m[48;2;24;27;27m▀[0m[38;2;91;99;99m[48;2;46;58;58m▀[0m[38;2;40;43;43m[48;2;23;20;24m▀[0m[38;2;0;0;0m[48;2;0;0;0m▀[0m[38;2;0;0;0m[48;2;0;0;0m▀[0m[38;2;50;52;50m[48;2;34;37;34m▀[0m[38;2;118;120;120m[48;2;0;0;0m▀[0m[38;2;255;255;255m[48;2;255;255;255m▀[0m[38;2;154;158;158m[48;2;255;255;255m▀[0m[38;2;0;0;0m[48;2;0;0;0m▀[0m[38;2;0;0;0m[48;2;0;0;0m▀[0m[38;2;47;66;72m[48;2;0;0;0m▀[0m[38;2;255;255;255m[48;2;39;0;0m▀[0m[38;2;255;255;255m[48;2;255;14;9m▀[0m[38;2;255;237;232m[48;2;146;0;0m▀[0m[38;2;0;0;0m[48;2;0;0;0m▀[0m[38;2;0;0;0m[48;2;0;0;0m▀[0m[38;2;0;0;0m[48;2;0;0;0m▀[0m[38;2;220;224;226m[48;2;255;255;255m▀[0m[38;2;255;255;255m[48;2;255;255;255m▀[0m[38;2;97;97;97m[48;2;1;1;1m▀[0m[38;2;0;0;0m[48;2;8;7;7m▀[0m[38;2;27;30;27m[48;2;0;0;0m▀[0m[38;2;0;0;0m[48;2;0;0;0m▀[0m[38;2;0;0;0m[48;2;72;74;74m▀[0m[38;2;0;0;0m[48;2;0;0;0m▀[0m[38;2;7;9;9m[48;2;47;49;51m▀[0m[38;2;74;77;76m[48;2;60;63;62m▀[0m[38;2;0;0;0m[48;2;0;0;0m▀[0m[38;2;0;0;0m[48;2;13;12;13m▀[0m[38;2;0;0;0m[48;2;0;0;0m▀[0m[38;2;0;0;0m[48;2;0;0;0m▀[0m[38;2;39;39;40m[48;2;255;255;255m▀[0m[38;2;255;255;255m[48;2;255;255;255m▀[0m[38;2;255;255;255m[48;2;231;231;228m▀[0m
[38;2;246;246;244m[48;2;255;255;255m▀[0m[38;2;240;240;240m[48;2;252;251;252m▀[0m[38;2;235;235;227m[48;2;238;241;238m▀[0m[38;2;255;255;255m[48;2;239;242;237m▀[0m[38;2;255;255;255m[48;2;255;255;255m▀[0m[38;2;2;2;2m[48;2;255;255;255m▀[0m[38;2;0;0;0m[48;2;0;0;0m▀[0m[38;2;0;0;0m[48;2;0;0;0m▀[0m[38;2;0;0;0m[48;2;0;0;0m▀[0m[38;2;0;0;0m[48;2;0;0;0m▀[0m[38;2;30;38;39m[48;2;13;21;21m▀[0m[38;2;4;3;3m[48;2;0;0;0m▀[0m[38;2;0;0;0m[48;2;113;113;113m▀[0m[38;2;0;0;0m[48;2;255;255;255m▀[0m[38;2;44;44;44m[48;2;255;255;255m▀[0m[38;2;18;20;21m[48;2;221;222;218m▀[0m[38;2;255;255;255m[48;2;255;255;255m▀[0m[38;2;255;255;255m[48;2;255;255;255m▀[0m[38;2;0;0;0m[48;2;0;0;0m▀[0m[38;2;0;0;0m[48;2;0;2;2m▀[0m[38;2;0;0;0m[48;2;0;0;0m▀[0m[38;2;0;0;0m[48;2;0;0;0m▀[0m[38;2;255;0;0m[48;2;154;0;0m▀[0m[38;2;105;0;0m[48;2;0;0;0m▀[0m[38;2;0;0;0m[48;2;0;0;0m▀[0m[38;2;0;0;0m[48;2;14;24;20m▀[0m[38;2;0;0;0m[48;2;24;28;25m▀[0m[38;2;255;255;255m[48;2;255;255;255m▀[0m[38;2;221;221;221m[48;2;197;200;200m▀[0m[38;2;10;13;10m[48;2;96;96;96m▀[0m[38;2;1;1;1m[48;2;255;255;255m▀[0m[38;2;59;59;59m[48;2;255;255;255m▀[0m[38;2;47;47;47m[48;2;255;255;255m▀[0m[38;2;0;0;0m[48;2;121;121;121m▀[0m[38;2;0;0;0m[48;2;0;0;0m▀[0m[38;2;62;66;66m[48;2;87;91;91m▀[0m[38;2;29;31;31m[48;2;0;0;0m▀[0m[38;2;0;0;0m[48;2;0;0;0m▀[0m[38;2;0;0;0m[48;2;0;0;0m▀[0m[38;2;0;0;0m[48;2;187;189;190m▀[0m[38;2;255;255;255m[48;2;255;255;255m▀[0m[38;2;255;255;255m[48;2;243;245;243m▀[0m[38;2;250;250;250m[48;2;233;235;233m▀[0m[38;2;246;241;240m[48;2;255;255;255m▀[0m
[38;2;255;255;255m[48;2;255;255;255m▀[0m[38;2;255;255;255m[48;2;255;255;255m▀[0m[38;2;251;250;248m[48;2;255;255;255m▀[0m[38;2;255;255;255m[48;2;171;174;170m▀[0m[38;2;215;218;215m[48;2;0;0;0m▀[0m[38;2;255;255;255m[48;2;255;255;255m▀[0m[38;2;172;171;171m[48;2;255;255;255m▀[0m[38;2;0;0;0m[48;2;0;0;0m▀[0m[38;2;0;0;0m[48;2;0;0;0m▀[0m[38;2;0;0;0m[48;2;0;0;0m▀[0m[38;2;0;0;0m[48;2;0;0;0m▀[0m[38;2;0;0;0m[48;2;154;154;156m▀[0m[38;2;255;255;255m[48;2;255;255;255m▀[0m[38;2;255;255;255m[48;2;255;255;255m▀[0m[38;2;255;255;255m[48;2;255;255;255m▀[0m[38;2;226;225;225m[48;2;0;0;0m▀[0m[38;2;140;140;142m[48;2;9;9;12m▀[0m[38;2;255;255;255m[48;2;255;255;255m▀[0m[38;2;163;163;163m[48;2;90;93;93m▀[0m[38;2;241;245;241m[48;2;235;241;240m▀[0m[38;2;255;255;255m[48;2;238;253;255m▀[0m[38;2;18;54;55m[48;2;135;173;168m▀[0m[38;2;0;0;0m[48;2;13;0;0m▀[0m[38;2;0;0;0m[48;2;102;114;112m▀[0m[38;2;224;249;248m[48;2;183;206;205m▀[0m[38;2;255;255;255m[48;2;25;37;34m▀[0m[38;2;202;204;204m[48;2;174;178;181m▀[0m[38;2;255;255;255m[48;2;202;207;204m▀[0m[38;2;72;72;72m[48;2;77;81;77m▀[0m[38;2;160;164;160m[48;2;0;0;0m▀[0m[38;2;255;255;255m[48;2;223;223;225m▀[0m[38;2;255;255;255m[48;2;255;255;255m▀[0m[38;2;255;255;255m[48;2;255;255;255m▀[0m[38;2;255;255;255m[48;2;255;255;255m▀[0m[38;2;0;0;0m[48;2;62;59;62m▀[0m[38;2;32;30;34m[48;2;0;0;0m▀[0m[38;2;0;0;0m[48;2;0;0;0m▀[0m[38;2;0;0;0m[48;2;0;0;0m▀[0m[38;2;0;0;0m[48;2;249;248;248m▀[0m[38;2;255;255;255m[48;2;255;255;255m▀[0m[38;2;255;255;255m[48;2;69;72;73m▀[0m[38;2;237;236;234m[48;2;255;255;255m▀[0m[38;2;253;255;253m[48;2;255;255;255m▀[0m[38;2;255;255;255m[48;2;255;255;255m▀[0m
[38;2;255;255;255m[48;2;160;163;165m▀[0m[38;2;255;255;255m[48;2;79;77;81m▀[0m[38;2;192;195;196m[48;2;0;0;0m▀[0m[38;2;0;0;0m[48;2;190;195;191m▀[0m[38;2;0;0;0m[48;2;154;157;157m▀[0m[38;2;255;255;255m[48;2;255;255;255m▀[0m[38;2;255;255;255m[48;2;255;255;255m▀[0m[38;2;64;66;67m[48;2;255;255;255m▀[0m[38;2;0;0;0m[48;2;0;0;0m▀[0m[38;2;0;0;0m[48;2;0;0;0m▀[0m[38;2;0;0;0m[48;2;0;0;0m▀[0m[38;2;255;255;255m[48;2;255;255;255m▀[0m[38;2;255;255;255m[48;2;255;255;255m▀[0m[38;2;255;255;255m[48;2;250;253;255m▀[0m[38;2;68;74;73m[48;2;0;0;0m▀[0m[38;2;0;0;0m[48;2;101;101;101m▀[0m[38;2;202;204;202m[48;2;209;216;214m▀[0m[38;2;193;199;195m[48;2;255;255;255m▀[0m[38;2;255;255;255m[48;2;255;255;255m▀[0m[38;2;108;131;131m[48;2;255;255;255m▀[0m[38;2;255;255;255m[48;2;255;255;255m▀[0m[38;2;255;255;255m[48;2;255;255;255m▀[0m[38;2;255;133;130m[48;2;255;251;248m▀[0m[38;2;255;255;255m[48;2;255;255;255m▀[0m[38;2;255;255;255m[48;2;255;255;255m▀[0m[38;2;163;181;181m[48;2;149;231;227m▀[0m[38;2;177;193;193m[48;2;255;255;255m▀[0m[38;2;207;217;217m[48;2;255;255;255m▀[0m[38;2;239;244;241m[48;2;255;255;255m▀[0m[38;2;34;38;34m[48;2;255;255;255m▀[0m[38;2;0;0;0m[48;2;0;0;0m▀[0m[38;2;255;255;255m[48;2;0;0;0m▀[0m[38;2;255;255;255m[48;2;255;255;255m▀[0m[38;2;255;255;255m[48;2;255;255;255m▀[0m[38;2;178;181;181m[48;2;239;242;242m▀[0m[38;2;0;0;0m[48;2;0;0;0m▀[0m[38;2;0;0;0m[48;2;0;0;0m▀[0m[38;2;0;0;0m[48;2;62;62;60m▀[0m[38;2;255;255;255m[48;2;255;255;255m▀[0m[38;2;255;255;255m[48;2;244;246;246m▀[0m[38;2;0;0;0m[48;2;54;56;54m▀[0m[38;2;213;216;213m[48;2;40;42;42m▀[0m[38;2;255;255;255m[48;2;173;175;175m▀[0m[38;2;255;255;255m[48;2;255;255;255m▀[0m
[38;2;0;0;0m[48;2;0;0;0m▀[0m[38;2;0;0;0m[48;2;0;0;0m▀[0m[38;2;61;59;55m[48;2;154;152;150m▀[0m[38;2;255;255;255m[48;2;154;152;150m▀[0m[38;2;255;255;255m[48;2;61;82;83m▀[0m[38;2;255;255;255m[48;2;38;72;73m▀[0m[38;2;255;255;255m[48;2;24;60;56m▀[0m[38;2;255;255;255m[48;2;97;110;113m▀[0m[38;2;0;0;0m[48;2;29;22;22m▀[0m[38;2;0;0;0m[48;2;0;0;0m▀[0m[38;2;0;0;0m[48;2;0;0;0m▀[0m[38;2;255;255;255m[48;2;255;255;255m▀[0m[38;2;255;255;255m[48;2;255;255;255m▀[0m[38;2;96;98;98m[48;2;48;47;47m▀[0m[38;2;56;56;54m[48;2;59;62;62m▀[0m[38;2;234;237;237m[48;2;255;255;255m▀[0m[38;2;255;255;255m[48;2;255;255;255m▀[0m[38;2;255;255;255m[48;2;255;255;255m▀[0m[38;2;255;255;255m[48;2;253;255;255m▀[0m[38;2;255;180;173m[48;2;253;255;255m▀[0m[38;2;255;200;199m[48;2;255;129;120m▀[0m[38;2;255;196;197m[48;2;255;0;0m▀[0m[38;2;255;44;41m[48;2;255;0;0m▀[0m[38;2;255;136;131m[48;2;255;0;0m▀[0m[38;2;255;117;114m[48;2;255;0;0m▀[0m[38;2;255;171;160m[48;2;255;3;0m▀[0m[38;2;255;242;231m[48;2;255;255;255m▀[0m[38;2;255;255;255m[48;2;255;255;255m▀[0m[38;2;255;255;255m[48;2;255;255;255m▀[0m[38;2;255;255;255m[48;2;255;255;255m▀[0m[38;2;160;164;163m[48;2;241;245;244m▀[0m[38;2;0;0;0m[48;2;0;0;0m▀[0m[38;2;255;255;255m[48;2;236;235;236m▀[0m[38;2;255;255;255m[48;2;255;255;255m▀[0m[38;2;238;244;239m[48;2;213;218;214m▀[0m[38;2;0;0;0m[48;2;0;0;0m▀[0m[38;2;0;0;0m[48;2;0;0;0m▀[0m[38;2;255;255;255m[48;2;241;238;240m▀[0m[38;2;255;255;255m[48;2;181;175;173m▀[0m[38;2;255;255;255m[48;2;205;209;209m▀[0m[38;2;255;255;255m[48;2;255;255;255m▀[0m[38;2;255;255;255m[48;2;255;255;255m▀[0m[38;2;0;0;0m[48;2;158;157;155m▀[0m[38;2;8;11;14m[48;2;0;0;0m▀[0m
[38;2;0;0;0m[48;2;8;12;13m▀[0m[38;2;2;1;2m[48;2;37;51;56m▀[0m[38;2;28;49;49m[48;2;18;47;56m▀[0m[38;2;16;76;84m[48;2;8;46;56m▀[0m[38;2;20;107;126m[48;2;77;109;111m▀[0m[38;2;4;82;103m[48;2;109;124;126m▀[0m[38;2;3;55;64m[48;2;100;96;95m▀[0m[38;2;0;0;0m[48;2;99;110;110m▀[0m[38;2;0;0;0m[48;2;62;67;73m▀[0m[38;2;0;0;0m[48;2;0;0;0m▀[0m[38;2;0;0;0m[48;2;0;0;0m▀[0m[38;2;255;255;255m[48;2;94;95;92m▀[0m[38;2;255;255;255m[48;2;154;153;151m▀[0m[38;2;90;93;89m[48;2;255;255;255m▀[0m[38;2;255;255;255m[48;2;156;161;163m▀[0m[38;2;255;255;255m[48;2;217;221;223m▀[0m[38;2;255;255;255m[48;2;255;255;255m▀[0m[38;2;255;255;255m[48;2;255;255;255m▀[0m[38;2;255;235;234m[48;2;255;251;251m▀[0m[38;2;255;255;255m[48;2;255;195;191m▀[0m[38;2;255;255;255m[48;2;255;255;255m▀[0m[38;2;255;79;74m[48;2;255;255;255m▀[0m[38;2;255;0;0m[48;2;255;78;76m▀[0m[38;2;255;0;0m[48;2;255;173;172m▀[0m[38;2;255;7;8m[48;2;255;255;255m▀[0m[38;2;255;255;255m[48;2;255;255;255m▀[0m[38;2;255;255;255m[48;2;255;255;255m▀[0m[38;2;255;255;255m[48;2;255;255;255m▀[0m[38;2;255;255;255m[48;2;255;255;255m▀[0m[38;2;255;255;255m[48;2;255;255;255m▀[0m[38;2;255;255;255m[48;2;166;167;164m▀[0m[38;2;249;251;249m[48;2;163;160;160m▀[0m[38;2;116;118;119m[48;2;213;215;215m▀[0m[38;2;255;255;255m[48;2;136;137;134m▀[0m[38;2;191;193;193m[48;2;42;50;54m▀[0m[38;2;0;0;0m[48;2;0;0;0m▀[0m[38;2;0;0;0m[48;2;0;0;0m▀[0m[38;2;0;0;2m[48;2;0;16;16m▀[0m[38;2;0;19;43m[48;2;62;121;134m▀[0m[38;2;21;75;91m[48;2;0;15;18m▀[0m[38;2;54;100;124m[48;2;11;67;82m▀[0m[38;2;0;3;5m[48;2;15;67;82m▀[0m[38;2;71;74;74m[48;2;0;0;0m▀[0m[38;2;0;0;0m[48;2;19;27;25m▀[0m
[38;2;0;0;0m[48;2;0;0;0m▀[0m[38;2;0;0;0m[48;2;138;142;140m▀[0m[38;2;73;72;69m[48;2;255;255;255m▀[0m[38;2;231;225;221m[48;2;255;255;255m▀[0m[38;2;255;255;255m[48;2;248;249;245m▀[0m[38;2;255;255;255m[48;2;230;231;226m▀[0m[38;2;255;255;255m[48;2;232;234;232m▀[0m[38;2;255;255;255m[48;2;238;241;238m▀[0m[38;2;255;255;255m[48;2;253;253;250m▀[0m[38;2;130;127;127m[48;2;255;255;255m▀[0m[38;2;0;0;0m[48;2;39;40;37m▀[0m[38;2;0;0;0m[48;2;0;0;0m▀[0m[38;2;255;255;255m[48;2;255;255;255m▀[0m[38;2;148;153;150m[48;2;169;170;167m▀[0m[38;2;143;154;154m[48;2;252;252;252m▀[0m[38;2;232;235;235m[48;2;255;255;255m▀[0m[38;2;255;255;255m[48;2;255;255;255m▀[0m[38;2;255;255;255m[48;2;255;255;255m▀[0m[38;2;255;255;255m[48;2;255;255;255m▀[0m[38;2;255;255;255m[48;2;255;255;255m▀[0m[38;2;255;213;211m[48;2;255;255;255m▀[0m[38;2;255;255;255m[48;2;255;255;255m▀[0m[38;2;255;255;255m[48;2;255;208;203m▀[0m[38;2;255;237;233m[48;2;255;251;251m▀[0m[38;2;255;255;255m[48;2;255;255;255m▀[0m[38;2;255;255;255m[48;2;255;255;255m▀[0m[38;2;255;255;255m[48;2;255;255;255m▀[0m[38;2;255;255;255m[48;2;255;255;255m▀[0m[38;2;255;255;255m[48;2;255;255;255m▀[0m[38;2;255;255;255m[48;2;255;255;255m▀[0m[38;2;237;246;245m[48;2;255;255;255m▀[0m[38;2;105;110;115m[48;2;199;207;205m▀[0m[38;2;251;252;249m[48;2;255;255;255m▀[0m[38;2;96;98;98m[48;2;224;223;223m▀[0m[38;2;0;0;0m[48;2;0;0;0m▀[0m[38;2;0;0;0m[48;2;252;254;252m▀[0m[38;2;211;211;208m[48;2;255;255;255m▀[0m[38;2;255;255;255m[48;2;255;255;255m▀[0m[38;2;255;245;239m[48;2;255;255;255m▀[0m[38;2;236;225;221m[48;2;255;255;255m▀[0m[38;2;195;186;181m[48;2;255;255;255m▀[0m[38;2;105;116;120m[48;2;255;255;255m▀[0m[38;2;0;0;1m[48;2;240;236;234m▀[0m[38;2;0;0;0m[48;2;3;3;3m▀[0m
[38;2;76;81;77m[48;2;251;254;254m▀[0m[38;2;255;255;255m[48;2;250;251;248m▀[0m[38;2;253;255;253m[48;2;228;227;225m▀[0m[38;2;228;231;228m[48;2;243;246;245m▀[0m[38;2;237;234;234m[48;2;255;255;255m▀[0m[38;2;255;255;255m[48;2;255;255;255m▀[0m[38;2;255;255;255m[48;2;255;255;248m▀[0m[38;2;255;255;255m[48;2;255;255;255m▀[0m[38;2;255;255;255m[48;2;255;255;255m▀[0m[38;2;255;255;255m[48;2;255;255;255m▀[0m[38;2;230;233;225m[48;2;255;255;255m▀[0m[38;2;0;0;0m[48;2;90;89;90m▀[0m[38;2;255;255;255m[48;2;255;255;255m▀[0m[38;2;255;255;255m[48;2;255;255;255m▀[0m[38;2;255;255;255m[48;2;255;255;255m▀[0m[38;2;255;255;255m[48;2;255;255;255m▀[0m[38;2;255;255;255m[48;2;255;255;255m▀[0m[38;2;255;255;255m[48;2;255;255;255m▀[0m[38;2;255;255;255m[48;2;255;255;255m▀[0m[38;2;255;255;255m[48;2;255;255;255m▀[0m[38;2;255;255;255m[48;2;255;255;255m▀[0m[38;2;255;255;255m[48;2;255;255;255m▀[0m[38;2;255;155;152m[48;2;255;255;255m▀[0m[38;2;255;214;213m[48;2;255;255;255m▀[0m[38;2;255;255;255m[48;2;255;255;255m▀[0m[38;2;255;255;255m[48;2;252;255;255m▀[0m[38;2;255;255;255m[48;2;255;255;255m▀[0m[38;2;255;255;255m[48;2;255;255;255m▀[0m[38;2;255;255;255m[48;2;255;255;255m▀[0m[38;2;255;255;255m[48;2;255;255;255m▀[0m[38;2;255;255;255m[48;2;255;255;255m▀[0m[38;2;255;255;255m[48;2;255;255;255m▀[0m[38;2;255;255;255m[48;2;255;255;255m▀[0m[38;2;198;198;198m[48;2;126;126;126m▀[0m[38;2;54;55;51m[48;2;211;213;208m▀[0m[38;2;255;255;255m[48;2;255;255;255m▀[0m[38;2;237;237;235m[48;2;255;255;255m▀[0m[38;2;242;241;235m[48;2;255;255;255m▀[0m[38;2;231;230;227m[48;2;255;255;255m▀[0m[38;2;225;224;225m[48;2;255;255;255m▀[0m[38;2;225;225;225m[48;2;248;250;248m▀[0m[38;2;240;241;236m[48;2;222;225;221m▀[0m[38;2;255;255;255m[48;2;227;228;225m▀[0m[38;2;255;255;255m[48;2;239;242;239m▀[0m
[38;2;233;238;235m[48;2;216;230;224m▀[0m[38;2;222;227;226m[48;2;213;223;221m▀[0m[38;2;228;238;237m[48;2;255;255;255m▀[0m[38;2;255;255;255m[48;2;255;214;209m▀[0m[38;2;255;222;221m[48;2;255;181;179m▀[0m[38;2;255;208;200m[48;2;255;255;255m▀[0m[38;2;255;255;255m[48;2;255;255;255m▀[0m[38;2;255;255;255m[48;2;255;255;255m▀[0m[38;2;255;255;255m[48;2;255;255;255m▀[0m[38;2;255;255;255m[48;2;255;255;255m▀[0m[38;2;255;255;255m[48;2;255;255;255m▀[0m[38;2;255;255;255m[48;2;255;255;255m▀[0m[38;2;82;85;85m[48;2;175;175;175m▀[0m[38;2;255;255;255m[48;2;0;0;0m▀[0m[38;2;255;255;255m[48;2;255;255;255m▀[0m[38;2;255;255;255m[48;2;255;255;255m▀[0m[38;2;255;255;255m[48;2;200;202;200m▀[0m[38;2;255;255;255m[48;2;69;72;72m▀[0m[38;2;238;239;236m[48;2;169;179;177m▀[0m[38;2;183;187;183m[48;2;255;255;255m▀[0m[38;2;220;223;224m[48;2;255;255;255m▀[0m[38;2;255;255;255m[48;2;255;255;255m▀[0m[38;2;255;255;255m[48;2;255;255;255m▀[0m[38;2;244;252;253m[48;2;255;255;255m▀[0m[38;2;255;255;255m[48;2;255;255;255m▀[0m[38;2;244;248;246m[48;2;255;255;255m▀[0m[38;2;205;207;207m[48;2;255;255;255m▀[0m[38;2;224;227;227m[48;2;209;209;209m▀[0m[38;2;255;255;255m[48;2;41;44;41m▀[0m[38;2;255;255;255m[48;2;121;117;120m▀[0m[38;2;255;255;255m[48;2;235;232;234m▀[0m[38;2;255;255;255m[48;2;101;101;104m▀[0m[38;2;242;242;240m[48;2;25;30;30m▀[0m[38;2;135;135;132m[48;2;255;255;255m▀[0m[38;2;255;255;255m[48;2;255;255;255m▀[0m[38;2;255;255;255m[48;2;255;255;255m▀[0m[38;2;255;255;255m[48;2;255;255;255m▀[0m[38;2;255;255;255m[48;2;255;255;255m▀[0m[38;2;255;255;255m[48;2;255;255;255m▀[0m[38;2;255;255;255m[48;2;255;255;255m▀[0m[38;2;255;255;255m[48;2;255;255;255m▀[0m[38;2;255;255;255m[48;2;255;255;255m▀[0m[38;2;218;218;216m[48;2;255;255;255m▀[0m[38;2;217;221;218m[48;2;203;205;203m▀[0m
[38;2;204;214;211m[48;2;205;244;244m▀[0m[38;2;243;255;255m[48;2;255;203;203m▀[0m[38;2;255;205;200m[48;2;255;77;65m▀[0m[38;2;255;185;181m[48;2;255;255;255m▀[0m[38;2;255;255;255m[48;2;255;255;255m▀[0m[38;2;255;255;255m[48;2;255;255;255m▀[0m[38;2;255;255;255m[48;2;255;255;255m▀[0m[38;2;255;255;255m[48;2;255;255;255m▀[0m[38;2;255;255;255m[48;2;255;255;255m▀[0m[38;2;255;255;255m[48;2;255;255;255m▀[0m[38;2;255;255;255m[48;2;255;255;255m▀[0m[38;2;255;255;255m[48;2;255;255;255m▀[0m[38;2;255;255;255m[48;2;255;255;255m▀[0m[38;2;30;34;30m[48;2;255;255;255m▀[0m[38;2;0;0;0m[48;2;0;0;0m▀[0m[38;2;0;0;0m[48;2;0;0;0m▀[0m[38;2;0;0;0m[48;2;255;255;255m▀[0m[38;2;255;255;255m[48;2;255;255;255m▀[0m[38;2;255;255;255m[48;2;255;221;221m▀[0m[38;2;255;255;255m[48;2;255;255;255m▀[0m[38;2;255;241;243m[48;2;255;255;255m▀[0m[38;2;255;255;255m[48;2;255;255;255m▀[0m[38;2;255;255;255m[48;2;255;255;255m▀[0m[38;2;255;255;255m[48;2;255;255;255m▀[0m[38;2;255;255;255m[48;2;255;255;255m▀[0m[38;2;255;255;255m[48;2;255;255;255m▀[0m[38;2;255;255;255m[48;2;255;255;255m▀[0m[38;2;255;255;255m[48;2;255;255;255m▀[0m[38;2;255;255;255m[48;2;255;255;255m▀[0m[38;2;0;0;0m[48;2;255;255;255m▀[0m[38;2;0;0;0m[48;2;0;0;0m▀[0m[38;2;0;0;0m[48;2;174;174;177m▀[0m[38;2;255;255;255m[48;2;255;255;255m▀[0m[38;2;255;255;255m[48;2;255;255;255m▀[0m[38;2;255;255;255m[48;2;255;255;255m▀[0m[38;2;255;255;255m[48;2;255;255;255m▀[0m[38;2;255;255;255m[48;2;255;255;255m▀[0m[38;2;255;255;255m[48;2;255;255;255m▀[0m[38;2;255;255;255m[48;2;255;255;255m▀[0m[38;2;255;255;255m[48;2;255;255;255m▀[0m[38;2;255;246;246m[48;2;255;255;255m▀[0m[38;2;255;255;255m[48;2;255;224;223m▀[0m[38;2;255;255;255m[48;2;255;255;255m▀[0m[38;2;222;226;225m[48;2;255;255;255m▀[0m
[38;2;220;255;255m[48;2;249;227;227m▀[0m[38;2;255;185;185m[48;2;255;255;250m▀[0m[38;2;255;255;255m[48;2;255;255;255m▀[0m[38;2;255;255;255m[48;2;255;255;255m▀[0m[38;2;255;255;255m[48;2;255;255;255m▀[0m[38;2;255;255;255m[48;2;255;255;255m▀[0m[38;2;255;255;255m[48;2;255;255;255m▀[0m[38;2;255;255;255m[48;2;255;255;255m▀[0m[38;2;255;255;255m[48;2;255;255;255m▀[0m[38;2;255;255;255m[48;2;255;255;255m▀[0m[38;2;255;255;255m[48;2;255;255;255m▀[0m[38;2;255;255;255m[48;2;255;255;255m▀[0m[38;2;255;255;255m[48;2;255;255;255m▀[0m[38;2;255;255;255m[48;2;255;255;255m▀[0m[38;2;255;255;255m[48;2;255;255;255m▀[0m[38;2;87;91;91m[48;2;210;210;210m▀[0m[38;2;255;255;255m[48;2;54;59;59m▀[0m[38;2;241;230;230m[48;2;188;196;196m▀[0m[38;2;239;246;246m[48;2;214;218;218m▀[0m[38;2;252;255;255m[48;2;237;241;241m▀[0m[38;2;255;255;255m[48;2;250;255;255m▀[0m[38;2;233;233;235m[48;2;189;206;206m▀[0m[38;2;214;218;218m[48;2;105;111;112m▀[0m[38;2;237;239;239m[48;2;162;164;164m▀[0m[38;2;253;255;255m[48;2;253;255;255m▀[0m[38;2;252;255;253m[48;2;250;228;228m▀[0m[38;2;255;255;255m[48;2;251;226;222m▀[0m[38;2;255;255;255m[48;2;255;255;255m▀[0m[38;2;255;255;255m[48;2;130;133;130m▀[0m[38;2;202;206;202m[48;2;8;11;8m▀[0m[38;2;127;130;130m[48;2;255;255;255m▀[0m[38;2;255;255;255m[48;2;255;255;255m▀[0m[38;2;255;255;255m[48;2;255;255;255m▀[0m[38;2;255;255;255m[48;2;255;255;255m▀[0m[38;2;255;255;255m[48;2;255;255;255m▀[0m[38;2;255;255;255m[48;2;255;255;255m▀[0m[38;2;255;255;255m[48;2;255;255;255m▀[0m[38;2;255;255;255m[48;2;255;255;255m▀[0m[38;2;255;255;255m[48;2;255;255;255m▀[0m[38;2;255;255;255m[48;2;255;255;255m▀[0m[38;2;255;255;255m[48;2;255;255;255m▀[0m[38;2;255;255;255m[48;2;255;255;255m▀[0m[38;2;255;222;219m[48;2;255;244;248m▀[0m[38;2;255;255;255m[48;2;255;186;178m▀[0m
[38;2;255;219;215m[48;2;255;207;203m▀[0m[38;2;255;255;255m[48;2;255;255;255m▀[0m[38;2;255;255;255m[48;2;255;255;255m▀[0m[38;2;255;255;255m[48;2;255;255;255m▀[0m[38;2;255;255;255m[48;2;255;255;255m▀[0m[38;2;255;255;255m[48;2;255;255;255m▀[0m[38;2;255;255;255m[48;2;255;221;211m▀[0m[38;2;255;214;213m[48;2;255;255;255m▀[0m[38;2;255;245;241m[48;2;255;255;255m▀[0m[38;2;255;255;255m[48;2;255;255;255m▀[0m[38;2;255;255;255m[48;2;255;255;255m▀[0m[38;2;255;255;255m[48;2;255;255;255m▀[0m[38;2;255;255;255m[48;2;255;255;255m▀[0m[38;2;255;255;255m[48;2;255;255;255m▀[0m[38;2;255;255;255m[48;2;255;255;255m▀[0m[38;2;255;255;255m[48;2;255;255;255m▀[0m[38;2;89;91;91m[48;2;255;255;255m▀[0m[38;2;220;223;224m[48;2;137;147;150m▀[0m[38;2;255;255;255m[48;2;255;255;255m▀[0m[38;2;255;255;255m[48;2;255;223;215m▀[0m[38;2;255;255;255m[48;2;255;207;198m▀[0m[38;2;255;255;255m[48;2;255;231;228m▀[0m[38;2;255;255;255m[48;2;255;255;255m▀[0m[38;2;255;255;255m[48;2;255;255;255m▀[0m[38;2;255;255;255m[48;2;255;255;255m▀[0m[38;2;255;255;255m[48;2;255;255;255m▀[0m[38;2;255;255;255m[48;2;255;255;255m▀[0m[38;2;255;255;255m[48;2;255;255;255m▀[0m[38;2;158;164;164m[48;2;94;98;98m▀[0m[38;2;200;200;200m[48;2;255;255;255m▀[0m[38;2;255;255;255m[48;2;255;255;255m▀[0m[38;2;255;255;255m[48;2;255;255;255m▀[0m[38;2;255;255;255m[48;2;255;255;255m▀[0m[38;2;255;255;255m[48;2;255;255;255m▀[0m[38;2;255;255;255m[48;2;255;255;255m▀[0m[38;2;255;255;255m[48;2;255;255;255m▀[0m[38;2;255;255;255m[48;2;255;255;255m▀[0m[38;2;255;255;255m[48;2;255;217;213m▀[0m[38;2;255;255;255m[48;2;255;255;255m▀[0m[38;2;255;255;255m[48;2;255;255;255m▀[0m[38;2;255;255;255m[48;2;255;255;255m▀[0m[38;2;255;255;255m[48;2;255;255;255m▀[0m[38;2;255;255;255m[48;2;255;255;255m▀[0m[38;2;255;116;109m[48;2;255;255;255m▀[0m
