[38;2;0;0;0m[48;2;0;0;0m▀[0m[38;2;0;0;0m[48;2;0;0;0m▀[0m[38;2;2;4;4m[48;2;4;6;7m▀[0m[38;2;0;0;0m[48;2;4;6;6m▀[0m[38;2;0;0;0m[48;2;0;0;0m▀[0m[38;2;0;0;0m[48;2;0;0;0m▀[0m[38;2;0;0;0m[48;2;0;0;0m▀[0m[38;2;229;229;229m[48;2;208;208;208m▀[0m[38;2;100;96;99m[48;2;183;183;180m▀[0m[38;2;129;149;155m[48;2;47;59;61m▀[0m[38;2;170;184;189m[48;2;147;156;159m▀[0m[38;2;157;175;176m[48;2;135;143;146m▀[0m[38;2;43;50;51m[48;2;60;67;71m▀[0m[38;2;0;0;0m[48;2;0;0;0m▀[0m[38;2;0;0;0m[48;2;0;0;0m▀[0m[38;2;0;0;0m[48;2;0;87;87m▀[0m[38;2;221;0;0m[48;2;228;8;4m▀[0m[38;2;229;0;0m[48;2;229;0;0m▀[0m[38;2;182;0;0m[48;2;229;0;0m▀[0m[38;2;0;0;2m[48;2;229;0;0m▀[0m[38;2;227;0;0m[48;2;0;2;3m▀[0m[38;2;229;0;0m[48;2;229;0;0m▀[0m[38;2;229;0;0m[48;2;229;0;0m▀[0m[38;2;229;0;0m[48;2;8;3;3m▀[0m[38;2;0;2;2m[48;2;192;0;0m▀[0m[38;2;229;0;0m[48;2;229;0;0m▀[0m[38;2;229;0;0m[48;2;229;0;0m▀[0m[38;2;229;0;0m[48;2;229;0;0m▀[0m[38;2;119;80;81m[48;2;199;191;191m▀[0m[38;2;0;0;0m[48;2;12;92;92m▀[0m[38;2;0;0;0m[48;2;0;0;0m▀[0m[38;2;39;45;44m[48;2;0;0;0m▀[0m[38;2;40;44;45m[48;2;36;40;41m▀[0m[38;2;151;171;172m[48;2;168;191;190m▀[0m[38;2;184;204;203m[48;2;175;190;191m▀[0m[38;2;44;47;46m[48;2;6;8;6m▀[0m[38;2;69;77;84m[48;2;108;115;119m▀[0m[38;2;229;229;229m[48;2;229;229;229m▀[0m[38;2;0;0;0m[48;2;0;0;0m▀[0m[38;2;0;0;0m[48;2;0;0;0m▀[0m[38;2;0;0;0m[48;2;0;0;0m▀[0m[38;2;0;0;0m[48;2;30;36;37m▀[0m[38;2;0;0;0m[48;2;43;52;51m▀[0m[38;2;0;0;0m[48;2;27;34;35m▀[0m
[38;2;0;0;0m[48;2;0;0;0m▀[0m[38;2;3;5;7m[48;2;0;0;0m▀[0m[38;2;24;31;34m[48;2;0;0;0m▀[0m[38;2;42;50;53m[48;2;0;0;0m▀[0m[38;2;30;36;44m[48;2;0;0;0m▀[0m[38;2;0;6;8m[48;2;0;0;0m▀[0m[38;2;0;0;0m[48;2;0;0;0m▀[0m[38;2;61;61;61m[48;2;2;0;0m▀[0m[38;2;187;190;187m[48;2;190;198;194m▀[0m[38;2;54;62;64m[48;2;19;23;25m▀[0m[38;2;188;199;198m[48;2;162;171;171m▀[0m[38;2;138;150;152m[48;2;165;176;179m▀[0m[38;2;63;77;82m[48;2;63;74;78m▀[0m[38;2;0;0;0m[48;2;0;0;0m▀[0m[38;2;0;0;0m[48;2;0;0;0m▀[0m[38;2;129;227;227m[48;2;229;229;229m▀[0m[38;2;176;88;88m[48;2;142;216;219m▀[0m[38;2;229;0;0m[48;2;229;0;0m▀[0m[38;2;229;0;0m[48;2;229;0;0m▀[0m[38;2;229;0;0m[48;2;229;0;0m▀[0m[38;2;182;0;0m[48;2;229;0;0m▀[0m[38;2;0;2;3m[48;2;2;1;2m▀[0m[38;2;169;0;0m[48;2;89;0;0m▀[0m[38;2;0;2;3m[48;2;0;0;0m▀[0m[38;2;229;0;0m[48;2;229;0;0m▀[0m[38;2;229;0;0m[48;2;229;0;0m▀[0m[38;2;229;0;0m[48;2;229;0;0m▀[0m[38;2;229;0;0m[48;2;57;0;0m▀[0m[38;2;221;229;229m[48;2;229;229;229m▀[0m[38;2;131;177;177m[48;2;149;171;169m▀[0m[38;2;0;0;0m[48;2;0;0;0m▀[0m[38;2;0;0;0m[48;2;0;0;0m▀[0m[38;2;35;36;37m[48;2;15;18;19m▀[0m[38;2;191;216;217m[48;2;204;222;223m▀[0m[38;2;100;111;115m[48;2;70;76;83m▀[0m[38;2;0;0;0m[48;2;0;0;0m▀[0m[38;2;181;189;189m[48;2;229;229;229m▀[0m[38;2;171;171;171m[48;2;94;91;91m▀[0m[38;2;0;0;0m[48;2;0;0;0m▀[0m[38;2;0;0;0m[48;2;0;0;0m▀[0m[38;2;12;15;16m[48;2;0;0;0m▀[0m[38;2;18;21;23m[48;2;0;0;0m▀[0m[38;2;9;11;12m[48;2;0;0;0m▀[0m[38;2;0;0;0m[48;2;0;0;0m▀[0m
[38;2;215;212;212m[48;2;229;229;229m▀[0m[38;2;0;0;0m[48;2;109;109;104m▀[0m[38;2;0;0;0m[48;2;0;0;0m▀[0m[38;2;0;0;0m[48;2;0;0;0m▀[0m[38;2;0;0;0m[48;2;1;5;5m▀[0m[38;2;0;0;1m[48;2;4;12;11m▀[0m[38;2;0;0;0m[48;2;0;0;0m▀[0m[38;2;0;0;0m[48;2;0;0;0m▀[0m[38;2;91;99;96m[48;2;50;50;50m▀[0m[38;2;8;16;15m[48;2;26;33;32m▀[0m[38;2;118;126;126m[48;2;81;82;83m▀[0m[38;2;187;195;199m[48;2;186;199;201m▀[0m[38;2;62;66;70m[48;2;28;32;33m▀[0m[38;2;0;0;0m[48;2;0;0;0m▀[0m[38;2;0;0;0m[48;2;0;0;0m▀[0m[38;2;229;229;229m[48;2;229;229;229m▀[0m[38;2;229;229;229m[48;2;229;229;229m▀[0m[38;2;0;0;0m[48;2;0;0;0m▀[0m[38;2;229;0;0m[48;2;8;0;0m▀[0m[38;2;229;0;0m[48;2;0;0;0m▀[0m[38;2;229;0;0m[48;2;0;0;0m▀[0m[38;2;117;0;0m[48;2;0;0;0m▀[0m[38;2;54;0;0m[48;2;100;0;0m▀[0m[38;2;5;0;0m[48;2;0;0;0m▀[0m[38;2;229;0;0m[48;2;0;0;0m▀[0m[38;2;125;0;0m[48;2;0;0;0m▀[0m[38;2;148;0;0m[48;2;49;0;0m▀[0m[38;2;0;0;0m[48;2;0;0;0m▀[0m[38;2;229;229;229m[48;2;229;229;229m▀[0m[38;2;217;229;229m[48;2;229;229;229m▀[0m[38;2;0;0;0m[48;2;16;18;18m▀[0m[38;2;0;0;0m[48;2;0;0;0m▀[0m[38;2;0;0;0m[48;2;0;0;0m▀[0m[38;2;183;196;198m[48;2;156;164;172m▀[0m[38;2;59;63;67m[48;2;40;44;47m▀[0m[38;2;0;0;0m[48;2;0;0;0m▀[0m[38;2;229;229;229m[48;2;229;229;229m▀[0m[38;2;33;30;30m[48;2;0;0;0m▀[0m[38;2;0;0;0m[48;2;0;0;0m▀[0m[38;2;25;29;33m[48;2;0;0;0m▀[0m[38;2;20;25;27m[48;2;0;0;0m▀[0m[38;2;19;24;24m[48;2;0;0;0m▀[0m[38;2;23;33;33m[48;2;0;0;0m▀[0m[38;2;0;0;0m[48;2;113;117;117m▀[0m
[38;2;229;229;229m[48;2;198;198;197m▀[0m[38;2;229;229;229m[48;2;229;229;229m▀[0m[38;2;0;0;0m[48;2;229;229;229m▀[0m[38;2;0;0;0m[48;2;0;0;0m▀[0m[38;2;0;0;0m[48;2;0;0;0m▀[0m[38;2;3;5;7m[48;2;0;0;0m▀[0m[38;2;13;15;15m[48;2;0;0;0m▀[0m[38;2;0;0;0m[48;2;0;0;0m▀[0m[38;2;38;42;35m[48;2;25;25;26m▀[0m[38;2;45;44;44m[48;2;45;47;47m▀[0m[38;2;64;69;70m[48;2;72;75;77m▀[0m[38;2;177;186;190m[48;2;142;149;150m▀[0m[38;2;0;0;1m[48;2;0;0;0m▀[0m[38;2;0;0;0m[48;2;0;0;0m▀[0m[38;2;0;0;0m[48;2;38;40;38m▀[0m[38;2;229;229;229m[48;2;229;229;229m▀[0m[38;2;229;229;229m[48;2;229;229;229m▀[0m[38;2;3;27;27m[48;2;103;117;114m▀[0m[38;2;0;0;0m[48;2;0;0;0m▀[0m[38;2;9;38;38m[48;2;61;81;81m▀[0m[38;2;0;0;0m[48;2;196;216;215m▀[0m[38;2;0;0;0m[48;2;114;141;142m▀[0m[38;2;39;0;0m[48;2;130;87;87m▀[0m[38;2;0;0;0m[48;2;152;197;197m▀[0m[38;2;0;0;0m[48;2;229;229;229m▀[0m[38;2;68;95;97m[48;2;30;44;46m▀[0m[38;2;0;0;0m[48;2;0;0;0m▀[0m[38;2;19;43;45m[48;2;117;125;127m▀[0m[38;2;229;229;229m[48;2;229;229;229m▀[0m[38;2;229;229;229m[48;2;174;178;178m▀[0m[38;2;33;33;33m[48;2;0;2;2m▀[0m[38;2;0;0;0m[48;2;35;37;37m▀[0m[38;2;0;0;0m[48;2;0;0;0m▀[0m[38;2;136;144;147m[48;2;54;56;59m▀[0m[38;2;33;37;41m[48;2;22;25;25m▀[0m[38;2;0;0;0m[48;2;0;0;0m▀[0m[38;2;179;181;180m[48;2;90;94;93m▀[0m[38;2;0;0;0m[48;2;0;0;0m▀[0m[38;2;0;0;0m[48;2;0;0;0m▀[0m[38;2;0;0;1m[48;2;0;0;0m▀[0m[38;2;0;0;0m[48;2;0;0;0m▀[0m[38;2;0;0;0m[48;2;0;0;0m▀[0m[38;2;0;0;0m[48;2;228;227;227m▀[0m[38;2;229;229;229m[48;2;229;229;229m▀[0m
[38;2;194;194;192m[48;2;204;204;202m▀[0m[38;2;217;217;214m[48;2;196;196;194m▀[0m[38;2;229;229;229m[48;2;229;229;229m▀[0m[38;2;85;89;89m[48;2;229;229;229m▀[0m[38;2;0;0;0m[48;2;41;40;40m▀[0m[38;2;0;0;0m[48;2;0;0;0m▀[0m[38;2;0;0;0m[48;2;0;0;0m▀[0m[38;2;0;0;0m[48;2;0;0;0m▀[0m[38;2;1;0;1m[48;2;0;0;0m▀[0m[38;2;40;43;43m[48;2;20;23;23m▀[0m[38;2;77;84;84m[48;2;39;49;49m▀[0m[38;2;34;36;36m[48;2;19;17;20m▀[0m[38;2;0;0;0m[48;2;0;0;0m▀[0m[38;2;0;0;0m[48;2;0;0;0m▀[0m[38;2;43;45;43m[48;2;29;31;29m▀[0m[38;2;100;102;102m[48;2;0;0;0m▀[0m[38;2;229;229;229m[48;2;229;229;229m▀[0m[38;2;131;135;135m[48;2;225;225;222m▀[0m[38;2;0;0;0m[48;2;0;0;0m▀[0m[38;2;0;0;0m[48;2;0;0;0m▀[0m[38;2;40;56;61m[48;2;0;0;0m▀[0m[38;2;229;229;229m[48;2;33;0;0m▀[0m[38;2;229;229;229m[48;2;229;12;8m▀[0m[38;2;229;201;197m[48;2;124;0;0m▀[0m[38;2;0;0;0m[48;2;0;0;0m▀[0m[38;2;0;0;0m[48;2;0;0;0m▀[0m[38;2;0;0;0m[48;2;0;0;0m▀[0m[38;2;187;190;192m[48;2;229;229;229m▀[0m[38;2;229;229;229m[48;2;229;229;229m▀[0m[38;2;82;82;82m[48;2;0;0;0m▀[0m[38;2;0;0;0m[48;2;7;6;6m▀[0m[38;2;23;26;23m[48;2;0;0;0m▀[0m[38;2;0;0;0m[48;2;0;0;0m▀[0m[38;2;0;0;0m[48;2;61;63;63m▀[0m[38;2;0;0;0m[48;2;0;0;0m▀[0m[38;2;6;8;8m[48;2;40;42;44m▀[0m[38;2;63;65;64m[48;2;51;54;53m▀[0m[38;2;0;0;0m[48;2;0;0;0m▀[0m[38;2;0;0;0m[48;2;11;10;11m▀[0m[38;2;0;0;0m[48;2;0;0;0m▀[0m[38;2;0;0;0m[48;2;0;0;0m▀[0m[38;2;33;33;34m[48;2;229;229;229m▀[0m[38;2;229;229;229m[48;2;229;229;229m▀[0m[38;2;229;229;229m[48;2;196;196;194m▀[0m
[38;2;209;209;207m[48;2;221;221;222m▀[0m[38;2;204;204;204m[48;2;214;213;214m▀[0m[38;2;199;199;193m[48;2;202;205;202m▀[0m[38;2;229;229;229m[48;2;203;206;201m▀[0m[38;2;229;229;229m[48;2;229;229;229m▀[0m[38;2;1;1;1m[48;2;229;229;229m▀[0m[38;2;0;0;0m[48;2;0;0;0m▀[0m[38;2;0;0;0m[48;2;0;0;0m▀[0m[38;2;0;0;0m[48;2;0;0;0m▀[0m[38;2;0;0;0m[48;2;0;0;0m▀[0m[38;2;26;32;33m[48;2;11;18;18m▀[0m[38;2;3;2;2m[48;2;0;0;0m▀[0m[38;2;0;0;0m[48;2;96;96;96m▀[0m[38;2;0;0;0m[48;2;229;229;229m▀[0m[38;2;37;37;37m[48;2;229;229;229m▀[0m[38;2;15;17;18m[48;2;188;189;185m▀[0m[38;2;229;229;229m[48;2;229;229;229m▀[0m[38;2;229;229;229m[48;2;229;229;229m▀[0m[38;2;0;0;0m[48;2;0;0;0m▀[0m[38;2;0;0;0m[48;2;0;1;1m▀[0m[38;2;0;0;0m[48;2;0;0;0m▀[0m[38;2;0;0;0m[48;2;0;0;0m▀[0m[38;2;220;0;0m[48;2;131;0;0m▀[0m[38;2;90;0;0m[48;2;0;0;0m▀[0m[38;2;0;0;0m[48;2;0;0;0m▀[0m[38;2;0;0;0m[48;2;12;20;17m▀[0m[38;2;0;0;0m[48;2;20;24;21m▀[0m[38;2;229;229;229m[48;2;229;229;229m▀[0m[38;2;188;188;188m[48;2;167;170;170m▀[0m[38;2;9;11;9m[48;2;81;81;81m▀[0m[38;2;0;0;0m[48;2;229;229;229m▀[0m[38;2;50;50;50m[48;2;229;229;229m▀[0m[38;2;40;40;40m[48;2;229;229;229m▀[0m[38;2;0;0;0m[48;2;103;103;103m▀[0m[38;2;0;0;0m[48;2;0;0;0m▀[0m[38;2;53;56;56m[48;2;74;77;77m▀[0m[38;2;25;27;27m[48;2;0;0;0m▀[0m[38;2;0;0;0m[48;2;0;0;0m▀[0m[38;2;0;0;0m[48;2;0;0;0m▀[0m[38;2;0;0;0m[48;2;159;161;162m▀[0m[38;2;216;218;218m[48;2;229;229;229m▀[0m[38;2;229;229;229m[48;2;207;208;207m▀[0m[38;2;212;212;212m[48;2;198;199;198m▀[0m[38;2;209;205;204m[48;2;219;221;219m▀[0m
[38;2;229;229;229m[48;2;229;229;229m▀[0m[38;2;229;229;229m[48;2;229;229;229m▀[0m[38;2;213;212;210m[48;2;229;229;229m▀[0m[38;2;217;219;217m[48;2;145;148;144m▀[0m[38;2;182;185;182m[48;2;0;0;0m▀[0m[38;2;229;229;229m[48;2;229;229;229m▀[0m[38;2;146;145;145m[48;2;229;229;229m▀[0m[38;2;0;0;0m[48;2;0;0;0m▀[0m[38;2;0;0;0m[48;2;0;0;0m▀[0m[38;2;0;0;0m[48;2;0;0;0m▀[0m[38;2;0;0;0m[48;2;0;0;0m▀[0m[38;2;0;0;0m[48;2;131;131;133m▀[0m[38;2;229;229;229m[48;2;229;229;229m▀[0m[38;2;229;229;229m[48;2;229;229;229m▀[0m[38;2;229;229;229m[48;2;229;229;229m▀[0m[38;2;192;191;191m[48;2;0;0;0m▀[0m[38;2;119;119;120m[48;2;8;8;10m▀[0m[38;2;229;229;229m[48;2;229;229;229m▀[0m[38;2;138;138;138m[48;2;76;79;79m▀[0m[38;2;205;208;205m[48;2;199;205;204m▀[0m[38;2;229;229;229m[48;2;202;215;216m▀[0m[38;2;15;45;46m[48;2;115;147;143m▀[0m[38;2;0;0;0m[48;2;11;0;0m▀[0m[38;2;0;0;0m[48;2;87;97;95m▀[0m[38;2;190;211;210m[48;2;155;175;174m▀[0m[38;2;229;229;229m[48;2;21;31;29m▀[0m[38;2;171;173;173m[48;2;148;151;153m▀[0m[38;2;229;229;229m[48;2;171;176;173m▀[0m[38;2;61;61;61m[48;2;65;69;65m▀[0m[38;2;135;139;135m[48;2;0;0;0m▀[0m[38;2;229;229;229m[48;2;189;189;191m▀[0m[38;2;229;229;229m[48;2;229;229;229m▀[0m[38;2;229;229;229m[48;2;229;229;229m▀[0m[38;2;229;229;229m[48;2;229;229;229m▀[0m[38;2;0;0;0m[48;2;53;50;53m▀[0m[38;2;27;26;29m[48;2;0;0;0m▀[0m[38;2;0;0;0m[48;2;0;0;0m▀[0m[38;2;0;0;0m[48;2;0;0;0m▀[0m[38;2;0;0;0m[48;2;211;210;210m▀[0m[38;2;229;229;229m[48;2;229;229;229m▀[0m[38;2;229;229;229m[48;2;59;61;62m▀[0m[38;2;201;200;198m[48;2;229;229;229m▀[0m[38;2;215;218;215m[48;2;218;221;218m▀[0m[38;2;229;228;226m[48;2;229;229;229m▀[0m
[38;2;229;229;229m[48;2;135;138;140m▀[0m[38;2;229;229;229m[48;2;67;65;69m▀[0m[38;2;163;165;166m[48;2;0;0;0m▀[0m[38;2;0;0;0m[48;2;162;165;162m▀[0m[38;2;0;0;0m[48;2;131;134;134m▀[0m[38;2;229;229;229m[48;2;229;229;229m▀[0m[38;2;229;229;229m[48;2;229;229;229m▀[0m[38;2;54;56;57m[48;2;229;229;229m▀[0m[38;2;0;0;0m[48;2;0;0;0m▀[0m[38;2;0;0;0m[48;2;0;0;0m▀[0m[38;2;0;0;0m[48;2;0;0;0m▀[0m[38;2;229;229;229m[48;2;229;229;229m▀[0m[38;2;229;229;229m[48;2;229;229;229m▀[0m[38;2;229;229;229m[48;2;212;215;217m▀[0m[38;2;58;63;62m[48;2;0;0;0m▀[0m[38;2;0;0;0m[48;2;86;86;86m▀[0m[38;2;171;173;171m[48;2;178;183;181m▀[0m[38;2;164;169;165m[48;2;229;229;229m▀[0m[38;2;229;229;229m[48;2;229;229;229m▀[0m[38;2;91;111;111m[48;2;229;229;229m▀[0m[38;2;229;229;229m[48;2;222;229;229m▀[0m[38;2;229;229;229m[48;2;229;229;229m▀[0m[38;2;229;113;110m[48;2;229;213;210m▀[0m[38;2;229;229;229m[48;2;229;229;229m▀[0m[38;2;229;229;229m[48;2;229;229;229m▀[0m[38;2;138;153;153m[48;2;126;196;193m▀[0m[38;2;150;164;164m[48;2;229;229;229m▀[0m[38;2;176;184;184m[48;2;229;229;229m▀[0m[38;2;203;207;205m[48;2;229;229;229m▀[0m[38;2;29;32;29m[48;2;229;229;229m▀[0m[38;2;0;0;0m[48;2;0;0;0m▀[0m[38;2;229;229;229m[48;2;0;0;0m▀[0m[38;2;229;229;229m[48;2;229;229;229m▀[0m[38;2;229;229;229m[48;2;229;229;229m▀[0m[38;2;151;153;153m[48;2;203;206;206m▀[0m[38;2;0;0;0m[48;2;0;0;0m▀[0m[38;2;0;0;0m[48;2;0;0;0m▀[0m[38;2;0;0;0m[48;2;53;53;51m▀[0m[38;2;229;229;229m[48;2;229;229;229m▀[0m[38;2;229;229;229m[48;2;207;209;209m▀[0m[38;2;0;0;0m[48;2;45;47;45m▀[0m[38;2;180;183;180m[48;2;34;36;36m▀[0m[38;2;229;229;229m[48;2;147;149;149m▀[0m[38;2;229;229;229m[48;2;229;229;229m▀[0m
[38;2;0;0;0m[48;2;0;0;0m▀[0m[38;2;0;0;0m[48;2;0;0;0m▀[0m[38;2;52;50;46m[48;2;131;129;127m▀[0m[38;2;229;229;229m[48;2;131;129;127m▀[0m[38;2;229;229;229m[48;2;52;70;71m▀[0m[38;2;229;229;229m[48;2;32;61;62m▀[0m[38;2;229;229;229m[48;2;20;51;47m▀[0m[38;2;229;229;229m[48;2;82;93;96m▀[0m[38;2;0;0;0m[48;2;25;18;18m▀[0m[38;2;0;0;0m[48;2;0;0;0m▀[0m[38;2;0;0;0m[48;2;0;0;0m▀[0m[38;2;229;229;229m[48;2;229;229;229m▀[0m[38;2;229;229;229m[48;2;229;229;229m▀[0m[38;2;81;83;83m[48;2;41;40;40m▀[0m[38;2;47;47;45m[48;2;50;53;53m▀[0m[38;2;198;201;201m[48;2;220;224;224m▀[0m[38;2;229;229;229m[48;2;216;220;217m▀[0m[38;2;229;229;229m[48;2;217;225;225m▀[0m[38;2;229;229;229m[48;2;215;229;229m▀[0m[38;2;229;153;147m[48;2;215;229;229m▀[0m[38;2;229;170;169m[48;2;229;109;102m▀[0m[38;2;229;166;167m[48;2;229;0;0m▀[0m[38;2;229;37;35m[48;2;229;0;0m▀[0m[38;2;229;116;111m[48;2;229;0;0m▀[0m[38;2;225;99;97m[48;2;229;0;0m▀[0m[38;2;229;145;135m[48;2;229;2;0m▀[0m[38;2;229;206;196m[48;2;223;219;219m▀[0m[38;2;229;227;221m[48;2;225;229;229m▀[0m[38;2;229;229;229m[48;2;226;229;229m▀[0m[38;2;229;229;229m[48;2;229;229;229m▀[0m[38;2;135;139;138m[48;2;205;208;207m▀[0m[38;2;0;0;0m[48;2;0;0;0m▀[0m[38;2;229;229;229m[48;2;200;199;200m▀[0m[38;2;229;229;229m[48;2;229;229;229m▀[0m[38;2;202;207;203m[48;2;180;185;181m▀[0m[38;2;0;0;0m[48;2;0;0;0m▀[0m[38;2;0;0;0m[48;2;0;0;0m▀[0m[38;2;229;229;229m[48;2;205;202;204m▀[0m[38;2;229;229;229m[48;2;153;149;147m▀[0m[38;2;229;229;229m[48;2;174;178;178m▀[0m[38;2;229;229;229m[48;2;223;219;219m▀[0m[38;2;229;229;229m[48;2;229;229;229m▀[0m[38;2;0;0;0m[48;2;135;134;132m▀[0m[38;2;7;9;12m[48;2;0;0;0m▀[0m
[38;2;0;0;0m[48;2;7;10;11m▀[0m[38;2;1;0;1m[48;2;31;44;47m▀[0m[38;2;24;42;42m[48;2;15;40;47m▀[0m[38;2;14;64;72m[48;2;7;39;47m▀[0m[38;2;17;90;107m[48;2;65;92;94m▀[0m[38;2;3;70;88m[48;2;92;105;107m▀[0m[38;2;2;46;54m[48;2;85;81;81m▀[0m[38;2;0;0;0m[48;2;84;93;93m▀[0m[38;2;0;0;0m[48;2;53;57;62m▀[0m[38;2;0;0;0m[48;2;0;0;0m▀[0m[38;2;0;0;0m[48;2;0;0;0m▀[0m[38;2;229;229;229m[48;2;80;81;78m▀[0m[38;2;229;229;229m[48;2;131;130;128m▀[0m[38;2;76;79;75m[48;2;222;223;220m▀[0m[38;2;229;229;229m[48;2;133;136;138m▀[0m[38;2;229;229;229m[48;2;184;188;189m▀[0m[38;2;229;229;229m[48;2;229;229;229m▀[0m[38;2;229;229;229m[48;2;229;229;229m▀[0m[38;2;229;199;198m[48;2;229;213;213m▀[0m[38;2;229;229;229m[48;2;229;165;162m▀[0m[38;2;227;229;229m[48;2;229;229;229m▀[0m[38;2;229;67;63m[48;2;229;229;229m▀[0m[38;2;229;0;0m[48;2;229;66;64m▀[0m[38;2;229;0;0m[48;2;229;147;146m▀[0m[38;2;229;6;7m[48;2;229;220;218m▀[0m[38;2;229;229;229m[48;2;229;229;229m▀[0m[38;2;229;229;229m[48;2;229;229;229m▀[0m[38;2;229;229;229m[48;2;229;229;229m▀[0m[38;2;229;229;229m[48;2;229;229;229m▀[0m[38;2;229;229;229m[48;2;229;229;229m▀[0m[38;2;229;229;229m[48;2;141;142;139m▀[0m[38;2;211;213;211m[48;2;138;135;135m▀[0m[38;2;99;100;101m[48;2;180;182;182m▀[0m[38;2;229;229;229m[48;2;116;117;114m▀[0m[38;2;162;164;164m[48;2;36;43;45m▀[0m[38;2;0;0;0m[48;2;0;0;0m▀[0m[38;2;0;0;0m[48;2;0;0;0m▀[0m[38;2;0;0;1m[48;2;0;14;14m▀[0m[38;2;0;16;36m[48;2;53;103;114m▀[0m[38;2;18;63;77m[48;2;0;13;15m▀[0m[38;2;45;85;105m[48;2;9;57;70m▀[0m[38;2;0;2;4m[48;2;13;57;70m▀[0m[38;2;60;63;63m[48;2;0;0;0m▀[0m[38;2;0;0;0m[48;2;16;23;21m▀[0m
[38;2;0;0;0m[48;2;0;0;0m▀[0m[38;2;0;0;0m[48;2;117;120;119m▀[0m[38;2;62;61;59m[48;2;229;229;229m▀[0m[38;2;196;191;188m[48;2;229;229;229m▀[0m[38;2;229;229;229m[48;2;210;211;208m▀[0m[38;2;229;229;229m[48;2;195;196;192m▀[0m[38;2;229;229;229m[48;2;197;198;197m▀[0m[38;2;229;229;229m[48;2;202;205;202m▀[0m[38;2;229;229;229m[48;2;215;215;212m▀[0m[38;2;110;108;108m[48;2;229;229;229m▀[0m[38;2;0;0;0m[48;2;33;34;31m▀[0m[38;2;0;0;0m[48;2;0;0;0m▀[0m[38;2;218;220;220m[48;2;229;229;229m▀[0m[38;2;126;130;127m[48;2;144;144;142m▀[0m[38;2;121;131;131m[48;2;214;214;214m▀[0m[38;2;197;199;199m[48;2;229;229;229m▀[0m[38;2;229;229;229m[48;2;229;229;229m▀[0m[38;2;229;229;229m[48;2;229;229;229m▀[0m[38;2;229;229;229m[48;2;229;229;229m▀[0m[38;2;229;226;226m[48;2;229;229;229m▀[0m[38;2;229;180;180m[48;2;229;229;229m▀[0m[38;2;229;229;229m[48;2;229;229;229m▀[0m[38;2;229;229;229m[48;2;229;177;172m▀[0m[38;2;229;201;198m[48;2;229;213;213m▀[0m[38;2;229;229;229m[48;2;229;229;229m▀[0m[38;2;229;229;229m[48;2;229;229;229m▀[0m[38;2;229;229;229m[48;2;229;229;229m▀[0m[38;2;229;229;229m[48;2;229;229;229m▀[0m[38;2;229;229;229m[48;2;229;229;229m▀[0m[38;2;222;224;224m[48;2;229;229;229m▀[0m[38;2;201;209;208m[48;2;229;229;229m▀[0m[38;2;90;93;98m[48;2;169;176;174m▀[0m[38;2;213;214;211m[48;2;229;229;229m▀[0m[38;2;81;83;83m[48;2;190;189;189m▀[0m[38;2;0;0;0m[48;2;0;0;0m▀[0m[38;2;0;0;0m[48;2;214;216;214m▀[0m[38;2;180;180;177m[48;2;229;229;229m▀[0m[38;2;229;222;219m[48;2;223;223;220m▀[0m[38;2;220;208;203m[48;2;221;222;217m▀[0m[38;2;200;191;188m[48;2;228;228;225m▀[0m[38;2;165;158;153m[48;2;229;229;229m▀[0m[38;2;90;99;102m[48;2;229;229;229m▀[0m[38;2;0;0;0m[48;2;204;200;198m▀[0m[38;2;0;0;0m[48;2;2;2;2m▀[0m
[38;2;64;69;65m[48;2;213;216;216m▀[0m[38;2;229;229;229m[48;2;212;213;210m▀[0m[38;2;215;218;215m[48;2;194;193;191m▀[0m[38;2;194;196;194m[48;2;207;209;208m▀[0m[38;2;201;198;198m[48;2;229;229;229m▀[0m[38;2;229;229;229m[48;2;229;229;229m▀[0m[38;2;229;229;229m[48;2;229;217;210m▀[0m[38;2;229;229;229m[48;2;229;229;229m▀[0m[38;2;229;229;229m[48;2;229;229;229m▀[0m[38;2;229;229;229m[48;2;229;229;229m▀[0m[38;2;195;198;191m[48;2;229;229;229m▀[0m[38;2;0;0;0m[48;2;76;75;76m▀[0m[38;2;229;229;229m[48;2;229;229;229m▀[0m[38;2;229;229;229m[48;2;229;229;229m▀[0m[38;2;229;229;229m[48;2;229;229;229m▀[0m[38;2;229;229;229m[48;2;229;229;229m▀[0m[38;2;229;229;229m[48;2;229;229;229m▀[0m[38;2;229;229;229m[48;2;229;229;229m▀[0m[38;2;229;229;229m[48;2;229;229;229m▀[0m[38;2;229;229;229m[48;2;229;229;229m▀[0m[38;2;229;229;229m[48;2;225;228;228m▀[0m[38;2;229;229;229m[48;2;229;229;229m▀[0m[38;2;229;132;129m[48;2;229;229;229m▀[0m[38;2;229;181;180m[48;2;229;229;229m▀[0m[38;2;229;229;229m[48;2;229;229;229m▀[0m[38;2;229;229;229m[48;2;214;218;220m▀[0m[38;2;229;229;229m[48;2;229;229;229m▀[0m[38;2;229;229;229m[48;2;229;229;229m▀[0m[38;2;229;229;229m[48;2;229;229;229m▀[0m[38;2;229;229;229m[48;2;229;229;229m▀[0m[38;2;229;229;229m[48;2;229;229;229m▀[0m[38;2;229;229;229m[48;2;229;229;229m▀[0m[38;2;229;229;229m[48;2;229;229;229m▀[0m[38;2;168;168;168m[48;2;107;107;107m▀[0m[38;2;45;46;44m[48;2;180;180;177m▀[0m[38;2;229;229;229m[48;2;229;229;229m▀[0m[38;2;201;201;199m[48;2;229;229;229m▀[0m[38;2;206;205;199m[48;2;229;229;229m▀[0m[38;2;196;195;193m[48;2;229;229;229m▀[0m[38;2;191;190;191m[48;2;229;229;229m▀[0m[38;2;191;191;191m[48;2;210;212;210m▀[0m[38;2;204;205;200m[48;2;189;191;188m▀[0m[38;2;229;229;229m[48;2;193;194;191m▀[0m[38;2;227;223;223m[48;2;203;206;203m▀[0m
[38;2;198;202;199m[48;2;183;195;190m▀[0m[38;2;189;193;192m[48;2;180;189;188m▀[0m[38;2;194;202;201m[48;2;229;229;229m▀[0m[38;2;229;229;229m[48;2;229;181;178m▀[0m[38;2;229;189;188m[48;2;229;153;152m▀[0m[38;2;229;177;170m[48;2;229;229;229m▀[0m[38;2;229;229;229m[48;2;229;229;229m▀[0m[38;2;229;226;229m[48;2;229;229;229m▀[0m[38;2;229;229;229m[48;2;229;229;229m▀[0m[38;2;229;229;229m[48;2;229;229;229m▀[0m[38;2;229;229;229m[48;2;229;229;229m▀[0m[38;2;229;229;229m[48;2;229;229;229m▀[0m[38;2;70;72;72m[48;2;149;149;149m▀[0m[38;2;229;229;229m[48;2;0;0;0m▀[0m[38;2;229;229;229m[48;2;229;229;229m▀[0m[38;2;229;229;229m[48;2;229;229;229m▀[0m[38;2;229;229;229m[48;2;170;171;170m▀[0m[38;2;229;229;229m[48;2;59;61;61m▀[0m[38;2;202;203;200m[48;2;144;152;150m▀[0m[38;2;155;159;155m[48;2;229;229;229m▀[0m[38;2;187;189;190m[48;2;229;229;229m▀[0m[38;2;229;229;229m[48;2;229;229;229m▀[0m[38;2;229;229;229m[48;2;229;229;229m▀[0m[38;2;207;214;215m[48;2;229;229;229m▀[0m[38;2;229;229;229m[48;2;229;229;229m▀[0m[38;2;207;210;209m[48;2;229;229;229m▀[0m[38;2;174;176;176m[48;2;229;229;229m▀[0m[38;2;190;193;193m[48;2;178;178;178m▀[0m[38;2;229;229;229m[48;2;35;37;35m▀[0m[38;2;229;229;229m[48;2;103;99;102m▀[0m[38;2;229;229;229m[48;2;199;197;198m▀[0m[38;2;229;229;229m[48;2;86;86;89m▀[0m[38;2;206;206;204m[48;2;21;26;26m▀[0m[38;2;115;115;112m[48;2;229;229;229m▀[0m[38;2;229;229;229m[48;2;229;229;229m▀[0m[38;2;229;229;229m[48;2;229;229;229m▀[0m[38;2;229;229;229m[48;2;229;229;229m▀[0m[38;2;229;229;229m[48;2;229;229;229m▀[0m[38;2;229;229;229m[48;2;229;229;229m▀[0m[38;2;229;229;229m[48;2;229;229;229m▀[0m[38;2;229;229;229m[48;2;229;229;229m▀[0m[38;2;225;229;226m[48;2;229;229;229m▀[0m[38;2;185;185;183m[48;2;219;219;219m▀[0m[38;2;184;188;185m[48;2;172;174;172m▀[0m
[38;2;173;181;180m[48;2;174;207;207m▀[0m[38;2;207;229;229m[48;2;229;172;172m▀[0m[38;2;229;174;170m[48;2;229;65;55m▀[0m[38;2;229;157;153m[48;2;229;229;229m▀[0m[38;2;229;229;229m[48;2;229;229;229m▀[0m[38;2;229;229;229m[48;2;229;229;229m▀[0m[38;2;229;229;229m[48;2;229;229;229m▀[0m[38;2;229;229;229m[48;2;229;229;229m▀[0m[38;2;229;229;229m[48;2;229;229;229m▀[0m[38;2;229;229;229m[48;2;229;229;229m▀[0m[38;2;229;229;229m[48;2;229;229;229m▀[0m[38;2;229;229;229m[48;2;229;229;229m▀[0m[38;2;229;229;229m[48;2;229;229;229m▀[0m[38;2;26;29;26m[48;2;229;229;229m▀[0m[38;2;0;0;0m[48;2;0;0;0m▀[0m[38;2;0;0;0m[48;2;0;0;0m▀[0m[38;2;0;0;0m[48;2;229;229;229m▀[0m[38;2;229;229;229m[48;2;229;229;229m▀[0m[38;2;229;229;229m[48;2;217;188;188m▀[0m[38;2;229;228;222m[48;2;229;228;228m▀[0m[38;2;229;205;207m[48;2;229;229;229m▀[0m[38;2;229;229;229m[48;2;229;229;229m▀[0m[38;2;229;229;229m[48;2;229;229;229m▀[0m[38;2;229;229;229m[48;2;229;229;229m▀[0m[38;2;229;229;229m[48;2;229;229;229m▀[0m[38;2;229;229;229m[48;2;229;229;229m▀[0m[38;2;229;229;229m[48;2;229;229;229m▀[0m[38;2;229;229;229m[48;2;229;229;229m▀[0m[38;2;229;229;229m[48;2;229;229;229m▀[0m[38;2;0;0;0m[48;2;229;229;229m▀[0m[38;2;0;0;0m[48;2;0;0;0m▀[0m[38;2;0;0;0m[48;2;148;148;150m▀[0m[38;2;229;229;229m[48;2;229;229;229m▀[0m[38;2;229;229;229m[48;2;229;229;229m▀[0m[38;2;229;229;229m[48;2;229;229;229m▀[0m[38;2;229;229;229m[48;2;229;229;229m▀[0m[38;2;229;229;229m[48;2;229;229;229m▀[0m[38;2;229;229;229m[48;2;229;229;229m▀[0m[38;2;229;229;229m[48;2;229;229;229m▀[0m[38;2;229;229;229m[48;2;229;229;229m▀[0m[38;2;229;209;209m[48;2;229;229;229m▀[0m[38;2;229;229;229m[48;2;229;190;189m▀[0m[38;2;229;229;229m[48;2;229;229;229m▀[0m[38;2;189;192;191m[48;2;229;229;229m▀[0m
[38;2;187;217;217m[48;2;211;193;193m▀[0m[38;2;229;157;157m[48;2;229;220;212m▀[0m[38;2;229;229;229m[48;2;229;229;229m▀[0m[38;2;229;229;229m[48;2;229;229;229m▀[0m[38;2;229;229;229m[48;2;229;229;229m▀[0m[38;2;229;229;229m[48;2;229;229;229m▀[0m[38;2;229;229;229m[48;2;229;229;229m▀[0m[38;2;229;229;229m[48;2;229;229;229m▀[0m[38;2;229;229;229m[48;2;229;227;224m▀[0m[38;2;229;229;229m[48;2;229;229;229m▀[0m[38;2;229;229;229m[48;2;229;229;229m▀[0m[38;2;229;229;229m[48;2;229;229;229m▀[0m[38;2;229;229;229m[48;2;229;229;229m▀[0m[38;2;229;229;229m[48;2;229;229;229m▀[0m[38;2;227;229;229m[48;2;229;229;229m▀[0m[38;2;74;77;77m[48;2;179;179;179m▀[0m[38;2;229;229;229m[48;2;45;50;50m▀[0m[38;2;205;195;195m[48;2;160;166;166m▀[0m[38;2;203;209;209m[48;2;181;185;185m▀[0m[38;2;214;224;224m[48;2;201;205;205m▀[0m[38;2;219;223;223m[48;2;212;221;221m▀[0m[38;2;198;198;199m[48;2;161;175;175m▀[0m[38;2;181;185;185m[48;2;90;94;95m▀[0m[38;2;201;203;203m[48;2;137;139;139m▀[0m[38;2;215;217;217m[48;2;215;220;218m▀[0m[38;2;214;218;215m[48;2;212;194;194m▀[0m[38;2;229;229;229m[48;2;213;192;189m▀[0m[38;2;229;229;229m[48;2;223;227;224m▀[0m[38;2;223;225;225m[48;2;110;113;110m▀[0m[38;2;171;175;171m[48;2;7;9;7m▀[0m[38;2;108;110;110m[48;2;229;229;229m▀[0m[38;2;229;229;229m[48;2;229;229;229m▀[0m[38;2;229;229;229m[48;2;229;229;229m▀[0m[38;2;229;229;229m[48;2;229;229;229m▀[0m[38;2;229;229;229m[48;2;229;229;229m▀[0m[38;2;229;229;229m[48;2;229;229;229m▀[0m[38;2;229;229;229m[48;2;229;229;229m▀[0m[38;2;229;229;229m[48;2;229;229;229m▀[0m[38;2;229;229;229m[48;2;229;229;229m▀[0m[38;2;229;229;229m[48;2;229;229;229m▀[0m[38;2;229;229;229m[48;2;229;229;229m▀[0m[38;2;229;229;229m[48;2;229;229;229m▀[0m[38;2;229;189;186m[48;2;229;207;210m▀[0m[38;2;229;229;229m[48;2;229;158;151m▀[0m
[38;2;225;186;182m[48;2;229;176;172m▀[0m[38;2;229;229;229m[48;2;229;229;229m▀[0m[38;2;229;229;229m[48;2;229;229;229m▀[0m[38;2;229;229;229m[48;2;229;229;229m▀[0m[38;2;229;229;229m[48;2;229;229;229m▀[0m[38;2;229;229;229m[48;2;229;229;229m▀[0m[38;2;229;229;229m[48;2;229;188;180m▀[0m[38;2;229;181;180m[48;2;229;229;229m▀[0m[38;2;229;208;205m[48;2;229;229;229m▀[0m[38;2;229;229;229m[48;2;229;229;229m▀[0m[38;2;229;229;229m[48;2;229;229;229m▀[0m[38;2;229;229;229m[48;2;229;229;229m▀[0m[38;2;229;229;229m[48;2;229;229;229m▀[0m[38;2;229;229;229m[48;2;229;229;229m▀[0m[38;2;229;229;229m[48;2;229;229;229m▀[0m[38;2;229;229;229m[48;2;229;229;229m▀[0m[38;2;75;77;77m[48;2;220;222;222m▀[0m[38;2;187;189;190m[48;2;117;125;127m▀[0m[38;2;229;229;229m[48;2;229;229;229m▀[0m[38;2;229;229;229m[48;2;229;189;182m▀[0m[38;2;229;229;229m[48;2;229;176;168m▀[0m[38;2;229;229;229m[48;2;229;196;194m▀[0m[38;2;229;229;229m[48;2;229;229;229m▀[0m[38;2;229;229;229m[48;2;229;229;229m▀[0m[38;2;229;229;229m[48;2;229;229;229m▀[0m[38;2;229;229;229m[48;2;229;229;229m▀[0m[38;2;229;229;229m[48;2;229;229;229m▀[0m[38;2;229;229;229m[48;2;229;229;229m▀[0m[38;2;135;139;139m[48;2;80;83;83m▀[0m[38;2;170;170;170m[48;2;229;229;229m▀[0m[38;2;229;229;229m[48;2;229;229;229m▀[0m[38;2;229;229;229m[48;2;229;229;229m▀[0m[38;2;229;229;229m[48;2;229;229;229m▀[0m[38;2;229;229;229m[48;2;229;229;229m▀[0m[38;2;229;229;229m[48;2;229;229;229m▀[0m[38;2;229;229;229m[48;2;229;229;229m▀[0m[38;2;229;229;229m[48;2;229;222;222m▀[0m[38;2;229;229;229m[48;2;229;184;180m▀[0m[38;2;229;229;229m[48;2;229;229;229m▀[0m[38;2;229;229;229m[48;2;229;229;229m▀[0m[38;2;229;229;229m[48;2;229;229;229m▀[0m[38;2;229;229;229m[48;2;229;229;229m▀[0m[38;2;229;229;229m[48;2;229;229;229m▀[0m[38;2;229;99;92m[48;2;229;225;224m▀[0m
