[38;2;1;1;1m[48;2;1;1;1m▀[0m[38;2;2;2;2m[48;2;1;1;1m▀[0m[38;2;0;3;2m[48;2;1;3;1m▀[0m[38;2;2;3;0m[48;2;0;3;0m▀[0m[38;2;2;2;2m[48;2;2;2;2m▀[0m[38;2;1;4;3m[48;2;1;4;4m▀[0m[38;2;15;15;13m[48;2;0;3;3m▀[0m[38;2;0;5;0m[48;2;0;4;0m▀[0m[38;2;0;0;0m[48;2;0;0;0m▀[0m[38;2;0;40;52m[48;2;2;38;28m▀[0m[38;2;0;61;55m[48;2;0;121;82m▀[0m[38;2;0;40;26m[48;2;0;0;0m▀[0m[38;2;0;0;0m[48;2;0;0;0m▀[0m[38;2;10;50;36m[48;2;136;95;104m▀[0m[38;2;14;52;41m[48;2;56;21;31m▀[0m[38;2;0;0;0m[48;2;0;0;0m▀[0m[38;2;0;0;0m[48;2;0;0;0m▀[0m[38;2;0;0;0m[48;2;36;107;100m▀[0m[38;2;0;0;0m[48;2;3;0;4m▀[0m[38;2;0;0;0m[48;2;0;0;0m▀[0m[38;2;0;0;0m[48;2;0;0;0m▀[0m[38;2;0;0;0m[48;2;0;0;0m▀[0m[38;2;0;0;0m[48;2;85;62;19m▀[0m[38;2;0;0;0m[48;2;128;104;7m▀[0m[38;2;0;32;21m[48;2;0;0;0m▀[0m[38;2;0;78;50m[48;2;0;0;0m▀[0m[38;2;0;59;37m[48;2;0;0;0m▀[0m[38;2;0;0;0m[48;2;204;252;238m▀[0m[38;2;0;0;0m[48;2;157;156;157m▀[0m[38;2;0;0;0m[48;2;0;0;0m▀[0m[38;2;0;0;0m[48;2;0;0;0m▀[0m[38;2;6;8;11m[48;2;0;0;0m▀[0m[38;2;8;43;46m[48;2;0;84;100m▀[0m[38;2;0;14;4m[48;2;0;17;5m▀[0m[38;2;1;16;11m[48;2;1;12;6m▀[0m[38;2;0;8;7m[48;2;0;7;3m▀[0m
[38;2;1;1;1m[48;2;1;1;1m▀[0m[38;2;1;1;1m[48;2;1;1;1m▀[0m[38;2;2;2;2m[48;2;1;1;1m▀[0m[38;2;1;3;1m[48;2;0;3;0m▀[0m[38;2;2;2;2m[48;2;2;3;0m▀[0m[38;2;1;3;3m[48;2;1;1;1m▀[0m[38;2;1;4;5m[48;2;1;4;3m▀[0m[38;2;0;2;3m[48;2;1;4;3m▀[0m[38;2;0;0;0m[48;2;1;2;0m▀[0m[38;2;1;11;9m[48;2;0;0;0m▀[0m[38;2;0;87;63m[48;2;0;0;0m▀[0m[38;2;2;41;36m[48;2;1;110;97m▀[0m[38;2;0;77;43m[48;2;0;8;1m▀[0m[38;2;185;215;199m[48;2;166;184;172m▀[0m[38;2;70;88;86m[48;2;53;62;66m▀[0m[38;2;0;0;0m[48;2;20;83;36m▀[0m[38;2;0;0;0m[48;2;0;47;32m▀[0m[38;2;34;170;125m[48;2;1;220;75m▀[0m[38;2;120;207;166m[48;2;97;255;130m▀[0m[38;2;56;27;1m[48;2;231;120;38m▀[0m[38;2;78;45;8m[48;2;255;188;67m▀[0m[38;2;45;68;73m[48;2;47;224;206m▀[0m[38;2;255;255;255m[48;2;0;94;117m▀[0m[38;2;45;28;0m[48;2;0;0;0m▀[0m[38;2;0;0;0m[48;2;0;17;21m▀[0m[38;2;0;0;0m[48;2;0;29;18m▀[0m[38;2;0;0;0m[48;2;0;50;32m▀[0m[38;2;255;254;255m[48;2;26;85;59m▀[0m[38;2;254;254;250m[48;2;0;2;0m▀[0m[38;2;0;0;0m[48;2;70;108;96m▀[0m[38;2;0;0;0m[48;2;0;12;0m▀[0m[38;2;0;45;25m[48;2;0;98;64m▀[0m[38;2;0;37;46m[48;2;0;45;32m▀[0m[38;2;0;11;5m[48;2;1;0;0m▀[0m[38;2;0;6;4m[48;2;0;9;7m▀[0m[38;2;0;6;6m[48;2;1;7;3m▀[0m
[38;2;1;1;1m[48;2;1;1;1m▀[0m[38;2;0;2;1m[48;2;1;1;1m▀[0m[38;2;1;1;1m[48;2;1;1;1m▀[0m[38;2;0;2;0m[48;2;0;2;0m▀[0m[38;2;0;2;0m[48;2;0;3;0m▀[0m[38;2;1;1;1m[48;2;2;2;2m▀[0m[38;2;0;2;2m[48;2;0;2;2m▀[0m[38;2;1;4;3m[48;2;1;4;3m▀[0m[38;2;0;2;3m[48;2;0;5;2m▀[0m[38;2;0;3;0m[48;2;0;0;0m▀[0m[38;2;0;0;0m[48;2;0;0;0m▀[0m[38;2;1;54;44m[48;2;7;50;37m▀[0m[38;2;0;0;0m[48;2;0;0;0m▀[0m[38;2;197;162;171m[48;2;166;148;157m▀[0m[38;2;12;54;42m[48;2;0;0;0m▀[0m[38;2;216;251;174m[48;2;0;112;125m▀[0m[38;2;183;177;129m[48;2;236;255;145m▀[0m[38;2;130;126;22m[48;2;92;19;0m▀[0m[38;2;126;158;0m[48;2;0;71;80m▀[0m[38;2;45;51;31m[48;2;0;76;81m▀[0m[38;2;115;113;43m[48;2;0;46;51m▀[0m[38;2;152;134;60m[48;2;0;0;0m▀[0m[38;2;135;101;28m[48;2;12;7;13m▀[0m[38;2;194;169;32m[48;2;107;41;0m▀[0m[38;2;0;46;28m[48;2;64;25;0m▀[0m[38;2;0;26;21m[48;2;0;0;0m▀[0m[38;2;0;27;18m[48;2;0;0;0m▀[0m[38;2;53;31;34m[48;2;5;34;25m▀[0m[38;2;0;0;0m[48;2;0;21;6m▀[0m[38;2;255;240;244m[48;2;192;191;188m▀[0m[38;2;5;102;65m[48;2;0;65;41m▀[0m[38;2;0;70;42m[48;2;0;0;0m▀[0m[38;2;0;7;0m[48;2;0;0;0m▀[0m[38;2;0;3;2m[48;2;0;5;6m▀[0m[38;2;0;7;5m[48;2;1;7;2m▀[0m[38;2;0;6;1m[48;2;0;5;0m▀[0m
[38;2;1;1;1m[48;2;1;1;1m▀[0m[38;2;1;1;1m[48;2;1;1;1m▀[0m[38;2;1;1;1m[48;2;1;1;1m▀[0m[38;2;0;2;0m[48;2;0;2;0m▀[0m[38;2;0;3;0m[48;2;0;3;0m▀[0m[38;2;0;2;0m[48;2;1;3;1m▀[0m[38;2;1;1;1m[48;2;1;1;1m▀[0m[38;2;1;3;3m[48;2;0;3;2m▀[0m[38;2;0;5;2m[48;2;0;4;3m▀[0m[38;2;0;1;0m[48;2;0;0;0m▀[0m[38;2;16;17;13m[48;2;1;0;1m▀[0m[38;2;3;68;44m[48;2;3;77;54m▀[0m[38;2;0;0;0m[48;2;0;0;0m▀[0m[38;2;195;162;156m[48;2;217;169;148m▀[0m[38;2;0;0;0m[48;2;0;0;0m▀[0m[38;2;27;0;0m[48;2;4;0;0m▀[0m[38;2;124;70;0m[48;2;0;0;0m▀[0m[38;2;7;1;6m[48;2;0;24;51m▀[0m[38;2;0;0;0m[48;2;0;48;61m▀[0m[38;2;0;0;0m[48;2;0;58;68m▀[0m[38;2;0;100;119m[48;2;15;124;155m▀[0m[38;2;0;27;58m[48;2;117;122;48m▀[0m[38;2;0;0;0m[48;2;12;50;34m▀[0m[38;2;0;0;0m[48;2;0;0;0m▀[0m[38;2;0;37;40m[48;2;0;0;0m▀[0m[38;2;0;131;118m[48;2;0;64;71m▀[0m[38;2;0;68;53m[48;2;0;103;111m▀[0m[38;2;0;8;0m[48;2;0;0;0m▀[0m[38;2;0;0;0m[48;2;0;0;0m▀[0m[38;2;143;122;129m[48;2;124;111;111m▀[0m[38;2;0;53;36m[48;2;0;62;36m▀[0m[38;2;0;0;0m[48;2;0;0;0m▀[0m[38;2;0;1;1m[48;2;1;0;0m▀[0m[38;2;0;7;5m[48;2;0;6;4m▀[0m[38;2;0;6;2m[48;2;0;6;2m▀[0m[38;2;0;5;3m[48;2;0;5;3m▀[0m
[38;2;1;1;1m[48;2;1;1;1m▀[0m[38;2;1;1;1m[48;2;0;2;1m▀[0m[38;2;1;1;1m[48;2;0;2;0m▀[0m[38;2;0;3;0m[48;2;1;2;0m▀[0m[38;2;0;2;0m[48;2;0;2;2m▀[0m[38;2;0;2;0m[48;2;2;2;2m▀[0m[38;2;0;2;1m[48;2;0;2;1m▀[0m[38;2;0;3;2m[48;2;2;2;2m▀[0m[38;2;1;4;3m[48;2;0;2;3m▀[0m[38;2;0;0;0m[48;2;0;0;0m▀[0m[38;2;0;0;0m[48;2;0;0;0m▀[0m[38;2;15;101;70m[48;2;55;162;118m▀[0m[38;2;0;0;0m[48;2;20;13;12m▀[0m[38;2;0;0;0m[48;2;24;0;2m▀[0m[38;2;0;0;0m[48;2;0;72;63m▀[0m[38;2;0;40;37m[48;2;0;107;98m▀[0m[38;2;0;34;37m[48;2;0;0;0m▀[0m[38;2;0;34;36m[48;2;16;27;18m▀[0m[38;2;71;84;48m[48;2;207;121;80m▀[0m[38;2;97;136;163m[48;2;150;140;150m▀[0m[38;2;152;137;167m[48;2;114;184;186m▀[0m[38;2;234;142;123m[48;2;76;179;211m▀[0m[38;2;77;44;64m[48;2;0;176;189m▀[0m[38;2;102;48;9m[48;2;0;37;35m▀[0m[38;2;49;19;8m[48;2;0;199;169m▀[0m[38;2;0;161;157m[48;2;0;161;152m▀[0m[38;2;0;192;190m[48;2;0;0;0m▀[0m[38;2;0;0;0m[48;2;0;0;0m▀[0m[38;2;0;0;0m[48;2;0;0;0m▀[0m[38;2;125;128;120m[48;2;141;255;173m▀[0m[38;2;1;78;50m[48;2;13;110;67m▀[0m[38;2;0;0;0m[48;2;0;0;0m▀[0m[38;2;0;0;1m[48;2;0;0;0m▀[0m[38;2;0;6;0m[48;2;0;6;0m▀[0m[38;2;0;5;3m[48;2;0;5;3m▀[0m[38;2;0;4;3m[48;2;0;3;2m▀[0m
[38;2;1;1;1m[48;2;0;2;1m▀[0m[38;2;1;1;1m[48;2;1;1;1m▀[0m[38;2;1;2;0m[48;2;1;2;0m▀[0m[38;2;0;3;0m[48;2;1;2;0m▀[0m[38;2;0;3;2m[48;2;1;1;1m▀[0m[38;2;1;1;1m[48;2;1;1;1m▀[0m[38;2;1;1;1m[48;2;0;2;0m▀[0m[38;2;2;2;2m[48;2;0;3;2m▀[0m[38;2;0;3;0m[48;2;0;2;0m▀[0m[38;2;0;0;0m[48;2;0;0;0m▀[0m[38;2;0;0;0m[48;2;0;0;0m▀[0m[38;2;76;210;157m[48;2;75;220;158m▀[0m[38;2;32;39;30m[48;2;39;43;35m▀[0m[38;2;13;0;0m[48;2;41;7;19m▀[0m[38;2;0;99;99m[48;2;0;0;0m▀[0m[38;2;5;130;119m[48;2;0;162;121m▀[0m[38;2;0;0;0m[48;2;0;205;156m▀[0m[38;2;3;45;33m[48;2;0;23;19m▀[0m[38;2;87;156;175m[48;2;0;66;52m▀[0m[38;2;56;216;239m[48;2;11;173;169m▀[0m[38;2;81;226;246m[48;2;37;177;185m▀[0m[38;2;48;211;216m[48;2;33;163;182m▀[0m[38;2;0;248;236m[48;2;6;0;0m▀[0m[38;2;0;211;200m[48;2;0;0;0m▀[0m[38;2;0;49;42m[48;2;0;0;0m▀[0m[38;2;0;0;0m[48;2;29;0;0m▀[0m[38;2;15;0;0m[48;2;57;61;58m▀[0m[38;2;37;35;40m[48;2;34;24;30m▀[0m[38;2;0;0;0m[48;2;0;0;0m▀[0m[38;2;130;255;198m[48;2;137;255;206m▀[0m[38;2;9;89;55m[48;2;0;53;26m▀[0m[38;2;0;0;0m[48;2;0;0;0m▀[0m[38;2;0;0;0m[48;2;0;0;1m▀[0m[38;2;0;6;2m[48;2;0;6;2m▀[0m[38;2;0;4;3m[48;2;0;4;3m▀[0m[38;2;0;2;0m[48;2;2;2;2m▀[0m
[38;2;1;1;1m[48;2;1;1;1m▀[0m[38;2;1;2;0m[48;2;1;2;0m▀[0m[38;2;1;2;0m[48;2;1;2;0m▀[0m[38;2;1;2;0m[48;2;1;2;0m▀[0m[38;2;1;1;1m[48;2;1;1;1m▀[0m[38;2;1;1;1m[48;2;1;1;1m▀[0m[38;2;0;2;2m[48;2;1;3;1m▀[0m[38;2;0;3;2m[48;2;0;5;3m▀[0m[38;2;0;2;1m[48;2;0;0;0m▀[0m[38;2;0;0;0m[48;2;0;0;0m▀[0m[38;2;0;0;0m[48;2;0;0;0m▀[0m[38;2;81;217;161m[48;2;148;255;209m▀[0m[38;2;27;26;15m[48;2;162;182;103m▀[0m[38;2;10;0;0m[48;2;0;0;0m▀[0m[38;2;0;0;0m[48;2;52;66;73m▀[0m[38;2;0;0;0m[48;2;37;0;0m▀[0m[38;2;0;0;0m[48;2;0;34;41m▀[0m[38;2;0;104;105m[48;2;5;243;244m▀[0m[38;2;0;0;0m[48;2;0;153;166m▀[0m[38;2;0;0;0m[48;2;13;178;195m▀[0m[38;2;0;37;60m[48;2;106;215;229m▀[0m[38;2;0;131;169m[48;2;124;224;236m▀[0m[38;2;0;0;0m[48;2;0;184;206m▀[0m[38;2;0;0;0m[48;2;39;224;236m▀[0m[38;2;0;79;87m[48;2;189;255;255m▀[0m[38;2;23;93;92m[48;2;82;255;255m▀[0m[38;2;45;35;31m[48;2;15;26;21m▀[0m[38;2;38;51;48m[48;2;5;4;0m▀[0m[38;2;24;11;23m[48;2;22;0;9m▀[0m[38;2;183;255;218m[48;2;203;255;248m▀[0m[38;2;0;23;9m[48;2;0;1;0m▀[0m[38;2;0;0;0m[48;2;0;0;0m▀[0m[38;2;0;1;1m[48;2;0;0;0m▀[0m[38;2;0;6;2m[48;2;0;6;2m▀[0m[38;2;0;4;3m[48;2;1;4;3m▀[0m[38;2;2;1;2m[48;2;2;2;2m▀[0m
[38;2;1;1;1m[48;2;1;1;1m▀[0m[38;2;1;2;0m[48;2;0;2;0m▀[0m[38;2;1;2;0m[48;2;2;2;0m▀[0m[38;2;1;1;1m[48;2;1;2;0m▀[0m[38;2;1;1;1m[48;2;1;1;1m▀[0m[38;2;1;1;1m[48;2;0;2;0m▀[0m[38;2;1;3;1m[48;2;1;5;1m▀[0m[38;2;0;3;0m[48;2;0;2;1m▀[0m[38;2;68;69;65m[48;2;31;39;31m▀[0m[38;2;0;0;0m[48;2;0;0;0m▀[0m[38;2;0;0;0m[48;2;0;14;5m▀[0m[38;2;173;255;255m[48;2;34;206;158m▀[0m[38;2;255;255;226m[48;2;22;13;14m▀[0m[38;2;0;0;0m[48;2;17;6;26m▀[0m[38;2;41;60;56m[48;2;22;51;35m▀[0m[38;2;9;31;20m[48;2;0;34;22m▀[0m[38;2;74;216;229m[48;2;86;250;218m▀[0m[38;2;123;255;255m[48;2;206;255;216m▀[0m[38;2;93;214;220m[48;2;255;255;255m▀[0m[38;2;255;255;255m[48;2;255;255;255m▀[0m[38;2;255;255;255m[48;2;255;255;255m▀[0m[38;2;255;255;255m[48;2;255;255;255m▀[0m[38;2;255;255;255m[48;2;72;243;118m▀[0m[38;2;238;255;255m[48;2;144;255;201m▀[0m[38;2;255;255;255m[48;2;255;251;255m▀[0m[38;2;251;255;255m[48;2;255;255;255m▀[0m[38;2;0;60;38m[48;2;0;117;76m▀[0m[38;2;0;0;0m[48;2;14;52;27m▀[0m[38;2;72;48;50m[48;2;48;4;22m▀[0m[38;2;217;255;245m[48;2;111;215;162m▀[0m[38;2;0;0;0m[48;2;0;0;0m▀[0m[38;2;0;0;0m[48;2;0;0;0m▀[0m[38;2;0;1;1m[48;2;0;2;2m▀[0m[38;2;0;6;1m[48;2;0;6;2m▀[0m[38;2;0;4;3m[48;2;0;5;3m▀[0m[38;2;1;3;3m[48;2;0;3;2m▀[0m
[38;2;1;1;1m[48;2;1;2;0m▀[0m[38;2;1;2;0m[48;2;1;2;0m▀[0m[38;2;0;2;0m[48;2;1;1;1m▀[0m[38;2;1;1;1m[48;2;1;1;1m▀[0m[38;2;1;1;1m[48;2;1;1;1m▀[0m[38;2;0;3;0m[48;2;1;3;1m▀[0m[38;2;1;4;1m[48;2;1;4;3m▀[0m[38;2;1;1;3m[48;2;0;5;3m▀[0m[38;2;0;0;0m[48;2;0;2;0m▀[0m[38;2;0;0;0m[48;2;0;0;0m▀[0m[38;2;0;57;36m[48;2;5;89;54m▀[0m[38;2;15;150;113m[48;2;26;128;83m▀[0m[38;2;0;0;0m[48;2;3;0;0m▀[0m[38;2;29;26;30m[48;2;45;90;73m▀[0m[38;2;17;129;69m[48;2;14;125;64m▀[0m[38;2;10;96;68m[48;2;38;92;89m▀[0m[38;2;85;255;245m[48;2;139;233;248m▀[0m[38;2;238;255;255m[48;2;0;105;127m▀[0m[38;2;241;255;255m[48;2;152;222;231m▀[0m[38;2;255;255;255m[48;2;241;255;255m▀[0m[38;2;231;255;255m[48;2;245;255;255m▀[0m[38;2;196;250;255m[48;2;199;238;243m▀[0m[38;2;199;255;255m[48;2;47;182;206m▀[0m[38;2;181;255;255m[48;2;0;47;77m▀[0m[38;2;231;239;252m[48;2;106;217;211m▀[0m[38;2;255;255;255m[48;2;203;255;255m▀[0m[38;2;3;133;86m[48;2;9;96;59m▀[0m[38;2;41;109;62m[48;2;22;73;38m▀[0m[38;2;38;12;25m[48;2;38;9;21m▀[0m[38;2;36;192;122m[48;2;44;203;128m▀[0m[38;2;0;0;0m[48;2;0;0;0m▀[0m[38;2;0;0;0m[48;2;0;0;0m▀[0m[38;2;0;3;2m[48;2;0;3;3m▀[0m[38;2;0;6;2m[48;2;0;6;2m▀[0m[38;2;0;5;2m[48;2;0;5;1m▀[0m[38;2;0;3;2m[48;2;0;3;2m▀[0m
[38;2;1;2;0m[48;2;1;1;1m▀[0m[38;2;1;2;0m[48;2;1;2;0m▀[0m[38;2;1;2;0m[48;2;1;2;0m▀[0m[38;2;1;1;1m[48;2;1;1;1m▀[0m[38;2;0;2;0m[48;2;0;2;2m▀[0m[38;2;1;3;1m[48;2;0;3;2m▀[0m[38;2;1;4;3m[48;2;0;4;3m▀[0m[38;2;0;6;1m[48;2;0;7;2m▀[0m[38;2;0;2;1m[48;2;0;1;0m▀[0m[38;2;0;0;0m[48;2;0;0;0m▀[0m[38;2;3;102;56m[48;2;9;133;74m▀[0m[38;2;19;109;58m[48;2;26;93;58m▀[0m[38;2;26;0;13m[48;2;13;0;1m▀[0m[38;2;47;107;94m[48;2;19;4;10m▀[0m[38;2;30;156;91m[48;2;44;77;51m▀[0m[38;2;38;99;101m[48;2;1;90;103m▀[0m[38;2;101;239;251m[48;2;6;173;190m▀[0m[38;2;32;147;156m[48;2;20;150;158m▀[0m[38;2;255;255;255m[48;2;255;255;255m▀[0m[38;2;165;251;249m[48;2;244;255;255m▀[0m[38;2;110;243;243m[48;2;135;255;254m▀[0m[38;2;255;255;255m[48;2;180;255;255m▀[0m[38;2;221;255;255m[48;2;244;255;255m▀[0m[38;2;0;81;100m[48;2;0;68;71m▀[0m[38;2;32;195;197m[48;2;0;132;149m▀[0m[38;2;125;255;255m[48;2;0;138;147m▀[0m[38;2;0;0;0m[48;2;0;0;0m▀[0m[38;2;18;25;31m[48;2;1;0;0m▀[0m[38;2;16;23;14m[48;2;28;36;16m▀[0m[38;2;41;196;125m[48;2;63;223;138m▀[0m[38;2;0;0;0m[48;2;0;0;0m▀[0m[38;2;0;0;0m[48;2;0;0;0m▀[0m[38;2;0;2;3m[48;2;0;2;7m▀[0m[38;2;0;7;3m[48;2;0;6;4m▀[0m[38;2;0;4;1m[48;2;0;5;2m▀[0m[38;2;0;3;2m[48;2;1;3;1m▀[0m
[38;2;1;2;0m[48;2;1;2;0m▀[0m[38;2;1;2;0m[48;2;1;1;1m▀[0m[38;2;1;1;1m[48;2;1;1;1m▀[0m[38;2;0;2;1m[48;2;1;1;1m▀[0m[38;2;0;2;2m[48;2;1;3;1m▀[0m[38;2;1;3;3m[48;2;1;4;3m▀[0m[38;2;0;5;2m[48;2;1;5;2m▀[0m[38;2;0;4;0m[48;2;0;5;5m▀[0m[38;2;0;0;1m[48;2;0;0;0m▀[0m[38;2;0;0;0m[48;2;0;0;0m▀[0m[38;2;23;166;85m[48;2;22;174;97m▀[0m[38;2;21;67;40m[48;2;31;75;50m▀[0m[38;2;27;10;27m[48;2;33;26;39m▀[0m[38;2;49;52;57m[48;2;55;67;72m▀[0m[38;2;43;61;56m[48;2;67;109;95m▀[0m[38;2;16;109;104m[48;2;26;44;24m▀[0m[38;2;0;54;67m[48;2;0;35;35m▀[0m[38;2;0;79;87m[48;2;0;174;180m▀[0m[38;2;80;250;255m[48;2;72;211;219m▀[0m[38;2;167;255;255m[48;2;146;202;210m▀[0m[38;2;187;255;255m[48;2;199;255;255m▀[0m[38;2;159;255;255m[48;2;228;255;255m▀[0m[38;2;73;197;205m[48;2;163;224;231m▀[0m[38;2;0;0;0m[48;2;0;0;0m▀[0m[38;2;12;136;123m[48;2;55;107;71m▀[0m[38;2;42;92;74m[48;2;56;88;70m▀[0m[38;2;22;26;17m[48;2;40;86;75m▀[0m[38;2;0;0;0m[48;2;48;57;65m▀[0m[38;2;31;30;19m[48;2;42;44;50m▀[0m[38;2;50;188;122m[48;2;7;122;77m▀[0m[38;2;0;0;0m[48;2;0;0;0m▀[0m[38;2;0;0;0m[48;2;0;0;0m▀[0m[38;2;2;5;7m[48;2;0;1;0m▀[0m[38;2;2;8;4m[48;2;0;0;0m▀[0m[38;2;0;6;2m[48;2;0;3;0m▀[0m[38;2;0;3;2m[48;2;0;4;1m▀[0m
[38;2;1;1;1m[48;2;1;1;1m▀[0m[38;2;1;1;1m[48;2;1;1;1m▀[0m[38;2;1;1;1m[48;2;1;1;1m▀[0m[38;2;0;2;0m[48;2;0;2;2m▀[0m[38;2;0;3;2m[48;2;1;4;1m▀[0m[38;2;1;4;3m[48;2;0;4;3m▀[0m[38;2;0;5;1m[48;2;0;6;1m▀[0m[38;2;0;4;5m[48;2;0;6;5m▀[0m[38;2;0;0;0m[48;2;0;0;0m▀[0m[38;2;0;0;0m[48;2;0;0;0m▀[0m[38;2;47;204;123m[48;2;53;177;108m▀[0m[38;2;21;56;25m[48;2;25;30;30m▀[0m[38;2;0;0;0m[48;2;28;47;44m▀[0m[38;2;13;17;16m[48;2;29;38;33m▀[0m[38;2;63;93;71m[48;2;25;14;0m▀[0m[38;2;0;0;0m[48;2;0;25;33m▀[0m[38;2;125;235;238m[48;2;148;255;255m▀[0m[38;2;27;192;199m[48;2;40;176;185m▀[0m[38;2;86;220;225m[48;2;0;130;140m▀[0m[38;2;255;255;255m[48;2;46;212;215m▀[0m[38;2;199;255;255m[48;2;155;255;255m▀[0m[38;2;215;255;255m[48;2;184;255;255m▀[0m[38;2;255;255;255m[48;2;255;255;255m▀[0m[38;2;39;90;86m[48;2;105;185;194m▀[0m[38;2;11;17;4m[48;2;0;0;0m▀[0m[38;2;44;47;47m[48;2;18;17;17m▀[0m[38;2;42;38;48m[48;2;10;0;1m▀[0m[38;2;0;0;0m[48;2;0;44;12m▀[0m[38;2;1;100;39m[48;2;144;255;230m▀[0m[38;2;23;174;110m[48;2;52;186;127m▀[0m[38;2;0;0;0m[48;2;0;0;0m▀[0m[38;2;0;0;0m[48;2;0;0;0m▀[0m[38;2;7;15;14m[48;2;32;38;37m▀[0m[38;2;27;33;29m[48;2;79;84;76m▀[0m[38;2;0;1;0m[48;2;0;0;0m▀[0m[38;2;0;3;0m[48;2;0;4;1m▀[0m
