[38;2;255;0;0m[48;2;255;0;0m▀[0m[38;2;43;0;0m[48;2;92;136;127m▀[0m[38;2;198;255;255m[48;2;252;255;255m▀[0m[38;2;245;255;255m[48;2;247;255;255m▀[0m[38;2;228;255;255m[48;2;238;255;255m▀[0m[38;2;235;255;255m[48;2;242;255;255m▀[0m[38;2;252;255;255m[48;2;249;132;132m▀[0m[38;2;245;255;255m[48;2;192;98;104m▀[0m[38;2;255;255;255m[48;2;163;210;221m▀[0m[38;2;255;253;247m[48;2;156;229;231m▀[0m[38;2;255;0;0m[48;2;215;59;54m▀[0m[38;2;243;0;0m[48;2;176;0;0m▀[0m[38;2;255;0;0m[48;2;255;0;0m▀[0m[38;2;3;0;2m[48;2;255;0;0m▀[0m[38;2;0;0;0m[48;2;0;0;0m▀[0m[38;2;0;0;1m[48;2;0;0;0m▀[0m[38;2;0;1;1m[48;2;0;0;0m▀[0m[38;2;0;0;1m[48;2;0;0;0m▀[0m[38;2;0;0;1m[48;2;0;0;0m▀[0m[38;2;0;1;1m[48;2;0;0;0m▀[0m[38;2;0;1;1m[48;2;0;0;0m▀[0m[38;2;0;1;1m[48;2;0;0;0m▀[0m[38;2;0;1;1m[48;2;0;0;0m▀[0m[38;2;0;1;1m[48;2;0;0;0m▀[0m[38;2;0;1;1m[48;2;0;0;0m▀[0m[38;2;0;0;1m[48;2;0;0;0m▀[0m[38;2;0;0;1m[48;2;0;0;0m▀[0m[38;2;0;0;1m[48;2;0;0;0m▀[0m[38;2;0;1;1m[48;2;0;1;0m▀[0m[38;2;0;1;1m[48;2;0;1;1m▀[0m[38;2;0;1;1m[48;2;0;1;1m▀[0m[38;2;0;0;1m[48;2;0;1;1m▀[0m[38;2;0;1;1m[48;2;0;1;1m▀[0m[38;2;0;1;1m[48;2;0;1;1m▀[0m[38;2;0;0;1m[48;2;0;1;1m▀[0m[38;2;0;0;0m[48;2;0;0;0m▀[0m
[38;2;255;0;0m[48;2;255;0;0m▀[0m[38;2;145;160;153m[48;2;176;105;98m▀[0m[38;2;236;255;255m[48;2;190;255;255m▀[0m[38;2;236;242;240m[48;2;124;63;65m▀[0m[38;2;255;255;255m[48;2;153;174;178m▀[0m[38;2;240;255;255m[48;2;255;255;255m▀[0m[38;2;132;2;2m[48;2;238;255;255m▀[0m[38;2;49;52;55m[48;2;204;250;251m▀[0m[38;2;0;0;0m[48;2;144;218;196m▀[0m[38;2;0;0;0m[48;2;201;255;255m▀[0m[38;2;242;255;255m[48;2;255;255;255m▀[0m[38;2;127;28;23m[48;2;110;196;200m▀[0m[38;2;138;5;0m[48;2;75;159;163m▀[0m[38;2;255;0;0m[48;2;255;0;0m▀[0m[38;2;209;0;0m[48;2;255;0;0m▀[0m[38;2;0;0;0m[48;2;162;0;0m▀[0m[38;2;0;0;0m[48;2;0;0;0m▀[0m[38;2;0;0;0m[48;2;0;0;0m▀[0m[38;2;0;0;0m[48;2;0;0;0m▀[0m[38;2;0;0;0m[48;2;0;0;0m▀[0m[38;2;0;0;0m[48;2;0;0;0m▀[0m[38;2;0;0;0m[48;2;0;0;0m▀[0m[38;2;0;0;0m[48;2;0;0;0m▀[0m[38;2;0;0;0m[48;2;0;0;0m▀[0m[38;2;0;0;0m[48;2;0;0;0m▀[0m[38;2;0;0;0m[48;2;0;0;0m▀[0m[38;2;0;0;0m[48;2;0;0;0m▀[0m[38;2;0;0;0m[48;2;0;0;0m▀[0m[38;2;0;0;0m[48;2;0;0;0m▀[0m[38;2;0;0;0m[48;2;0;0;0m▀[0m[38;2;0;0;0m[48;2;0;0;0m▀[0m[38;2;0;0;0m[48;2;0;0;0m▀[0m[38;2;0;0;0m[48;2;0;0;0m▀[0m[38;2;0;0;0m[48;2;0;0;0m▀[0m[38;2;0;1;1m[48;2;0;0;0m▀[0m[38;2;0;1;1m[48;2;0;0;0m▀[0m
[38;2;255;0;0m[48;2;255;0;0m▀[0m[38;2;255;72;63m[48;2;187;0;0m▀[0m[38;2;80;237;250m[48;2;0;65;74m▀[0m[38;2;0;0;0m[48;2;48;176;137m▀[0m[38;2;68;108;78m[48;2;203;255;247m▀[0m[38;2;234;255;255m[48;2;164;175;173m▀[0m[38;2;255;255;255m[48;2;217;249;250m▀[0m[38;2;246;255;255m[48;2;244;255;255m▀[0m[38;2;255;255;255m[48;2;230;255;255m▀[0m[38;2;255;255;255m[48;2;241;255;255m▀[0m[38;2;255;255;255m[48;2;255;255;255m▀[0m[38;2;135;214;217m[48;2;121;229;234m▀[0m[38;2;61;161;161m[48;2;83;57;54m▀[0m[38;2;255;0;0m[48;2;255;0;0m▀[0m[38;2;255;0;0m[48;2;185;33;23m▀[0m[38;2;245;25;8m[48;2;230;255;255m▀[0m[38;2;141;166;169m[48;2;255;255;255m▀[0m[38;2;166;208;206m[48;2;255;255;255m▀[0m[38;2;175;209;210m[48;2;255;255;255m▀[0m[38;2;147;173;173m[48;2;255;255;255m▀[0m[38;2;114;131;131m[48;2;255;255;255m▀[0m[38;2;88;105;105m[48;2;255;255;255m▀[0m[38;2;89;103;103m[48;2;255;255;255m▀[0m[38;2;104;122;119m[48;2;255;255;255m▀[0m[38;2;107;127;127m[48;2;255;255;255m▀[0m[38;2;100;117;117m[48;2;255;255;255m▀[0m[38;2;77;91;91m[48;2;255;255;255m▀[0m[38;2;43;52;50m[48;2;255;255;255m▀[0m[38;2;6;6;3m[48;2;255;255;255m▀[0m[38;2;0;0;0m[48;2;255;255;255m▀[0m[38;2;0;0;0m[48;2;255;255;255m▀[0m[38;2;0;0;0m[48;2;215;245;245m▀[0m[38;2;0;0;0m[48;2;205;227;227m▀[0m[38;2;0;0;0m[48;2;150;171;171m▀[0m[38;2;0;0;0m[48;2;0;0;0m▀[0m[38;2;0;0;0m[48;2;0;0;0m▀[0m
[38;2;255;0;0m[48;2;255;0;0m▀[0m[38;2;236;0;0m[48;2;255;0;0m▀[0m[38;2;123;145;146m[48;2;117;23;13m▀[0m[38;2;255;255;255m[48;2;251;255;255m▀[0m[38;2;255;255;255m[48;2;255;255;255m▀[0m[38;2;225;255;255m[48;2;250;255;255m▀[0m[38;2;225;255;255m[48;2;204;236;236m▀[0m[38;2;220;252;252m[48;2;194;221;221m▀[0m[38;2;233;255;255m[48;2;233;255;255m▀[0m[38;2;246;255;255m[48;2;255;255;255m▀[0m[38;2;255;255;255m[48;2;180;255;255m▀[0m[38;2;0;0;0m[48;2;15;42;46m▀[0m[38;2;135;0;0m[48;2;255;0;0m▀[0m[38;2;255;0;0m[48;2;217;0;0m▀[0m[38;2;147;175;171m[48;2;92;151;144m▀[0m[38;2;255;255;255m[48;2;255;255;255m▀[0m[38;2;232;255;255m[48;2;239;255;255m▀[0m[38;2;235;255;255m[48;2;228;255;255m▀[0m[38;2;234;255;255m[48;2;224;255;255m▀[0m[38;2;234;255;255m[48;2;225;255;255m▀[0m[38;2;232;255;255m[48;2;227;255;255m▀[0m[38;2;233;255;255m[48;2;228;255;255m▀[0m[38;2;233;255;255m[48;2;228;255;255m▀[0m[38;2;234;255;255m[48;2;229;255;255m▀[0m[38;2;234;255;255m[48;2;230;255;255m▀[0m[38;2;234;255;255m[48;2;232;255;255m▀[0m[38;2;236;255;255m[48;2;234;255;255m▀[0m[38;2;242;255;255m[48;2;232;255;255m▀[0m[38;2;252;255;255m[48;2;235;255;255m▀[0m[38;2;255;255;255m[48;2;235;255;255m▀[0m[38;2;255;255;255m[48;2;232;255;255m▀[0m[38;2;255;255;255m[48;2;245;255;255m▀[0m[38;2;255;255;255m[48;2;230;255;255m▀[0m[38;2;255;255;255m[48;2;255;255;255m▀[0m[38;2;39;46;47m[48;2;25;29;28m▀[0m[38;2;0;0;0m[48;2;0;0;0m▀[0m
[38;2;255;0;0m[48;2;255;0;0m▀[0m[38;2;255;0;0m[48;2;255;0;0m▀[0m[38;2;42;0;0m[48;2;100;0;0m▀[0m[38;2;44;144;150m[48;2;0;0;0m▀[0m[38;2;255;255;255m[48;2;110;194;198m▀[0m[38;2;255;255;255m[48;2;255;255;255m▀[0m[38;2;250;255;255m[48;2;255;255;255m▀[0m[38;2;253;255;255m[48;2;255;255;255m▀[0m[38;2;255;255;255m[48;2;255;255;255m▀[0m[38;2;255;255;255m[48;2;0;0;0m▀[0m[38;2;0;21;21m[48;2;1;40;45m▀[0m[38;2;228;255;255m[48;2;255;255;255m▀[0m[38;2;255;0;0m[48;2;255;0;0m▀[0m[38;2;255;0;0m[48;2;220;0;0m▀[0m[38;2;84;61;53m[48;2;97;65;59m▀[0m[38;2;178;255;246m[48;2;180;240;227m▀[0m[38;2;229;255;255m[48;2;210;239;237m▀[0m[38;2;230;255;255m[48;2;238;255;255m▀[0m[38;2;225;255;255m[48;2;233;255;255m▀[0m[38;2;232;255;255m[48;2;246;255;255m▀[0m[38;2;232;255;255m[48;2;255;255;255m▀[0m[38;2;232;255;255m[48;2;255;255;255m▀[0m[38;2;235;255;255m[48;2;255;255;255m▀[0m[38;2;235;255;255m[48;2;255;255;255m▀[0m[38;2;240;255;255m[48;2;255;255;255m▀[0m[38;2;246;255;255m[48;2;255;255;255m▀[0m[38;2;255;255;255m[48;2;255;255;255m▀[0m[38;2;255;255;255m[48;2;255;255;255m▀[0m[38;2;247;255;255m[48;2;168;183;178m▀[0m[38;2;206;235;233m[48;2;213;243;241m▀[0m[38;2;238;255;255m[48;2;252;255;255m▀[0m[38;2;230;255;255m[48;2;230;255;255m▀[0m[38;2;250;255;255m[48;2;255;255;255m▀[0m[38;2;255;255;255m[48;2;255;255;255m▀[0m[38;2;4;7;3m[48;2;7;10;9m▀[0m[38;2;0;0;0m[48;2;0;0;0m▀[0m
[38;2;255;0;0m[48;2;255;0;0m▀[0m[38;2;255;0;0m[48;2;255;0;0m▀[0m[38;2;173;0;0m[48;2;255;0;0m▀[0m[38;2;49;0;0m[48;2;121;0;0m▀[0m[38;2;83;0;0m[48;2;141;0;0m▀[0m[38;2;112;0;0m[48;2;155;0;0m▀[0m[38;2;70;25;25m[48;2;134;0;0m▀[0m[38;2;33;90;92m[48;2;7;0;0m▀[0m[38;2;2;29;29m[48;2;0;0;0m▀[0m[38;2;0;0;0m[48;2;0;0;0m▀[0m[38;2;184;240;245m[48;2;255;255;255m▀[0m[38;2;255;255;255m[48;2;255;255;255m▀[0m[38;2;220;0;0m[48;2;242;61;52m▀[0m[38;2;82;0;0m[48;2;167;53;44m▀[0m[38;2;182;173;159m[48;2;212;255;255m▀[0m[38;2;255;255;255m[48;2;244;255;255m▀[0m[38;2;234;255;255m[48;2;229;255;255m▀[0m[38;2;235;255;255m[48;2;230;255;255m▀[0m[38;2;214;247;247m[48;2;213;240;239m▀[0m[38;2;130;140;134m[48;2;188;207;203m▀[0m[38;2;26;24;20m[48;2;149;171;170m▀[0m[38;2;5;9;8m[48;2;135;146;141m▀[0m[38;2;43;54;54m[48;2;0;0;0m▀[0m[38;2;69;83;83m[48;2;0;0;0m▀[0m[38;2;61;70;70m[48;2;0;0;0m▀[0m[38;2;20;22;24m[48;2;0;0;0m▀[0m[38;2;0;0;0m[48;2;0;0;0m▀[0m[38;2;0;0;0m[48;2;0;0;0m▀[0m[38;2;0;0;0m[48;2;0;0;0m▀[0m[38;2;255;255;255m[48;2;255;255;255m▀[0m[38;2;251;255;255m[48;2;255;255;255m▀[0m[38;2;233;255;255m[48;2;236;255;255m▀[0m[38;2;251;255;255m[48;2;255;255;255m▀[0m[38;2;255;255;255m[48;2;255;255;255m▀[0m[38;2;6;9;9m[48;2;0;0;0m▀[0m[38;2;0;0;0m[48;2;0;0;0m▀[0m
[38;2;255;0;0m[48;2;133;0;0m▀[0m[38;2;255;0;0m[48;2;255;0;0m▀[0m[38;2;182;0;0m[48;2;174;1;0m▀[0m[38;2;255;0;0m[48;2;134;0;0m▀[0m[38;2;135;0;0m[48;2;171;0;0m▀[0m[38;2;152;0;0m[48;2;170;0;0m▀[0m[38;2;141;0;0m[48;2;116;0;0m▀[0m[38;2;208;0;0m[48;2;130;0;0m▀[0m[38;2;90;0;0m[48;2;180;0;0m▀[0m[38;2;0;0;0m[48;2;0;0;0m▀[0m[38;2;30;56;58m[48;2;0;0;0m▀[0m[38;2;83;134;136m[48;2;0;0;0m▀[0m[38;2;189;205;205m[48;2;181;239;239m▀[0m[38;2;255;103;92m[48;2;234;255;255m▀[0m[38;2;236;255;255m[48;2;230;255;255m▀[0m[38;2;235;255;255m[48;2;232;255;255m▀[0m[38;2;225;255;255m[48;2;224;255;255m▀[0m[38;2;224;255;255m[48;2;223;255;255m▀[0m[38;2;233;255;255m[48;2;222;255;255m▀[0m[38;2;246;255;255m[48;2;228;255;255m▀[0m[38;2;255;255;255m[48;2;236;255;255m▀[0m[38;2;255;255;255m[48;2;255;255;255m▀[0m[38;2;188;221;221m[48;2;255;255;255m▀[0m[38;2;0;0;0m[48;2;0;0;0m▀[0m[38;2;0;0;0m[48;2;0;0;0m▀[0m[38;2;0;0;0m[48;2;0;0;0m▀[0m[38;2;0;0;0m[48;2;0;0;0m▀[0m[38;2;0;0;0m[48;2;0;0;0m▀[0m[38;2;0;0;0m[48;2;0;0;0m▀[0m[38;2;255;255;255m[48;2;241;255;255m▀[0m[38;2;255;255;255m[48;2;255;255;255m▀[0m[38;2;239;255;255m[48;2;241;255;255m▀[0m[38;2;255;255;255m[48;2;255;255;255m▀[0m[38;2;255;255;255m[48;2;211;253;253m▀[0m[38;2;0;0;0m[48;2;0;0;0m▀[0m[38;2;0;0;0m[48;2;0;0;0m▀[0m
[38;2;94;0;0m[48;2;177;0;0m▀[0m[38;2;255;0;0m[48;2;195;0;0m▀[0m[38;2;255;0;0m[48;2;255;0;0m▀[0m[38;2;147;0;0m[48;2;239;0;0m▀[0m[38;2;170;0;0m[48;2;181;0;0m▀[0m[38;2;193;0;0m[48;2;174;0;0m▀[0m[38;2;112;0;0m[48;2;127;0;0m▀[0m[38;2;137;0;0m[48;2;91;0;0m▀[0m[38;2;78;0;0m[48;2;0;0;0m▀[0m[38;2;69;123;120m[48;2;35;78;74m▀[0m[38;2;73;90;86m[48;2;90;98;94m▀[0m[38;2;0;0;0m[48;2;112;121;111m▀[0m[38;2;192;226;230m[48;2;255;255;255m▀[0m[38;2;255;255;255m[48;2;205;227;218m▀[0m[38;2;165;171;152m[48;2;166;167;149m▀[0m[38;2;221;255;255m[48;2;222;255;255m▀[0m[38;2;229;255;255m[48;2;230;255;255m▀[0m[38;2;227;244;242m[48;2;230;228;222m▀[0m[38;2;239;220;219m[48;2;255;145;140m▀[0m[38;2;229;229;227m[48;2;244;154;153m▀[0m[38;2;222;254;254m[48;2;225;239;239m▀[0m[38;2;241;255;255m[48;2;227;255;255m▀[0m[38;2;255;255;255m[48;2;238;255;255m▀[0m[38;2;193;228;228m[48;2;255;255;255m▀[0m[38;2;0;0;0m[48;2;40;48;51m▀[0m[38;2;0;0;0m[48;2;0;0;0m▀[0m[38;2;0;0;0m[48;2;0;0;0m▀[0m[38;2;0;0;0m[48;2;0;0;0m▀[0m[38;2;0;0;0m[48;2;0;0;0m▀[0m[38;2;201;255;255m[48;2;205;180;177m▀[0m[38;2;255;255;255m[48;2;255;214;210m▀[0m[38;2;250;245;243m[48;2;255;244;244m▀[0m[38;2;255;255;255m[48;2;255;255;255m▀[0m[38;2;110;128;128m[48;2;0;0;0m▀[0m[38;2;0;0;0m[48;2;0;0;0m▀[0m[38;2;0;0;0m[48;2;0;0;0m▀[0m
[38;2;255;0;0m[48;2;255;0;0m▀[0m[38;2;235;0;0m[48;2;252;0;0m▀[0m[38;2;213;0;0m[48;2;246;0;0m▀[0m[38;2;158;0;0m[48;2;111;0;0m▀[0m[38;2;159;0;0m[48;2;161;0;0m▀[0m[38;2;184;0;0m[48;2;167;0;0m▀[0m[38;2;140;0;0m[48;2;0;0;0m▀[0m[38;2;0;0;0m[48;2;0;0;0m▀[0m[38;2;0;8;9m[48;2;56;74;71m▀[0m[38;2;138;156;147m[48;2;183;201;191m▀[0m[38;2;145;152;143m[48;2;109;114;106m▀[0m[38;2;187;206;198m[48;2;202;226;222m▀[0m[38;2;255;255;255m[48;2;255;255;255m▀[0m[38;2;193;211;207m[48;2;170;192;189m▀[0m[38;2;172;176;163m[48;2;178;191;180m▀[0m[38;2;230;255;255m[48;2;244;255;255m▀[0m[38;2;224;250;252m[48;2;221;255;255m▀[0m[38;2;224;238;238m[48;2;225;255;255m▀[0m[38;2;222;255;255m[48;2;225;255;255m▀[0m[38;2;222;255;255m[48;2;222;255;255m▀[0m[38;2;237;216;216m[48;2;222;255;255m▀[0m[38;2;218;239;239m[48;2;229;249;249m▀[0m[38;2;203;237;232m[48;2;184;211;211m▀[0m[38;2;255;255;255m[48;2;248;255;255m▀[0m[38;2;236;255;255m[48;2;255;255;255m▀[0m[38;2;0;0;0m[48;2;36;43;43m▀[0m[38;2;0;0;0m[48;2;0;0;0m▀[0m[38;2;0;0;0m[48;2;0;0;0m▀[0m[38;2;0;0;0m[48;2;0;0;0m▀[0m[38;2;212;162;154m[48;2;211;255;255m▀[0m[38;2;255;255;255m[48;2;255;255;255m▀[0m[38;2;255;255;255m[48;2;255;255;255m▀[0m[38;2;205;240;240m[48;2;82;103;103m▀[0m[38;2;0;0;0m[48;2;0;0;0m▀[0m[38;2;0;0;0m[48;2;0;0;0m▀[0m[38;2;0;0;0m[48;2;0;0;0m▀[0m
[38;2;255;0;0m[48;2;189;0;0m▀[0m[38;2;255;0;0m[48;2;255;0;0m▀[0m[38;2;255;0;0m[48;2;255;0;0m▀[0m[38;2;127;0;0m[48;2;119;0;0m▀[0m[38;2;156;0;0m[48;2;145;0;0m▀[0m[38;2;76;0;0m[48;2;97;78;73m▀[0m[38;2;40;128;125m[48;2;161;236;227m▀[0m[38;2;90;118;112m[48;2;158;180;174m▀[0m[38;2;89;105;97m[48;2;145;160;152m▀[0m[38;2;150;162;151m[48;2;126;133;123m▀[0m[38;2;113;118;108m[48;2;127;134;125m▀[0m[38;2;228;255;255m[48;2;253;255;255m▀[0m[38;2;255;255;255m[48;2;255;255;255m▀[0m[38;2;183;212;210m[48;2;188;218;219m▀[0m[38;2;194;222;219m[48;2;210;243;243m▀[0m[38;2;244;255;255m[48;2;239;255;255m▀[0m[38;2;220;255;255m[48;2;222;255;255m▀[0m[38;2;248;255;255m[48;2;224;255;255m▀[0m[38;2;238;255;255m[48;2;224;255;255m▀[0m[38;2;221;255;255m[48;2;222;255;255m▀[0m[38;2;224;255;255m[48;2;227;255;255m▀[0m[38;2;234;255;255m[48;2;245;255;255m▀[0m[38;2;195;223;226m[48;2;180;207;207m▀[0m[38;2;239;255;255m[48;2;228;255;255m▀[0m[38;2;255;255;255m[48;2;255;255;255m▀[0m[38;2;181;211;211m[48;2;255;255;255m▀[0m[38;2;0;0;0m[48;2;0;0;0m▀[0m[38;2;0;0;0m[48;2;0;0;0m▀[0m[38;2;0;0;0m[48;2;0;0;0m▀[0m[38;2;253;255;255m[48;2;255;255;255m▀[0m[38;2;255;255;255m[48;2;255;255;255m▀[0m[38;2;255;255;255m[48;2;240;255;255m▀[0m[38;2;0;0;0m[48;2;0;0;0m▀[0m[38;2;0;0;0m[48;2;0;0;0m▀[0m[38;2;0;0;0m[48;2;0;0;0m▀[0m[38;2;0;0;0m[48;2;0;0;0m▀[0m
[38;2;197;0;0m[48;2;174;0;0m▀[0m[38;2;255;0;0m[48;2;244;0;0m▀[0m[38;2;255;0;0m[48;2;255;5;0m▀[0m[38;2;194;0;0m[48;2;157;0;0m▀[0m[38;2;226;0;0m[48;2;184;0;0m▀[0m[38;2;97;58;55m[48;2;74;24;22m▀[0m[38;2;133;208;200m[48;2;132;207;199m▀[0m[38;2;141;160;154m[48;2;131;152;146m▀[0m[38;2;140;153;145m[48;2;112;127;119m▀[0m[38;2;116;121;113m[48;2;128;137;127m▀[0m[38;2;146;163;154m[48;2;164;186;180m▀[0m[38;2;255;255;255m[48;2;255;255;255m▀[0m[38;2;255;255;255m[48;2;255;255;255m▀[0m[38;2;164;197;197m[48;2;125;146;145m▀[0m[38;2;213;249;249m[48;2;230;255;255m▀[0m[38;2;240;255;255m[48;2;255;255;255m▀[0m[38;2;223;255;255m[48;2;246;255;255m▀[0m[38;2;221;255;255m[48;2;255;220;203m▀[0m[38;2;221;255;255m[48;2;255;219;199m▀[0m[38;2;225;255;255m[48;2;246;255;255m▀[0m[38;2;225;255;255m[48;2;255;255;255m▀[0m[38;2;255;255;255m[48;2;250;255;255m▀[0m[38;2;133;150;147m[48;2;0;0;0m▀[0m[38;2;209;237;239m[48;2;225;255;255m▀[0m[38;2;255;255;255m[48;2;255;255;255m▀[0m[38;2;233;255;255m[48;2;210;244;244m▀[0m[38;2;160;189;189m[48;2;255;255;255m▀[0m[38;2;153;174;175m[48;2;250;255;255m▀[0m[38;2;63;79;79m[48;2;56;74;74m▀[0m[38;2;255;255;255m[48;2;255;255;255m▀[0m[38;2;255;255;255m[48;2;255;255;255m▀[0m[38;2;196;226;226m[48;2;220;254;254m▀[0m[38;2;0;0;0m[48;2;252;255;255m▀[0m[38;2;0;0;0m[48;2;191;212;212m▀[0m[38;2;0;0;0m[48;2;34;37;37m▀[0m[38;2;0;0;0m[48;2;0;0;0m▀[0m
[38;2;234;0;0m[48;2;252;0;0m▀[0m[38;2;232;0;0m[48;2;255;5;0m▀[0m[38;2;255;0;0m[48;2;255;1;0m▀[0m[38;2;249;0;0m[48;2;131;0;0m▀[0m[38;2;190;0;0m[48;2;255;0;0m▀[0m[38;2;74;0;0m[48;2;101;0;0m▀[0m[38;2;116;188;182m[48;2;74;156;154m▀[0m[38;2;148;174;163m[48;2;153;181;170m▀[0m[38;2;76;86;83m[48;2;143;156;148m▀[0m[38;2;58;74;69m[48;2;6;35;32m▀[0m[38;2;193;212;204m[48;2;217;131;124m▀[0m[38;2;255;187;186m[48;2;255;191;194m▀[0m[38;2;255;255;255m[48;2;255;255;255m▀[0m[38;2;75;86;81m[48;2;87;102;95m▀[0m[38;2;113;140;143m[48;2;9;17;17m▀[0m[38;2;255;255;255m[48;2;193;221;225m▀[0m[38;2;236;147;120m[48;2;193;223;223m▀[0m[38;2;226;101;70m[48;2;186;226;230m▀[0m[38;2;222;106;75m[48;2;189;239;245m▀[0m[38;2;204;156;134m[48;2;203;255;255m▀[0m[38;2;188;215;219m[48;2;218;255;255m▀[0m[38;2;116;133;129m[48;2;245;255;255m▀[0m[38;2;15;19;19m[48;2;255;255;255m▀[0m[38;2;181;211;213m[48;2;246;255;255m▀[0m[38;2;164;194;196m[48;2;242;255;255m▀[0m[38;2;163;199;197m[48;2;240;255;255m▀[0m[38;2;214;159;156m[48;2;240;251;251m▀[0m[38;2;124;68;64m[48;2;255;198;194m▀[0m[38;2;0;0;0m[48;2;255;222;217m▀[0m[38;2;165;186;189m[48;2;184;220;220m▀[0m[38;2;232;255;255m[48;2;182;209;209m▀[0m[38;2;253;255;255m[48;2;177;198;198m▀[0m[38;2;255;255;255m[48;2;182;206;206m▀[0m[38;2;255;255;255m[48;2;216;234;232m▀[0m[38;2;255;255;255m[48;2;200;227;229m▀[0m[38;2;250;255;255m[48;2;109;129;130m▀[0m
