wide,38,12,255,186,188
wide,34,20,255,178,174
wide,37,24,251,217,217
wide,37,31,236,198,197
wide,45,20,255,147,148
wide,42,23,237,209,208
wide,41,9,255,246,242
wide,38,42,255,255,255
wide,38,35,255,255,255
punch,32,19,255,154,151
punch,36,18,255,235,231
punch,29,6,255,203,202
punch,29,41,242,195,192
punch,34,28,227,194,192
punch,37,38,254,250,248
punch,38,43,253,252,252
punch,38,35,255,255,255
punch,38,27,255,255,255
strip,27,3,255,189,186
strip,23,12,255,165,163
strip,23,4,242,168,166
strip,17,13,255,219,215
strip,20,13,243,199,199
strip,16,5,255,236,235
