[38;2;120;124;120m[48;2;135;136;135m▀[0m[38;2;71;71;71m[48;2;150;153;150m▀[0m[38;2;96;100;96m[48;2;119;121;119m▀[0m[38;2;88;91;90m[48;2;48;50;48m▀[0m[38;2;61;63;61m[48;2;60;62;63m▀[0m[38;2;19;21;19m[48;2;127;131;130m▀[0m[38;2;197;200;199m[48;2;65;69;66m▀[0m[38;2;0;0;0m[48;2;3;2;2m▀[0m[38;2;0;0;0m[48;2;0;0;0m▀[0m[38;2;197;198;198m[48;2;42;44;44m▀[0m[38;2;161;162;162m[48;2;229;229;229m▀[0m[38;2;225;227;227m[48;2;0;0;0m▀[0m[38;2;193;195;195m[48;2;171;172;172m▀[0m[38;2;229;229;229m[48;2;229;229;229m▀[0m[38;2;229;229;229m[48;2;229;229;229m▀[0m[38;2;207;210;209m[48;2;161;166;164m▀[0m[38;2;229;229;229m[48;2;229;229;229m▀[0m[38;2;108;117;117m[48;2;64;54;51m▀[0m[38;2;214;222;222m[48;2;229;229;229m▀[0m[38;2;158;165;165m[48;2;192;201;201m▀[0m[38;2;229;229;229m[48;2;186;186;186m▀[0m[38;2;229;229;229m[48;2;229;229;229m▀[0m[38;2;101;49;44m[48;2;181;0;0m▀[0m[38;2;229;229;229m[48;2;229;122;120m▀[0m[38;2;121;133;133m[48;2;54;95;92m▀[0m[38;2;229;229;229m[48;2;163;171;171m▀[0m[38;2;175;178;178m[48;2;229;229;229m▀[0m[38;2;209;211;211m[48;2;165;166;163m▀[0m[38;2;229;229;229m[48;2;229;229;229m▀[0m[38;2;229;229;229m[48;2;229;229;229m▀[0m[38;2;127;130;130m[48;2;227;229;229m▀[0m[38;2;0;0;0m[48;2;0;0;0m▀[0m[38;2;0;0;0m[48;2;0;0;0m▀[0m[38;2;2;4;2m[48;2;89;90;90m▀[0m[38;2;110;112;110m[48;2;10;7;6m▀[0m[38;2;153;158;155m[48;2;95;99;96m▀[0m[38;2;133;136;135m[48;2;149;153;152m▀[0m[38;2;57;57;55m[48;2;148;151;150m▀[0m[38;2;55;57;57m[48;2;74;74;72m▀[0m[38;2;127;129;129m[48;2;70;71;68m▀[0m[38;2;36;37;36m[48;2;110;110;111m▀[0m[38;2;73;75;73m[48;2;36;39;36m▀[0m[38;2;144;146;144m[48;2;96;99;99m▀[0m[38;2;145;145;144m[48;2;144;148;144m▀[0m
[38;2;135;139;138m[48;2;167;171;170m▀[0m[38;2;162;166;165m[48;2;44;45;46m▀[0m[38;2;0;0;0m[48;2;0;0;0m▀[0m[38;2;44;45;44m[48;2;113;118;115m▀[0m[38;2;118;120;118m[48;2;116;118;116m▀[0m[38;2;99;103;102m[48;2;77;73;73m▀[0m[38;2;77;75;73m[48;2;54;54;52m▀[0m[38;2;92;94;94m[48;2;78;80;80m▀[0m[38;2;0;0;0m[48;2;30;32;30m▀[0m[38;2;0;0;0m[48;2;0;0;0m▀[0m[38;2;229;229;229m[48;2;162;162;160m▀[0m[38;2;93;97;97m[48;2;229;229;229m▀[0m[38;2;177;179;177m[48;2;214;215;212m▀[0m[38;2;208;210;211m[48;2;203;205;205m▀[0m[38;2;229;229;229m[48;2;229;229;229m▀[0m[38;2;125;129;130m[48;2;83;91;90m▀[0m[38;2;229;229;229m[48;2;167;171;167m▀[0m[38;2;156;4;0m[48;2;26;0;0m▀[0m[38;2;183;179;178m[48;2;25;32;33m▀[0m[38;2;229;229;229m[48;2;229;229;229m▀[0m[38;2;160;166;166m[48;2;207;214;214m▀[0m[38;2;229;229;229m[48;2;72;81;81m▀[0m[38;2;77;55;55m[48;2;144;165;165m▀[0m[38;2;98;67;68m[48;2;204;229;229m▀[0m[38;2;160;173;175m[48;2;143;195;197m▀[0m[38;2;159;163;158m[48;2;106;157;159m▀[0m[38;2;229;229;229m[48;2;0;12;9m▀[0m[38;2;210;215;215m[48;2;197;206;206m▀[0m[38;2;229;229;229m[48;2;229;229;229m▀[0m[38;2;229;229;229m[48;2;229;229;229m▀[0m[38;2;229;229;229m[48;2;200;205;205m▀[0m[38;2;229;229;229m[48;2;229;229;229m▀[0m[38;2;45;44;42m[48;2;224;228;229m▀[0m[38;2;0;0;0m[48;2;144;145;145m▀[0m[38;2;72;72;73m[48;2;151;151;149m▀[0m[38;2;90;94;91m[48;2;122;123;120m▀[0m[38;2;135;138;135m[48;2;135;135;136m▀[0m[38;2;149;153;153m[48;2;126;134;130m▀[0m[38;2;48;50;48m[48;2;101;108;104m▀[0m[38;2;0;0;0m[48;2;10;12;12m▀[0m[38;2;49;51;49m[48;2;0;0;0m▀[0m[38;2;33;35;33m[48;2;0;0;0m▀[0m[38;2;68;70;68m[48;2;30;31;28m▀[0m[38;2;94;96;94m[48;2;43;45;43m▀[0m
[38;2;89;90;89m[48;2;51;50;48m▀[0m[38;2;0;0;0m[48;2;229;229;229m▀[0m[38;2;0;0;0m[48;2;122;124;122m▀[0m[38;2;88;90;88m[48;2;0;0;0m▀[0m[38;2;10;12;10m[48;2;54;61;61m▀[0m[38;2;62;65;65m[48;2;108;114;114m▀[0m[38;2;145;150;152m[48;2;29;32;32m▀[0m[38;2;162;166;166m[48;2;0;0;0m▀[0m[38;2;7;9;10m[48;2;0;0;0m▀[0m[38;2;0;0;0m[48;2;0;0;0m▀[0m[38;2;0;0;0m[48;2;7;9;7m▀[0m[38;2;129;131;129m[48;2;201;203;201m▀[0m[38;2;229;229;229m[48;2;229;229;229m▀[0m[38;2;180;185;184m[48;2;182;184;182m▀[0m[38;2;229;229;229m[48;2;229;229;229m▀[0m[38;2;82;90;89m[48;2;162;171;171m▀[0m[38;2;117;129;128m[48;2;95;122;123m▀[0m[38;2;210;229;229m[48;2;81;126;126m▀[0m[38;2;191;207;205m[48;2;131;154;158m▀[0m[38;2;113;126;124m[48;2;212;229;229m▀[0m[38;2;213;220;219m[48;2;229;229;229m▀[0m[38;2;203;210;210m[48;2;229;229;229m▀[0m[38;2;208;223;223m[48;2;229;229;229m▀[0m[38;2;100;121;120m[48;2;162;119;118m▀[0m[38;2;85;0;0m[48;2;133;0;0m▀[0m[38;2;26;0;0m[48;2;229;0;0m▀[0m[38;2;0;54;54m[48;2;229;214;213m▀[0m[38;2;0;0;0m[48;2;90;0;0m▀[0m[38;2;171;178;171m[48;2;170;119;117m▀[0m[38;2;229;229;229m[48;2;229;229;229m▀[0m[38;2;154;159;159m[48;2;184;186;188m▀[0m[38;2;207;210;207m[48;2;201;203;203m▀[0m[38;2;229;229;229m[48;2;194;198;195m▀[0m[38;2;229;229;229m[48;2;229;229;229m▀[0m[38;2;0;0;0m[48;2;201;203;204m▀[0m[38;2;0;0;0m[48;2;73;75;75m▀[0m[38;2;54;52;54m[48;2;69;70;66m▀[0m[38;2;91;95;92m[48;2;229;229;229m▀[0m[38;2;62;63;64m[48;2;156;155;155m▀[0m[38;2;118;120;121m[48;2;0;0;0m▀[0m[38;2;54;54;52m[48;2;66;69;66m▀[0m[38;2;0;0;0m[48;2;32;34;32m▀[0m[38;2;27;29;26m[48;2;43;42;40m▀[0m[38;2;50;52;50m[48;2;70;72;70m▀[0m
[38;2;91;93;91m[48;2;229;229;229m▀[0m[38;2;203;205;206m[48;2;229;229;229m▀[0m[38;2;229;229;229m[48;2;229;229;229m▀[0m[38;2;44;46;44m[48;2;0;0;0m▀[0m[38;2;0;0;0m[48;2;0;0;0m▀[0m[38;2;72;73;71m[48;2;229;229;229m▀[0m[38;2;76;77;74m[48;2;132;133;130m▀[0m[38;2;105;107;105m[48;2;59;59;56m▀[0m[38;2;69;67;65m[48;2;51;53;51m▀[0m[38;2;0;0;0m[48;2;220;222;220m▀[0m[38;2;229;229;229m[48;2;203;205;203m▀[0m[38;2;207;209;210m[48;2;195;200;199m▀[0m[38;2;229;229;229m[48;2;222;225;225m▀[0m[38;2;229;229;229m[48;2;229;229;229m▀[0m[38;2;190;203;202m[48;2;100;101;98m▀[0m[38;2;0;0;0m[48;2;0;0;0m▀[0m[38;2;0;0;0m[48;2;229;229;229m▀[0m[38;2;104;0;0m[48;2;229;0;0m▀[0m[38;2;41;0;0m[48;2;229;218;216m▀[0m[38;2;199;205;204m[48;2;229;229;229m▀[0m[38;2;229;156;155m[48;2;229;162;156m▀[0m[38;2;188;145;145m[48;2;214;207;207m▀[0m[38;2;229;229;229m[48;2;229;229;229m▀[0m[38;2;229;229;229m[48;2;229;229;229m▀[0m[38;2;229;229;229m[48;2;229;229;229m▀[0m[38;2;229;229;229m[48;2;229;229;229m▀[0m[38;2;228;139;136m[48;2;229;229;229m▀[0m[38;2;229;181;178m[48;2;229;229;229m▀[0m[38;2;171;204;206m[48;2;64;94;94m▀[0m[38;2;229;229;229m[48;2;229;229;229m▀[0m[38;2;229;229;229m[48;2;229;229;229m▀[0m[38;2;160;162;162m[48;2;40;43;40m▀[0m[38;2;229;229;229m[48;2;229;229;229m▀[0m[38;2;141;143;143m[48;2;217;221;218m▀[0m[38;2;229;229;229m[48;2;182;185;184m▀[0m[38;2;229;229;229m[48;2;135;136;135m▀[0m[38;2;229;229;229m[48;2;168;170;170m▀[0m[38;2;229;229;229m[48;2;34;36;36m▀[0m[38;2;108;110;110m[48;2;25;24;24m▀[0m[38;2;108;109;110m[48;2;58;61;61m▀[0m[38;2;105;108;108m[48;2;62;62;62m▀[0m[38;2;23;25;23m[48;2;0;0;0m▀[0m[38;2;92;94;92m[48;2;0;0;0m▀[0m[38;2;229;229;229m[48;2;229;229;229m▀[0m
[38;2;229;229;229m[48;2;229;229;229m▀[0m[38;2;229;229;229m[48;2;229;229;229m▀[0m[38;2;229;229;229m[48;2;61;62;59m▀[0m[38;2;0;0;0m[48;2;17;21;20m▀[0m[38;2;2;5;2m[48;2;172;176;171m▀[0m[38;2;162;162;160m[48;2;81;82;79m▀[0m[38;2;229;229;229m[48;2;44;44;42m▀[0m[38;2;164;166;168m[48;2;165;165;166m▀[0m[38;2;229;229;229m[48;2;224;227;228m▀[0m[38;2;224;227;228m[48;2;207;209;208m▀[0m[38;2;210;213;212m[48;2;229;229;229m▀[0m[38;2;159;162;162m[48;2;171;175;172m▀[0m[38;2;229;229;229m[48;2;229;229;229m▀[0m[38;2;178;209;210m[48;2;229;229;229m▀[0m[38;2;172;148;145m[48;2;53;121;121m▀[0m[38;2;229;0;0m[48;2;181;0;0m▀[0m[38;2;229;6;0m[48;2;229;26;29m▀[0m[38;2;229;229;229m[48;2;229;229;229m▀[0m[38;2;229;229;229m[48;2;229;229;229m▀[0m[38;2;229;229;229m[48;2;229;229;229m▀[0m[38;2;229;229;229m[48;2;229;229;229m▀[0m[38;2;229;229;229m[48;2;229;229;229m▀[0m[38;2;229;229;229m[48;2;184;229;229m▀[0m[38;2;229;159;157m[48;2;133;108;108m▀[0m[38;2;229;229;229m[48;2;197;0;0m▀[0m[38;2;229;229;229m[48;2;229;229;229m▀[0m[38;2;229;165;168m[48;2;191;229;229m▀[0m[38;2;158;71;68m[48;2;229;9;7m▀[0m[38;2;0;0;0m[48;2;97;0;0m▀[0m[38;2;229;229;229m[48;2;198;229;229m▀[0m[38;2;229;229;229m[48;2;229;229;229m▀[0m[38;2;65;67;67m[48;2;201;205;202m▀[0m[38;2;106;108;105m[48;2;116;117;114m▀[0m[38;2;229;229;229m[48;2;148;150;151m▀[0m[38;2;229;229;229m[48;2;223;225;225m▀[0m[38;2;214;216;216m[48;2;229;229;229m▀[0m[38;2;0;0;0m[48;2;229;229;229m▀[0m[38;2;17;20;17m[48;2;226;229;229m▀[0m[38;2;89;90;83m[48;2;192;194;194m▀[0m[38;2;21;22;16m[48;2;106;108;108m▀[0m[38;2;104;108;104m[48;2;130;134;133m▀[0m[38;2;55;56;54m[48;2;79;80;76m▀[0m[38;2;0;0;0m[48;2;0;0;0m▀[0m[38;2;229;229;229m[48;2;229;229;229m▀[0m
[38;2;36;37;37m[48;2;0;0;0m▀[0m[38;2;0;0;0m[48;2;44;46;45m▀[0m[38;2;0;0;0m[48;2;103;107;106m▀[0m[38;2;132;135;135m[48;2;93;100;101m▀[0m[38;2;19;19;17m[48;2;63;66;65m▀[0m[38;2;112;115;114m[48;2;3;3;1m▀[0m[38;2;80;80;81m[48;2;206;206;204m▀[0m[38;2;151;151;149m[48;2;229;229;229m▀[0m[38;2;211;214;213m[48;2;229;229;229m▀[0m[38;2;202;203;200m[48;2;229;229;229m▀[0m[38;2;229;229;229m[48;2;155;158;158m▀[0m[38;2;116;118;118m[48;2;52;54;52m▀[0m[38;2;207;211;211m[48;2;203;211;209m▀[0m[38;2;229;229;229m[48;2;229;229;229m▀[0m[38;2;124;194;195m[48;2;173;207;210m▀[0m[38;2;55;0;0m[48;2;0;0;0m▀[0m[38;2;229;229;229m[48;2;229;229;229m▀[0m[38;2;229;229;229m[48;2;229;59;59m▀[0m[38;2;229;229;229m[48;2;229;148;144m▀[0m[38;2;204;203;201m[48;2;190;128;125m▀[0m[38;2;21;56;55m[48;2;0;0;0m▀[0m[38;2;0;2;2m[48;2;144;0;0m▀[0m[38;2;0;0;0m[48;2;229;0;0m▀[0m[38;2;0;0;0m[48;2;218;51;53m▀[0m[38;2;0;0;0m[48;2;0;0;0m▀[0m[38;2;229;135;131m[48;2;229;0;0m▀[0m[38;2;229;229;229m[48;2;229;229;229m▀[0m[38;2;229;229;229m[48;2;204;225;225m▀[0m[38;2;0;0;0m[48;2;0;0;0m▀[0m[38;2;198;213;211m[48;2;213;220;220m▀[0m[38;2;229;229;229m[48;2;229;229;229m▀[0m[38;2;202;205;205m[48;2;112;114;114m▀[0m[38;2;229;229;229m[48;2;170;171;171m▀[0m[38;2;109;113;110m[48;2;229;229;229m▀[0m[38;2;229;229;229m[48;2;126;130;127m▀[0m[38;2;213;217;218m[48;2;90;91;92m▀[0m[38;2;229;229;229m[48;2;0;0;0m▀[0m[38;2;229;229;229m[48;2;39;36;36m▀[0m[38;2;229;229;229m[48;2;195;198;198m▀[0m[38;2;23;22;22m[48;2;71;71;71m▀[0m[38;2;52;54;54m[48;2;131;133;131m▀[0m[38;2;133;136;134m[48;2;72;72;72m▀[0m[38;2;56;59;56m[48;2;26;25;25m▀[0m[38;2;100;100;100m[48;2;0;0;0m▀[0m
[38;2;106;110;108m[48;2;0;0;0m▀[0m[38;2;98;99;98m[48;2;49;51;52m▀[0m[38;2;54;54;53m[48;2;113;116;116m▀[0m[38;2;37;37;36m[48;2;148;150;148m▀[0m[38;2;65;70;69m[48;2;101;108;103m▀[0m[38;2;118;124;117m[48;2;229;229;229m▀[0m[38;2;229;229;229m[48;2;120;122;123m▀[0m[38;2;229;229;229m[48;2;126;126;125m▀[0m[38;2;229;229;229m[48;2;229;229;229m▀[0m[38;2;152;154;153m[48;2;79;81;81m▀[0m[38;2;0;0;0m[48;2;175;176;173m▀[0m[38;2;111;112;109m[48;2;40;42;42m▀[0m[38;2;169;173;173m[48;2;123;124;121m▀[0m[38;2;229;229;229m[48;2;229;229;229m▀[0m[38;2;180;189;188m[48;2;180;186;184m▀[0m[38;2;30;59;61m[48;2;0;0;0m▀[0m[38;2;75;127;127m[48;2;0;10;7m▀[0m[38;2;216;214;210m[48;2;163;112;113m▀[0m[38;2;229;14;7m[48;2;229;0;0m▀[0m[38;2;229;229;229m[48;2;229;229;229m▀[0m[38;2;100;165;163m[48;2;229;229;229m▀[0m[38;2;229;138;134m[48;2;229;229;229m▀[0m[38;2;183;54;53m[48;2;229;48;45m▀[0m[38;2;204;229;229m[48;2;229;111;104m▀[0m[38;2;229;153;145m[48;2;229;229;229m▀[0m[38;2;229;122;109m[48;2;229;125;120m▀[0m[38;2;229;229;229m[48;2;0;0;0m▀[0m[38;2;0;0;0m[48;2;3;17;18m▀[0m[38;2;0;0;0m[48;2;18;23;20m▀[0m[38;2;217;222;223m[48;2;159;162;161m▀[0m[38;2;229;229;229m[48;2;229;229;229m▀[0m[38;2;207;209;209m[48;2;229;229;229m▀[0m[38;2;0;0;0m[48;2;17;19;17m▀[0m[38;2;229;229;229m[48;2;45;47;45m▀[0m[38;2;229;229;229m[48;2;229;229;229m▀[0m[38;2;219;221;222m[48;2;229;229;229m▀[0m[38;2;0;0;0m[48;2;204;201;203m▀[0m[38;2;0;0;0m[48;2;99;103;103m▀[0m[38;2;131;133;131m[48;2;24;26;24m▀[0m[38;2;108;109;108m[48;2;106;108;106m▀[0m[38;2;138;142;138m[48;2;91;94;91m▀[0m[38;2;123;123;121m[48;2;76;76;74m▀[0m[38;2;115;117;115m[48;2;96;99;96m▀[0m[38;2;128;132;128m[48;2;91;93;91m▀[0m
[38;2;63;66;63m[48;2;148;152;148m▀[0m[38;2;102;105;105m[48;2;149;153;152m▀[0m[38;2;131;134;130m[48;2;137;142;139m▀[0m[38;2;111;115;111m[48;2;133;136;135m▀[0m[38;2;137;141;140m[48;2;53;54;55m▀[0m[38;2;69;70;66m[48;2;117;121;118m▀[0m[38;2;0;0;0m[48;2;135;139;138m▀[0m[38;2;60;56;59m[48;2;15;14;12m▀[0m[38;2;0;0;0m[48;2;0;0;0m▀[0m[38;2;163;163;164m[48;2;229;229;229m▀[0m[38;2;223;225;225m[48;2;229;229;229m▀[0m[38;2;17;19;19m[48;2;132;134;134m▀[0m[38;2;112;114;114m[48;2;131;138;133m▀[0m[38;2;229;229;229m[48;2;229;229;229m▀[0m[38;2;145;149;148m[48;2;25;26;23m▀[0m[38;2;18;26;24m[48;2;0;0;0m▀[0m[38;2;180;195;193m[48;2;181;190;190m▀[0m[38;2;27;48;48m[48;2;191;206;203m▀[0m[38;2;3;0;0m[48;2;126;162;160m▀[0m[38;2;130;151;150m[48;2;97;117;117m▀[0m[38;2;171;174;171m[48;2;99;68;67m▀[0m[38;2;229;229;229m[48;2;93;103;102m▀[0m[38;2;229;229;229m[48;2;122;130;129m▀[0m[38;2;229;95;80m[48;2;109;83;83m▀[0m[38;2;156;137;134m[48;2;132;178;177m▀[0m[38;2;129;136;135m[48;2;206;221;223m▀[0m[38;2;35;58;61m[48;2;59;69;67m▀[0m[38;2;126;130;131m[48;2;191;195;194m▀[0m[38;2;58;61;62m[48;2;26;29;26m▀[0m[38;2;36;36;34m[48;2;138;140;141m▀[0m[38;2;229;229;229m[48;2;152;154;153m▀[0m[38;2;229;229;229m[48;2;229;229;229m▀[0m[38;2;171;172;171m[48;2;229;229;229m▀[0m[38;2;0;0;0m[48;2;35;34;35m▀[0m[38;2;71;72;71m[48;2;0;0;0m▀[0m[38;2;162;164;162m[48;2;0;0;0m▀[0m[38;2;229;229;229m[48;2;229;229;229m▀[0m[38;2;109;111;111m[48;2;28;30;30m▀[0m[38;2;101;103;101m[48;2;90;93;92m▀[0m[38;2;140;142;140m[48;2;123;125;123m▀[0m[38;2;132;134;132m[48;2;112;112;110m▀[0m[38;2;125;125;123m[48;2;105;107;105m▀[0m[38;2;99;100;99m[48;2;122;125;124m▀[0m[38;2;39;43;39m[48;2;143;150;149m▀[0m
[38;2;110;112;110m[48;2;72;74;72m▀[0m[38;2;126;126;126m[48;2;45;50;45m▀[0m[38;2;125;125;123m[48;2;40;42;40m▀[0m[38;2;133;133;131m[48;2;25;26;23m▀[0m[38;2;108;109;108m[48;2;69;71;69m▀[0m[38;2;75;80;76m[48;2;99;101;100m▀[0m[38;2;90;92;90m[48;2;124;130;130m▀[0m[38;2;130;132;130m[48;2;229;229;229m▀[0m[38;2;229;229;229m[48;2;229;229;229m▀[0m[38;2;229;229;229m[48;2;138;140;140m▀[0m[38;2;69;70;66m[48;2;0;0;0m▀[0m[38;2;0;0;0m[48;2;0;0;0m▀[0m[38;2;229;229;229m[48;2;229;229;229m▀[0m[38;2;229;229;229m[48;2;147;149;152m▀[0m[38;2;0;0;0m[48;2;0;0;0m▀[0m[38;2;66;70;70m[48;2;19;24;21m▀[0m[38;2;160;166;170m[48;2;77;76;73m▀[0m[38;2;166;172;172m[48;2;135;136;135m▀[0m[38;2;179;178;178m[48;2;170;169;170m▀[0m[38;2;170;178;176m[48;2;164;168;169m▀[0m[38;2;163;176;176m[48;2;161;162;162m▀[0m[38;2;152;160;159m[48;2;162;166;163m▀[0m[38;2;141;151;153m[48;2;164;170;168m▀[0m[38;2;159;182;184m[48;2;203;206;205m▀[0m[38;2;210;213;214m[48;2;90;92;93m▀[0m[38;2;79;83;82m[48;2;0;0;0m▀[0m[38;2;20;24;23m[48;2;99;102;102m▀[0m[38;2;105;105;106m[48;2;168;170;171m▀[0m[38;2;0;0;0m[48;2;25;29;29m▀[0m[38;2;110;112;110m[48;2;38;42;42m▀[0m[38;2;0;0;0m[48;2;49;52;53m▀[0m[38;2;72;74;72m[48;2;0;0;0m▀[0m[38;2;229;229;229m[48;2;0;0;0m▀[0m[38;2;229;229;229m[48;2;0;0;0m▀[0m[38;2;203;202;202m[48;2;194;192;195m▀[0m[38;2;40;41;38m[48;2;229;229;229m▀[0m[38;2;106;108;108m[48;2;100;96;96m▀[0m[38;2;52;54;54m[48;2;59;60;56m▀[0m[38;2;113;115;113m[48;2;113;115;113m▀[0m[38;2;93;94;90m[48;2;94;95;91m▀[0m[38;2;103;104;101m[48;2;77;77;73m▀[0m[38;2;102;103;97m[48;2;81;82;81m▀[0m[38;2;104;106;104m[48;2;80;80;74m▀[0m[38;2;135;133;136m[48;2;71;71;69m▀[0m
[38;2;4;6;6m[48;2;137;141;140m▀[0m[38;2;21;22;19m[48;2;162;163;163m▀[0m[38;2;36;41;40m[48;2;154;156;158m▀[0m[38;2;50;53;52m[48;2;150;150;151m▀[0m[38;2;48;52;51m[48;2;130;129;127m▀[0m[38;2;60;62;60m[48;2;83;85;83m▀[0m[38;2;0;0;0m[48;2;76;80;81m▀[0m[38;2;31;29;32m[48;2;63;63;63m▀[0m[38;2;0;0;0m[48;2;108;109;106m▀[0m[38;2;5;7;7m[48;2;126;128;125m▀[0m[38;2;0;0;0m[48;2;129;128;129m▀[0m[38;2;33;36;36m[48;2;120;121;118m▀[0m[38;2;23;25;23m[48;2;164;164;162m▀[0m[38;2;26;27;26m[48;2;158;155;158m▀[0m[38;2;113;116;116m[48;2;181;181;179m▀[0m[38;2;133;135;133m[48;2;171;173;171m▀[0m[38;2;158;158;154m[48;2;164;163;164m▀[0m[38;2;178;178;174m[48;2;159;162;162m▀[0m[38;2;140;140;134m[48;2;173;176;176m▀[0m[38;2;86;89;86m[48;2;91;90;91m▀[0m[38;2;175;179;175m[48;2;139;139;139m▀[0m[38;2;176;175;176m[48;2;190;192;190m▀[0m[38;2;211;211;212m[48;2;122;124;122m▀[0m[38;2;160;159;160m[48;2;22;25;26m▀[0m[38;2;0;0;0m[48;2;21;25;22m▀[0m[38;2;163;166;165m[48;2;60;67;65m▀[0m[38;2;163;170;171m[48;2;91;100;101m▀[0m[38;2;191;198;201m[48;2;30;40;42m▀[0m[38;2;6;9;9m[48;2;0;0;0m▀[0m[38;2;0;0;0m[48;2;0;0;0m▀[0m[38;2;20;24;25m[48;2;0;0;0m▀[0m[38;2;44;47;45m[48;2;41;49;49m▀[0m[38;2;93;93;95m[48;2;90;99;99m▀[0m[38;2;35;37;39m[48;2;54;56;61m▀[0m[38;2;0;0;0m[48;2;92;104;106m▀[0m[38;2;158;155;155m[48;2;63;74;74m▀[0m[38;2;68;72;69m[48;2;76;81;78m▀[0m[38;2;94;96;94m[48;2;106;107;104m▀[0m[38;2;114;116;114m[48;2;99;101;99m▀[0m[38;2;122;124;122m[48;2;85;85;87m▀[0m[38;2;123;123;121m[48;2;106;108;106m▀[0m[38;2;115;117;115m[48;2;121;123;121m▀[0m[38;2;113;118;114m[48;2;132;136;135m▀[0m[38;2;112;117;116m[48;2;134;139;138m▀[0m
[38;2;85;90;89m[48;2;131;131;129m▀[0m[38;2;124;126;124m[48;2;93;94;91m▀[0m[38;2;183;186;185m[48;2;164;164;162m▀[0m[38;2;180;182;183m[48;2;161;161;158m▀[0m[38;2;186;185;183m[48;2;153;156;155m▀[0m[38;2;189;192;192m[48;2;154;156;154m▀[0m[38;2;189;191;189m[48;2;153;155;156m▀[0m[38;2;185;185;185m[48;2;155;159;159m▀[0m[38;2;189;189;187m[48;2;157;160;159m▀[0m[38;2;188;188;188m[48;2;160;160;160m▀[0m[38;2;180;180;179m[48;2;155;159;158m▀[0m[38;2;178;178;178m[48;2;156;156;153m▀[0m[38;2;171;169;171m[48;2;156;156;154m▀[0m[38;2;164;163;164m[48;2;156;155;156m▀[0m[38;2;161;160;161m[48;2;155;155;155m▀[0m[38;2;158;161;158m[48;2;153;156;153m▀[0m[38;2;159;159;157m[48;2;161;161;161m▀[0m[38;2;160;162;160m[48;2;174;175;172m▀[0m[38;2;184;188;188m[48;2;127;134;135m▀[0m[38;2;150;152;150m[48;2;99;106;106m▀[0m[38;2;81;84;85m[48;2;126;134;136m▀[0m[38;2;116;118;119m[48;2;0;0;0m▀[0m[38;2;0;0;0m[48;2;0;0;0m▀[0m[38;2;0;0;0m[48;2;205;218;212m▀[0m[38;2;117;123;124m[48;2;79;95;92m▀[0m[38;2;107;119;118m[48;2;34;77;77m▀[0m[38;2;194;219;221m[48;2;0;35;36m▀[0m[38;2;0;16;17m[48;2;78;0;0m▀[0m[38;2;0;0;0m[48;2;229;0;0m▀[0m[38;2;0;0;0m[48;2;229;112;100m▀[0m[38;2;0;0;0m[48;2;184;213;214m▀[0m[38;2;0;0;0m[48;2;194;203;204m▀[0m[38;2;3;6;6m[48;2;229;229;229m▀[0m[38;2;100;109;109m[48;2;229;229;229m▀[0m[38;2;67;52;50m[48;2;216;148;154m▀[0m[38;2;0;0;0m[48;2;229;229;229m▀[0m[38;2;0;0;0m[48;2;229;229;229m▀[0m[38;2;0;0;0m[48;2;51;53;51m▀[0m[38;2;39;41;41m[48;2;0;0;0m▀[0m[38;2;24;27;27m[48;2;90;90;88m▀[0m[38;2;69;71;69m[48;2;119;123;122m▀[0m[38;2;72;74;72m[48;2;104;106;110m▀[0m[38;2;64;64;63m[48;2;85;85;83m▀[0m[38;2;81;82;81m[48;2;70;74;73m▀[0m
[38;2;171;171;171m[48;2;191;190;191m▀[0m[38;2;175;174;174m[48;2;169;169;169m▀[0m[38;2;161;161;161m[48;2;164;164;164m▀[0m[38;2;158;158;154m[48;2;159;159;159m▀[0m[38;2;154;154;153m[48;2;150;150;150m▀[0m[38;2;154;154;149m[48;2;148;150;148m▀[0m[38;2;150;154;150m[48;2;150;150;148m▀[0m[38;2;154;154;149m[48;2;149;151;149m▀[0m[38;2;154;154;149m[48;2;151;150;150m▀[0m[38;2;154;151;150m[48;2;150;150;148m▀[0m[38;2;150;152;150m[48;2;150;150;148m▀[0m[38;2;149;151;149m[48;2;148;150;148m▀[0m[38;2;151;151;149m[48;2;153;153;154m▀[0m[38;2;153;150;149m[48;2;159;159;155m▀[0m[38;2;154;158;155m[48;2;157;161;158m▀[0m[38;2;162;162;160m[48;2;169;172;170m▀[0m[38;2;161;164;162m[48;2;148;160;160m▀[0m[38;2;137;144;144m[48;2;153;167;165m▀[0m[38;2;98;113;113m[48;2;119;146;144m▀[0m[38;2;18;29;31m[48;2;48;110;113m▀[0m[38;2;144;167;171m[48;2;63;135;135m▀[0m[38;2;0;0;0m[48;2;85;0;0m▀[0m[38;2;0;0;0m[48;2;187;0;0m▀[0m[38;2;51;125;124m[48;2;0;0;0m▀[0m[38;2;0;0;0m[48;2;77;0;0m▀[0m[38;2;0;0;0m[48;2;229;229;226m▀[0m[38;2;35;0;0m[48;2;229;99;90m▀[0m[38;2;229;0;0m[48;2;229;229;229m▀[0m[38;2;196;184;182m[48;2;229;229;229m▀[0m[38;2;219;229;229m[48;2;229;229;229m▀[0m[38;2;141;157;155m[48;2;222;229;229m▀[0m[38;2;108;116;115m[48;2;190;199;198m▀[0m[38;2;229;229;229m[48;2;229;229;229m▀[0m[38;2;165;168;168m[48;2;199;201;199m▀[0m[38;2;203;209;211m[48;2;229;229;229m▀[0m[38;2;229;229;229m[48;2;229;229;229m▀[0m[38;2;229;229;229m[48;2;229;229;229m▀[0m[38;2;229;229;229m[48;2;229;229;229m▀[0m[38;2;201;204;203m[48;2;229;229;229m▀[0m[38;2;46;46;45m[48;2;229;229;229m▀[0m[38;2;43;45;43m[48;2;99;101;99m▀[0m[38;2;74;80;75m[48;2;51;54;54m▀[0m[38;2;90;91;90m[48;2;28;43;41m▀[0m[38;2;130;136;138m[48;2;0;0;0m▀[0m
[38;2;3;6;3m[48;2;0;0;0m▀[0m[38;2;101;103;104m[48;2;0;0;0m▀[0m[38;2;179;179;179m[48;2;117;122;117m▀[0m[38;2;160;157;157m[48;2;173;173;173m▀[0m[38;2;152;152;152m[48;2;151;151;148m▀[0m[38;2;149;149;147m[48;2;149;149;147m▀[0m[38;2;149;149;149m[48;2;147;149;147m▀[0m[38;2;149;149;149m[48;2;149;149;147m▀[0m[38;2;149;149;147m[48;2;149;149;147m▀[0m[38;2;149;149;147m[48;2;153;153;151m▀[0m[38;2;147;149;147m[48;2;156;156;153m▀[0m[38;2;155;153;154m[48;2;163;163;161m▀[0m[38;2;156;156;158m[48;2;138;138;139m▀[0m[38;2;154;156;156m[48;2;189;191;192m▀[0m[38;2;189;191;190m[48;2;116;119;119m▀[0m[38;2;182;191;189m[48;2;0;0;0m▀[0m[38;2;12;38;36m[48;2;0;0;0m▀[0m[38;2;0;0;0m[48;2;124;0;0m▀[0m[38;2;72;160;159m[48;2;229;0;0m▀[0m[38;2;69;81;83m[48;2;229;0;0m▀[0m[38;2;136;0;0m[48;2;229;109;92m▀[0m[38;2;229;139;123m[48;2;183;229;229m▀[0m[38;2;229;229;229m[48;2;226;229;229m▀[0m[38;2;229;156;153m[48;2;229;229;229m▀[0m[38;2;229;28;11m[48;2;229;0;0m▀[0m[38;2;229;76;69m[48;2;229;159;158m▀[0m[38;2;229;229;229m[48;2;168;229;229m▀[0m[38;2;229;229;229m[48;2;229;130;125m▀[0m[38;2;229;229;229m[48;2;229;190;189m▀[0m[38;2;229;229;229m[48;2;229;229;229m▀[0m[38;2;229;229;229m[48;2;223;229;229m▀[0m[38;2;229;229;229m[48;2;229;229;229m▀[0m[38;2;229;229;229m[48;2;229;229;229m▀[0m[38;2;229;229;229m[48;2;229;229;229m▀[0m[38;2;229;229;229m[48;2;229;229;229m▀[0m[38;2;229;229;229m[48;2;174;174;175m▀[0m[38;2;222;224;224m[48;2;161;161;161m▀[0m[38;2;219;221;221m[48;2;229;229;229m▀[0m[38;2;229;229;229m[48;2;229;229;229m▀[0m[38;2;229;229;229m[48;2;229;229;229m▀[0m[38;2;229;229;229m[48;2;229;229;229m▀[0m[38;2;229;229;229m[48;2;201;205;204m▀[0m[38;2;129;47;44m[48;2;197;155;157m▀[0m[38;2;95;86;85m[48;2;229;229;229m▀[0m
[38;2;101;106;103m[48;2;135;139;135m▀[0m[38;2;3;4;1m[48;2;46;50;49m▀[0m[38;2;82;85;85m[48;2;140;142;142m▀[0m[38;2;178;178;178m[48;2;176;176;176m▀[0m[38;2;152;152;152m[48;2;154;154;156m▀[0m[38;2;148;148;145m[48;2;148;151;151m▀[0m[38;2;148;148;145m[48;2;151;150;151m▀[0m[38;2;148;148;145m[48;2;154;154;152m▀[0m[38;2;153;153;153m[48;2;161;160;161m▀[0m[38;2;155;155;153m[48;2;179;178;179m▀[0m[38;2;171;171;172m[48;2;149;152;151m▀[0m[38;2;136;136;138m[48;2;70;69;66m▀[0m[38;2;106;105;103m[48;2;72;73;70m▀[0m[38;2;11;15;12m[48;2;0;0;0m▀[0m[38;2;0;0;0m[48;2;144;161;160m▀[0m[38;2;27;36;36m[48;2;229;229;229m▀[0m[38;2;229;229;229m[48;2;229;229;229m▀[0m[38;2;229;214;209m[48;2;229;229;229m▀[0m[38;2;229;0;0m[48;2;229;144;138m▀[0m[38;2;229;229;229m[48;2;229;117;112m▀[0m[38;2;229;192;192m[48;2;229;229;229m▀[0m[38;2;139;112;110m[48;2;162;161;159m▀[0m[38;2;170;229;229m[48;2;170;229;229m▀[0m[38;2;229;229;229m[48;2;229;0;0m▀[0m[38;2;229;0;0m[48;2;225;0;0m▀[0m[38;2;227;0;0m[48;2;123;177;175m▀[0m[38;2;71;180;177m[48;2;229;229;229m▀[0m[38;2;229;159;158m[48;2;227;229;229m▀[0m[38;2;229;229;229m[48;2;229;59;57m▀[0m[38;2;223;229;229m[48;2;229;0;0m▀[0m[38;2;229;51;46m[48;2;229;47;46m▀[0m[38;2;229;179;178m[48;2;229;219;217m▀[0m[38;2;229;229;229m[48;2;185;208;208m▀[0m[38;2;229;229;229m[48;2;216;220;220m▀[0m[38;2;139;144;141m[48;2;74;77;77m▀[0m[38;2;53;54;55m[48;2;192;192;193m▀[0m[38;2;229;229;229m[48;2;130;132;132m▀[0m[38;2;229;229;229m[48;2;199;201;199m▀[0m[38;2;229;229;229m[48;2;229;229;229m▀[0m[38;2;229;229;229m[48;2;229;229;229m▀[0m[38;2;229;229;229m[48;2;209;211;209m▀[0m[38;2;153;156;155m[48;2;205;210;205m▀[0m[38;2;229;229;229m[48;2;229;229;229m▀[0m[38;2;229;229;229m[48;2;229;229;229m▀[0m
[38;2;126;130;127m[48;2;140;143;143m▀[0m[38;2;54;56;57m[48;2;81;82;85m▀[0m[38;2;115;117;117m[48;2;97;93;93m▀[0m[38;2;147;149;149m[48;2;99;100;98m▀[0m[38;2;142;141;142m[48;2;144;143;144m▀[0m[38;2;160;160;160m[48;2;166;166;166m▀[0m[38;2;154;153;153m[48;2;173;173;171m▀[0m[38;2;168;168;164m[48;2;201;201;199m▀[0m[38;2;176;176;176m[48;2;139;138;139m▀[0m[38;2;150;150;150m[48;2;0;0;0m▀[0m[38;2;0;0;0m[48;2;0;0;0m▀[0m[38;2;119;124;121m[48;2;0;0;0m▀[0m[38;2;229;229;229m[48;2;178;182;180m▀[0m[38;2;149;151;149m[48;2;229;229;229m▀[0m[38;2;229;229;229m[48;2;229;229;229m▀[0m[38;2;229;229;229m[48;2;229;229;229m▀[0m[38;2;229;229;229m[48;2;229;229;229m▀[0m[38;2;229;187;185m[48;2;229;135;133m▀[0m[38;2;229;0;0m[48;2;229;0;0m▀[0m[38;2;229;77;66m[48;2;229;0;0m▀[0m[38;2;229;229;229m[48;2;229;0;0m▀[0m[38;2;200;229;229m[48;2;229;206;208m▀[0m[38;2;183;225;226m[48;2;142;216;218m▀[0m[38;2;229;188;188m[48;2;229;229;229m▀[0m[38;2;183;229;229m[48;2;162;182;182m▀[0m[38;2;166;217;216m[48;2;229;229;229m▀[0m[38;2;229;229;229m[48;2;229;199;191m▀[0m[38;2;229;112;105m[48;2;225;217;217m▀[0m[38;2;229;18;14m[48;2;223;229;229m▀[0m[38;2;229;191;188m[48;2;229;206;205m▀[0m[38;2;221;229;229m[48;2;229;229;229m▀[0m[38;2;229;206;209m[48;2;229;229;229m▀[0m[38;2;229;229;229m[48;2;229;229;229m▀[0m[38;2;62;66;66m[48;2;200;204;201m▀[0m[38;2;96;99;99m[48;2;201;202;199m▀[0m[38;2;229;229;229m[48;2;192;194;195m▀[0m[38;2;229;229;229m[48;2;0;0;0m▀[0m[38;2;229;229;229m[48;2;89;91;89m▀[0m[38;2;229;229;229m[48;2;229;229;229m▀[0m[38;2;229;229;229m[48;2;229;229;229m▀[0m[38;2;229;229;229m[48;2;229;229;229m▀[0m[38;2;229;229;229m[48;2;229;229;229m▀[0m[38;2;229;229;229m[48;2;229;229;229m▀[0m[38;2;229;229;229m[48;2;181;171;166m▀[0m
[38;2;69;72;72m[48;2;0;0;0m▀[0m[38;2;56;59;60m[48;2;0;0;0m▀[0m[38;2;30;32;30m[48;2;0;0;0m▀[0m[38;2;92;93;90m[48;2;172;174;172m▀[0m[38;2;182;181;182m[48;2;172;174;175m▀[0m[38;2;172;175;175m[48;2;131;133;133m▀[0m[38;2;173;176;176m[48;2;18;21;18m▀[0m[38;2;95;97;99m[48;2;0;0;0m▀[0m[38;2;0;0;0m[48;2;0;0;0m▀[0m[38;2;0;0;0m[48;2;0;0;0m▀[0m[38;2;0;0;0m[48;2;0;0;0m▀[0m[38;2;17;16;14m[48;2;229;229;229m▀[0m[38;2;229;229;229m[48;2;229;229;229m▀[0m[38;2;229;229;229m[48;2;61;63;61m▀[0m[38;2;226;229;229m[48;2;106;108;106m▀[0m[38;2;229;229;229m[48;2;197;202;201m▀[0m[38;2;229;229;229m[48;2;229;229;229m▀[0m[38;2;222;229;229m[48;2;220;229;229m▀[0m[38;2;228;203;199m[48;2;222;229;229m▀[0m[38;2;229;133;134m[48;2;222;229;229m▀[0m[38;2;229;92;90m[48;2;229;229;229m▀[0m[38;2;229;42;35m[48;2;216;176;166m▀[0m[38;2;174;221;224m[48;2;159;151;152m▀[0m[38;2;217;229;229m[48;2;229;229;229m▀[0m[38;2;144;172;172m[48;2;187;199;198m▀[0m[38;2;229;200;198m[48;2;229;229;229m▀[0m[38;2;225;202;199m[48;2;229;168;158m▀[0m[38;2;219;229;229m[48;2;227;198;196m▀[0m[38;2;229;152;150m[48;2;221;229;229m▀[0m[38;2;229;145;144m[48;2;229;229;229m▀[0m[38;2;229;229;229m[48;2;216;224;222m▀[0m[38;2;226;229;229m[48;2;122;126;123m▀[0m[38;2;229;229;229m[48;2;62;64;65m▀[0m[38;2;229;229;229m[48;2;198;200;200m▀[0m[38;2;215;218;215m[48;2;229;229;229m▀[0m[38;2;0;0;0m[48;2;0;0;0m▀[0m[38;2;0;0;0m[48;2;0;0;0m▀[0m[38;2;0;0;0m[48;2;0;0;0m▀[0m[38;2;0;0;0m[48;2;12;15;12m▀[0m[38;2;4;3;4m[48;2;0;0;0m▀[0m[38;2;130;132;132m[48;2;0;0;0m▀[0m[38;2;229;229;229m[48;2;0;0;0m▀[0m[38;2;226;189;189m[48;2;0;0;0m▀[0m[38;2;198;110;110m[48;2;39;43;40m▀[0m
