[38;2;163;168;163m[48;2;183;185;183m▀[0m[38;2;96;96;96m[48;2;203;208;203m▀[0m[38;2;130;136;130m[48;2;162;164;162m▀[0m[38;2;119;124;123m[48;2;65;68;65m▀[0m[38;2;82;85;82m[48;2;81;84;85m▀[0m[38;2;26;29;26m[48;2;173;178;176m▀[0m[38;2;255;255;255m[48;2;89;93;90m▀[0m[38;2;0;0;0m[48;2;4;3;3m▀[0m[38;2;0;0;0m[48;2;0;0;0m▀[0m[38;2;255;255;255m[48;2;57;59;59m▀[0m[38;2;218;220;220m[48;2;255;255;255m▀[0m[38;2;255;255;255m[48;2;0;0;0m▀[0m[38;2;255;255;255m[48;2;231;234;234m▀[0m[38;2;255;255;255m[48;2;255;255;255m▀[0m[38;2;255;255;255m[48;2;255;255;255m▀[0m[38;2;255;255;255m[48;2;218;225;223m▀[0m[38;2;255;255;255m[48;2;255;255;255m▀[0m[38;2;147;158;158m[48;2;87;73;69m▀[0m[38;2;255;255;255m[48;2;255;255;255m▀[0m[38;2;214;224;224m[48;2;255;255;255m▀[0m[38;2;255;255;255m[48;2;252;252;252m▀[0m[38;2;255;255;255m[48;2;255;255;255m▀[0m[38;2;137;67;59m[48;2;246;0;0m▀[0m[38;2;255;255;255m[48;2;255;165;163m▀[0m[38;2;164;180;180m[48;2;73;129;125m▀[0m[38;2;255;255;255m[48;2;222;233;233m▀[0m[38;2;237;241;241m[48;2;255;255;255m▀[0m[38;2;255;255;255m[48;2;224;225;222m▀[0m[38;2;255;255;255m[48;2;255;255;255m▀[0m[38;2;255;255;255m[48;2;255;255;255m▀[0m[38;2;173;176;176m[48;2;255;255;255m▀[0m[38;2;0;0;0m[48;2;0;0;0m▀[0m[38;2;0;0;0m[48;2;0;0;0m▀[0m[38;2;3;6;3m[48;2;120;123;123m▀[0m[38;2;150;152;150m[48;2;14;9;8m▀[0m[38;2;208;214;211m[48;2;129;134;130m▀[0m[38;2;180;185;184m[48;2;202;207;206m▀[0m[38;2;78;78;75m[48;2;201;204;203m▀[0m[38;2;75;78;78m[48;2;101;101;98m▀[0m[38;2;173;175;175m[48;2;95;96;92m▀[0m[38;2;48;51;48m[48;2;150;150;151m▀[0m[38;2;100;102;100m[48;2;50;53;50m▀[0m[38;2;196;198;196m[48;2;130;134;135m▀[0m[38;2;197;197;195m[48;2;195;201;195m▀[0m
[38;2;183;189;187m[48;2;226;231;230m▀[0m[38;2;220;225;224m[48;2;59;62;63m▀[0m[38;2;0;0;0m[48;2;0;0;0m▀[0m[38;2;59;62;59m[48;2;153;161;156m▀[0m[38;2;161;163;161m[48;2;157;161;157m▀[0m[38;2;135;140;139m[48;2;104;100;100m▀[0m[38;2;104;102;100m[48;2;73;74;70m▀[0m[38;2;125;128;128m[48;2;106;108;108m▀[0m[38;2;0;0;0m[48;2;41;43;41m▀[0m[38;2;0;0;0m[48;2;0;0;0m▀[0m[38;2;255;255;255m[48;2;219;220;217m▀[0m[38;2;126;131;131m[48;2;255;255;255m▀[0m[38;2;240;242;240m[48;2;255;255;255m▀[0m[38;2;255;255;255m[48;2;255;255;255m▀[0m[38;2;255;255;255m[48;2;255;255;255m▀[0m[38;2;169;175;176m[48;2;113;124;122m▀[0m[38;2;255;255;255m[48;2;226;233;226m▀[0m[38;2;212;6;1m[48;2;35;0;0m▀[0m[38;2;248;242;241m[48;2;34;43;45m▀[0m[38;2;255;255;255m[48;2;255;255;255m▀[0m[38;2;217;225;225m[48;2;255;255;255m▀[0m[38;2;255;255;255m[48;2;97;109;109m▀[0m[38;2;104;75;75m[48;2;196;224;224m▀[0m[38;2;132;91;92m[48;2;255;255;255m▀[0m[38;2;217;235;237m[48;2;193;255;255m▀[0m[38;2;215;222;214m[48;2;143;213;215m▀[0m[38;2;255;255;255m[48;2;0;17;13m▀[0m[38;2;255;255;255m[48;2;255;255;255m▀[0m[38;2;255;255;255m[48;2;255;255;255m▀[0m[38;2;255;255;255m[48;2;255;255;255m▀[0m[38;2;255;255;255m[48;2;255;255;255m▀[0m[38;2;255;255;255m[48;2;255;255;255m▀[0m[38;2;61;59;57m[48;2;255;255;255m▀[0m[38;2;0;0;0m[48;2;195;197;197m▀[0m[38;2;98;98;100m[48;2;204;204;202m▀[0m[38;2;123;128;124m[48;2;165;167;163m▀[0m[38;2;183;187;184m[48;2;184;184;185m▀[0m[38;2;202;207;208m[48;2;172;181;176m▀[0m[38;2;65;68;65m[48;2;137;147;141m▀[0m[38;2;0;0;0m[48;2;14;17;17m▀[0m[38;2;67;69;67m[48;2;0;0;0m▀[0m[38;2;45;47;45m[48;2;0;0;0m▀[0m[38;2;92;95;92m[48;2;41;42;39m▀[0m[38;2;128;130;128m[48;2;58;61;58m▀[0m
[38;2;120;123;120m[48;2;69;68;65m▀[0m[38;2;0;0;0m[48;2;255;255;255m▀[0m[38;2;0;0;0m[48;2;165;168;165m▀[0m[38;2;119;123;119m[48;2;0;0;0m▀[0m[38;2;14;17;14m[48;2;74;82;82m▀[0m[38;2;84;89;89m[48;2;146;154;154m▀[0m[38;2;197;203;206m[48;2;40;43;43m▀[0m[38;2;220;225;225m[48;2;0;0;0m▀[0m[38;2;9;13;14m[48;2;0;0;0m▀[0m[38;2;0;0;0m[48;2;0;0;0m▀[0m[38;2;0;0;0m[48;2;9;13;9m▀[0m[38;2;175;178;175m[48;2;255;255;255m▀[0m[38;2;255;255;255m[48;2;255;255;255m▀[0m[38;2;244;251;250m[48;2;247;250;247m▀[0m[38;2;255;255;255m[48;2;255;255;255m▀[0m[38;2;112;122;120m[48;2;220;233;231m▀[0m[38;2;159;175;174m[48;2;129;165;167m▀[0m[38;2;255;255;255m[48;2;109;170;172m▀[0m[38;2;255;255;255m[48;2;178;209;214m▀[0m[38;2;153;172;168m[48;2;255;255;255m▀[0m[38;2;255;255;255m[48;2;255;255;255m▀[0m[38;2;255;255;255m[48;2;255;255;255m▀[0m[38;2;255;255;255m[48;2;255;255;255m▀[0m[38;2;136;164;163m[48;2;220;162;161m▀[0m[38;2;115;0;0m[48;2;180;0;0m▀[0m[38;2;35;0;0m[48;2;255;0;0m▀[0m[38;2;0;73;74m[48;2;255;255;255m▀[0m[38;2;0;0;0m[48;2;123;0;0m▀[0m[38;2;231;241;231m[48;2;230;162;158m▀[0m[38;2;255;255;255m[48;2;255;255;255m▀[0m[38;2;209;215;215m[48;2;250;252;254m▀[0m[38;2;255;255;255m[48;2;255;255;255m▀[0m[38;2;255;255;255m[48;2;255;255;255m▀[0m[38;2;255;255;255m[48;2;255;255;255m▀[0m[38;2;0;0;0m[48;2;255;255;255m▀[0m[38;2;0;0;0m[48;2;100;102;102m▀[0m[38;2;73;70;74m[48;2;93;95;90m▀[0m[38;2;124;129;125m[48;2;255;255;255m▀[0m[38;2;84;86;87m[48;2;212;211;211m▀[0m[38;2;161;163;164m[48;2;0;0;0m▀[0m[38;2;73;73;70m[48;2;90;93;90m▀[0m[38;2;0;0;0m[48;2;43;46;43m▀[0m[38;2;36;40;35m[48;2;58;57;54m▀[0m[38;2;68;70;68m[48;2;95;97;95m▀[0m
[38;2;124;126;124m[48;2;255;255;255m▀[0m[38;2;255;255;255m[48;2;255;255;255m▀[0m[38;2;255;255;255m[48;2;255;255;255m▀[0m[38;2;59;63;59m[48;2;0;0;0m▀[0m[38;2;0;0;0m[48;2;0;0;0m▀[0m[38;2;98;100;96m[48;2;255;255;255m▀[0m[38;2;103;104;101m[48;2;179;180;176m▀[0m[38;2;142;145;142m[48;2;80;80;76m▀[0m[38;2;93;91;89m[48;2;69;71;69m▀[0m[38;2;0;0;0m[48;2;255;255;255m▀[0m[38;2;255;255;255m[48;2;255;255;255m▀[0m[38;2;255;255;255m[48;2;255;255;255m▀[0m[38;2;255;255;255m[48;2;255;255;255m▀[0m[38;2;255;255;255m[48;2;255;255;255m▀[0m[38;2;255;255;255m[48;2;136;137;132m▀[0m[38;2;0;0;0m[48;2;0;0;0m▀[0m[38;2;0;0;0m[48;2;255;255;255m▀[0m[38;2;141;0;0m[48;2;255;0;0m▀[0m[38;2;56;0;0m[48;2;255;255;255m▀[0m[38;2;255;255;255m[48;2;255;255;255m▀[0m[38;2;255;212;211m[48;2;255;220;212m▀[0m[38;2;254;197;197m[48;2;255;255;255m▀[0m[38;2;255;255;255m[48;2;255;255;255m▀[0m[38;2;255;255;255m[48;2;255;255;255m▀[0m[38;2;255;255;255m[48;2;255;255;255m▀[0m[38;2;255;255;255m[48;2;255;255;255m▀[0m[38;2;255;189;185m[48;2;255;255;255m▀[0m[38;2;255;246;241m[48;2;255;255;255m▀[0m[38;2;231;255;255m[48;2;87;128;128m▀[0m[38;2;255;255;255m[48;2;255;255;255m▀[0m[38;2;255;255;255m[48;2;255;255;255m▀[0m[38;2;217;219;219m[48;2;54;58;54m▀[0m[38;2;255;255;255m[48;2;255;255;255m▀[0m[38;2;191;193;193m[48;2;255;255;255m▀[0m[38;2;255;255;255m[48;2;247;251;250m▀[0m[38;2;255;255;255m[48;2;183;185;183m▀[0m[38;2;255;255;255m[48;2;228;230;230m▀[0m[38;2;255;255;255m[48;2;46;50;50m▀[0m[38;2;147;150;150m[48;2;34;32;32m▀[0m[38;2;146;148;150m[48;2;79;82;82m▀[0m[38;2;142;147;147m[48;2;84;84;84m▀[0m[38;2;31;34;31m[48;2;0;0;0m▀[0m[38;2;125;128;125m[48;2;0;0;0m▀[0m[38;2;255;255;255m[48;2;255;255;255m▀[0m
[38;2;255;255;255m[48;2;255;255;255m▀[0m[38;2;255;255;255m[48;2;255;255;255m▀[0m[38;2;255;255;255m[48;2;82;84;80m▀[0m[38;2;0;0;0m[48;2;23;29;28m▀[0m[38;2;3;7;3m[48;2;234;239;233m▀[0m[38;2;219;220;217m[48;2;111;112;107m▀[0m[38;2;255;255;255m[48;2;59;59;57m▀[0m[38;2;223;225;228m[48;2;224;224;225m▀[0m[38;2;255;255;255m[48;2;255;255;255m▀[0m[38;2;255;255;255m[48;2;255;255;255m▀[0m[38;2;255;255;255m[48;2;255;255;255m▀[0m[38;2;215;220;219m[48;2;231;237;234m▀[0m[38;2;255;255;255m[48;2;255;255;255m▀[0m[38;2;241;255;255m[48;2;255;255;255m▀[0m[38;2;234;201;197m[48;2;71;164;164m▀[0m[38;2;255;0;0m[48;2;246;0;0m▀[0m[38;2;255;8;0m[48;2;255;35;40m▀[0m[38;2;255;255;255m[48;2;255;255;255m▀[0m[38;2;255;255;255m[48;2;255;255;255m▀[0m[38;2;255;255;255m[48;2;255;255;255m▀[0m[38;2;255;255;255m[48;2;255;255;255m▀[0m[38;2;255;255;255m[48;2;255;255;255m▀[0m[38;2;255;255;255m[48;2;250;255;255m▀[0m[38;2;255;215;213m[48;2;180;147;147m▀[0m[38;2;255;255;255m[48;2;255;0;0m▀[0m[38;2;255;255;255m[48;2;255;255;255m▀[0m[38;2;255;224;228m[48;2;255;255;255m▀[0m[38;2;214;96;92m[48;2;255;13;9m▀[0m[38;2;0;0;0m[48;2;131;0;0m▀[0m[38;2;255;255;255m[48;2;255;255;255m▀[0m[38;2;255;255;255m[48;2;255;255;255m▀[0m[38;2;89;91;91m[48;2;255;255;255m▀[0m[38;2;143;147;142m[48;2;157;158;154m▀[0m[38;2;255;255;255m[48;2;201;203;204m▀[0m[38;2;255;255;255m[48;2;255;255;255m▀[0m[38;2;255;255;255m[48;2;255;255;255m▀[0m[38;2;0;0;0m[48;2;255;255;255m▀[0m[38;2;23;28;23m[48;2;255;255;255m▀[0m[38;2;120;122;113m[48;2;255;255;255m▀[0m[38;2;29;30;21m[48;2;143;147;147m▀[0m[38;2;141;147;141m[48;2;176;181;180m▀[0m[38;2;75;76;73m[48;2;107;108;103m▀[0m[38;2;0;0;0m[48;2;0;0;0m▀[0m[38;2;255;255;255m[48;2;255;255;255m▀[0m
[38;2;48;51;51m[48;2;0;0;0m▀[0m[38;2;0;0;0m[48;2;59;63;62m▀[0m[38;2;0;0;0m[48;2;140;145;143m▀[0m[38;2;179;184;183m[48;2;126;136;137m▀[0m[38;2;26;26;23m[48;2;86;90;89m▀[0m[38;2;152;156;154m[48;2;4;4;2m▀[0m[38;2;108;108;109m[48;2;255;255;255m▀[0m[38;2;204;204;202m[48;2;255;255;255m▀[0m[38;2;255;255;255m[48;2;255;255;255m▀[0m[38;2;255;255;255m[48;2;255;255;255m▀[0m[38;2;255;255;255m[48;2;211;214;214m▀[0m[38;2;157;161;161m[48;2;70;74;70m▀[0m[38;2;255;255;255m[48;2;255;255;255m▀[0m[38;2;255;255;255m[48;2;255;255;255m▀[0m[38;2;168;255;255m[48;2;235;255;255m▀[0m[38;2;75;0;0m[48;2;0;0;0m▀[0m[38;2;255;255;255m[48;2;255;255;255m▀[0m[38;2;255;255;255m[48;2;255;80;80m▀[0m[38;2;255;255;255m[48;2;255;201;195m▀[0m[38;2;255;255;255m[48;2;255;174;169m▀[0m[38;2;29;76;75m[48;2;0;0;0m▀[0m[38;2;0;3;3m[48;2;195;0;0m▀[0m[38;2;0;0;0m[48;2;255;0;0m▀[0m[38;2;0;0;0m[48;2;255;69;71m▀[0m[38;2;0;0;0m[48;2;0;0;0m▀[0m[38;2;255;183;178m[48;2;255;0;0m▀[0m[38;2;255;255;255m[48;2;255;255;255m▀[0m[38;2;255;255;255m[48;2;255;255;255m▀[0m[38;2;0;0;0m[48;2;0;0;0m▀[0m[38;2;255;255;255m[48;2;255;255;255m▀[0m[38;2;255;255;255m[48;2;255;255;255m▀[0m[38;2;255;255;255m[48;2;152;154;154m▀[0m[38;2;255;255;255m[48;2;230;233;233m▀[0m[38;2;148;153;150m[48;2;255;255;255m▀[0m[38;2;255;255;255m[48;2;170;176;173m▀[0m[38;2;255;255;255m[48;2;122;124;125m▀[0m[38;2;255;255;255m[48;2;0;0;0m▀[0m[38;2;255;255;255m[48;2;53;50;50m▀[0m[38;2;255;255;255m[48;2;255;255;255m▀[0m[38;2;31;30;30m[48;2;96;96;96m▀[0m[38;2;70;73;74m[48;2;178;180;178m▀[0m[38;2;180;185;181m[48;2;97;97;98m▀[0m[38;2;76;80;76m[48;2;35;34;34m▀[0m[38;2;136;136;136m[48;2;0;0;0m▀[0m
[38;2;143;150;146m[48;2;0;0;0m▀[0m[38;2;132;135;132m[48;2;67;69;70m▀[0m[38;2;74;74;71m[48;2;153;157;157m▀[0m[38;2;51;51;48m[48;2;201;203;201m▀[0m[38;2;89;95;93m[48;2;137;147;140m▀[0m[38;2;161;168;158m[48;2;255;255;255m▀[0m[38;2;255;255;255m[48;2;163;165;167m▀[0m[38;2;255;255;255m[48;2;172;172;169m▀[0m[38;2;255;255;255m[48;2;255;255;255m▀[0m[38;2;206;209;208m[48;2;107;109;109m▀[0m[38;2;0;0;0m[48;2;237;239;235m▀[0m[38;2;151;152;148m[48;2;54;57;57m▀[0m[38;2;229;235;235m[48;2;167;168;164m▀[0m[38;2;255;255;255m[48;2;255;255;255m▀[0m[38;2;244;255;254m[48;2;245;252;250m▀[0m[38;2;41;80;82m[48;2;0;1;1m▀[0m[38;2;102;173;173m[48;2;0;14;9m▀[0m[38;2;255;255;255m[48;2;222;152;153m▀[0m[38;2;255;19;9m[48;2;255;0;0m▀[0m[38;2;255;255;255m[48;2;255;255;255m▀[0m[38;2;136;224;222m[48;2;255;255;255m▀[0m[38;2;255;187;181m[48;2;255;255;255m▀[0m[38;2;248;74;71m[48;2;255;65;62m▀[0m[38;2;255;255;255m[48;2;255;151;141m▀[0m[38;2;255;207;197m[48;2;255;255;255m▀[0m[38;2;255;165;148m[48;2;255;169;163m▀[0m[38;2;255;255;255m[48;2;0;0;0m▀[0m[38;2;0;0;0m[48;2;4;23;25m▀[0m[38;2;0;0;0m[48;2;25;31;28m▀[0m[38;2;255;255;255m[48;2;215;219;218m▀[0m[38;2;255;255;255m[48;2;255;255;255m▀[0m[38;2;255;255;255m[48;2;255;255;255m▀[0m[38;2;0;0;0m[48;2;23;26;23m▀[0m[38;2;255;255;255m[48;2;62;64;62m▀[0m[38;2;255;255;255m[48;2;255;255;255m▀[0m[38;2;255;255;255m[48;2;255;255;255m▀[0m[38;2;0;0;0m[48;2;255;255;255m▀[0m[38;2;0;0;0m[48;2;135;140;140m▀[0m[38;2;178;180;178m[48;2;32;35;32m▀[0m[38;2;146;148;146m[48;2;143;147;143m▀[0m[38;2;187;192;187m[48;2;124;128;124m▀[0m[38;2;167;167;164m[48;2;103;103;101m▀[0m[38;2;156;158;156m[48;2;130;134;130m▀[0m[38;2;174;179;174m[48;2;124;126;124m▀[0m
[38;2;85;90;85m[48;2;201;206;201m▀[0m[38;2;139;142;142m[48;2;202;207;206m▀[0m[38;2;178;181;176m[48;2;186;192;189m▀[0m[38;2;151;156;151m[48;2;180;185;184m▀[0m[38;2;186;191;190m[48;2;71;74;75m▀[0m[38;2;93;95;90m[48;2;159;164;161m▀[0m[38;2;0;0;0m[48;2;183;189;187m▀[0m[38;2;81;76;80m[48;2;20;19;17m▀[0m[38;2;0;0;0m[48;2;0;0;0m▀[0m[38;2;222;222;223m[48;2;255;255;255m▀[0m[38;2;255;255;255m[48;2;255;255;255m▀[0m[38;2;23;26;26m[48;2;179;181;181m▀[0m[38;2;152;154;154m[48;2;178;187;180m▀[0m[38;2;255;255;255m[48;2;255;255;255m▀[0m[38;2;197;202;201m[48;2;34;35;31m▀[0m[38;2;25;35;32m[48;2;0;0;0m▀[0m[38;2;245;255;255m[48;2;246;255;255m▀[0m[38;2;37;65;65m[48;2;255;255;255m▀[0m[38;2;4;0;0m[48;2;172;219;217m▀[0m[38;2;176;204;203m[48;2;131;158;158m▀[0m[38;2;231;236;231m[48;2;134;92;91m▀[0m[38;2;255;255;255m[48;2;126;140;139m▀[0m[38;2;255;255;255m[48;2;165;176;175m▀[0m[38;2;255;129;108m[48;2;148;113;113m▀[0m[38;2;212;186;181m[48;2;179;241;240m▀[0m[38;2;175;185;184m[48;2;255;255;255m▀[0m[38;2;47;79;82m[48;2;80;93;91m▀[0m[38;2;170;176;178m[48;2;255;255;255m▀[0m[38;2;79;82;84m[48;2;35;40;35m▀[0m[38;2;48;48;46m[48;2;187;190;191m▀[0m[38;2;255;255;255m[48;2;206;209;208m▀[0m[38;2;255;255;255m[48;2;255;255;255m▀[0m[38;2;231;234;231m[48;2;255;255;255m▀[0m[38;2;0;0;0m[48;2;47;46;47m▀[0m[38;2;96;98;96m[48;2;0;0;0m▀[0m[38;2;220;223;220m[48;2;0;0;0m▀[0m[38;2;255;255;255m[48;2;255;255;255m▀[0m[38;2;148;151;151m[48;2;39;41;41m▀[0m[38;2;137;140;137m[48;2;122;126;125m▀[0m[38;2;190;192;190m[48;2;167;169;167m▀[0m[38;2;179;181;179m[48;2;152;152;150m▀[0m[38;2;169;169;167m[48;2;142;145;142m▀[0m[38;2;134;136;134m[48;2;165;169;168m▀[0m[38;2;53;58;53m[48;2;193;203;202m▀[0m
[38;2;150;152;150m[48;2;98;101;98m▀[0m[38;2;170;170;170m[48;2;62;68;62m▀[0m[38;2;169;169;167m[48;2;54;57;54m▀[0m[38;2;180;180;178m[48;2;34;35;31m▀[0m[38;2;146;148;146m[48;2;93;96;93m▀[0m[38;2;102;108;103m[48;2;134;137;136m▀[0m[38;2;123;125;123m[48;2;168;176;176m▀[0m[38;2;176;179;176m[48;2;255;255;255m▀[0m[38;2;255;255;255m[48;2;255;255;255m▀[0m[38;2;255;255;255m[48;2;187;190;190m▀[0m[38;2;93;95;90m[48;2;0;0;0m▀[0m[38;2;0;0;0m[48;2;0;0;0m▀[0m[38;2;255;255;255m[48;2;255;255;255m▀[0m[38;2;255;255;255m[48;2;200;202;206m▀[0m[38;2;0;0;0m[48;2;0;0;0m▀[0m[38;2;90;95;95m[48;2;26;32;29m▀[0m[38;2;217;225;230m[48;2;104;103;100m▀[0m[38;2;225;234;234m[48;2;183;185;183m▀[0m[38;2;242;241;241m[48;2;230;229;230m▀[0m[38;2;230;241;239m[48;2;223;228;229m▀[0m[38;2;222;239;239m[48;2;218;220;220m▀[0m[38;2;206;217;215m[48;2;220;225;222m▀[0m[38;2;191;204;207m[48;2;223;230;228m▀[0m[38;2;215;247;250m[48;2;255;255;255m▀[0m[38;2;255;255;255m[48;2;123;125;126m▀[0m[38;2;107;113;112m[48;2;0;0;0m▀[0m[38;2;28;32;31m[48;2;135;139;139m▀[0m[38;2;142;142;143m[48;2;228;230;233m▀[0m[38;2;0;0;0m[48;2;34;40;40m▀[0m[38;2;150;152;150m[48;2;52;57;57m▀[0m[38;2;0;0;0m[48;2;67;70;71m▀[0m[38;2;97;101;97m[48;2;0;0;0m▀[0m[38;2;255;255;255m[48;2;0;0;0m▀[0m[38;2;255;255;255m[48;2;0;0;0m▀[0m[38;2;255;255;255m[48;2;255;255;255m▀[0m[38;2;54;56;52m[48;2;255;255;255m▀[0m[38;2;143;147;147m[48;2;136;130;130m▀[0m[38;2;70;73;73m[48;2;80;81;76m▀[0m[38;2;153;156;153m[48;2;153;156;153m▀[0m[38;2;126;128;123m[48;2;128;129;124m▀[0m[38;2;140;141;137m[48;2;104;104;100m▀[0m[38;2;139;140;131m[48;2;109;112;109m▀[0m[38;2;141;143;141m[48;2;108;108;101m▀[0m[38;2;184;180;185m[48;2;96;96;93m▀[0m
[38;2;6;8;8m[48;2;186;191;190m▀[0m[38;2;29;30;26m[48;2;219;222;222m▀[0m[38;2;50;56;54m[48;2;209;212;214m▀[0m[38;2;68;71;70m[48;2;203;203;204m▀[0m[38;2;65;70;69m[48;2;176;175;173m▀[0m[38;2;81;84;81m[48;2;113;115;113m▀[0m[38;2;0;0;0m[48;2;103;108;109m▀[0m[38;2;42;40;43m[48;2;86;85;86m▀[0m[38;2;0;0;0m[48;2;147;148;143m▀[0m[38;2;7;9;9m[48;2;170;174;169m▀[0m[38;2;0;0;0m[48;2;175;174;175m▀[0m[38;2;45;48;48m[48;2;163;164;161m▀[0m[38;2;31;34;31m[48;2;223;223;220m▀[0m[38;2;35;37;35m[48;2;214;211;214m▀[0m[38;2;153;157;157m[48;2;246;246;242m▀[0m[38;2;180;184;180m[48;2;231;235;231m▀[0m[38;2;214;214;209m[48;2;223;222;223m▀[0m[38;2;241;241;236m[48;2;215;219;219m▀[0m[38;2;190;190;181m[48;2;235;239;239m▀[0m[38;2;117;120;117m[48;2;124;123;124m▀[0m[38;2;237;242;237m[48;2;189;189;189m▀[0m[38;2;239;237;239m[48;2;255;255;255m▀[0m[38;2;255;255;255m[48;2;165;168;165m▀[0m[38;2;217;215;217m[48;2;30;34;35m▀[0m[38;2;0;0;0m[48;2;29;34;30m▀[0m[38;2;222;225;224m[48;2;81;91;89m▀[0m[38;2;222;230;231m[48;2;124;136;137m▀[0m[38;2;255;255;255m[48;2;41;54;57m▀[0m[38;2;8;13;13m[48;2;0;0;0m▀[0m[38;2;0;0;0m[48;2;0;0;0m▀[0m[38;2;28;32;34m[48;2;0;0;0m▀[0m[38;2;59;64;61m[48;2;56;67;67m▀[0m[38;2;126;126;129m[48;2;122;134;134m▀[0m[38;2;47;51;53m[48;2;73;76;82m▀[0m[38;2;0;0;0m[48;2;125;141;143m▀[0m[38;2;214;211;211m[48;2;85;101;101m▀[0m[38;2;92;97;93m[48;2;103;109;106m▀[0m[38;2;128;130;128m[48;2;143;145;141m▀[0m[38;2;154;157;154m[48;2;135;137;135m▀[0m[38;2;165;168;165m[48;2;115;115;118m▀[0m[38;2;167;167;164m[48;2;143;147;143m▀[0m[38;2;156;158;156m[48;2;164;167;164m▀[0m[38;2;153;161;154m[48;2;179;185;184m▀[0m[38;2;152;158;157m[48;2;181;189;187m▀[0m
[38;2;115;122;120m[48;2;178;178;175m▀[0m[38;2;168;170;168m[48;2;126;128;124m▀[0m[38;2;248;252;251m[48;2;223;223;219m▀[0m[38;2;245;247;248m[48;2;218;218;214m▀[0m[38;2;252;251;248m[48;2;208;212;211m▀[0m[38;2;255;255;255m[48;2;209;212;209m▀[0m[38;2;255;255;255m[48;2;207;211;212m▀[0m[38;2;251;251;251m[48;2;211;215;215m▀[0m[38;2;255;255;253m[48;2;213;217;215m▀[0m[38;2;254;254;254m[48;2;217;217;217m▀[0m[38;2;245;245;242m[48;2;211;215;214m▀[0m[38;2;241;241;241m[48;2;212;212;208m▀[0m[38;2;233;229;231m[48;2;212;212;209m▀[0m[38;2;223;222;223m[48;2;212;211;212m▀[0m[38;2;218;217;218m[48;2;211;211;211m▀[0m[38;2;214;218;214m[48;2;208;212;208m▀[0m[38;2;215;215;213m[48;2;218;218;218m▀[0m[38;2;217;220;217m[48;2;236;237;234m▀[0m[38;2;250;254;254m[48;2;173;181;183m▀[0m[38;2;203;206;203m[48;2;135;143;143m▀[0m[38;2;109;114;115m[48;2;172;181;185m▀[0m[38;2;157;161;162m[48;2;0;0;0m▀[0m[38;2;0;0;0m[48;2;0;0;0m▀[0m[38;2;0;0;0m[48;2;255;255;255m▀[0m[38;2;158;167;168m[48;2;107;129;125m▀[0m[38;2;145;162;161m[48;2;46;104;104m▀[0m[38;2;255;255;255m[48;2;0;47;50m▀[0m[38;2;0;21;23m[48;2;106;0;0m▀[0m[38;2;0;0;0m[48;2;255;0;0m▀[0m[38;2;0;0;0m[48;2;255;152;136m▀[0m[38;2;0;0;0m[48;2;250;255;255m▀[0m[38;2;0;0;0m[48;2;255;255;255m▀[0m[38;2;4;8;8m[48;2;255;255;255m▀[0m[38;2;136;148;148m[48;2;255;255;255m▀[0m[38;2;91;70;68m[48;2;255;201;209m▀[0m[38;2;0;0;0m[48;2;255;255;255m▀[0m[38;2;0;0;0m[48;2;255;255;255m▀[0m[38;2;0;0;0m[48;2;69;71;69m▀[0m[38;2;53;56;56m[48;2;0;0;0m▀[0m[38;2;32;37;36m[48;2;122;122;119m▀[0m[38;2;93;96;93m[48;2;162;167;165m▀[0m[38;2;98;101;98m[48;2;141;143;150m▀[0m[38;2;87;87;85m[48;2;115;115;113m▀[0m[38;2;109;112;109m[48;2;95;101;100m▀[0m
[38;2;233;233;233m[48;2;255;255;255m▀[0m[38;2;237;236;236m[48;2;229;229;229m▀[0m[38;2;218;218;218m[48;2;223;223;223m▀[0m[38;2;214;214;209m[48;2;215;215;215m▀[0m[38;2;209;209;207m[48;2;203;203;203m▀[0m[38;2;209;209;202m[48;2;201;203;201m▀[0m[38;2;203;209;203m[48;2;203;203;201m▀[0m[38;2;209;209;202m[48;2;202;204;202m▀[0m[38;2;209;209;202m[48;2;204;203;203m▀[0m[38;2;209;204;203m[48;2;203;203;201m▀[0m[38;2;203;206;203m[48;2;203;203;201m▀[0m[38;2;202;204;202m[48;2;201;203;201m▀[0m[38;2;204;204;202m[48;2;208;208;209m▀[0m[38;2;208;203;202m[48;2;215;215;211m▀[0m[38;2;209;214;211m[48;2;213;218;214m▀[0m[38;2;220;220;217m[48;2;229;234;230m▀[0m[38;2;218;223;219m[48;2;201;217;217m▀[0m[38;2;186;196;195m[48;2;207;226;224m▀[0m[38;2;132;153;153m[48;2;162;198;196m▀[0m[38;2;24;40;42m[48;2;65;150;153m▀[0m[38;2;196;226;233m[48;2;86;183;183m▀[0m[38;2;0;0;0m[48;2;115;0;0m▀[0m[38;2;0;0;0m[48;2;253;0;0m▀[0m[38;2;69;169;168m[48;2;0;0;0m▀[0m[38;2;0;0;0m[48;2;104;0;0m▀[0m[38;2;0;0;0m[48;2;255;255;255m▀[0m[38;2;47;0;0m[48;2;255;134;123m▀[0m[38;2;255;0;0m[48;2;255;255;255m▀[0m[38;2;255;250;247m[48;2;255;255;255m▀[0m[38;2;255;255;255m[48;2;255;255;255m▀[0m[38;2;191;213;211m[48;2;255;255;255m▀[0m[38;2;147;157;156m[48;2;255;255;255m▀[0m[38;2;255;255;255m[48;2;255;255;255m▀[0m[38;2;224;228;228m[48;2;255;255;255m▀[0m[38;2;255;255;255m[48;2;255;255;255m▀[0m[38;2;255;255;255m[48;2;255;255;255m▀[0m[38;2;255;255;255m[48;2;255;255;255m▀[0m[38;2;255;255;255m[48;2;255;255;255m▀[0m[38;2;255;255;255m[48;2;255;255;255m▀[0m[38;2;63;63;61m[48;2;255;255;255m▀[0m[38;2;58;61;58m[48;2;135;137;135m▀[0m[38;2;101;108;102m[48;2;69;74;73m▀[0m[38;2;122;124;122m[48;2;39;58;56m▀[0m[38;2;176;185;187m[48;2;0;0;0m▀[0m
[38;2;4;8;4m[48;2;0;0;0m▀[0m[38;2;137;140;141m[48;2;0;0;0m▀[0m[38;2;242;242;242m[48;2;159;165;159m▀[0m[38;2;217;213;213m[48;2;235;235;235m▀[0m[38;2;206;206;206m[48;2;204;204;201m▀[0m[38;2;202;202;200m[48;2;202;202;200m▀[0m[38;2;202;202;202m[48;2;200;202;200m▀[0m[38;2;202;202;202m[48;2;202;202;200m▀[0m[38;2;202;202;200m[48;2;202;202;200m▀[0m[38;2;202;202;200m[48;2;207;207;204m▀[0m[38;2;200;202;200m[48;2;212;212;208m▀[0m[38;2;211;207;209m[48;2;222;222;218m▀[0m[38;2;212;212;214m[48;2;187;187;189m▀[0m[38;2;209;212;212m[48;2;255;255;255m▀[0m[38;2;255;255;255m[48;2;157;162;162m▀[0m[38;2;247;255;255m[48;2;0;0;0m▀[0m[38;2;17;52;48m[48;2;0;0;0m▀[0m[38;2;0;0;0m[48;2;168;0;0m▀[0m[38;2;98;217;215m[48;2;255;0;0m▀[0m[38;2;93;111;113m[48;2;255;0;0m▀[0m[38;2;185;0;0m[48;2;255;148;125m▀[0m[38;2;255;189;167m[48;2;248;255;255m▀[0m[38;2;255;255;255m[48;2;255;255;255m▀[0m[38;2;255;212;208m[48;2;255;255;255m▀[0m[38;2;255;39;15m[48;2;255;0;0m▀[0m[38;2;255;103;93m[48;2;255;215;214m▀[0m[38;2;255;255;255m[48;2;228;255;255m▀[0m[38;2;255;255;255m[48;2;255;176;169m▀[0m[38;2;255;255;255m[48;2;255;255;255m▀[0m[38;2;255;255;255m[48;2;255;255;255m▀[0m[38;2;255;255;255m[48;2;255;255;255m▀[0m[38;2;255;255;255m[48;2;255;255;255m▀[0m[38;2;255;255;255m[48;2;255;255;255m▀[0m[38;2;255;255;255m[48;2;255;255;255m▀[0m[38;2;255;255;255m[48;2;255;255;255m▀[0m[38;2;255;255;255m[48;2;236;236;237m▀[0m[38;2;255;255;255m[48;2;218;218;218m▀[0m[38;2;255;255;255m[48;2;255;255;255m▀[0m[38;2;255;255;255m[48;2;255;255;255m▀[0m[38;2;255;255;255m[48;2;255;255;255m▀[0m[38;2;255;255;255m[48;2;255;255;255m▀[0m[38;2;255;255;255m[48;2;255;255;255m▀[0m[38;2;175;64;59m[48;2;255;211;213m▀[0m[38;2;129;117;115m[48;2;255;255;255m▀[0m
[38;2;137;143;140m[48;2;184;189;184m▀[0m[38;2;4;6;2m[48;2;63;68;67m▀[0m[38;2;112;115;115m[48;2;190;192;192m▀[0m[38;2;241;241;241m[48;2;239;239;239m▀[0m[38;2;206;206;206m[48;2;209;209;212m▀[0m[38;2;201;201;197m[48;2;201;204;204m▀[0m[38;2;201;201;197m[48;2;204;203;204m▀[0m[38;2;201;201;197m[48;2;209;209;206m▀[0m[38;2;208;208;208m[48;2;218;217;218m▀[0m[38;2;211;211;208m[48;2;242;241;242m▀[0m[38;2;233;233;234m[48;2;202;206;204m▀[0m[38;2;185;185;187m[48;2;95;93;90m▀[0m[38;2;143;142;140m[48;2;98;100;95m▀[0m[38;2;15;20;17m[48;2;0;0;0m▀[0m[38;2;0;0;0m[48;2;195;218;217m▀[0m[38;2;37;50;48m[48;2;255;255;255m▀[0m[38;2;255;255;255m[48;2;255;255;255m▀[0m[38;2;255;255;255m[48;2;255;255;255m▀[0m[38;2;255;0;0m[48;2;255;195;187m▀[0m[38;2;255;255;255m[48;2;255;158;152m▀[0m[38;2;255;255;255m[48;2;255;255;255m▀[0m[38;2;189;152;150m[48;2;220;218;215m▀[0m[38;2;230;255;255m[48;2;230;255;255m▀[0m[38;2;255;255;255m[48;2;255;0;0m▀[0m[38;2;255;0;0m[48;2;255;0;0m▀[0m[38;2;255;0;0m[48;2;167;240;237m▀[0m[38;2;96;244;240m[48;2;255;255;255m▀[0m[38;2;255;215;214m[48;2;255;255;255m▀[0m[38;2;255;255;255m[48;2;255;80;78m▀[0m[38;2;255;255;255m[48;2;255;0;0m▀[0m[38;2;255;69;63m[48;2;255;64;63m▀[0m[38;2;255;242;241m[48;2;255;255;255m▀[0m[38;2;255;255;255m[48;2;251;255;255m▀[0m[38;2;255;255;255m[48;2;255;255;255m▀[0m[38;2;189;195;191m[48;2;101;104;104m▀[0m[38;2;71;74;75m[48;2;255;255;255m▀[0m[38;2;255;255;255m[48;2;176;179;179m▀[0m[38;2;255;255;255m[48;2;255;255;255m▀[0m[38;2;255;255;255m[48;2;255;255;255m▀[0m[38;2;255;255;255m[48;2;255;255;255m▀[0m[38;2;255;255;255m[48;2;255;255;255m▀[0m[38;2;208;212;211m[48;2;255;255;255m▀[0m[38;2;255;255;255m[48;2;255;255;255m▀[0m[38;2;255;255;255m[48;2;255;255;255m▀[0m
[38;2;170;176;173m[48;2;190;193;193m▀[0m[38;2;74;76;78m[48;2;109;112;115m▀[0m[38;2;156;158;158m[48;2;131;126;126m▀[0m[38;2;200;202;202m[48;2;135;136;132m▀[0m[38;2;192;191;192m[48;2;195;193;195m▀[0m[38;2;217;217;217m[48;2;225;225;225m▀[0m[38;2;209;208;208m[48;2;235;235;231m▀[0m[38;2;228;228;223m[48;2;255;255;255m▀[0m[38;2;239;239;239m[48;2;189;187;189m▀[0m[38;2;203;203;203m[48;2;0;0;0m▀[0m[38;2;0;0;0m[48;2;0;0;0m▀[0m[38;2;162;168;164m[48;2;0;0;0m▀[0m[38;2;255;255;255m[48;2;241;247;244m▀[0m[38;2;202;204;202m[48;2;255;255;255m▀[0m[38;2;255;255;255m[48;2;255;255;255m▀[0m[38;2;255;255;255m[48;2;255;255;255m▀[0m[38;2;255;255;255m[48;2;255;255;255m▀[0m[38;2;255;253;251m[48;2;255;183;180m▀[0m[38;2;255;0;0m[48;2;255;0;0m▀[0m[38;2;255;104;90m[48;2;255;0;0m▀[0m[38;2;255;255;255m[48;2;255;0;0m▀[0m[38;2;255;255;255m[48;2;255;255;255m▀[0m[38;2;248;255;255m[48;2;192;255;255m▀[0m[38;2;255;254;254m[48;2;255;255;255m▀[0m[38;2;248;255;255m[48;2;219;247;247m▀[0m[38;2;225;255;255m[48;2;255;255;255m▀[0m[38;2;255;255;255m[48;2;255;255;255m▀[0m[38;2;255;152;142m[48;2;255;255;255m▀[0m[38;2;255;24;19m[48;2;255;255;255m▀[0m[38;2;255;255;254m[48;2;255;255;255m▀[0m[38;2;255;255;255m[48;2;255;255;255m▀[0m[38;2;255;255;255m[48;2;255;255;255m▀[0m[38;2;255;255;255m[48;2;255;255;255m▀[0m[38;2;84;90;90m[48;2;255;255;255m▀[0m[38;2;130;135;135m[48;2;255;255;255m▀[0m[38;2;255;255;255m[48;2;255;255;255m▀[0m[38;2;255;255;255m[48;2;0;0;0m▀[0m[38;2;255;255;255m[48;2;120;124;120m▀[0m[38;2;255;255;255m[48;2;255;255;255m▀[0m[38;2;255;255;255m[48;2;255;255;255m▀[0m[38;2;255;255;255m[48;2;255;255;255m▀[0m[38;2;255;255;255m[48;2;255;255;255m▀[0m[38;2;255;255;255m[48;2;255;255;255m▀[0m[38;2;255;255;255m[48;2;246;231;225m▀[0m
[38;2;93;97;97m[48;2;0;0;0m▀[0m[38;2;76;80;81m[48;2;0;0;0m▀[0m[38;2;41;43;41m[48;2;0;1;0m▀[0m[38;2;125;126;123m[48;2;234;236;234m▀[0m[38;2;247;246;247m[48;2;234;236;237m▀[0m[38;2;234;237;237m[48;2;178;180;180m▀[0m[38;2;235;239;239m[48;2;25;29;25m▀[0m[38;2;129;131;134m[48;2;0;0;0m▀[0m[38;2;0;0;0m[48;2;0;0;0m▀[0m[38;2;0;0;0m[48;2;0;0;0m▀[0m[38;2;0;0;0m[48;2;0;0;0m▀[0m[38;2;23;21;19m[48;2;255;255;255m▀[0m[38;2;255;255;255m[48;2;255;255;255m▀[0m[38;2;255;255;255m[48;2;82;85;82m▀[0m[38;2;255;255;255m[48;2;143;147;143m▀[0m[38;2;255;255;255m[48;2;255;255;255m▀[0m[38;2;255;255;255m[48;2;255;255;255m▀[0m[38;2;255;255;255m[48;2;255;255;255m▀[0m[38;2;255;255;255m[48;2;255;255;255m▀[0m[38;2;255;180;181m[48;2;255;255;255m▀[0m[38;2;255;125;123m[48;2;255;255;255m▀[0m[38;2;255;57;47m[48;2;255;239;225m▀[0m[38;2;236;255;255m[48;2;215;204;206m▀[0m[38;2;255;255;255m[48;2;255;255;255m▀[0m[38;2;195;234;234m[48;2;253;255;255m▀[0m[38;2;255;255;255m[48;2;255;255;255m▀[0m[38;2;255;255;255m[48;2;255;228;214m▀[0m[38;2;255;255;255m[48;2;255;255;255m▀[0m[38;2;255;206;203m[48;2;255;255;255m▀[0m[38;2;255;197;196m[48;2;255;255;255m▀[0m[38;2;255;255;255m[48;2;255;255;255m▀[0m[38;2;255;255;255m[48;2;165;170;167m▀[0m[38;2;255;255;255m[48;2;84;87;89m▀[0m[38;2;255;255;255m[48;2;255;255;255m▀[0m[38;2;255;255;255m[48;2;255;255;255m▀[0m[38;2;0;0;0m[48;2;0;0;0m▀[0m[38;2;0;0;0m[48;2;0;0;0m▀[0m[38;2;0;0;0m[48;2;0;1;0m▀[0m[38;2;0;0;0m[48;2;17;20;17m▀[0m[38;2;6;4;6m[48;2;0;0;0m▀[0m[38;2;176;179;179m[48;2;0;0;0m▀[0m[38;2;255;255;255m[48;2;0;0;0m▀[0m[38;2;255;255;255m[48;2;0;0;0m▀[0m[38;2;255;150;150m[48;2;53;58;54m▀[0m
