[38;2;142;146;142m[48;2;158;161;158m▀[0m[38;2;83;83;83m[48;2;177;181;177m▀[0m[38;2;113;118;113m[48;2;140;143;140m▀[0m[38;2;103;108;107m[48;2;57;59;57m▀[0m[38;2;72;74;72m[48;2;71;73;74m▀[0m[38;2;23;25;23m[48;2;150;154;153m▀[0m[38;2;232;236;235m[48;2;77;81;78m▀[0m[38;2;0;0;0m[48;2;4;3;3m▀[0m[38;2;0;0;0m[48;2;0;0;0m▀[0m[38;2;232;234;234m[48;2;49;51;51m▀[0m[38;2;189;191;191m[48;2;255;255;255m▀[0m[38;2;255;255;255m[48;2;0;0;0m▀[0m[38;2;227;230;230m[48;2;201;203;203m▀[0m[38;2;255;255;255m[48;2;255;255;255m▀[0m[38;2;255;255;255m[48;2;255;255;255m▀[0m[38;2;244;248;246m[48;2;189;196;193m▀[0m[38;2;255;255;255m[48;2;255;255;255m▀[0m[38;2;128;137;137m[48;2;76;63;60m▀[0m[38;2;252;255;255m[48;2;255;255;255m▀[0m[38;2;186;195;195m[48;2;226;237;237m▀[0m[38;2;255;255;255m[48;2;219;219;219m▀[0m[38;2;255;255;255m[48;2;255;255;255m▀[0m[38;2;119;58;51m[48;2;214;0;0m▀[0m[38;2;255;255;255m[48;2;255;144;142m▀[0m[38;2;143;156;156m[48;2;63;112;109m▀[0m[38;2;255;255;255m[48;2;192;202;202m▀[0m[38;2;206;209;209m[48;2;255;255;255m▀[0m[38;2;246;249;249m[48;2;195;196;192m▀[0m[38;2;255;255;255m[48;2;255;255;255m▀[0m[38;2;255;255;255m[48;2;255;255;255m▀[0m[38;2;150;153;153m[48;2;255;255;255m▀[0m[38;2;0;0;0m[48;2;0;0;0m▀[0m[38;2;0;0;0m[48;2;0;0;0m▀[0m[38;2;3;5;3m[48;2;104;107;107m▀[0m[38;2;130;132;130m[48;2;12;8;7m▀[0m[38;2;181;186;183m[48;2;112;116;113m▀[0m[38;2;156;161;160m[48;2;175;180;179m▀[0m[38;2;67;67;65m[48;2;174;178;177m▀[0m[38;2;65;67;67m[48;2;87;87;85m▀[0m[38;2;150;152;152m[48;2;82;83;80m▀[0m[38;2;42;44;42m[48;2;130;130;131m▀[0m[38;2;86;89;86m[48;2;43;46;43m▀[0m[38;2;170;172;170m[48;2;113;116;117m▀[0m[38;2;171;171;169m[48;2;169;174;169m▀[0m
[38;2;158;164;163m[48;2;197;201;200m▀[0m[38;2;191;196;195m[48;2;51;54;55m▀[0m[38;2;0;0;0m[48;2;0;0;0m▀[0m[38;2;51;54;51m[48;2;133;139;135m▀[0m[38;2;139;142;139m[48;2;136;139;136m▀[0m[38;2;117;121;120m[48;2;91;86;86m▀[0m[38;2;91;89;86m[48;2;63;64;61m▀[0m[38;2;109;111;111m[48;2;92;94;94m▀[0m[38;2;0;0;0m[48;2;36;38;36m▀[0m[38;2;0;0;0m[48;2;0;0;0m▀[0m[38;2;255;255;255m[48;2;190;191;188m▀[0m[38;2;110;114;114m[48;2;255;255;255m▀[0m[38;2;208;210;208m[48;2;252;253;250m▀[0m[38;2;245;248;249m[48;2;239;241;241m▀[0m[38;2;255;255;255m[48;2;255;255;255m▀[0m[38;2;147;152;153m[48;2;98;108;105m▀[0m[38;2;255;255;255m[48;2;197;202;197m▀[0m[38;2;184;5;1m[48;2;30;0;0m▀[0m[38;2;216;210;209m[48;2;29;38;39m▀[0m[38;2;255;255;255m[48;2;255;255;255m▀[0m[38;2;188;196;196m[48;2;243;252;252m▀[0m[38;2;255;255;255m[48;2;84;95;95m▀[0m[38;2;91;65;65m[48;2;170;195;195m▀[0m[38;2;115;79;80m[48;2;240;255;255m▀[0m[38;2;188;204;206m[48;2;168;230;232m▀[0m[38;2;187;192;186m[48;2;125;185;187m▀[0m[38;2;255;255;255m[48;2;0;14;11m▀[0m[38;2;248;253;253m[48;2;232;242;242m▀[0m[38;2;255;255;255m[48;2;255;255;255m▀[0m[38;2;255;255;255m[48;2;255;255;255m▀[0m[38;2;255;255;255m[48;2;236;241;241m▀[0m[38;2;255;255;255m[48;2;255;255;255m▀[0m[38;2;52;51;49m[48;2;255;255;255m▀[0m[38;2;0;0;0m[48;2;169;171;171m▀[0m[38;2;85;85;86m[48;2;178;178;175m▀[0m[38;2;107;111;108m[48;2;144;145;142m▀[0m[38;2;158;163;160m[48;2;160;160;161m▀[0m[38;2;175;180;181m[48;2;149;157;153m▀[0m[38;2;57;59;57m[48;2;119;128;122m▀[0m[38;2;0;0;0m[48;2;12;14;14m▀[0m[38;2;58;60;58m[48;2;0;0;0m▀[0m[38;2;39;41;39m[48;2;0;0;0m▀[0m[38;2;80;82;80m[48;2;36;37;33m▀[0m[38;2;111;113;111m[48;2;50;52;50m▀[0m
[38;2;104;107;104m[48;2;60;59;57m▀[0m[38;2;0;0;0m[48;2;255;255;255m▀[0m[38;2;0;0;0m[48;2;144;146;144m▀[0m[38;2;103;107;103m[48;2;0;0;0m▀[0m[38;2;12;14;12m[48;2;64;72;72m▀[0m[38;2;73;77;77m[48;2;127;134;134m▀[0m[38;2;171;177;179m[48;2;34;38;38m▀[0m[38;2;191;196;196m[48;2;0;0;0m▀[0m[38;2;8;11;12m[48;2;0;0;0m▀[0m[38;2;0;0;0m[48;2;0;0;0m▀[0m[38;2;0;0;0m[48;2;8;11;8m▀[0m[38;2;152;154;152m[48;2;237;239;237m▀[0m[38;2;255;255;255m[48;2;255;255;255m▀[0m[38;2;211;218;217m[48;2;215;217;215m▀[0m[38;2;255;255;255m[48;2;255;255;255m▀[0m[38;2;97;105;104m[48;2;191;202;201m▀[0m[38;2;138;152;151m[48;2;112;144;145m▀[0m[38;2;248;255;255m[48;2;95;148;149m▀[0m[38;2;225;243;241m[48;2;154;182;186m▀[0m[38;2;133;149;146m[48;2;250;255;255m▀[0m[38;2;251;255;255m[48;2;255;255;255m▀[0m[38;2;239;248;248m[48;2;255;255;255m▀[0m[38;2;245;255;255m[48;2;255;255;255m▀[0m[38;2;118;143;142m[48;2;191;140;139m▀[0m[38;2;100;0;0m[48;2;156;0;0m▀[0m[38;2;30;0;0m[48;2;255;0;0m▀[0m[38;2;0;63;64m[48;2;255;252;251m▀[0m[38;2;0;0;0m[48;2;107;0;0m▀[0m[38;2;201;209;201m[48;2;200;140;137m▀[0m[38;2;255;255;255m[48;2;255;255;255m▀[0m[38;2;182;187;187m[48;2;217;219;221m▀[0m[38;2;243;248;244m[48;2;237;239;239m▀[0m[38;2;255;255;255m[48;2;228;234;230m▀[0m[38;2;255;255;255m[48;2;255;255;255m▀[0m[38;2;0;0;0m[48;2;237;239;240m▀[0m[38;2;0;0;0m[48;2;86;89;89m▀[0m[38;2;63;61;64m[48;2;81;82;78m▀[0m[38;2;108;112;109m[48;2;255;255;255m▀[0m[38;2;73;75;76m[48;2;184;183;183m▀[0m[38;2;139;142;143m[48;2;0;0;0m▀[0m[38;2;63;63;61m[48;2;78;81;78m▀[0m[38;2;0;0;0m[48;2;38;40;38m▀[0m[38;2;31;34;30m[48;2;50;49;47m▀[0m[38;2;59;61;59m[48;2;82;84;82m▀[0m
[38;2;108;110;108m[48;2;255;255;255m▀[0m[38;2;239;241;242m[48;2;255;255;255m▀[0m[38;2;255;255;255m[48;2;255;255;255m▀[0m[38;2;51;55;51m[48;2;0;0;0m▀[0m[38;2;0;0;0m[48;2;0;0;0m▀[0m[38;2;85;86;83m[48;2;255;255;255m▀[0m[38;2;90;91;87m[48;2;155;156;153m▀[0m[38;2;124;126;124m[48;2;69;69;66m▀[0m[38;2;81;79;77m[48;2;60;62;60m▀[0m[38;2;0;0;0m[48;2;255;255;255m▀[0m[38;2;255;255;255m[48;2;239;241;239m▀[0m[38;2;244;246;248m[48;2;230;236;235m▀[0m[38;2;255;255;255m[48;2;255;255;255m▀[0m[38;2;255;255;255m[48;2;255;255;255m▀[0m[38;2;224;239;238m[48;2;118;119;115m▀[0m[38;2;0;0;0m[48;2;0;0;0m▀[0m[38;2;0;0;0m[48;2;255;255;255m▀[0m[38;2;122;0;0m[48;2;255;0;0m▀[0m[38;2;48;0;0m[48;2;255;255;255m▀[0m[38;2;235;241;240m[48;2;255;255;255m▀[0m[38;2;255;184;183m[48;2;255;191;184m▀[0m[38;2;221;171;171m[48;2;252;243;243m▀[0m[38;2;255;255;255m[48;2;255;255;255m▀[0m[38;2;255;255;255m[48;2;255;255;255m▀[0m[38;2;255;255;255m[48;2;255;255;255m▀[0m[38;2;255;255;255m[48;2;255;255;255m▀[0m[38;2;255;164;161m[48;2;255;255;255m▀[0m[38;2;255;214;209m[48;2;255;255;255m▀[0m[38;2;201;240;242m[48;2;76;111;111m▀[0m[38;2;255;255;255m[48;2;255;255;255m▀[0m[38;2;255;255;255m[48;2;255;255;255m▀[0m[38;2;188;190;190m[48;2;47;50;47m▀[0m[38;2;255;255;255m[48;2;255;255;255m▀[0m[38;2;166;168;168m[48;2;255;255;255m▀[0m[38;2;255;255;255m[48;2;215;218;217m▀[0m[38;2;255;255;255m[48;2;158;161;158m▀[0m[38;2;255;255;255m[48;2;198;200;200m▀[0m[38;2;255;255;255m[48;2;40;43;43m▀[0m[38;2;128;130;130m[48;2;29;28;28m▀[0m[38;2;127;129;130m[48;2;68;72;72m▀[0m[38;2;124;128;128m[48;2;73;73;73m▀[0m[38;2;27;29;27m[48;2;0;0;0m▀[0m[38;2;109;111;109m[48;2;0;0;0m▀[0m[38;2;255;255;255m[48;2;255;255;255m▀[0m
[38;2;255;255;255m[48;2;255;255;255m▀[0m[38;2;255;255;255m[48;2;255;255;255m▀[0m[38;2;255;255;255m[48;2;72;73;69m▀[0m[38;2;0;0;0m[48;2;20;25;24m▀[0m[38;2;3;6;3m[48;2;203;207;202m▀[0m[38;2;190;191;188m[48;2;96;97;93m▀[0m[38;2;255;255;255m[48;2;51;51;49m▀[0m[38;2;193;196;198m[48;2;195;195;196m▀[0m[38;2;255;255;255m[48;2;255;255;255m▀[0m[38;2;255;255;255m[48;2;243;246;245m▀[0m[38;2;248;251;250m[48;2;255;255;255m▀[0m[38;2;187;191;190m[48;2;201;206;203m▀[0m[38;2;255;255;255m[48;2;255;255;255m▀[0m[38;2;209;246;248m[48;2;255;255;255m▀[0m[38;2;203;174;171m[48;2;62;143;143m▀[0m[38;2;255;0;0m[48;2;214;0;0m▀[0m[38;2;255;7;0m[48;2;255;30;34m▀[0m[38;2;255;255;255m[48;2;255;255;255m▀[0m[38;2;255;255;255m[48;2;255;255;255m▀[0m[38;2;255;255;255m[48;2;255;255;255m▀[0m[38;2;255;255;255m[48;2;255;255;255m▀[0m[38;2;255;255;255m[48;2;255;255;255m▀[0m[38;2;255;255;255m[48;2;217;255;255m▀[0m[38;2;255;187;185m[48;2;156;128;128m▀[0m[38;2;255;255;255m[48;2;232;0;0m▀[0m[38;2;255;255;255m[48;2;255;255;255m▀[0m[38;2;255;195;198m[48;2;225;255;255m▀[0m[38;2;186;83;80m[48;2;255;11;8m▀[0m[38;2;0;0;0m[48;2;114;0;0m▀[0m[38;2;255;255;255m[48;2;234;255;255m▀[0m[38;2;255;255;255m[48;2;255;255;255m▀[0m[38;2;77;79;79m[48;2;237;241;238m▀[0m[38;2;125;128;124m[48;2;136;137;134m▀[0m[38;2;255;255;255m[48;2;174;177;178m▀[0m[38;2;255;255;255m[48;2;255;255;255m▀[0m[38;2;252;254;254m[48;2;255;255;255m▀[0m[38;2;0;0;0m[48;2;255;255;255m▀[0m[38;2;20;24;20m[48;2;255;255;255m▀[0m[38;2;104;105;98m[48;2;226;228;228m▀[0m[38;2;25;26;19m[48;2;125;128;128m▀[0m[38;2;122;128;122m[48;2;153;157;156m▀[0m[38;2;65;66;63m[48;2;93;94;90m▀[0m[38;2;0;0;0m[48;2;0;0;0m▀[0m[38;2;255;255;255m[48;2;255;255;255m▀[0m
[38;2;42;44;44m[48;2;0;0;0m▀[0m[38;2;0;0;0m[48;2;51;55;54m▀[0m[38;2;0;0;0m[48;2;121;126;125m▀[0m[38;2;155;160;158m[48;2;110;118;119m▀[0m[38;2;23;23;20m[48;2;75;78;77m▀[0m[38;2;132;135;134m[48;2;4;4;2m▀[0m[38;2;94;94;95m[48;2;242;242;240m▀[0m[38;2;178;178;175m[48;2;255;255;255m▀[0m[38;2;249;252;251m[48;2;255;255;255m▀[0m[38;2;238;239;236m[48;2;255;255;255m▀[0m[38;2;255;255;255m[48;2;183;186;186m▀[0m[38;2;136;139;139m[48;2;61;64;61m▀[0m[38;2;243;249;249m[48;2;239;249;246m▀[0m[38;2;255;255;255m[48;2;255;255;255m▀[0m[38;2;146;228;230m[48;2;204;244;248m▀[0m[38;2;65;0;0m[48;2;0;0;0m▀[0m[38;2;255;255;255m[48;2;255;255;255m▀[0m[38;2;255;255;255m[48;2;255;69;69m▀[0m[38;2;255;255;255m[48;2;255;174;169m▀[0m[38;2;240;239;237m[48;2;224;151;147m▀[0m[38;2;25;66;65m[48;2;0;0;0m▀[0m[38;2;0;3;3m[48;2;169;0;0m▀[0m[38;2;0;0;0m[48;2;255;0;0m▀[0m[38;2;0;0;0m[48;2;255;60;62m▀[0m[38;2;0;0;0m[48;2;0;0;0m▀[0m[38;2;255;158;154m[48;2;255;0;0m▀[0m[38;2;255;255;255m[48;2;255;255;255m▀[0m[38;2;255;255;255m[48;2;240;255;255m▀[0m[38;2;0;0;0m[48;2;0;0;0m▀[0m[38;2;234;251;249m[48;2;251;255;255m▀[0m[38;2;255;255;255m[48;2;255;255;255m▀[0m[38;2;238;241;241m[48;2;132;134;134m▀[0m[38;2;255;255;255m[48;2;200;202;202m▀[0m[38;2;129;133;130m[48;2;255;255;255m▀[0m[38;2;255;255;255m[48;2;148;153;150m▀[0m[38;2;251;255;255m[48;2;105;108;109m▀[0m[38;2;255;255;255m[48;2;0;0;0m▀[0m[38;2;255;255;255m[48;2;46;43;43m▀[0m[38;2;255;255;255m[48;2;230;233;233m▀[0m[38;2;27;26;26m[48;2;83;83;83m▀[0m[38;2;61;63;64m[48;2;154;156;154m▀[0m[38;2;156;161;157m[48;2;84;84;85m▀[0m[38;2;66;69;66m[48;2;30;29;29m▀[0m[38;2;118;118;118m[48;2;0;0;0m▀[0m
[38;2;125;130;127m[48;2;0;0;0m▀[0m[38;2;115;117;115m[48;2;58;60;61m▀[0m[38;2;64;64;62m[48;2;133;136;136m▀[0m[38;2;44;44;42m[48;2;174;177;174m▀[0m[38;2;77;82;81m[48;2;119;128;121m▀[0m[38;2;139;146;137m[48;2;255;255;255m▀[0m[38;2;255;255;255m[48;2;142;144;145m▀[0m[38;2;255;255;255m[48;2;149;149;147m▀[0m[38;2;255;255;255m[48;2;255;255;255m▀[0m[38;2;179;182;181m[48;2;93;95;95m▀[0m[38;2;0;0;0m[48;2;206;207;204m▀[0m[38;2;131;132;129m[48;2;47;49;49m▀[0m[38;2;199;204;204m[48;2;145;146;143m▀[0m[38;2;255;255;255m[48;2;255;255;255m▀[0m[38;2;211;222;221m[48;2;213;219;217m▀[0m[38;2;36;69;72m[48;2;0;1;1m▀[0m[38;2;89;150;150m[48;2;0;12;8m▀[0m[38;2;254;252;248m[48;2;192;132;133m▀[0m[38;2;255;16;8m[48;2;255;0;0m▀[0m[38;2;255;255;255m[48;2;255;255;255m▀[0m[38;2;118;195;192m[48;2;255;255;255m▀[0m[38;2;255;163;157m[48;2;255;255;255m▀[0m[38;2;216;64;62m[48;2;255;57;54m▀[0m[38;2;240;255;255m[48;2;255;131;122m▀[0m[38;2;255;180;171m[48;2;255;255;255m▀[0m[38;2;255;144;129m[48;2;255;147;142m▀[0m[38;2;255;255;255m[48;2;0;0;0m▀[0m[38;2;0;0;0m[48;2;4;20;22m▀[0m[38;2;0;0;0m[48;2;22;27;24m▀[0m[38;2;255;255;255m[48;2;187;190;189m▀[0m[38;2;255;255;255m[48;2;255;255;255m▀[0m[38;2;243;246;246m[48;2;255;255;255m▀[0m[38;2;0;0;0m[48;2;20;23;20m▀[0m[38;2;255;255;255m[48;2;54;56;54m▀[0m[38;2;255;255;255m[48;2;255;255;255m▀[0m[38;2;255;255;255m[48;2;255;255;255m▀[0m[38;2;0;0;0m[48;2;240;237;239m▀[0m[38;2;0;0;0m[48;2;117;121;121m▀[0m[38;2;154;156;154m[48;2;28;30;28m▀[0m[38;2;127;129;127m[48;2;125;128;125m▀[0m[38;2;163;167;163m[48;2;108;111;108m▀[0m[38;2;145;145;143m[48;2;90;90;87m▀[0m[38;2;135;137;135m[48;2;113;116;113m▀[0m[38;2;151;155;151m[48;2;108;110;108m▀[0m
[38;2;74;78;74m[48;2;174;179;174m▀[0m[38;2;120;124;124m[48;2;175;180;179m▀[0m[38;2;154;157;153m[48;2;162;167;164m▀[0m[38;2;131;135;131m[48;2;156;161;160m▀[0m[38;2;162;166;165m[48;2;62;64;65m▀[0m[38;2;81;82;78m[48;2;138;143;139m▀[0m[38;2;0;0;0m[48;2;158;164;163m▀[0m[38;2;71;66;69m[48;2;18;16;14m▀[0m[38;2;0;0;0m[48;2;0;0;0m▀[0m[38;2;192;192;193m[48;2;255;255;255m▀[0m[38;2;255;255;255m[48;2;255;255;255m▀[0m[38;2;20;23;23m[48;2;155;157;157m▀[0m[38;2;132;134;134m[48;2;154;163;156m▀[0m[38;2;255;255;255m[48;2;255;255;255m▀[0m[38;2;171;175;174m[48;2;29;30;27m▀[0m[38;2;22;30;28m[48;2;0;0;0m▀[0m[38;2;213;230;227m[48;2;214;224;224m▀[0m[38;2;32;57;57m[48;2;225;242;239m▀[0m[38;2;4;0;0m[48;2;149;190;188m▀[0m[38;2;153;178;177m[48;2;114;137;137m▀[0m[38;2;201;205;201m[48;2;116;80;79m▀[0m[38;2;255;255;255m[48;2;110;121;120m▀[0m[38;2;255;255;255m[48;2;144;153;152m▀[0m[38;2;255;112;94m[48;2;129;98;98m▀[0m[38;2;184;162;157m[48;2;155;209;208m▀[0m[38;2;152;161;160m[48;2;242;255;255m▀[0m[38;2;41;68;72m[48;2;69;81;79m▀[0m[38;2;148;153;154m[48;2;225;230;228m▀[0m[38;2;68;72;73m[48;2;30;34;30m▀[0m[38;2;42;42;40m[48;2;163;165;166m▀[0m[38;2;255;255;255m[48;2;179;182;181m▀[0m[38;2;255;255;255m[48;2;255;255;255m▀[0m[38;2;201;203;201m[48;2;255;255;255m▀[0m[38;2;0;0;0m[48;2;41;40;41m▀[0m[38;2;83;85;83m[48;2;0;0;0m▀[0m[38;2;191;193;191m[48;2;0;0;0m▀[0m[38;2;255;255;255m[48;2;255;255;255m▀[0m[38;2;129;131;131m[48;2;33;36;36m▀[0m[38;2;119;121;119m[48;2;105;110;109m▀[0m[38;2;165;167;165m[48;2;145;147;145m▀[0m[38;2;155;157;155m[48;2;132;132;130m▀[0m[38;2;147;147;145m[48;2;124;126;124m▀[0m[38;2;116;118;116m[48;2;144;147;146m▀[0m[38;2;46;50;46m[48;2;168;177;175m▀[0m
[38;2;130;132;130m[48;2;85;87;85m▀[0m[38;2;148;148;148m[48;2;54;59;54m▀[0m[38;2;147;147;145m[48;2;47;49;47m▀[0m[38;2;156;156;154m[48;2;29;30;27m▀[0m[38;2;127;129;127m[48;2;81;83;81m▀[0m[38;2;89;94;90m[48;2;116;119;118m▀[0m[38;2;107;109;107m[48;2;146;153;153m▀[0m[38;2;153;155;153m[48;2;255;255;255m▀[0m[38;2;255;255;255m[48;2;255;255;255m▀[0m[38;2;255;255;255m[48;2;163;165;165m▀[0m[38;2;81;82;78m[48;2;0;0;0m▀[0m[38;2;0;0;0m[48;2;0;0;0m▀[0m[38;2;255;255;255m[48;2;255;255;255m▀[0m[38;2;255;255;255m[48;2;173;175;179m▀[0m[38;2;0;0;0m[48;2;0;0;0m▀[0m[38;2;78;82;82m[48;2;23;28;25m▀[0m[38;2;188;196;200m[48;2;91;90;86m▀[0m[38;2;196;203;203m[48;2;158;161;158m▀[0m[38;2;210;209;209m[48;2;200;199;200m▀[0m[38;2;200;209;207m[48;2;193;198;199m▀[0m[38;2;192;207;207m[48;2;189;191;191m▀[0m[38;2;179;188;187m[48;2;191;196;192m▀[0m[38;2;166;178;180m[48;2;193;200;198m▀[0m[38;2;187;215;217m[48;2;239;242;241m▀[0m[38;2;248;251;252m[48;2;107;109;110m▀[0m[38;2;93;98;97m[48;2;0;0;0m▀[0m[38;2;24;28;27m[48;2;117;120;120m▀[0m[38;2;124;124;125m[48;2;198;200;202m▀[0m[38;2;0;0;0m[48;2;29;34;34m▀[0m[38;2;130;132;130m[48;2;45;49;49m▀[0m[38;2;0;0;0m[48;2;58;61;62m▀[0m[38;2;84;87;84m[48;2;0;0;0m▀[0m[38;2;255;255;255m[48;2;0;0;0m▀[0m[38;2;255;255;255m[48;2;0;0;0m▀[0m[38;2;239;238;238m[48;2;228;226;230m▀[0m[38;2;47;48;45m[48;2;255;255;255m▀[0m[38;2;125;128;128m[48;2;118;113;113m▀[0m[38;2;61;63;63m[48;2;69;71;66m▀[0m[38;2;133;135;133m[48;2;133;135;133m▀[0m[38;2;110;111;107m[48;2;111;112;108m▀[0m[38;2;121;122;119m[48;2;91;91;86m▀[0m[38;2;120;121;114m[48;2;95;97;95m▀[0m[38;2;122;125;122m[48;2;94;94;87m▀[0m[38;2;160;156;161m[48;2;83;83;81m▀[0m
[38;2;5;7;7m[48;2;162;166;165m▀[0m[38;2;25;26;23m[48;2;190;192;192m▀[0m[38;2;43;48;47m[48;2;182;184;186m▀[0m[38;2;59;62;61m[48;2;177;177;178m▀[0m[38;2;57;61;60m[48;2;153;152;150m▀[0m[38;2;71;73;71m[48;2;98;100;98m▀[0m[38;2;0;0;0m[48;2;90;94;95m▀[0m[38;2;37;34;38m[48;2;75;74;75m▀[0m[38;2;0;0;0m[48;2;128;129;125m▀[0m[38;2;6;8;8m[48;2;148;151;147m▀[0m[38;2;0;0;0m[48;2;152;151;152m▀[0m[38;2;39;42;42m[48;2;142;143;139m▀[0m[38;2;27;29;27m[48;2;193;193;191m▀[0m[38;2;30;32;30m[48;2;186;183;186m▀[0m[38;2;133;136;136m[48;2;214;214;210m▀[0m[38;2;156;160;156m[48;2;201;204;201m▀[0m[38;2;186;186;182m[48;2;193;192;193m▀[0m[38;2;209;209;205m[48;2;187;190;190m▀[0m[38;2;165;165;157m[48;2;204;207;207m▀[0m[38;2;101;104;101m[48;2;108;107;108m▀[0m[38;2;206;210;206m[48;2;164;164;164m▀[0m[38;2;207;206;207m[48;2;224;226;224m▀[0m[38;2;249;249;250m[48;2;144;146;144m▀[0m[38;2;188;187;188m[48;2;26;29;30m▀[0m[38;2;0;0;0m[48;2;25;29;26m▀[0m[38;2;192;196;195m[48;2;71;79;77m▀[0m[38;2;192;200;201m[48;2;108;118;119m▀[0m[38;2;225;234;237m[48;2;36;47;49m▀[0m[38;2;7;11;11m[48;2;0;0;0m▀[0m[38;2;0;0;0m[48;2;0;0;0m▀[0m[38;2;24;28;29m[48;2;0;0;0m▀[0m[38;2;51;56;52m[48;2;48;58;58m▀[0m[38;2;110;110;112m[48;2;105;116;116m▀[0m[38;2;41;44;46m[48;2;63;66;72m▀[0m[38;2;0;0;0m[48;2;109;122;125m▀[0m[38;2;186;183;183m[48;2;74;87;87m▀[0m[38;2;80;84;81m[48;2;90;95;92m▀[0m[38;2;111;113;111m[48;2;125;126;122m▀[0m[38;2;134;136;134m[48;2;117;119;117m▀[0m[38;2;144;146;144m[48;2;100;100;102m▀[0m[38;2;145;145;143m[48;2;125;128;125m▀[0m[38;2;135;137;135m[48;2;143;145;143m▀[0m[38;2;133;139;134m[48;2;155;161;160m▀[0m[38;2;132;137;136m[48;2;157;164;163m▀[0m
[38;2;100;105;104m[48;2;154;154;152m▀[0m[38;2;146;148;146m[48;2;110;111;108m▀[0m[38;2;216;219;218m[48;2;193;193;190m▀[0m[38;2;213;215;216m[48;2;189;189;186m▀[0m[38;2;219;218;216m[48;2;181;184;183m▀[0m[38;2;223;226;226m[48;2;182;184;182m▀[0m[38;2;222;225;222m[48;2;180;183;184m▀[0m[38;2;218;218;218m[48;2;183;187;187m▀[0m[38;2;223;223;220m[48;2;185;188;187m▀[0m[38;2;221;221;221m[48;2;188;188;188m▀[0m[38;2;213;213;210m[48;2;183;187;186m▀[0m[38;2;209;209;209m[48;2;184;184;181m▀[0m[38;2;202;199;201m[48;2;184;184;182m▀[0m[38;2;193;192;193m[48;2;184;183;184m▀[0m[38;2;189;188;189m[48;2;183;183;183m▀[0m[38;2;186;189;186m[48;2;181;184;181m▀[0m[38;2;187;187;185m[48;2;189;189;189m▀[0m[38;2;188;191;188m[48;2;205;206;203m▀[0m[38;2;217;221;221m[48;2;150;157;158m▀[0m[38;2;177;179;177m[48;2;117;125;125m▀[0m[38;2;95;99;100m[48;2;149;157;161m▀[0m[38;2;136;139;140m[48;2;0;0;0m▀[0m[38;2;0;0;0m[48;2;0;0;0m▀[0m[38;2;0;0;0m[48;2;241;255;250m▀[0m[38;2;137;145;146m[48;2;93;112;109m▀[0m[38;2;126;140;139m[48;2;40;91;91m▀[0m[38;2;228;255;255m[48;2;0;41;43m▀[0m[38;2;0;19;20m[48;2;92;0;0m▀[0m[38;2;0;0;0m[48;2;255;0;0m▀[0m[38;2;0;0;0m[48;2;255;132;118m▀[0m[38;2;0;0;0m[48;2;217;251;252m▀[0m[38;2;0;0;0m[48;2;228;239;240m▀[0m[38;2;4;7;7m[48;2;255;255;255m▀[0m[38;2;118;129;129m[48;2;255;255;255m▀[0m[38;2;79;61;59m[48;2;255;174;182m▀[0m[38;2;0;0;0m[48;2;255;255;255m▀[0m[38;2;0;0;0m[48;2;255;255;255m▀[0m[38;2;0;0;0m[48;2;60;62;60m▀[0m[38;2;46;48;48m[48;2;0;0;0m▀[0m[38;2;28;32;31m[48;2;105;105;103m▀[0m[38;2;81;83;81m[48;2;140;145;144m▀[0m[38;2;85;87;85m[48;2;122;125;130m▀[0m[38;2;76;76;74m[48;2;100;100;98m▀[0m[38;2;95;97;95m[48;2;82;87;86m▀[0m
[38;2;202;202;202m[48;2;225;224;225m▀[0m[38;2;206;205;205m[48;2;199;199;199m▀[0m[38;2;189;189;189m[48;2;193;193;193m▀[0m[38;2;186;186;182m[48;2;187;187;187m▀[0m[38;2;182;182;180m[48;2;177;177;177m▀[0m[38;2;182;182;175m[48;2;174;177;174m▀[0m[38;2;177;182;177m[48;2;177;177;174m▀[0m[38;2;182;182;175m[48;2;175;178;175m▀[0m[38;2;182;182;175m[48;2;178;177;177m▀[0m[38;2;182;178;177m[48;2;177;177;174m▀[0m[38;2;177;179;177m[48;2;177;177;174m▀[0m[38;2;175;178;175m[48;2;174;177;174m▀[0m[38;2;178;178;175m[48;2;181;181;182m▀[0m[38;2;181;177;175m[48;2;187;187;183m▀[0m[38;2;182;186;183m[48;2;185;189;186m▀[0m[38;2;191;191;188m[48;2;199;203;200m▀[0m[38;2;189;193;190m[48;2;174;188;188m▀[0m[38;2;162;170;169m[48;2;180;197;195m▀[0m[38;2;115;133;133m[48;2;140;172;170m▀[0m[38;2;21;34;37m[48;2;57;130;133m▀[0m[38;2;170;197;202m[48;2;75;158;158m▀[0m[38;2;0;0;0m[48;2;100;0;0m▀[0m[38;2;0;0;0m[48;2;220;0;0m▀[0m[38;2;60;147;146m[48;2;0;0;0m▀[0m[38;2;0;0;0m[48;2;91;0;0m▀[0m[38;2;0;0;0m[48;2;255;255;255m▀[0m[38;2;41;0;0m[48;2;255;116;107m▀[0m[38;2;255;0;0m[48;2;255;255;255m▀[0m[38;2;231;217;215m[48;2;255;255;255m▀[0m[38;2;255;255;255m[48;2;255;255;255m▀[0m[38;2;166;185;183m[48;2;255;255;255m▀[0m[38;2;128;136;135m[48;2;224;235;234m▀[0m[38;2;255;255;255m[48;2;255;255;255m▀[0m[38;2;195;198;198m[48;2;235;237;235m▀[0m[38;2;239;246;249m[48;2;255;255;255m▀[0m[38;2;255;255;255m[48;2;255;255;255m▀[0m[38;2;255;255;255m[48;2;255;255;255m▀[0m[38;2;255;255;255m[48;2;255;255;255m▀[0m[38;2;237;240;239m[48;2;255;255;255m▀[0m[38;2;55;55;52m[48;2;255;255;255m▀[0m[38;2;50;52;50m[48;2;117;119;117m▀[0m[38;2;87;94;89m[48;2;60;64;63m▀[0m[38;2;105;108;105m[48;2;33;50;48m▀[0m[38;2;153;161;163m[48;2;0;0;0m▀[0m
[38;2;4;7;4m[48;2;0;0;0m▀[0m[38;2;119;121;122m[48;2;0;0;0m▀[0m[38;2;210;210;210m[48;2;138;144;138m▀[0m[38;2;188;185;185m[48;2;204;204;204m▀[0m[38;2;179;179;179m[48;2;178;178;174m▀[0m[38;2;175;175;173m[48;2;175;175;173m▀[0m[38;2;175;175;175m[48;2;173;175;173m▀[0m[38;2;175;175;175m[48;2;175;175;173m▀[0m[38;2;175;175;173m[48;2;175;175;173m▀[0m[38;2;175;175;173m[48;2;180;180;178m▀[0m[38;2;173;175;173m[48;2;184;184;181m▀[0m[38;2;183;180;182m[48;2;192;192;189m▀[0m[38;2;184;184;186m[48;2;163;163;164m▀[0m[38;2;182;184;184m[48;2;223;225;226m▀[0m[38;2;222;225;224m[48;2;136;140;140m▀[0m[38;2;215;225;223m[48;2;0;0;0m▀[0m[38;2;14;45;42m[48;2;0;0;0m▀[0m[38;2;0;0;0m[48;2;146;0;0m▀[0m[38;2;85;188;187m[48;2;255;0;0m▀[0m[38;2;81;96;98m[48;2;255;0;0m▀[0m[38;2;161;0;0m[48;2;255;129;109m▀[0m[38;2;255;164;145m[48;2;216;255;255m▀[0m[38;2;255;255;255m[48;2;255;255;255m▀[0m[38;2;255;184;181m[48;2;255;255;255m▀[0m[38;2;255;33;13m[48;2;255;0;0m▀[0m[38;2;255;90;81m[48;2;255;187;186m▀[0m[38;2;255;255;255m[48;2;198;255;255m▀[0m[38;2;255;255;255m[48;2;255;153;147m▀[0m[38;2;255;255;255m[48;2;255;224;223m▀[0m[38;2;255;255;255m[48;2;255;255;255m▀[0m[38;2;255;255;255m[48;2;255;255;255m▀[0m[38;2;255;255;255m[48;2;255;255;255m▀[0m[38;2;255;255;255m[48;2;255;255;255m▀[0m[38;2;255;255;255m[48;2;255;255;255m▀[0m[38;2;255;255;255m[48;2;255;255;255m▀[0m[38;2;255;255;255m[48;2;205;205;206m▀[0m[38;2;255;255;255m[48;2;189;189;189m▀[0m[38;2;255;255;255m[48;2;255;255;255m▀[0m[38;2;255;255;255m[48;2;255;255;255m▀[0m[38;2;255;255;255m[48;2;255;255;255m▀[0m[38;2;255;255;255m[48;2;255;255;255m▀[0m[38;2;255;255;255m[48;2;237;241;240m▀[0m[38;2;152;56;51m[48;2;232;183;185m▀[0m[38;2;112;101;100m[48;2;255;255;255m▀[0m
[38;2;119;125;121m[48;2;160;164;160m▀[0m[38;2;4;5;2m[48;2;55;59;58m▀[0m[38;2;97;100;100m[48;2;165;167;167m▀[0m[38;2;209;209;209m[48;2;207;207;207m▀[0m[38;2;179;179;179m[48;2;182;182;184m▀[0m[38;2;174;174;171m[48;2;174;178;178m▀[0m[38;2;174;174;171m[48;2;178;177;178m▀[0m[38;2;174;174;171m[48;2;182;182;179m▀[0m[38;2;181;181;181m[48;2;189;188;189m▀[0m[38;2;183;183;181m[48;2;210;209;210m▀[0m[38;2;202;202;203m[48;2;175;179;178m▀[0m[38;2;161;161;163m[48;2;82;81;78m▀[0m[38;2;125;124;121m[48;2;85;86;82m▀[0m[38;2;13;18;14m[48;2;0;0;0m▀[0m[38;2;0;0;0m[48;2;169;189;188m▀[0m[38;2;32;43;42m[48;2;255;255;255m▀[0m[38;2;255;255;255m[48;2;255;255;255m▀[0m[38;2;255;252;246m[48;2;255;255;255m▀[0m[38;2;255;0;0m[48;2;255;169;163m▀[0m[38;2;255;255;255m[48;2;255;137;132m▀[0m[38;2;255;226;226m[48;2;255;255;255m▀[0m[38;2;164;132;130m[48;2;191;189;187m▀[0m[38;2;200;255;255m[48;2;200;255;255m▀[0m[38;2;255;255;255m[48;2;255;0;0m▀[0m[38;2;255;0;0m[48;2;255;0;0m▀[0m[38;2;255;0;0m[48;2;145;208;206m▀[0m[38;2;83;211;208m[48;2;255;255;255m▀[0m[38;2;255;187;186m[48;2;255;255;255m▀[0m[38;2;255;255;255m[48;2;255;69;67m▀[0m[38;2;255;255;255m[48;2;255;0;0m▀[0m[38;2;255;60;55m[48;2;255;56;55m▀[0m[38;2;255;210;209m[48;2;255;255;255m▀[0m[38;2;255;255;255m[48;2;218;245;245m▀[0m[38;2;255;255;255m[48;2;255;255;255m▀[0m[38;2;164;169;166m[48;2;87;91;91m▀[0m[38;2;62;64;65m[48;2;226;226;227m▀[0m[38;2;255;255;255m[48;2;153;155;155m▀[0m[38;2;255;255;255m[48;2;235;237;235m▀[0m[38;2;255;255;255m[48;2;255;255;255m▀[0m[38;2;255;255;255m[48;2;255;255;255m▀[0m[38;2;255;255;255m[48;2;246;249;246m▀[0m[38;2;181;184;183m[48;2;241;248;241m▀[0m[38;2;255;255;255m[48;2;255;255;255m▀[0m[38;2;255;255;255m[48;2;255;255;255m▀[0m
[38;2;148;153;150m[48;2;165;168;168m▀[0m[38;2;64;66;67m[48;2;95;97;100m▀[0m[38;2;135;137;137m[48;2;114;110;110m▀[0m[38;2;173;175;175m[48;2;117;118;115m▀[0m[38;2;167;166;167m[48;2;169;168;169m▀[0m[38;2;188;188;188m[48;2;196;196;196m▀[0m[38;2;182;181;181m[48;2;204;204;201m▀[0m[38;2;198;198;193m[48;2;237;237;235m▀[0m[38;2;207;207;207m[48;2;164;163;164m▀[0m[38;2;177;177;177m[48;2;0;0;0m▀[0m[38;2;0;0;0m[48;2;0;0;0m▀[0m[38;2;140;146;143m[48;2;0;0;0m▀[0m[38;2;255;255;255m[48;2;209;215;211m▀[0m[38;2;175;178;175m[48;2;255;255;255m▀[0m[38;2;255;255;255m[48;2;255;255;255m▀[0m[38;2;255;255;255m[48;2;255;255;255m▀[0m[38;2;255;255;255m[48;2;255;255;255m▀[0m[38;2;255;220;218m[48;2;255;158;156m▀[0m[38;2;255;0;0m[48;2;255;0;0m▀[0m[38;2;255;91;78m[48;2;255;0;0m▀[0m[38;2;255;255;255m[48;2;255;0;0m▀[0m[38;2;236;255;255m[48;2;255;242;245m▀[0m[38;2;216;255;255m[48;2;167;254;255m▀[0m[38;2;255;221;221m[48;2;255;255;255m▀[0m[38;2;216;255;255m[48;2;190;215;215m▀[0m[38;2;196;255;255m[48;2;255;255;255m▀[0m[38;2;255;255;255m[48;2;255;235;225m▀[0m[38;2;255;132;124m[48;2;255;255;255m▀[0m[38;2;255;21;16m[48;2;255;255;255m▀[0m[38;2;255;225;221m[48;2;255;242;241m▀[0m[38;2;255;255;255m[48;2;255;255;255m▀[0m[38;2;255;242;246m[48;2;255;255;255m▀[0m[38;2;255;255;255m[48;2;255;255;255m▀[0m[38;2;73;78;78m[48;2;236;240;237m▀[0m[38;2;113;117;117m[48;2;237;238;235m▀[0m[38;2;255;255;255m[48;2;226;228;230m▀[0m[38;2;255;255;255m[48;2;0;0;0m▀[0m[38;2;255;255;255m[48;2;104;108;104m▀[0m[38;2;255;255;255m[48;2;255;255;255m▀[0m[38;2;255;255;255m[48;2;255;255;255m▀[0m[38;2;255;255;255m[48;2;255;255;255m▀[0m[38;2;255;255;255m[48;2;255;255;255m▀[0m[38;2;255;255;255m[48;2;255;255;255m▀[0m[38;2;255;255;255m[48;2;214;201;196m▀[0m
[38;2;81;84;84m[48;2;0;0;0m▀[0m[38;2;66;69;71m[48;2;0;0;0m▀[0m[38;2;36;38;36m[48;2;0;1;0m▀[0m[38;2;109;110;107m[48;2;203;205;203m▀[0m[38;2;215;214;215m[48;2;203;205;206m▀[0m[38;2;203;206;206m[48;2;154;156;156m▀[0m[38;2;204;207;207m[48;2;22;25;22m▀[0m[38;2;112;114;116m[48;2;0;0;0m▀[0m[38;2;0;0;0m[48;2;0;0;0m▀[0m[38;2;0;0;0m[48;2;0;0;0m▀[0m[38;2;0;0;0m[48;2;0;0;0m▀[0m[38;2;20;19;16m[48;2;255;255;255m▀[0m[38;2;255;255;255m[48;2;255;255;255m▀[0m[38;2;255;255;255m[48;2;72;74;72m▀[0m[38;2;255;255;255m[48;2;125;128;125m▀[0m[38;2;255;255;255m[48;2;232;238;237m▀[0m[38;2;255;255;255m[48;2;255;255;255m▀[0m[38;2;255;255;255m[48;2;255;255;255m▀[0m[38;2;255;239;235m[48;2;255;255;255m▀[0m[38;2;255;156;157m[48;2;255;255;255m▀[0m[38;2;255;109;107m[48;2;255;255;255m▀[0m[38;2;255;49;41m[48;2;255;207;196m▀[0m[38;2;205;255;255m[48;2;187;178;179m▀[0m[38;2;255;255;255m[48;2;255;255;255m▀[0m[38;2;169;203;203m[48;2;220;235;234m▀[0m[38;2;255;236;234m[48;2;255;255;255m▀[0m[38;2;255;238;235m[48;2;255;198;186m▀[0m[38;2;255;255;255m[48;2;255;233;231m▀[0m[38;2;255;179;177m[48;2;255;255;255m▀[0m[38;2;255;171;170m[48;2;255;255;255m▀[0m[38;2;255;255;255m[48;2;254;255;255m▀[0m[38;2;255;255;255m[48;2;144;148;145m▀[0m[38;2;255;255;255m[48;2;73;76;77m▀[0m[38;2;255;255;255m[48;2;234;236;236m▀[0m[38;2;253;255;253m[48;2;255;255;255m▀[0m[38;2;0;0;0m[48;2;0;0;0m▀[0m[38;2;0;0;0m[48;2;0;0;0m▀[0m[38;2;0;0;0m[48;2;0;1;0m▀[0m[38;2;0;0;0m[48;2;14;18;14m▀[0m[38;2;5;4;5m[48;2;0;0;0m▀[0m[38;2;153;155;155m[48;2;0;0;0m▀[0m[38;2;255;255;255m[48;2;0;0;0m▀[0m[38;2;255;222;223m[48;2;0;0;0m▀[0m[38;2;234;130;130m[48;2;46;50;47m▀[0m
