[38;2;119;244;225m[48;2;131;255;236m▀[0m[38;2;9;25;22m[48;2;25;46;42m▀[0m[38;2;0;4;3m[48;2;0;0;0m▀[0m[38;2;0;0;0m[48;2;0;0;0m▀[0m[38;2;113;122;123m[48;2;101;107;106m▀[0m[38;2;0;0;0m[48;2;0;0;0m▀[0m[38;2;0;0;0m[48;2;0;0;0m▀[0m[38;2;255;255;255m[48;2;124;116;112m▀[0m[38;2;255;255;255m[48;2;255;255;255m▀[0m[38;2;8;3;3m[48;2;255;248;248m▀[0m[38;2;0;0;0m[48;2;0;0;0m▀[0m[38;2;0;0;0m[48;2;9;19;19m▀[0m[38;2;0;0;0m[48;2;101;117;114m▀[0m[38;2;0;0;0m[48;2;114;123;121m▀[0m[38;2;0;0;0m[48;2;197;206;206m▀[0m[38;2;0;0;0m[48;2;84;92;87m▀[0m[38;2;1;10;9m[48;2;0;2;0m▀[0m[38;2;0;2;1m[48;2;0;0;0m▀[0m[38;2;0;0;0m[48;2;0;0;0m▀[0m[38;2;0;0;0m[48;2;0;0;0m▀[0m[38;2;2;15;13m[48;2;3;12;8m▀[0m[38;2;2;6;5m[48;2;1;4;4m▀[0m[38;2;1;0;1m[48;2;1;0;0m▀[0m[38;2;1;3;3m[48;2;0;3;2m▀[0m[38;2;0;2;0m[48;2;0;2;2m▀[0m[38;2;0;2;0m[48;2;1;1;1m▀[0m[38;2;1;1;1m[48;2;1;1;1m▀[0m[38;2;1;1;1m[48;2;1;4;4m▀[0m[38;2;1;1;1m[48;2;1;3;1m▀[0m[38;2;1;1;1m[48;2;1;0;0m▀[0m[38;2;0;1;0m[48;2;0;1;0m▀[0m[38;2;0;0;0m[48;2;0;0;0m▀[0m[38;2;2;7;6m[48;2;1;5;4m▀[0m[38;2;2;18;15m[48;2;5;20;15m▀[0m[38;2;2;18;15m[48;2;1;3;3m▀[0m[38;2;1;0;0m[48;2;1;0;0m▀[0m
[38;2;125;249;229m[48;2;128;255;237m▀[0m[38;2;83;165;149m[48;2;121;244;220m▀[0m[38;2;0;0;0m[48;2;0;0;0m▀[0m[38;2;0;0;0m[48;2;0;0;0m▀[0m[38;2;68;70;71m[48;2;49;51;54m▀[0m[38;2;7;7;7m[48;2;16;19;19m▀[0m[38;2;0;0;0m[48;2;0;0;0m▀[0m[38;2;0;0;0m[48;2;0;0;0m▀[0m[38;2;255;255;255m[48;2;109;138;138m▀[0m[38;2;255;255;255m[48;2;255;255;255m▀[0m[38;2;255;228;230m[48;2;255;255;255m▀[0m[38;2;43;60;60m[48;2;164;99;99m▀[0m[38;2;0;0;0m[48;2;0;0;0m▀[0m[38;2;0;0;0m[48;2;0;0;0m▀[0m[38;2;66;71;72m[48;2;0;0;0m▀[0m[38;2;220;225;220m[48;2;0;0;0m▀[0m[38;2;196;196;192m[48;2;227;254;253m▀[0m[38;2;88;92;91m[48;2;203;213;214m▀[0m[38;2;0;0;0m[48;2;22;37;34m▀[0m[38;2;0;0;0m[48;2;0;5;1m▀[0m[38;2;0;9;8m[48;2;0;0;0m▀[0m[38;2;3;1;0m[48;2;3;6;5m▀[0m[38;2;2;0;1m[48;2;0;3;2m▀[0m[38;2;1;1;0m[48;2;2;5;4m▀[0m[38;2;1;0;0m[48;2;0;2;1m▀[0m[38;2;1;0;0m[48;2;0;0;0m▀[0m[38;2;0;0;0m[48;2;0;0;0m▀[0m[38;2;2;0;3m[48;2;0;0;0m▀[0m[38;2;2;1;0m[48;2;0;0;0m▀[0m[38;2;0;4;3m[48;2;3;3;6m▀[0m[38;2;0;0;0m[48;2;0;0;0m▀[0m[38;2;0;0;0m[48;2;0;0;0m▀[0m[38;2;2;6;5m[48;2;11;40;36m▀[0m[38;2;7;20;18m[48;2;3;16;13m▀[0m[38;2;1;0;0m[48;2;1;0;0m▀[0m[38;2;0;2;0m[48;2;1;0;1m▀[0m
[38;2;38;80;72m[48;2;55;127;116m▀[0m[38;2;124;252;227m[48;2;31;61;53m▀[0m[38;2;26;44;40m[48;2;7;13;12m▀[0m[38;2;0;0;0m[48;2;0;0;0m▀[0m[38;2;21;26;25m[48;2;6;3;3m▀[0m[38;2;19;22;21m[48;2;7;15;14m▀[0m[38;2;0;0;0m[48;2;27;30;29m▀[0m[38;2;17;19;19m[48;2;177;190;188m▀[0m[38;2;72;83;82m[48;2;0;0;0m▀[0m[38;2;95;121;121m[48;2;0;0;0m▀[0m[38;2;255;255;255m[48;2;60;90;91m▀[0m[38;2;255;255;255m[48;2;35;51;51m▀[0m[38;2;47;121;115m[48;2;0;0;0m▀[0m[38;2;37;76;71m[48;2;0;0;0m▀[0m[38;2;183;192;191m[48;2;6;6;3m▀[0m[38;2;195;213;214m[48;2;0;0;0m▀[0m[38;2;93;123;121m[48;2;0;0;0m▀[0m[38;2;0;0;0m[48;2;0;0;0m▀[0m[38;2;74;83;81m[48;2;28;41;38m▀[0m[38;2;0;19;10m[48;2;9;12;8m▀[0m[38;2;0;18;10m[48;2;0;0;0m▀[0m[38;2;5;29;23m[48;2;0;0;0m▀[0m[38;2;10;41;34m[48;2;0;0;0m▀[0m[38;2;15;46;39m[48;2;0;1;0m▀[0m[38;2;16;46;39m[48;2;0;4;3m▀[0m[38;2;18;53;49m[48;2;7;18;16m▀[0m[38;2;20;55;49m[48;2;14;40;36m▀[0m[38;2;12;31;27m[48;2;12;32;32m▀[0m[38;2;4;25;24m[48;2;13;41;34m▀[0m[38;2;5;24;21m[48;2;14;38;33m▀[0m[38;2;4;17;19m[48;2;9;31;26m▀[0m[38;2;10;31;27m[48;2;17;40;34m▀[0m[38;2;14;48;43m[48;2;8;36;30m▀[0m[38;2;2;10;8m[48;2;0;4;4m▀[0m[38;2;1;0;0m[48;2;0;0;0m▀[0m[38;2;1;0;0m[48;2;1;0;0m▀[0m
[38;2;85;178;165m[48;2;40;86;78m▀[0m[38;2;129;255;244m[48;2;30;67;62m▀[0m[38;2;44;88;81m[48;2;13;31;26m▀[0m[38;2;0;19;13m[48;2;0;0;0m▀[0m[38;2;6;6;4m[48;2;5;15;13m▀[0m[38;2;11;17;16m[48;2;37;42;41m▀[0m[38;2;189;208;203m[48;2;68;77;78m▀[0m[38;2;37;37;34m[48;2;0;0;0m▀[0m[38;2;0;0;0m[48;2;0;0;0m▀[0m[38;2;0;0;0m[48;2;0;0;0m▀[0m[38;2;0;0;0m[48;2;0;0;0m▀[0m[38;2;0;0;0m[48;2;16;19;16m▀[0m[38;2;0;0;0m[48;2;58;60;60m▀[0m[38;2;0;0;0m[48;2;0;0;0m▀[0m[38;2;0;0;0m[48;2;0;0;0m▀[0m[38;2;0;0;0m[48;2;0;0;0m▀[0m[38;2;0;0;0m[48;2;0;0;0m▀[0m[38;2;0;0;0m[48;2;0;0;0m▀[0m[38;2;0;0;0m[48;2;0;0;0m▀[0m[38;2;8;12;13m[48;2;95;116;113m▀[0m[38;2;0;0;0m[48;2;255;255;255m▀[0m[38;2;0;0;0m[48;2;221;228;228m▀[0m[38;2;0;0;0m[48;2;112;121;124m▀[0m[38;2;0;0;0m[48;2;172;175;176m▀[0m[38;2;0;0;0m[48;2;0;0;0m▀[0m[38;2;0;0;0m[48;2;0;0;0m▀[0m[38;2;0;0;0m[48;2;0;0;0m▀[0m[38;2;0;0;0m[48;2;0;0;0m▀[0m[38;2;0;0;0m[48;2;0;0;0m▀[0m[38;2;0;0;0m[48;2;10;36;29m▀[0m[38;2;5;18;16m[48;2;6;27;23m▀[0m[38;2;4;3;3m[48;2;2;1;1m▀[0m[38;2;12;48;43m[48;2;19;60;54m▀[0m[38;2;4;9;8m[48;2;5;16;10m▀[0m[38;2;3;3;3m[48;2;4;11;12m▀[0m[38;2;2;10;8m[48;2;3;13;11m▀[0m
[38;2;65;150;137m[48;2;121;255;235m▀[0m[38;2;17;39;34m[48;2;48;129;113m▀[0m[38;2;0;0;0m[48;2;0;0;0m▀[0m[38;2;0;0;0m[48;2;0;0;0m▀[0m[38;2;0;0;0m[48;2;0;0;0m▀[0m[38;2;0;0;2m[48;2;215;218;223m▀[0m[38;2;27;35;35m[48;2;191;221;221m▀[0m[38;2;0;0;0m[48;2;0;0;0m▀[0m[38;2;4;11;12m[48;2;0;0;0m▀[0m[38;2;89;112;113m[48;2;218;210;215m▀[0m[38;2;164;172;171m[48;2;176;178;178m▀[0m[38;2;0;0;0m[48;2;0;0;0m▀[0m[38;2;180;198;202m[48;2;67;73;72m▀[0m[38;2;0;0;0m[48;2;0;6;2m▀[0m[38;2;0;0;0m[48;2;0;0;0m▀[0m[38;2;0;0;0m[48;2;0;0;0m▀[0m[38;2;1;0;0m[48;2;1;0;0m▀[0m[38;2;0;0;0m[48;2;0;0;0m▀[0m[38;2;0;0;0m[48;2;0;0;0m▀[0m[38;2;0;11;10m[48;2;0;0;0m▀[0m[38;2;255;255;255m[48;2;54;65;65m▀[0m[38;2;255;255;255m[48;2;255;255;255m▀[0m[38;2;252;255;255m[48;2;240;242;240m▀[0m[38;2;255;255;255m[48;2;255;255;255m▀[0m[38;2;70;78;76m[48;2;38;51;49m▀[0m[38;2;0;0;0m[48;2;0;0;0m▀[0m[38;2;0;3;4m[48;2;10;29;26m▀[0m[38;2;0;0;0m[48;2;13;42;36m▀[0m[38;2;5;21;17m[48;2;14;38;34m▀[0m[38;2;16;50;43m[48;2;0;0;0m▀[0m[38;2;0;0;0m[48;2;0;0;0m▀[0m[38;2;11;34;32m[48;2;21;68;60m▀[0m[38;2;16;45;41m[48;2;8;25;22m▀[0m[38;2;2;3;0m[48;2;4;7;7m▀[0m[38;2;6;12;11m[48;2;11;33;28m▀[0m[38;2;7;24;17m[48;2;8;24;20m▀[0m
[38;2;72;182;163m[48;2;0;0;0m▀[0m[38;2;110;228;210m[48;2;239;255;255m▀[0m[38;2;95;74;83m[48;2;254;232;237m▀[0m[38;2;0;0;0m[48;2;157;144;165m▀[0m[38;2;52;54;75m[48;2;167;177;205m▀[0m[38;2;255;255;255m[48;2;255;247;80m▀[0m[38;2;182;255;255m[48;2;168;164;2m▀[0m[38;2;2;103;105m[48;2;0;81;105m▀[0m[38;2;0;0;0m[48;2;0;0;0m▀[0m[38;2;255;255;255m[48;2;255;255;255m▀[0m[38;2;101;102;98m[48;2;255;255;255m▀[0m[38;2;0;0;0m[48;2;55;68;68m▀[0m[38;2;0;0;0m[48;2;0;0;0m▀[0m[38;2;0;22;17m[48;2;15;104;92m▀[0m[38;2;0;12;11m[48;2;43;128;117m▀[0m[38;2;4;14;13m[48;2;2;15;13m▀[0m[38;2;0;0;0m[48;2;0;0;0m▀[0m[38;2;0;0;0m[48;2;2;0;0m▀[0m[38;2;0;0;0m[48;2;0;0;0m▀[0m[38;2;0;0;0m[48;2;0;0;0m▀[0m[38;2;0;0;0m[48;2;0;0;0m▀[0m[38;2;65;81;78m[48;2;0;0;0m▀[0m[38;2;255;255;255m[48;2;136;159;157m▀[0m[38;2;255;255;255m[48;2;255;255;255m▀[0m[38;2;36;36;34m[48;2;56;71;68m▀[0m[38;2;0;0;0m[48;2;0;0;0m▀[0m[38;2;4;30;23m[48;2;0;15;11m▀[0m[38;2;5;26;23m[48;2;0;10;5m▀[0m[38;2;0;0;0m[48;2;0;0;0m▀[0m[38;2;0;0;0m[48;2;0;0;0m▀[0m[38;2;0;0;0m[48;2;6;11;11m▀[0m[38;2;31;91;81m[48;2;25;72;67m▀[0m[38;2;4;4;2m[48;2;0;0;0m▀[0m[38;2;4;14;12m[48;2;7;23;19m▀[0m[38;2;9;33;26m[48;2;8;25;21m▀[0m[38;2;8;26;21m[48;2;11;28;24m▀[0m
[38;2;13;10;13m[48;2;73;72;70m▀[0m[38;2;165;159;162m[48;2;5;7;5m▀[0m[38;2;0;78;83m[48;2;57;199;204m▀[0m[38;2;4;67;83m[48;2;52;127;78m▀[0m[38;2;145;80;0m[48;2;182;116;4m▀[0m[38;2;190;92;0m[48;2;202;214;246m▀[0m[38;2;255;172;0m[48;2;0;0;0m▀[0m[38;2;0;0;0m[48;2;0;0;0m▀[0m[38;2;0;0;0m[48;2;228;240;255m▀[0m[38;2;126;67;71m[48;2;255;255;255m▀[0m[38;2;254;84;89m[48;2;255;255;255m▀[0m[38;2;204;170;170m[48;2;233;249;247m▀[0m[38;2;82;112;113m[48;2;255;255;255m▀[0m[38;2;64;77;77m[48;2;244;251;252m▀[0m[38;2;0;0;0m[48;2;0;0;0m▀[0m[38;2;0;0;0m[48;2;0;0;0m▀[0m[38;2;0;0;0m[48;2;0;0;0m▀[0m[38;2;0;0;0m[48;2;0;0;0m▀[0m[38;2;0;0;0m[48;2;0;0;0m▀[0m[38;2;0;0;0m[48;2;0;0;0m▀[0m[38;2;0;0;0m[48;2;0;0;0m▀[0m[38;2;7;17;20m[48;2;0;0;0m▀[0m[38;2;20;29;29m[48;2;0;0;0m▀[0m[38;2;192;214;215m[48;2;172;152;153m▀[0m[38;2;37;56;52m[48;2;101;115;114m▀[0m[38;2;0;0;0m[48;2;0;0;0m▀[0m[38;2;0;15;9m[48;2;0;0;0m▀[0m[38;2;1;20;12m[48;2;0;17;9m▀[0m[38;2;0;0;0m[48;2;0;0;0m▀[0m[38;2;0;0;0m[48;2;0;8;6m▀[0m[38;2;12;35;33m[48;2;15;52;44m▀[0m[38;2;17;50;45m[48;2;6;27;24m▀[0m[38;2;0;0;0m[48;2;0;0;0m▀[0m[38;2;8;34;27m[48;2;7;35;29m▀[0m[38;2;10;28;24m[48;2;8;25;21m▀[0m[38;2;15;33;29m[48;2;15;43;36m▀[0m
[38;2;72;59;59m[48;2;0;0;0m▀[0m[38;2;0;0;0m[48;2;0;0;0m▀[0m[38;2;16;126;120m[48;2;65;117;113m▀[0m[38;2;78;118;122m[48;2;166;151;160m▀[0m[38;2;255;255;255m[48;2;81;97;97m▀[0m[38;2;174;202;226m[48;2;191;74;77m▀[0m[38;2;0;0;0m[48;2;255;216;220m▀[0m[38;2;87;125;138m[48;2;255;255;255m▀[0m[38;2;251;223;229m[48;2;255;235;235m▀[0m[38;2;248;255;255m[48;2;255;255;255m▀[0m[38;2;255;255;255m[48;2;127;156;154m▀[0m[38;2;255;255;255m[48;2;255;255;255m▀[0m[38;2;255;255;255m[48;2;255;255;255m▀[0m[38;2;224;235;234m[48;2;254;239;235m▀[0m[38;2;0;0;0m[48;2;24;31;32m▀[0m[38;2;149;159;159m[48;2;166;176;176m▀[0m[38;2;7;22;17m[48;2;16;55;45m▀[0m[38;2;0;0;0m[48;2;0;0;0m▀[0m[38;2;0;0;0m[48;2;0;0;0m▀[0m[38;2;0;0;0m[48;2;0;0;0m▀[0m[38;2;0;0;0m[48;2;0;0;0m▀[0m[38;2;0;0;0m[48;2;50;61;59m▀[0m[38;2;85;93;96m[48;2;91;101;102m▀[0m[38;2;255;255;255m[48;2;255;255;255m▀[0m[38;2;255;255;255m[48;2;255;255;255m▀[0m[38;2;178;183;184m[48;2;255;255;255m▀[0m[38;2;0;0;0m[48;2;162;177;179m▀[0m[38;2;0;0;0m[48;2;0;0;0m▀[0m[38;2;0;0;0m[48;2;0;0;0m▀[0m[38;2;3;32;29m[48;2;0;0;0m▀[0m[38;2;10;41;37m[48;2;0;26;23m▀[0m[38;2;3;18;14m[48;2;0;2;0m▀[0m[38;2;0;0;0m[48;2;0;0;0m▀[0m[38;2;13;47;42m[48;2;19;55;51m▀[0m[38;2;0;0;0m[48;2;0;0;0m▀[0m[38;2;18;53;40m[48;2;19;53;46m▀[0m
[38;2;0;0;0m[48;2;0;0;0m▀[0m[38;2;0;0;0m[48;2;41;54;53m▀[0m[38;2;230;229;229m[48;2;255;255;255m▀[0m[38;2;206;209;211m[48;2;255;255;255m▀[0m[38;2;154;162;165m[48;2;255;255;255m▀[0m[38;2;255;255;255m[48;2;255;255;255m▀[0m[38;2;255;255;255m[48;2;255;255;255m▀[0m[38;2;255;240;246m[48;2;185;232;232m▀[0m[38;2;255;178;177m[48;2;255;185;184m▀[0m[38;2;255;255;255m[48;2;241;112;105m▀[0m[38;2;0;46;45m[48;2;0;0;0m▀[0m[38;2;0;2;1m[48;2;0;0;0m▀[0m[38;2;255;255;255m[48;2;207;225;226m▀[0m[38;2;255;255;255m[48;2;255;255;255m▀[0m[38;2;190;187;189m[48;2;255;250;249m▀[0m[38;2;166;188;185m[48;2;3;69;64m▀[0m[38;2;21;55;46m[48;2;105;108;107m▀[0m[38;2;215;220;221m[48;2;255;255;255m▀[0m[38;2;0;0;0m[48;2;135;146;143m▀[0m[38;2;0;0;0m[48;2;0;0;0m▀[0m[38;2;0;0;0m[48;2;0;0;0m▀[0m[38;2;83;99;99m[48;2;0;0;0m▀[0m[38;2;217;233;229m[48;2;255;255;255m▀[0m[38;2;159;165;161m[48;2;191;198;198m▀[0m[38;2;255;255;255m[48;2;44;57;57m▀[0m[38;2;208;214;213m[48;2;255;255;255m▀[0m[38;2;255;255;255m[48;2;255;247;244m▀[0m[38;2;255;237;233m[48;2;255;254;252m▀[0m[38;2;154;167;165m[48;2;255;255;255m▀[0m[38;2;0;0;0m[48;2;171;166;166m▀[0m[38;2;0;0;0m[48;2;0;0;0m▀[0m[38;2;0;0;0m[48;2;0;0;0m▀[0m[38;2;0;0;0m[48;2;0;0;0m▀[0m[38;2;18;66;57m[48;2;23;76;69m▀[0m[38;2;0;0;0m[48;2;0;0;0m▀[0m[38;2;19;55;46m[48;2;16;53;45m▀[0m
[38;2;0;0;0m[48;2;0;0;0m▀[0m[38;2;37;47;48m[48;2;219;227;231m▀[0m[38;2;184;203;197m[48;2;255;255;255m▀[0m[38;2;255;255;255m[48;2;255;255;255m▀[0m[38;2;255;255;255m[48;2;255;255;255m▀[0m[38;2;255;255;255m[48;2;140;143;143m▀[0m[38;2;255;255;255m[48;2;0;3;0m▀[0m[38;2;157;204;197m[48;2;0;0;0m▀[0m[38;2;93;104;103m[48;2;0;0;0m▀[0m[38;2;0;0;0m[48;2;0;0;0m▀[0m[38;2;0;0;0m[48;2;0;0;0m▀[0m[38;2;2;7;8m[48;2;13;16;16m▀[0m[38;2;140;169;167m[48;2;255;255;255m▀[0m[38;2;255;254;252m[48;2;255;255;255m▀[0m[38;2;255;249;248m[48;2;255;255;255m▀[0m[38;2;113;149;149m[48;2;255;255;255m▀[0m[38;2;142;146;142m[48;2;211;216;217m▀[0m[38;2;255;255;255m[48;2;96;124;118m▀[0m[38;2;108;118;115m[48;2;255;255;255m▀[0m[38;2;20;24;25m[48;2;66;74;74m▀[0m[38;2;122;122;120m[48;2;179;181;181m▀[0m[38;2;87;120;112m[48;2;255;255;255m▀[0m[38;2;149;160;157m[48;2;0;0;0m▀[0m[38;2;12;7;10m[48;2;0;0;0m▀[0m[38;2;0;0;0m[48;2;14;28;28m▀[0m[38;2;141;178;177m[48;2;3;0;1m▀[0m[38;2;255;156;154m[48;2;149;164;167m▀[0m[38;2;255;251;250m[48;2;255;255;255m▀[0m[38;2;255;255;255m[48;2;255;255;255m▀[0m[38;2;255;255;255m[48;2;255;255;255m▀[0m[38;2;255;147;146m[48;2;255;255;255m▀[0m[38;2;112;139;142m[48;2;255;255;255m▀[0m[38;2;0;0;0m[48;2;253;255;255m▀[0m[38;2;0;31;23m[48;2;4;45;38m▀[0m[38;2;0;0;0m[48;2;0;0;0m▀[0m[38;2;20;59;49m[48;2;25;81;65m▀[0m
[38;2;0;0;0m[48;2;0;0;0m▀[0m[38;2;79;94;98m[48;2;0;0;0m▀[0m[38;2;75;75;76m[48;2;0;0;0m▀[0m[38;2;0;3;3m[48;2;0;0;0m▀[0m[38;2;30;39;38m[48;2;0;0;0m▀[0m[38;2;0;0;0m[48;2;0;5;1m▀[0m[38;2;0;0;0m[48;2;14;70;61m▀[0m[38;2;0;0;0m[48;2;65;155;140m▀[0m[38;2;0;0;0m[48;2;0;0;0m▀[0m[38;2;0;0;0m[48;2;0;0;0m▀[0m[38;2;41;43;44m[48;2;255;255;255m▀[0m[38;2;146;154;154m[48;2;255;255;255m▀[0m[38;2;255;255;255m[48;2;244;252;250m▀[0m[38;2;255;255;255m[48;2;255;255;255m▀[0m[38;2;245;250;251m[48;2;247;253;252m▀[0m[38;2;255;255;255m[48;2;255;255;255m▀[0m[38;2;255;255;255m[48;2;255;255;255m▀[0m[38;2;179;127;126m[48;2;255;197;198m▀[0m[38;2;255;255;255m[48;2;192;194;192m▀[0m[38;2;51;61;65m[48;2;64;74;74m▀[0m[38;2;255;255;255m[48;2;255;255;255m▀[0m[38;2;255;255;255m[48;2;255;255;255m▀[0m[38;2;0;5;0m[48;2;20;54;46m▀[0m[38;2;33;36;36m[48;2;0;0;0m▀[0m[38;2;128;176;163m[48;2;54;107;97m▀[0m[38;2;0;0;0m[48;2;12;81;64m▀[0m[38;2;0;0;0m[48;2;0;0;0m▀[0m[38;2;64;69;70m[48;2;0;0;0m▀[0m[38;2;108;126;124m[48;2;0;0;0m▀[0m[38;2;234;243;244m[48;2;0;0;0m▀[0m[38;2;255;255;255m[48;2;255;255;255m▀[0m[38;2;255;255;255m[48;2;255;255;255m▀[0m[38;2;255;255;255m[48;2;232;232;235m▀[0m[38;2;255;255;255m[48;2;255;255;255m▀[0m[38;2;0;4;0m[48;2;70;78;77m▀[0m[38;2;9;79;63m[48;2;0;66;50m▀[0m
[38;2;0;0;0m[48;2;3;8;7m▀[0m[38;2;1;24;23m[48;2;31;92;89m▀[0m[38;2;0;0;0m[48;2;0;0;0m▀[0m[38;2;0;0;0m[48;2;0;0;0m▀[0m[38;2;0;0;0m[48;2;198;201;202m▀[0m[38;2;42;138;127m[48;2;255;255;255m▀[0m[38;2;135;255;255m[48;2;205;220;222m▀[0m[38;2;57;162;148m[48;2;177;196;195m▀[0m[38;2;0;0;0m[48;2;77;81;86m▀[0m[38;2;0;0;0m[48;2;0;0;0m▀[0m[38;2;255;255;255m[48;2;79;87;85m▀[0m[38;2;255;255;255m[48;2;213;216;219m▀[0m[38;2;161;170;169m[48;2;16;25;24m▀[0m[38;2;255;255;255m[48;2;255;255;255m▀[0m[38;2;238;244;239m[48;2;227;235;234m▀[0m[38;2;233;243;242m[48;2;233;236;235m▀[0m[38;2;255;255;255m[48;2;211;228;226m▀[0m[38;2;255;255;255m[48;2;209;232;230m▀[0m[38;2;182;199;197m[48;2;246;252;251m▀[0m[38;2;0;0;0m[48;2;0;0;0m▀[0m[38;2;255;255;255m[48;2;255;255;255m▀[0m[38;2;241;255;255m[48;2;255;255;255m▀[0m[38;2;0;8;3m[48;2;0;0;0m▀[0m[38;2;0;0;0m[48;2;0;1;1m▀[0m[38;2;10;28;29m[48;2;13;19;18m▀[0m[38;2;0;2;0m[48;2;0;0;0m▀[0m[38;2;0;0;0m[48;2;4;28;23m▀[0m[38;2;16;90;73m[48;2;61;116;104m▀[0m[38;2;57;99;95m[48;2;14;3;8m▀[0m[38;2;0;0;0m[48;2;0;0;0m▀[0m[38;2;46;50;47m[48;2;0;0;0m▀[0m[38;2;98;102;102m[48;2;0;0;0m▀[0m[38;2;0;0;0m[48;2;0;0;0m▀[0m[38;2;2;1;2m[48;2;0;14;6m▀[0m[38;2;0;0;0m[48;2;0;33;27m▀[0m[38;2;33;103;85m[48;2;37;104;85m▀[0m
