[38;2;97;158;174m[48;2;111;155;164m▀[0m[38;2;70;124;132m[48;2;61;66;65m▀[0m[38;2;54;90;96m[48;2;93;151;161m▀[0m[38;2;118;181;196m[48;2;111;182;195m▀[0m[38;2;101;171;187m[48;2;63;106;113m▀[0m[38;2;65;140;162m[48;2;209;207;204m▀[0m[38;2;76;125;134m[48;2;252;239;236m▀[0m[38;2;149;147;144m[48;2;69;62;61m▀[0m[38;2;248;247;245m[48;2;113;112;112m▀[0m[38;2;255;254;254m[48;2;255;255;255m▀[0m[38;2;229;228;228m[48;2;255;255;255m▀[0m[38;2;189;186;188m[48;2;255;255;255m▀[0m[38;2;79;84;83m[48;2;255;255;255m▀[0m[38;2;0;0;0m[48;2;255;255;255m▀[0m[38;2;0;0;0m[48;2;47;44;47m▀[0m[38;2;0;0;0m[48;2;0;0;0m▀[0m[38;2;0;9;7m[48;2;0;0;0m▀[0m[38;2;1;67;63m[48;2;0;11;13m▀[0m[38;2;7;50;46m[48;2;0;80;82m▀[0m[38;2;6;27;26m[48;2;12;97;95m▀[0m[38;2;0;0;0m[48;2;5;33;30m▀[0m[38;2;0;0;0m[48;2;0;0;0m▀[0m[38;2;0;0;0m[48;2;0;0;0m▀[0m[38;2;24;9;7m[48;2;165;144;137m▀[0m[38;2;79;53;45m[48;2;108;75;65m▀[0m[38;2;90;198;238m[48;2;53;140;169m▀[0m[38;2;93;175;199m[48;2;87;165;194m▀[0m[38;2;105;193;222m[48;2;128;236;255m▀[0m[38;2;136;240;255m[48;2;16;28;33m▀[0m[38;2;101;181;209m[48;2;76;147;169m▀[0m[38;2;124;223;255m[48;2;133;236;255m▀[0m[38;2;133;236;255m[48;2;137;254;255m▀[0m[38;2;177;255;255m[48;2;52;107;126m▀[0m[38;2;11;23;28m[48;2;0;0;0m▀[0m[38;2;37;64;72m[48;2;34;67;76m▀[0m[38;2;124;220;254m[48;2;59;103;120m▀[0m
[38;2;73;87;89m[48;2;146;129;123m▀[0m[38;2;216;204;200m[48;2;175;191;197m▀[0m[38;2;101;173;186m[48;2;88;174;191m▀[0m[38;2;74;139;152m[48;2;96;142;151m▀[0m[38;2;112;93;92m[48;2;121;107;103m▀[0m[38;2;138;124;124m[48;2;0;0;0m▀[0m[38;2;144;147;144m[48;2;20;19;19m▀[0m[38;2;243;243;243m[48;2;164;167;167m▀[0m[38;2;255;255;255m[48;2;188;190;190m▀[0m[38;2;224;224;222m[48;2;140;144;144m▀[0m[38;2;255;255;255m[48;2;237;240;240m▀[0m[38;2;199;203;205m[48;2;201;204;204m▀[0m[38;2;246;245;245m[48;2;214;216;218m▀[0m[38;2;255;255;255m[48;2;203;205;205m▀[0m[38;2;255;255;255m[48;2;255;255;255m▀[0m[38;2;23;22;22m[48;2;254;253;253m▀[0m[38;2;0;0;0m[48;2;0;0;0m▀[0m[38;2;0;0;0m[48;2;0;0;0m▀[0m[38;2;0;18;19m[48;2;0;25;25m▀[0m[38;2;0;45;45m[48;2;6;52;52m▀[0m[38;2;8;116;116m[48;2;0;10;12m▀[0m[38;2;1;50;46m[48;2;0;75;78m▀[0m[38;2;0;0;0m[48;2;0;18;9m▀[0m[38;2;220;248;255m[48;2;216;255;255m▀[0m[38;2;42;29;21m[48;2;59;116;128m▀[0m[38;2;19;66;80m[48;2;101;204;239m▀[0m[38;2;144;255;255m[48;2;135;244;255m▀[0m[38;2;80;146;171m[48;2;96;170;196m▀[0m[38;2;22;42;46m[48;2;117;216;245m▀[0m[38;2;130;235;255m[48;2;125;221;255m▀[0m[38;2;121;230;255m[48;2;106;226;255m▀[0m[38;2;132;197;220m[48;2;223;255;255m▀[0m[38;2;0;0;0m[48;2;50;12;0m▀[0m[38;2;0;0;0m[48;2;0;0;0m▀[0m[38;2;0;0;0m[48;2;0;0;0m▀[0m[38;2;0;0;0m[48;2;0;2;2m▀[0m
[38;2;255;255;255m[48;2;252;245;244m▀[0m[38;2;75;144;159m[48;2;94;147;161m▀[0m[38;2;30;108;123m[48;2;44;54;52m▀[0m[38;2;102;120;125m[48;2;111;107;106m▀[0m[38;2;91;79;76m[48;2;44;39;38m▀[0m[38;2;67;62;62m[48;2;121;124;124m▀[0m[38;2;184;186;186m[48;2;210;214;216m▀[0m[38;2;186;190;190m[48;2;255;255;255m▀[0m[38;2;43;44;41m[48;2;217;217;215m▀[0m[38;2;35;35;35m[48;2;241;240;240m▀[0m[38;2;119;122;122m[48;2;209;214;211m▀[0m[38;2;255;255;255m[48;2;232;231;231m▀[0m[38;2;161;163;163m[48;2;199;202;202m▀[0m[38;2;77;79;79m[48;2;113;115;115m▀[0m[38;2;111;114;113m[48;2;155;157;159m▀[0m[38;2;255;255;255m[48;2;255;255;255m▀[0m[38;2;77;74;74m[48;2;214;213;213m▀[0m[38;2;0;0;0m[48;2;0;0;0m▀[0m[38;2;0;0;0m[48;2;0;0;0m▀[0m[38;2;0;13;13m[48;2;0;0;0m▀[0m[38;2;1;19;16m[48;2;0;0;0m▀[0m[38;2;0;0;0m[48;2;0;0;0m▀[0m[38;2;0;0;0m[48;2;0;0;0m▀[0m[38;2;244;255;255m[48;2;193;255;255m▀[0m[38;2;92;135;146m[48;2;99;136;146m▀[0m[38;2;114;226;255m[48;2;106;219;255m▀[0m[38;2;125;222;255m[48;2;122;217;254m▀[0m[38;2;96;175;200m[48;2;97;184;207m▀[0m[38;2;113;204;235m[48;2;119;212;243m▀[0m[38;2;120;216;251m[48;2;121;216;247m▀[0m[38;2;119;235;255m[48;2;152;255;255m▀[0m[38;2;190;255;255m[48;2;117;195;224m▀[0m[38;2;3;0;0m[48;2;0;0;0m▀[0m[38;2;0;0;0m[48;2;0;0;0m▀[0m[38;2;0;0;0m[48;2;0;11;6m▀[0m[38;2;0;0;0m[48;2;1;19;15m▀[0m
[38;2;255;255;255m[48;2;201;173;166m▀[0m[38;2;255;255;255m[48;2;33;58;62m▀[0m[38;2;100;139;148m[48;2;85;167;184m▀[0m[38;2;195;188;187m[48;2;175;172;166m▀[0m[38;2;0;0;0m[48;2;0;0;0m▀[0m[38;2;0;3;4m[48;2;0;0;0m▀[0m[38;2;159;163;165m[48;2;255;255;255m▀[0m[38;2;255;255;255m[48;2;255;255;255m▀[0m[38;2;255;255;255m[48;2;200;200;198m▀[0m[38;2;255;255;255m[48;2;221;223;223m▀[0m[38;2;174;177;177m[48;2;172;175;175m▀[0m[38;2;214;213;213m[48;2;242;244;246m▀[0m[38;2;255;255;255m[48;2;255;255;255m▀[0m[38;2;191;194;193m[48;2;33;36;35m▀[0m[38;2;115;118;119m[48;2;75;74;74m▀[0m[38;2;245;245;247m[48;2;255;255;255m▀[0m[38;2;255;255;255m[48;2;255;255;255m▀[0m[38;2;0;0;0m[48;2;103;105;105m▀[0m[38;2;0;0;0m[48;2;0;0;0m▀[0m[38;2;0;0;0m[48;2;0;0;0m▀[0m[38;2;0;0;0m[48;2;0;0;0m▀[0m[38;2;0;0;0m[48;2;0;0;0m▀[0m[38;2;0;0;0m[48;2;0;0;0m▀[0m[38;2;111;164;177m[48;2;20;35;38m▀[0m[38;2;137;180;193m[48;2;72;105;115m▀[0m[38;2;108;220;255m[48;2;138;255;255m▀[0m[38;2;126;222;255m[48;2;141;252;255m▀[0m[38;2;107;208;237m[48;2;119;212;246m▀[0m[38;2;121;220;251m[48;2;149;255;255m▀[0m[38;2;138;249;255m[48;2;146;255;255m▀[0m[38;2;127;238;255m[48;2;51;97;107m▀[0m[38;2;0;0;0m[48;2;0;0;0m▀[0m[38;2;0;0;0m[48;2;0;28;27m▀[0m[38;2;0;0;0m[48;2;0;12;10m▀[0m[38;2;0;0;0m[48;2;0;0;0m▀[0m[38;2;1;10;10m[48;2;0;0;0m▀[0m
[38;2;0;0;0m[48;2;109;177;187m▀[0m[38;2;45;101;114m[48;2;97;164;175m▀[0m[38;2;100;153;161m[48;2;69;110;122m▀[0m[38;2;104;95;92m[48;2;21;7;4m▀[0m[38;2;0;0;0m[48;2;0;0;0m▀[0m[38;2;35;35;35m[48;2;0;0;0m▀[0m[38;2;255;255;255m[48;2;253;255;255m▀[0m[38;2;150;152;154m[48;2;255;255;255m▀[0m[38;2;216;215;215m[48;2;218;221;218m▀[0m[38;2;216;218;218m[48;2;195;198;195m▀[0m[38;2;142;142;142m[48;2;229;228;228m▀[0m[38;2;211;213;213m[48;2;187;189;189m▀[0m[38;2;174;178;175m[48;2;152;154;154m▀[0m[38;2;117;119;119m[48;2;175;179;179m▀[0m[38;2;222;225;224m[48;2;217;220;222m▀[0m[38;2;226;228;228m[48;2;255;255;255m▀[0m[38;2;255;255;255m[48;2;255;255;255m▀[0m[38;2;200;200;200m[48;2;97;101;101m▀[0m[38;2;0;0;0m[48;2;0;0;0m▀[0m[38;2;0;0;0m[48;2;0;0;0m▀[0m[38;2;0;0;0m[48;2;0;0;0m▀[0m[38;2;0;0;0m[48;2;0;0;0m▀[0m[38;2;0;0;0m[48;2;0;0;0m▀[0m[38;2;0;8;11m[48;2;0;0;0m▀[0m[38;2;0;1;2m[48;2;0;0;0m▀[0m[38;2;89;171;199m[48;2;9;21;26m▀[0m[38;2;138;243;255m[48;2;35;61;74m▀[0m[38;2;81;148;172m[48;2;10;30;36m▀[0m[38;2;100;178;204m[48;2;0;6;6m▀[0m[38;2;91;167;188m[48;2;0;5;7m▀[0m[38;2;5;26;29m[48;2;0;0;0m▀[0m[38;2;0;0;0m[48;2;0;0;0m▀[0m[38;2;0;0;0m[48;2;1;12;11m▀[0m[38;2;10;71;66m[48;2;4;0;0m▀[0m[38;2;5;84;83m[48;2;0;55;57m▀[0m[38;2;3;21;23m[48;2;17;124;124m▀[0m
[38;2;115;174;186m[48;2;132;199;214m▀[0m[38;2;121;201;216m[48;2;106;184;198m▀[0m[38;2;66;96;102m[48;2;0;0;0m▀[0m[38;2;24;14;9m[48;2;103;99;97m▀[0m[38;2;0;0;0m[48;2;0;0;0m▀[0m[38;2;0;0;0m[48;2;0;0;0m▀[0m[38;2;0;0;0m[48;2;198;200;200m▀[0m[38;2;220;219;219m[48;2;255;255;255m▀[0m[38;2;245;245;245m[48;2;255;255;255m▀[0m[38;2;255;255;255m[48;2;255;255;255m▀[0m[38;2;255;255;255m[48;2;255;255;255m▀[0m[38;2;255;255;255m[48;2;255;255;255m▀[0m[38;2;255;255;255m[48;2;255;255;255m▀[0m[38;2;218;220;220m[48;2;255;255;255m▀[0m[38;2;125;127;127m[48;2;255;255;255m▀[0m[38;2;224;227;224m[48;2;217;220;217m▀[0m[38;2;186;190;190m[48;2;67;72;69m▀[0m[38;2;155;158;158m[48;2;239;241;241m▀[0m[38;2;73;73;73m[48;2;60;59;59m▀[0m[38;2;0;0;0m[48;2;0;0;0m▀[0m[38;2;0;0;0m[48;2;0;0;0m▀[0m[38;2;0;0;0m[48;2;0;0;0m▀[0m[38;2;0;0;0m[48;2;0;0;0m▀[0m[38;2;0;0;0m[48;2;0;0;0m▀[0m[38;2;1;9;8m[48;2;19;45;48m▀[0m[38;2;0;0;0m[48;2;0;0;0m▀[0m[38;2;75;172;199m[48;2;16;66;74m▀[0m[38;2;58;131;151m[48;2;0;0;0m▀[0m[38;2;0;0;0m[48;2;0;0;0m▀[0m[38;2;33;49;56m[48;2;103;103;101m▀[0m[38;2;0;0;0m[48;2;0;0;0m▀[0m[38;2;0;0;0m[48;2;0;0;0m▀[0m[38;2;0;0;0m[48;2;0;0;0m▀[0m[38;2;3;26;24m[48;2;0;0;0m▀[0m[38;2;4;14;11m[48;2;2;18;16m▀[0m[38;2;5;13;14m[48;2;1;46;44m▀[0m
[38;2;55;126;142m[48;2;28;21;20m▀[0m[38;2;0;0;0m[48;2;172;163;158m▀[0m[38;2;0;0;0m[48;2;255;255;255m▀[0m[38;2;112;110;106m[48;2;255;255;255m▀[0m[38;2;243;245;243m[48;2;255;255;255m▀[0m[38;2;255;255;255m[48;2;255;255;255m▀[0m[38;2;255;255;255m[48;2;255;255;255m▀[0m[38;2;237;240;240m[48;2;255;255;255m▀[0m[38;2;243;246;246m[48;2;255;255;255m▀[0m[38;2;255;255;255m[48;2;255;255;255m▀[0m[38;2;255;255;255m[48;2;255;255;255m▀[0m[38;2;255;255;255m[48;2;255;255;255m▀[0m[38;2;255;255;255m[48;2;255;255;255m▀[0m[38;2;221;220;220m[48;2;246;246;247m▀[0m[38;2;255;255;255m[48;2;255;255;255m▀[0m[38;2;255;255;255m[48;2;255;255;255m▀[0m[38;2;254;254;252m[48;2;255;255;255m▀[0m[38;2;39;41;41m[48;2;183;186;186m▀[0m[38;2;0;0;0m[48;2;0;0;0m▀[0m[38;2;0;0;0m[48;2;0;0;0m▀[0m[38;2;0;0;0m[48;2;0;0;0m▀[0m[38;2;0;0;0m[48;2;0;0;0m▀[0m[38;2;0;0;0m[48;2;0;0;0m▀[0m[38;2;0;0;0m[48;2;0;0;0m▀[0m[38;2;0;0;0m[48;2;119;130;129m▀[0m[38;2;2;16;20m[48;2;11;43;47m▀[0m[38;2;0;0;0m[48;2;0;0;0m▀[0m[38;2;0;0;0m[48;2;0;0;0m▀[0m[38;2;9;1;0m[48;2;0;0;0m▀[0m[38;2;90;85;84m[48;2;227;217;214m▀[0m[38;2;0;0;0m[48;2;180;188;187m▀[0m[38;2;0;0;0m[48;2;142;155;157m▀[0m[38;2;0;0;0m[48;2;60;62;62m▀[0m[38;2;0;0;0m[48;2;0;0;0m▀[0m[38;2;0;0;0m[48;2;0;0;0m▀[0m[38;2;0;10;9m[48;2;0;4;1m▀[0m
[38;2;255;255;255m[48;2;255;255;255m▀[0m[38;2;255;255;255m[48;2;255;255;255m▀[0m[38;2;255;255;255m[48;2;255;255;255m▀[0m[38;2;255;255;255m[48;2;255;255;255m▀[0m[38;2;227;230;229m[48;2;255;255;255m▀[0m[38;2;255;255;255m[48;2;255;255;255m▀[0m[38;2;255;255;255m[48;2;255;255;255m▀[0m[38;2;255;255;255m[48;2;235;237;237m▀[0m[38;2;255;255;255m[48;2;37;38;35m▀[0m[38;2;255;255;255m[48;2;0;0;0m▀[0m[38;2;253;250;253m[48;2;187;190;186m▀[0m[38;2;255;255;255m[48;2;248;248;248m▀[0m[38;2;255;255;255m[48;2;255;255;255m▀[0m[38;2;255;255;255m[48;2;252;252;252m▀[0m[38;2;255;255;255m[48;2;253;253;253m▀[0m[38;2;255;255;255m[48;2;255;255;255m▀[0m[38;2;255;255;255m[48;2;255;255;255m▀[0m[38;2;255;255;255m[48;2;202;207;207m▀[0m[38;2;255;255;255m[48;2;255;255;255m▀[0m[38;2;180;182;182m[48;2;255;255;255m▀[0m[38;2;0;0;0m[48;2;206;210;207m▀[0m[38;2;0;0;0m[48;2;0;0;0m▀[0m[38;2;0;0;0m[48;2;0;20;25m▀[0m[38;2;174;177;177m[48;2;75;97;100m▀[0m[38;2;255;255;255m[48;2;0;0;0m▀[0m[38;2;0;11;15m[48;2;0;0;0m▀[0m[38;2;0;14;15m[48;2;0;0;0m▀[0m[38;2;0;0;0m[48;2;0;0;0m▀[0m[38;2;0;0;0m[48;2;0;0;0m▀[0m[38;2;113;178;197m[48;2;100;228;255m▀[0m[38;2;100;136;145m[48;2;39;114;137m▀[0m[38;2;44;87;99m[48;2;0;0;0m▀[0m[38;2;41;40;40m[48;2;255;255;255m▀[0m[38;2;0;0;0m[48;2;255;255;255m▀[0m[38;2;0;0;0m[48;2;11;8;8m▀[0m[38;2;0;0;0m[48;2;0;0;0m▀[0m
[38;2;255;255;255m[48;2;255;255;255m▀[0m[38;2;255;255;255m[48;2;214;211;213m▀[0m[38;2;255;255;255m[48;2;123;125;125m▀[0m[38;2;255;255;255m[48;2;52;56;58m▀[0m[38;2;255;255;255m[48;2;24;33;34m▀[0m[38;2;188;187;187m[48;2;0;0;0m▀[0m[38;2;10;15;14m[48;2;120;122;122m▀[0m[38;2;0;0;0m[48;2;121;120;120m▀[0m[38;2;0;0;0m[48;2;0;0;0m▀[0m[38;2;255;255;255m[48;2;255;255;255m▀[0m[38;2;255;255;255m[48;2;255;255;255m▀[0m[38;2;255;255;255m[48;2;255;255;255m▀[0m[38;2;255;255;255m[48;2;255;255;255m▀[0m[38;2;253;253;253m[48;2;255;255;255m▀[0m[38;2;253;253;253m[48;2;255;255;255m▀[0m[38;2;255;255;255m[48;2;255;255;255m▀[0m[38;2;255;255;255m[48;2;255;255;255m▀[0m[38;2;255;255;255m[48;2;255;255;255m▀[0m[38;2;255;255;255m[48;2;238;238;236m▀[0m[38;2;255;255;255m[48;2;173;175;175m▀[0m[38;2;168;170;170m[48;2;173;176;176m▀[0m[38;2;72;74;74m[48;2;255;255;255m▀[0m[38;2;177;184;184m[48;2;255;255;255m▀[0m[38;2;166;163;163m[48;2;255;255;255m▀[0m[38;2;0;0;0m[48;2;255;255;255m▀[0m[38;2;0;0;0m[48;2;240;223;216m▀[0m[38;2;0;0;0m[48;2;255;255;255m▀[0m[38;2;0;0;0m[48;2;255;255;255m▀[0m[38;2;0;0;0m[48;2;61;58;52m▀[0m[38;2;0;31;44m[48;2;0;0;0m▀[0m[38;2;155;255;255m[48;2;0;0;0m▀[0m[38;2;41;145;180m[48;2;0;7;29m▀[0m[38;2;223;227;229m[48;2;0;32;66m▀[0m[38;2;255;255;255m[48;2;190;180;175m▀[0m[38;2;255;255;255m[48;2;255;255;255m▀[0m[38;2;0;0;0m[48;2;223;222;223m▀[0m
[38;2;0;0;0m[48;2;0;0;0m▀[0m[38;2;0;0;0m[48;2;0;0;0m▀[0m[38;2;0;0;0m[48;2;0;0;0m▀[0m[38;2;0;0;0m[48;2;0;0;0m▀[0m[38;2;186;191;191m[48;2;255;255;255m▀[0m[38;2;0;0;0m[48;2;182;184;184m▀[0m[38;2;235;236;233m[48;2;235;234;234m▀[0m[38;2;0;0;0m[48;2;132;134;134m▀[0m[38;2;183;180;180m[48;2;255;255;255m▀[0m[38;2;255;255;255m[48;2;230;233;233m▀[0m[38;2;255;255;255m[48;2;255;255;255m▀[0m[38;2;255;255;255m[48;2;254;254;255m▀[0m[38;2;255;255;255m[48;2;255;255;255m▀[0m[38;2;254;250;252m[48;2;232;229;231m▀[0m[38;2;232;235;232m[48;2;239;239;239m▀[0m[38;2;255;255;255m[48;2;255;255;255m▀[0m[38;2;238;238;238m[48;2;216;219;219m▀[0m[38;2;174;175;172m[48;2;198;197;197m▀[0m[38;2;79;84;79m[48;2;252;252;252m▀[0m[38;2;198;201;201m[48;2;255;255;255m▀[0m[38;2;255;255;255m[48;2;255;255;255m▀[0m[38;2;255;255;255m[48;2;255;255;255m▀[0m[38;2;255;255;255m[48;2;255;255;255m▀[0m[38;2;255;255;255m[48;2;255;255;255m▀[0m[38;2;255;255;255m[48;2;255;255;255m▀[0m[38;2;255;255;255m[48;2;255;255;255m▀[0m[38;2;255;255;255m[48;2;255;240;238m▀[0m[38;2;255;255;255m[48;2;255;224;222m▀[0m[38;2;255;255;255m[48;2;255;203;196m▀[0m[38;2;255;255;255m[48;2;255;255;255m▀[0m[38;2;255;255;255m[48;2;255;255;255m▀[0m[38;2;184;165;158m[48;2;255;255;255m▀[0m[38;2;0;0;0m[48;2;183;179;181m▀[0m[38;2;35;40;40m[48;2;0;0;0m▀[0m[38;2;255;255;255m[48;2;255;255;255m▀[0m[38;2;255;255;255m[48;2;255;255;255m▀[0m
[38;2;11;142;138m[48;2;31;243;242m▀[0m[38;2;0;54;52m[48;2;4;104;99m▀[0m[38;2;0;0;0m[48;2;0;0;0m▀[0m[38;2;59;57;54m[48;2;72;62;62m▀[0m[38;2;255;255;255m[48;2;252;252;253m▀[0m[38;2;132;134;134m[48;2;51;53;53m▀[0m[38;2;94;93;93m[48;2;174;174;174m▀[0m[38;2;188;190;190m[48;2;241;241;241m▀[0m[38;2;255;255;255m[48;2;255;255;255m▀[0m[38;2;243;243;243m[48;2;255;255;255m▀[0m[38;2;255;255;255m[48;2;255;255;255m▀[0m[38;2;221;224;225m[48;2;226;226;226m▀[0m[38;2;255;255;255m[48;2;242;242;242m▀[0m[38;2;211;214;213m[48;2;255;255;255m▀[0m[38;2;249;249;246m[48;2;255;255;255m▀[0m[38;2;255;255;255m[48;2;255;255;255m▀[0m[38;2;255;255;255m[48;2;232;234;234m▀[0m[38;2;252;250;253m[48;2;168;171;171m▀[0m[38;2;255;255;255m[48;2;255;255;255m▀[0m[38;2;255;255;255m[48;2;255;255;255m▀[0m[38;2;255;255;255m[48;2;253;253;253m▀[0m[38;2;253;253;253m[48;2;253;253;253m▀[0m[38;2;253;253;255m[48;2;252;252;252m▀[0m[38;2;255;255;255m[48;2;255;255;255m▀[0m[38;2;255;255;255m[48;2;231;233;233m▀[0m[38;2;255;255;255m[48;2;232;236;238m▀[0m[38;2;252;184;174m[48;2;255;255;255m▀[0m[38;2;253;218;217m[48;2;255;255;255m▀[0m[38;2;255;255;255m[48;2;255;255;255m▀[0m[38;2;255;255;255m[48;2;255;255;255m▀[0m[38;2;255;255;255m[48;2;233;233;233m▀[0m[38;2;194;197;194m[48;2;153;155;157m▀[0m[38;2;255;255;255m[48;2;255;255;255m▀[0m[38;2;236;236;234m[48;2;255;255;255m▀[0m[38;2;229;208;202m[48;2;255;252;252m▀[0m[38;2;85;74;74m[48;2;209;218;218m▀[0m
[38;2;29;182;183m[48;2;19;151;149m▀[0m[38;2;0;54;49m[48;2;0;4;3m▀[0m[38;2;0;0;0m[48;2;0;0;0m▀[0m[38;2;157;148;148m[48;2;158;155;155m▀[0m[38;2;211;214;211m[48;2;65;65;65m▀[0m[38;2;0;0;0m[48;2;46;49;51m▀[0m[38;2;140;142;140m[48;2;75;77;77m▀[0m[38;2;246;248;248m[48;2;207;202;202m▀[0m[38;2;255;255;255m[48;2;255;255;255m▀[0m[38;2;255;255;255m[48;2;255;255;255m▀[0m[38;2;255;255;255m[48;2;213;216;216m▀[0m[38;2;241;241;244m[48;2;255;255;255m▀[0m[38;2;193;196;193m[48;2;150;150;147m▀[0m[38;2;255;255;255m[48;2;224;224;224m▀[0m[38;2;255;255;255m[48;2;255;255;255m▀[0m[38;2;255;255;255m[48;2;236;243;243m▀[0m[38;2;128;132;129m[48;2;103;107;104m▀[0m[38;2;191;193;193m[48;2;255;255;255m▀[0m[38;2;255;255;255m[48;2;255;255;255m▀[0m[38;2;253;253;253m[48;2;255;255;255m▀[0m[38;2;251;253;253m[48;2;253;253;253m▀[0m[38;2;253;253;253m[48;2;253;253;253m▀[0m[38;2;253;253;253m[48;2;253;253;253m▀[0m[38;2;255;255;255m[48;2;255;255;255m▀[0m[38;2;169;170;167m[48;2;238;238;238m▀[0m[38;2;247;247;247m[48;2;255;255;255m▀[0m[38;2;255;255;255m[48;2;255;255;255m▀[0m[38;2;253;255;255m[48;2;255;255;255m▀[0m[38;2;255;255;255m[48;2;255;255;255m▀[0m[38;2;255;255;255m[48;2;183;182;182m▀[0m[38;2;200;200;200m[48;2;177;180;180m▀[0m[38;2;255;255;255m[48;2;255;255;255m▀[0m[38;2;255;255;255m[48;2;243;246;246m▀[0m[38;2;255;255;255m[48;2;232;235;232m▀[0m[38;2;72;74;72m[48;2;0;0;0m▀[0m[38;2;0;0;0m[48;2;0;0;0m▀[0m
