[38;2;168;198;181m[48;2;131;179;153m▀[0m[38;2;172;204;185m[48;2;137;181;158m▀[0m[38;2;206;223;211m[48;2;187;211;198m▀[0m[38;2;255;255;255m[48;2;212;212;213m▀[0m[38;2;169;205;184m[48;2;96;140;117m▀[0m[38;2;239;248;244m[48;2;189;220;206m▀[0m[38;2;221;226;227m[48;2;238;230;234m▀[0m[38;2;255;255;255m[48;2;255;255;255m▀[0m[38;2;253;255;255m[48;2;241;252;249m▀[0m[38;2;24;72;42m[48;2;143;189;163m▀[0m[38;2;108;151;128m[48;2;225;242;232m▀[0m[38;2;87;89;87m[48;2;23;22;23m▀[0m[38;2;0;0;0m[48;2;0;0;0m▀[0m[38;2;0;0;0m[48;2;0;0;0m▀[0m[38;2;43;68;57m[48;2;80;98;89m▀[0m[38;2;18;37;26m[48;2;9;1;2m▀[0m[38;2;3;20;13m[48;2;98;123;112m▀[0m[38;2;123;175;146m[48;2;161;201;185m▀[0m[38;2;81;118;98m[48;2;255;255;255m▀[0m[38;2;0;0;0m[48;2;180;211;197m▀[0m[38;2;40;31;36m[48;2;176;201;190m▀[0m[38;2;53;56;53m[48;2;172;190;180m▀[0m[38;2;0;0;0m[48;2;0;0;0m▀[0m[38;2;0;0;0m[48;2;0;0;0m▀[0m[38;2;95;105;98m[48;2;0;0;0m▀[0m[38;2;90;103;95m[48;2;141;144;146m▀[0m[38;2;10;10;12m[48;2;133;131;134m▀[0m[38;2;154;174;163m[48;2;242;241;242m▀[0m[38;2;60;63;59m[48;2;135;135;132m▀[0m[38;2;106;114;109m[48;2;0;0;0m▀[0m[38;2;35;71;52m[48;2;92;112;103m▀[0m[38;2;136;188;162m[48;2;181;190;186m▀[0m[38;2;95;121;105m[48;2;251;255;255m▀[0m[38;2;4;35;18m[48;2;226;252;237m▀[0m[38;2;42;81;60m[48;2;107;148;126m▀[0m[38;2;94;114;101m[48;2;82;125;103m▀[0m
[38;2;103;149;127m[48;2;196;189;189m▀[0m[38;2;191;211;201m[48;2;111;104;104m▀[0m[38;2;222;241;235m[48;2;201;193;194m▀[0m[38;2;155;184;171m[48;2;176;201;190m▀[0m[38;2;65;76;70m[48;2;140;165;149m▀[0m[38;2;52;68;60m[48;2;116;125;125m▀[0m[38;2;235;231;234m[48;2;47;60;53m▀[0m[38;2;255;255;255m[48;2;160;197;176m▀[0m[38;2;177;223;197m[48;2;52;114;74m▀[0m[38;2;178;223;197m[48;2;178;195;185m▀[0m[38;2;255;251;255m[48;2;195;194;194m▀[0m[38;2;13;15;15m[48;2;0;0;0m▀[0m[38;2;0;0;0m[48;2;0;0;0m▀[0m[38;2;0;0;0m[48;2;0;0;0m▀[0m[38;2;143;148;143m[48;2;68;105;89m▀[0m[38;2;255;255;255m[48;2;188;218;201m▀[0m[38;2;111;162;140m[48;2;207;235;223m▀[0m[38;2;131;157;144m[48;2;255;255;255m▀[0m[38;2;255;255;255m[48;2;255;255;255m▀[0m[38;2;237;255;253m[48;2;196;201;202m▀[0m[38;2;244;255;255m[48;2;226;233;234m▀[0m[38;2;150;172;161m[48;2;106;114;113m▀[0m[38;2;0;0;0m[48;2;0;0;0m▀[0m[38;2;0;0;0m[48;2;0;0;0m▀[0m[38;2;54;57;57m[48;2;14;31;21m▀[0m[38;2;125;120;124m[48;2;123;152;136m▀[0m[38;2;72;81;79m[48;2;180;209;195m▀[0m[38;2;235;241;237m[48;2;194;211;206m▀[0m[38;2;143;140;145m[48;2;255;255;255m▀[0m[38;2;0;0;0m[48;2;208;237;220m▀[0m[38;2;179;213;203m[48;2;200;230;213m▀[0m[38;2;182;205;196m[48;2;255;255;255m▀[0m[38;2;222;232;227m[48;2;221;232;229m▀[0m[38;2;208;208;208m[48;2;190;198;194m▀[0m[38;2;166;185;175m[48;2;215;234;225m▀[0m[38;2;158;184;173m[48;2;185;210;193m▀[0m
[38;2;134;158;145m[48;2;199;216;211m▀[0m[38;2;221;224;223m[48;2;255;255;255m▀[0m[38;2;255;255;255m[48;2;255;255;255m▀[0m[38;2;254;245;249m[48;2;255;255;255m▀[0m[38;2;205;200;200m[48;2;255;255;255m▀[0m[38;2;161;163;161m[48;2;255;255;255m▀[0m[38;2;125;147;141m[48;2;168;186;178m▀[0m[38;2;0;0;0m[48;2;44;52;47m▀[0m[38;2;0;0;0m[48;2;81;87;85m▀[0m[38;2;236;251;244m[48;2;203;212;208m▀[0m[38;2;99;99;97m[48;2;163;165;163m▀[0m[38;2;0;0;0m[48;2;162;165;161m▀[0m[38;2;0;0;0m[48;2;228;234;232m▀[0m[38;2;0;0;0m[48;2;234;255;251m▀[0m[38;2;75;91;80m[48;2;255;255;255m▀[0m[38;2;246;248;248m[48;2;255;255;255m▀[0m[38;2;215;215;217m[48;2;255;255;255m▀[0m[38;2;185;190;186m[48;2;240;249;245m▀[0m[38;2;123;127;126m[48;2;189;197;195m▀[0m[38;2;98;104;103m[48;2;164;190;181m▀[0m[38;2;31;27;29m[48;2;125;135;132m▀[0m[38;2;126;133;134m[48;2;121;125;125m▀[0m[38;2;102;102;103m[48;2;22;30;25m▀[0m[38;2;0;0;0m[48;2;0;0;0m▀[0m[38;2;32;42;39m[48;2;0;5;0m▀[0m[38;2;90;106;102m[48;2;0;0;0m▀[0m[38;2;54;50;53m[48;2;0;0;0m▀[0m[38;2;255;255;255m[48;2;129;129;129m▀[0m[38;2;255;255;255m[48;2;255;255;255m▀[0m[38;2;255;255;255m[48;2;255;255;255m▀[0m[38;2;201;221;210m[48;2;251;255;255m▀[0m[38;2;228;227;228m[48;2;204;214;209m▀[0m[38;2;255;255;255m[48;2;255;255;255m▀[0m[38;2;215;225;223m[48;2;167;199;181m▀[0m[38;2;209;215;214m[48;2;255;255;255m▀[0m[38;2;173;204;187m[48;2;231;251;241m▀[0m
[38;2;117;170;140m[48;2;30;80;51m▀[0m[38;2;111;161;132m[48;2;114;158;131m▀[0m[38;2;151;189;169m[48;2;155;194;172m▀[0m[38;2;200;216;209m[48;2;209;236;222m▀[0m[38;2;225;240;237m[48;2;255;255;255m▀[0m[38;2;255;255;255m[48;2;255;255;255m▀[0m[38;2;255;255;255m[48;2;255;255;255m▀[0m[38;2;255;255;255m[48;2;172;170;173m▀[0m[38;2;252;255;255m[48;2;171;168;168m▀[0m[38;2;224;234;228m[48;2;255;255;255m▀[0m[38;2;255;255;255m[48;2;255;255;255m▀[0m[38;2;255;255;255m[48;2;255;255;255m▀[0m[38;2;255;255;255m[48;2;255;255;255m▀[0m[38;2;255;255;255m[48;2;226;253;239m▀[0m[38;2;255;255;255m[48;2;137;195;163m▀[0m[38;2;225;234;232m[48;2;112;130;121m▀[0m[38;2;252;255;255m[48;2;179;198;187m▀[0m[38;2;255;255;255m[48;2;240;250;244m▀[0m[38;2;255;255;255m[48;2;235;255;251m▀[0m[38;2;230;236;234m[48;2;251;247;250m▀[0m[38;2;179;209;197m[48;2;252;255;255m▀[0m[38;2;137;142;139m[48;2;95;144;126m▀[0m[38;2;0;0;0m[48;2;0;0;0m▀[0m[38;2;0;0;0m[48;2;0;0;0m▀[0m[38;2;67;77;72m[48;2;0;0;0m▀[0m[38;2;255;255;255m[48;2;255;255;255m▀[0m[38;2;0;0;0m[48;2;47;38;42m▀[0m[38;2;0;0;0m[48;2;0;0;0m▀[0m[38;2;116;114;112m[48;2;147;157;151m▀[0m[38;2;251;253;251m[48;2;228;230;230m▀[0m[38;2;255;255;255m[48;2;180;211;198m▀[0m[38;2;188;201;194m[48;2;179;211;193m▀[0m[38;2;255;255;255m[48;2;79;127;101m▀[0m[38;2;74;120;91m[48;2;26;88;50m▀[0m[38;2;232;247;239m[48;2;40;84;58m▀[0m[38;2;172;196;183m[48;2;86;94;86m▀[0m
[38;2;138;120;133m[48;2;255;255;255m▀[0m[38;2;105;87;97m[48;2;232;237;234m▀[0m[38;2;166;157;163m[48;2;214;218;215m▀[0m[38;2;186;191;187m[48;2;187;178;183m▀[0m[38;2;209;208;209m[48;2;87;109;99m▀[0m[38;2;255;255;255m[48;2;108;132;125m▀[0m[38;2;142;148;146m[48;2;143;141;145m▀[0m[38;2;184;192;190m[48;2;150;169;161m▀[0m[38;2;255;255;255m[48;2;133;154;149m▀[0m[38;2;198;196;199m[48;2;46;94;68m▀[0m[38;2;90;128;106m[48;2;95;168;124m▀[0m[38;2;138;194;159m[48;2;84;150;110m▀[0m[38;2;85;162;118m[48;2;55;101;74m▀[0m[38;2;31;100;57m[48;2;123;140;131m▀[0m[38;2;0;20;0m[48;2;46;55;51m▀[0m[38;2;0;0;0m[48;2;0;0;0m▀[0m[38;2;114;136;123m[48;2;64;102;80m▀[0m[38;2;129;181;152m[48;2;72;129;96m▀[0m[38;2;143;180;164m[48;2;76;141;105m▀[0m[38;2;170;189;180m[48;2;97;154;126m▀[0m[38;2;255;255;255m[48;2;69;110;87m▀[0m[38;2;110;139;126m[48;2;152;151;148m▀[0m[38;2;124;137;129m[48;2;255;255;255m▀[0m[38;2;111;117;116m[48;2;255;255;255m▀[0m[38;2;63;86;75m[48;2;255;255;255m▀[0m[38;2;221;251;238m[48;2;255;255;255m▀[0m[38;2;255;255;255m[48;2;255;255;255m▀[0m[38;2;0;0;0m[48;2;0;25;6m▀[0m[38;2;137;150;147m[48;2;31;50;41m▀[0m[38;2;255;255;255m[48;2;255;255;255m▀[0m[38;2;205;215;212m[48;2;255;255;255m▀[0m[38;2;73;121;98m[48;2;88;106;97m▀[0m[38;2;43;81;57m[48;2;0;0;0m▀[0m[38;2;0;0;0m[48;2;104;144;122m▀[0m[38;2;0;0;0m[48;2;255;255;255m▀[0m[38;2;153;150;150m[48;2;255;255;255m▀[0m
[38;2;109;162;132m[48;2;191;239;212m▀[0m[38;2;162;210;187m[48;2;179;232;202m▀[0m[38;2;191;213;204m[48;2;158;184;169m▀[0m[38;2;114;151;132m[48;2;145;185;161m▀[0m[38;2;169;222;191m[48;2;110;136;125m▀[0m[38;2;189;220;201m[48;2;70;123;96m▀[0m[38;2;164;209;182m[48;2;79;137;104m▀[0m[38;2;109;169;131m[48;2;102;158;125m▀[0m[38;2;77;146;106m[48;2;96;139;114m▀[0m[38;2;99;169;133m[48;2;36;58;48m▀[0m[38;2;82;133;104m[48;2;0;0;0m▀[0m[38;2;35;54;43m[48;2;0;0;0m▀[0m[38;2;15;26;17m[48;2;0;0;0m▀[0m[38;2;120;142;133m[48;2;0;0;0m▀[0m[38;2;77;108;96m[48;2;0;0;0m▀[0m[38;2;0;0;0m[48;2;33;52;42m▀[0m[38;2;69;109;83m[48;2;28;47;34m▀[0m[38;2;160;234;190m[48;2;45;67;54m▀[0m[38;2;66;107;82m[48;2;0;0;0m▀[0m[38;2;118;169;139m[48;2;0;17;7m▀[0m[38;2;0;0;0m[48;2;0;15;0m▀[0m[38;2;100;111;109m[48;2;114;148;130m▀[0m[38;2;249;244;247m[48;2;224;237;232m▀[0m[38;2;127;132;131m[48;2;0;0;0m▀[0m[38;2;229;240;238m[48;2;24;42;33m▀[0m[38;2;255;255;255m[48;2;215;239;226m▀[0m[38;2;255;255;255m[48;2;218;245;229m▀[0m[38;2;78;105;88m[48;2;81;143;104m▀[0m[38;2;0;0;0m[48;2;0;0;0m▀[0m[38;2;125;192;153m[48;2;0;0;0m▀[0m[38;2;106;160;127m[48;2;0;0;0m▀[0m[38;2;0;0;0m[48;2;0;0;0m▀[0m[38;2;0;12;0m[48;2;96;161;123m▀[0m[38;2;240;255;255m[48;2;253;255;255m▀[0m[38;2;255;255;255m[48;2;255;255;255m▀[0m[38;2;194;203;197m[48;2;150;145;148m▀[0m
[38;2;44;82;60m[48;2;0;0;0m▀[0m[38;2;20;56;39m[48;2;0;0;0m▀[0m[38;2;74;113;96m[48;2;0;0;0m▀[0m[38;2;16;33;26m[48;2;2;18;13m▀[0m[38;2;5;25;15m[48;2;2;6;2m▀[0m[38;2;28;58;40m[48;2;57;93;70m▀[0m[38;2;41;72;57m[48;2;96;151;119m▀[0m[38;2;57;83;70m[48;2;69;110;85m▀[0m[38;2;23;40;30m[48;2;0;0;0m▀[0m[38;2;0;0;0m[48;2;0;0;0m▀[0m[38;2;0;0;0m[48;2;156;225;184m▀[0m[38;2;0;0;0m[48;2;79;105;90m▀[0m[38;2;0;0;0m[48;2;36;53;41m▀[0m[38;2;0;6;2m[48;2;0;0;0m▀[0m[38;2;0;2;0m[48;2;0;25;9m▀[0m[38;2;0;0;0m[48;2;0;2;0m▀[0m[38;2;0;1;0m[48;2;0;0;0m▀[0m[38;2;0;8;8m[48;2;14;30;22m▀[0m[38;2;0;0;0m[48;2;0;0;0m▀[0m[38;2;64;102;80m[48;2;63;103;78m▀[0m[38;2;191;255;220m[48;2;76;124;90m▀[0m[38;2;255;255;255m[48;2;81;134;98m▀[0m[38;2;255;255;255m[48;2;91;111;100m▀[0m[38;2;142;216;169m[48;2;43;59;54m▀[0m[38;2;47;99;68m[48;2;92;129;109m▀[0m[38;2;110;161;127m[48;2;108;128;119m▀[0m[38;2;72;146;100m[48;2;113;174;136m▀[0m[38;2;48;129;79m[48;2;62;136;89m▀[0m[38;2;171;208;185m[48;2;178;217;196m▀[0m[38;2;247;230;242m[48;2;255;255;255m▀[0m[38;2;88;83;89m[48;2;255;255;255m▀[0m[38;2;0;0;0m[48;2;255;255;255m▀[0m[38;2;25;88;53m[48;2;156;188;170m▀[0m[38;2;148;161;158m[48;2;105;150;122m▀[0m[38;2;154;160;158m[48;2;196;225;205m▀[0m[38;2;172;185;180m[48;2;255;255;255m▀[0m
[38;2;0;0;0m[48;2;0;0;0m▀[0m[38;2;0;4;4m[48;2;19;42;32m▀[0m[38;2;31;55;39m[48;2;32;63;46m▀[0m[38;2;89;140;110m[48;2;45;75;56m▀[0m[38;2;98;156;123m[48;2;50;80;63m▀[0m[38;2;70;114;89m[48;2;16;31;24m▀[0m[38;2;33;60;44m[48;2;16;31;27m▀[0m[38;2;0;0;0m[48;2;0;0;0m▀[0m[38;2;0;0;0m[48;2;0;0;0m▀[0m[38;2;134;172;155m[48;2;233;249;244m▀[0m[38;2;255;255;255m[48;2;255;255;255m▀[0m[38;2;182;177;176m[48;2;140;145;142m▀[0m[38;2;0;0;0m[48;2;45;48;47m▀[0m[38;2;84;92;88m[48;2;255;255;255m▀[0m[38;2;138;178;157m[48;2;228;246;234m▀[0m[38;2;25;48;39m[48;2;140;174;153m▀[0m[38;2;0;0;0m[48;2;59;76;64m▀[0m[38;2;0;0;0m[48;2;0;0;0m▀[0m[38;2;0;0;0m[48;2;0;0;0m▀[0m[38;2;0;0;0m[48;2;0;7;0m▀[0m[38;2;12;31;22m[48;2;0;0;0m▀[0m[38;2;58;95;75m[48;2;0;0;0m▀[0m[38;2;50;86;66m[48;2;0;11;2m▀[0m[38;2;7;25;17m[48;2;0;0;0m▀[0m[38;2;4;20;13m[48;2;0;0;0m▀[0m[38;2;50;60;57m[48;2;0;0;0m▀[0m[38;2;85;119;104m[48;2;0;0;0m▀[0m[38;2;73;147;104m[48;2;0;0;0m▀[0m[38;2;154;190;170m[48;2;50;106;71m▀[0m[38;2;255;255;255m[48;2;233;255;255m▀[0m[38;2;255;255;255m[48;2;234;255;247m▀[0m[38;2;255;255;255m[48;2;255;255;255m▀[0m[38;2;255;255;255m[48;2;236;239;239m▀[0m[38;2;255;255;255m[48;2;225;230;227m▀[0m[38;2;255;255;255m[48;2;255;255;255m▀[0m[38;2;255;255;255m[48;2;251;255;254m▀[0m
[38;2;30;56;47m[48;2;11;26;21m▀[0m[38;2;3;8;4m[48;2;6;16;13m▀[0m[38;2;0;0;0m[48;2;34;36;36m▀[0m[38;2;0;0;0m[48;2;0;0;0m▀[0m[38;2;10;25;18m[48;2;0;0;0m▀[0m[38;2;4;9;5m[48;2;0;0;0m▀[0m[38;2;24;40;32m[48;2;0;0;0m▀[0m[38;2;0;0;0m[48;2;0;0;0m▀[0m[38;2;21;41;31m[48;2;50;94;69m▀[0m[38;2;247;255;255m[48;2;255;255;255m▀[0m[38;2;255;255;255m[48;2;255;255;255m▀[0m[38;2;84;94;91m[48;2;28;60;46m▀[0m[38;2;170;199;186m[48;2;102;146;121m▀[0m[38;2;205;242;221m[48;2;225;248;237m▀[0m[38;2;231;251;241m[48;2;178;209;192m▀[0m[38;2;255;255;255m[48;2;222;239;231m▀[0m[38;2;255;255;255m[48;2;255;255;255m▀[0m[38;2;201;211;206m[48;2;255;255;255m▀[0m[38;2;93;102;97m[48;2;255;255;255m▀[0m[38;2;42;83;61m[48;2;177;183;181m▀[0m[38;2;55;114;79m[48;2;196;202;200m▀[0m[38;2;38;76;56m[48;2;255;255;255m▀[0m[38;2;0;0;0m[48;2;164;166;166m▀[0m[38;2;0;0;0m[48;2;123;128;124m▀[0m[38;2;87;100;93m[48;2;0;0;0m▀[0m[38;2;125;136;133m[48;2;255;255;255m▀[0m[38;2;33;39;34m[48;2;255;255;255m▀[0m[38;2;0;0;0m[48;2;186;206;196m▀[0m[38;2;0;0;0m[48;2;0;0;0m▀[0m[38;2;0;13;6m[48;2;0;0;0m▀[0m[38;2;1;26;11m[48;2;3;26;15m▀[0m[38;2;111;162;134m[48;2;40;67;50m▀[0m[38;2;246;255;255m[48;2;115;158;136m▀[0m[38;2;135;153;144m[48;2;182;220;201m▀[0m[38;2;146;163;153m[48;2;142;155;144m▀[0m[38;2;199;238;217m[48;2;151;162;157m▀[0m
[38;2;0;0;0m[48;2;0;0;0m▀[0m[38;2;0;0;0m[48;2;0;0;0m▀[0m[38;2;35;37;35m[48;2;102;110;106m▀[0m[38;2;0;0;0m[48;2;3;0;0m▀[0m[38;2;0;6;1m[48;2;14;29;20m▀[0m[38;2;0;0;0m[48;2;0;0;0m▀[0m[38;2;9;22;17m[48;2;73;116;94m▀[0m[38;2;0;0;0m[48;2;174;204;186m▀[0m[38;2;39;89;56m[48;2;33;70;44m▀[0m[38;2;191;229;209m[48;2;101;159;118m▀[0m[38;2;255;255;255m[48;2;255;255;255m▀[0m[38;2;118;124;119m[48;2;197;205;203m▀[0m[38;2;147;182;168m[48;2;115;156;131m▀[0m[38;2;52;100;76m[48;2;5;64;27m▀[0m[38;2;73;129;99m[48;2;120;165;141m▀[0m[38;2;203;225;211m[48;2;226;239;234m▀[0m[38;2;255;255;255m[48;2;250;253;253m▀[0m[38;2;255;255;255m[48;2;193;202;200m▀[0m[38;2;245;247;247m[48;2;238;247;242m▀[0m[38;2;228;247;241m[48;2;145;156;153m▀[0m[38;2;237;248;241m[48;2;164;194;177m▀[0m[38;2;226;211;217m[48;2;192;195;191m▀[0m[38;2;245;255;255m[48;2;255;255;255m▀[0m[38;2;169;177;172m[48;2;187;203;199m▀[0m[38;2;52;54;55m[48;2;224;233;228m▀[0m[38;2;255;255;255m[48;2;255;255;255m▀[0m[38;2;255;255;255m[48;2;255;255;255m▀[0m[38;2;245;255;255m[48;2;251;255;255m▀[0m[38;2;130;182;152m[48;2;144;207;173m▀[0m[38;2;0;6;1m[48;2;43;81;57m▀[0m[38;2;5;23;14m[48;2;0;0;0m▀[0m[38;2;142;180;159m[48;2;0;0;0m▀[0m[38;2;221;255;238m[48;2;0;8;5m▀[0m[38;2;200;246;220m[48;2;80;104;91m▀[0m[38;2;123;168;140m[48;2;168;195;179m▀[0m[38;2;37;57;44m[48;2;151;181;165m▀[0m
[38;2;0;0;0m[48;2;2;0;0m▀[0m[38;2;0;0;0m[48;2;0;0;0m▀[0m[38;2;39;59;50m[48;2;25;49;36m▀[0m[38;2;0;0;0m[48;2;3;6;5m▀[0m[38;2;0;0;0m[48;2;0;0;0m▀[0m[38;2;9;12;11m[48;2;91;141;113m▀[0m[38;2;22;41;31m[48;2;174;206;185m▀[0m[38;2;122;167;143m[48;2;0;0;0m▀[0m[38;2;51;88;65m[48;2;37;72;57m▀[0m[38;2;74;135;98m[48;2;86;150;115m▀[0m[38;2;110;147;122m[48;2;32;69;48m▀[0m[38;2;98;122;109m[48;2;38;64;46m▀[0m[38;2;182;222;198m[48;2;155;211;179m▀[0m[38;2;131;177;151m[48;2;147;185;164m▀[0m[38;2;199;221;211m[48;2;166;200;183m▀[0m[38;2;248;252;252m[48;2;175;206;191m▀[0m[38;2;224;239;234m[48;2;145;184;164m▀[0m[38;2;180;197;193m[48;2;113;154;132m▀[0m[38;2;211;231;221m[48;2;130;182;152m▀[0m[38;2;125;151;139m[48;2;118;166;139m▀[0m[38;2;164;194;178m[48;2;182;205;195m▀[0m[38;2;198;188;193m[48;2;255;255;255m▀[0m[38;2;221;244;235m[48;2;255;255;255m▀[0m[38;2;131;162;149m[48;2;108;150;130m▀[0m[38;2;197;214;206m[48;2;88;132;107m▀[0m[38;2;247;255;255m[48;2;181;217;200m▀[0m[38;2;254;254;255m[48;2;177;206;192m▀[0m[38;2;255;255;255m[48;2;193;222;208m▀[0m[38;2;179;219;195m[48;2;213;242;226m▀[0m[38;2;121;175;142m[48;2;236;255;255m▀[0m[38;2;15;15;15m[48;2;39;47;42m▀[0m[38;2;0;0;0m[48;2;0;0;0m▀[0m[38;2;0;9;3m[48;2;3;7;4m▀[0m[38;2;0;18;4m[48;2;80;130;104m▀[0m[38;2;0;0;0m[48;2;82;143;108m▀[0m[38;2;18;27;22m[48;2;44;88;63m▀[0m
[38;2;1;0;0m[48;2;1;0;0m▀[0m[38;2;0;0;0m[48;2;0;0;0m▀[0m[38;2;2;5;5m[48;2;0;0;0m▀[0m[38;2;47;77;61m[48;2;38;67;54m▀[0m[38;2;0;0;0m[48;2;27;53;44m▀[0m[38;2;1;16;8m[48;2;25;36;27m▀[0m[38;2;139;191;161m[48;2;3;6;3m▀[0m[38;2;22;31;25m[48;2;23;48;35m▀[0m[38;2;2;12;9m[48;2;31;56;40m▀[0m[38;2;88;153;118m[48;2;62;110;83m▀[0m[38;2;43;77;56m[48;2;61;107;80m▀[0m[38;2;0;0;0m[48;2;0;0;0m▀[0m[38;2;105;164;126m[48;2;0;5;1m▀[0m[38;2;96;152;117m[48;2;79;125;94m▀[0m[38;2;83;126;100m[48;2;50;87;66m▀[0m[38;2;116;170;135m[48;2;51;87;66m▀[0m[38;2;88;142;109m[48;2;0;21;6m▀[0m[38;2;31;83;51m[48;2;52;56;55m▀[0m[38;2;75;120;92m[48;2;255;255;255m▀[0m[38;2;201;216;209m[48;2;255;255;255m▀[0m[38;2;217;232;228m[48;2;255;255;255m▀[0m[38;2;91;136;110m[48;2;53;110;77m▀[0m[38;2;255;255;255m[48;2;189;205;197m▀[0m[38;2;255;248;254m[48;2;225;230;229m▀[0m[38;2;118;138;127m[48;2;255;255;255m▀[0m[38;2;71;135;97m[48;2;78;84;78m▀[0m[38;2;115;168;136m[48;2;24;68;40m▀[0m[38;2;121;166;139m[48;2;75;125;94m▀[0m[38;2;134;187;155m[48;2;82;134;105m▀[0m[38;2;141;205;166m[48;2;27;56;40m▀[0m[38;2;0;0;0m[48;2;0;0;0m▀[0m[38;2;0;0;0m[48;2;0;0;0m▀[0m[38;2;4;10;6m[48;2;0;0;0m▀[0m[38;2;23;38;30m[48;2;8;10;10m▀[0m[38;2;40;77;52m[48;2;3;3;1m▀[0m[38;2;31;60;46m[48;2;0;0;0m▀[0m
