[38;2;11;11;9m[48;2;7;9;7m▀[0m[38;2;21;19;17m[48;2;7;5;3m▀[0m[38;2;2;0;0m[48;2;6;0;1m▀[0m[38;2;10;5;0m[48;2;8;0;1m▀[0m[38;2;10;5;0m[48;2;11;7;3m▀[0m[38;2;15;11;9m[48;2;16;16;8m▀[0m[38;2;12;12;4m[48;2;10;5;1m▀[0m[38;2;19;11;6m[48;2;20;16;14m▀[0m[38;2;43;42;32m[48;2;36;35;32m▀[0m[38;2;29;24;16m[48;2;15;11;9m▀[0m[38;2;22;16;4m[48;2;13;6;0m▀[0m[38;2;21;14;0m[48;2;20;15;0m▀[0m[38;2;24;18;6m[48;2;23;18;7m▀[0m[38;2;25;17;6m[48;2;18;12;0m▀[0m[38;2;21;8;0m[48;2;13;3;0m▀[0m[38;2;21;9;0m[48;2;0;0;0m▀[0m[38;2;21;9;0m[48;2;0;0;0m▀[0m[38;2;25;14;0m[48;2;28;18;0m▀[0m[38;2;14;2;0m[48;2;0;0;0m▀[0m[38;2;17;8;0m[48;2;0;0;0m▀[0m[38;2;16;3;0m[48;2;0;0;0m▀[0m[38;2;25;17;7m[48;2;15;9;0m▀[0m[38;2;26;23;8m[48;2;19;16;9m▀[0m[38;2;24;15;0m[48;2;24;18;0m▀[0m[38;2;23;16;0m[48;2;37;29;0m▀[0m[38;2;31;30;23m[48;2;21;21;19m▀[0m[38;2;7;0;0m[48;2;5;1;0m▀[0m[38;2;40;33;25m[48;2;22;17;12m▀[0m[38;2;38;35;35m[48;2;47;47;45m▀[0m[38;2;11;9;6m[48;2;7;4;4m▀[0m[38;2;9;4;6m[48;2;14;10;6m▀[0m[38;2;11;8;0m[48;2;10;8;0m▀[0m[38;2;10;7;0m[48;2;8;4;0m▀[0m[38;2;8;4;0m[48;2;7;2;2m▀[0m[38;2;7;3;2m[48;2;6;4;2m▀[0m[38;2;6;4;1m[48;2;3;3;1m▀[0m
[38;2;10;14;13m[48;2;11;14;14m▀[0m[38;2;0;1;0m[48;2;0;0;0m▀[0m[38;2;5;0;0m[48;2;0;0;0m▀[0m[38;2;4;0;0m[48;2;0;0;0m▀[0m[38;2;10;7;7m[48;2;7;6;7m▀[0m[38;2;14;13;5m[48;2;5;4;2m▀[0m[38;2;3;0;0m[48;2;0;0;0m▀[0m[38;2;29;27;25m[48;2;75;73;70m▀[0m[38;2;24;24;22m[48;2;17;14;6m▀[0m[38;2;10;6;4m[48;2;6;0;0m▀[0m[38;2;5;0;0m[48;2;0;0;0m▀[0m[38;2;18;13;0m[48;2;0;0;0m▀[0m[38;2;23;20;12m[48;2;11;11;4m▀[0m[38;2;3;0;0m[48;2;0;0;0m▀[0m[38;2;0;0;0m[48;2;41;36;30m▀[0m[38;2;6;0;0m[48;2;242;241;242m▀[0m[38;2;43;32;17m[48;2;234;237;243m▀[0m[38;2;30;21;0m[48;2;255;255;255m▀[0m[38;2;84;79;68m[48;2;255;255;255m▀[0m[38;2;102;95;78m[48;2;255;255;255m▀[0m[38;2;0;0;0m[48;2;255;255;255m▀[0m[38;2;0;0;0m[48;2;122;119;113m▀[0m[38;2;15;13;5m[48;2;0;0;0m▀[0m[38;2;0;0;0m[48;2;0;0;0m▀[0m[38;2;0;0;0m[48;2;5;1;0m▀[0m[38;2;19;17;14m[48;2;7;3;1m▀[0m[38;2;6;2;0m[48;2;4;0;0m▀[0m[38;2;7;0;0m[48;2;4;0;0m▀[0m[38;2;50;50;47m[48;2;56;56;43m▀[0m[38;2;6;2;0m[48;2;0;0;0m▀[0m[38;2;13;11;8m[48;2;2;0;0m▀[0m[38;2;0;0;0m[48;2;0;0;0m▀[0m[38;2;8;1;0m[48;2;0;0;0m▀[0m[38;2;8;0;0m[48;2;0;0;0m▀[0m[38;2;3;3;1m[48;2;0;1;0m▀[0m[38;2;1;4;1m[48;2;3;3;1m▀[0m
[38;2;0;0;0m[48;2;0;0;2m▀[0m[38;2;0;0;0m[48;2;0;0;0m▀[0m[38;2;0;0;0m[48;2;0;0;0m▀[0m[38;2;0;0;0m[48;2;103;104;101m▀[0m[38;2;0;0;0m[48;2;154;154;155m▀[0m[38;2;0;0;0m[48;2;124;126;127m▀[0m[38;2;0;0;0m[48;2;134;133;134m▀[0m[38;2;26;25;21m[48;2;144;145;142m▀[0m[38;2;0;0;0m[48;2;52;51;49m▀[0m[38;2;0;0;0m[48;2;0;0;0m▀[0m[38;2;0;0;0m[48;2;0;0;0m▀[0m[38;2;0;0;0m[48;2;0;0;0m▀[0m[38;2;0;0;0m[48;2;0;0;0m▀[0m[38;2;7;0;0m[48;2;255;255;230m▀[0m[38;2;255;255;255m[48;2;251;245;197m▀[0m[38;2;227;232;237m[48;2;0;0;0m▀[0m[38;2;148;150;155m[48;2;0;0;0m▀[0m[38;2;76;76;81m[48;2;142;144;145m▀[0m[38;2;87;90;89m[48;2;4;8;12m▀[0m[38;2;138;140;141m[48;2;0;0;0m▀[0m[38;2;191;195;199m[48;2;0;0;0m▀[0m[38;2;255;255;255m[48;2;16;24;32m▀[0m[38;2;219;217;207m[48;2;255;255;255m▀[0m[38;2;0;0;0m[48;2;150;147;140m▀[0m[38;2;0;0;0m[48;2;0;0;0m▀[0m[38;2;0;0;0m[48;2;0;0;0m▀[0m[38;2;0;0;0m[48;2;0;0;0m▀[0m[38;2;0;0;0m[48;2;86;82;78m▀[0m[38;2;0;0;0m[48;2;208;204;207m▀[0m[38;2;0;0;0m[48;2;255;255;255m▀[0m[38;2;0;0;0m[48;2;247;247;249m▀[0m[38;2;0;0;0m[48;2;253;255;255m▀[0m[38;2;0;0;0m[48;2;248;250;251m▀[0m[38;2;0;0;0m[48;2;101;103;103m▀[0m[38;2;0;0;0m[48;2;0;0;0m▀[0m[38;2;0;0;0m[48;2;0;0;0m▀[0m
[38;2;2;2;2m[48;2;0;0;0m▀[0m[38;2;0;0;0m[48;2;0;0;0m▀[0m[38;2;32;30;33m[48;2;17;17;17m▀[0m[38;2;97;100;100m[48;2;0;0;0m▀[0m[38;2;220;220;222m[48;2;0;0;0m▀[0m[38;2;219;221;223m[48;2;0;0;0m▀[0m[38;2;255;255;255m[48;2;142;146;146m▀[0m[38;2;255;255;255m[48;2;33;41;42m▀[0m[38;2;255;255;255m[48;2;0;0;0m▀[0m[38;2;255;255;255m[48;2;12;11;11m▀[0m[38;2;249;249;251m[48;2;84;87;89m▀[0m[38;2;133;133;134m[48;2;184;191;197m▀[0m[38;2;103;108;128m[48;2;231;243;255m▀[0m[38;2;250;227;120m[48;2;113;100;19m▀[0m[38;2;0;0;0m[48;2;0;0;0m▀[0m[38;2;0;0;0m[48;2;0;0;12m▀[0m[38;2;26;26;26m[48;2;0;0;0m▀[0m[38;2;115;117;118m[48;2;0;0;0m▀[0m[38;2;0;0;0m[48;2;0;0;0m▀[0m[38;2;20;20;21m[48;2;156;159;161m▀[0m[38;2;0;0;0m[48;2;149;153;167m▀[0m[38;2;0;0;0m[48;2;32;32;20m▀[0m[38;2;119;108;90m[48;2;255;189;11m▀[0m[38;2;226;232;247m[48;2;201;170;96m▀[0m[38;2;121;126;127m[48;2;255;255;255m▀[0m[38;2;217;219;219m[48;2;110;113;115m▀[0m[38;2;255;255;255m[48;2;3;1;5m▀[0m[38;2;255;255;255m[48;2;0;0;0m▀[0m[38;2;175;175;177m[48;2;0;0;0m▀[0m[38;2;137;139;140m[48;2;46;49;48m▀[0m[38;2;250;252;254m[48;2;173;175;175m▀[0m[38;2;141;143;143m[48;2;0;0;0m▀[0m[38;2;85;87;88m[48;2;0;0;0m▀[0m[38;2;46;49;51m[48;2;17;20;19m▀[0m[38;2;11;11;13m[48;2;0;0;0m▀[0m[38;2;0;0;0m[48;2;0;0;0m▀[0m
[38;2;0;1;1m[48;2;1;1;1m▀[0m[38;2;0;0;0m[48;2;2;0;0m▀[0m[38;2;0;0;0m[48;2;1;6;6m▀[0m[38;2;26;28;28m[48;2;9;11;11m▀[0m[38;2;0;0;0m[48;2;0;0;0m▀[0m[38;2;0;0;0m[48;2;0;0;0m▀[0m[38;2;46;46;46m[48;2;0;0;0m▀[0m[38;2;143;145;146m[48;2;182;187;189m▀[0m[38;2;12;12;14m[48;2;7;9;9m▀[0m[38;2;0;0;2m[48;2;0;0;0m▀[0m[38;2;0;0;0m[48;2;0;0;0m▀[0m[38;2;0;0;0m[48;2;37;49;63m▀[0m[38;2;139;137;141m[48;2;138;137;124m▀[0m[38;2;225;162;64m[48;2;244;163;0m▀[0m[38;2;0;0;0m[48;2;0;0;0m▀[0m[38;2;92;100;118m[48;2;42;76;109m▀[0m[38;2;125;123;127m[48;2;65;111;117m▀[0m[38;2;0;0;0m[48;2;0;0;0m▀[0m[38;2;42;46;45m[48;2;0;1;1m▀[0m[38;2;176;190;192m[48;2;22;30;30m▀[0m[38;2;62;97;102m[48;2;118;39;37m▀[0m[38;2;0;0;0m[48;2;126;116;109m▀[0m[38;2;97;56;0m[48;2;3;11;11m▀[0m[38;2;75;37;0m[48;2;0;0;0m▀[0m[38;2;89;102;121m[48;2;88;95;100m▀[0m[38;2;0;0;0m[48;2;35;39;43m▀[0m[38;2;0;0;0m[48;2;0;0;0m▀[0m[38;2;10;12;12m[48;2;0;0;0m▀[0m[38;2;9;7;10m[48;2;11;13;14m▀[0m[38;2;142;147;146m[48;2;180;179;180m▀[0m[38;2;18;20;20m[48;2;0;0;0m▀[0m[38;2;0;0;0m[48;2;0;0;0m▀[0m[38;2;0;0;0m[48;2;0;0;0m▀[0m[38;2;29;29;30m[48;2;21;24;23m▀[0m[38;2;0;0;0m[48;2;0;0;0m▀[0m[38;2;0;0;0m[48;2;0;0;0m▀[0m
[38;2;0;0;0m[48;2;0;0;0m▀[0m[38;2;4;6;6m[48;2;9;11;13m▀[0m[38;2;3;5;6m[48;2;3;0;0m▀[0m[38;2;0;0;0m[48;2;0;0;0m▀[0m[38;2;15;15;15m[48;2;0;1;1m▀[0m[38;2;7;9;7m[48;2;113;113;115m▀[0m[38;2;0;0;0m[48;2;0;0;0m▀[0m[38;2;103;107;109m[48;2;0;0;0m▀[0m[38;2;73;76;81m[48;2;157;158;151m▀[0m[38;2;0;0;0m[48;2;0;0;0m▀[0m[38;2;0;0;0m[48;2;0;0;0m▀[0m[38;2;108;116;122m[48;2;135;140;142m▀[0m[38;2;0;0;41m[48;2;0;0;36m▀[0m[38;2;191;142;0m[48;2;105;62;0m▀[0m[38;2;89;102;51m[48;2;168;172;109m▀[0m[38;2;136;60;87m[48;2;254;159;184m▀[0m[38;2;225;38;35m[48;2;76;0;0m▀[0m[38;2;0;0;0m[48;2;25;50;54m▀[0m[38;2;0;0;0m[48;2;174;183;184m▀[0m[38;2;44;31;28m[48;2;0;0;0m▀[0m[38;2;255;8;0m[48;2;0;0;0m▀[0m[38;2;255;201;201m[48;2;0;0;0m▀[0m[38;2;0;22;30m[48;2;0;0;0m▀[0m[38;2;5;6;2m[48;2;29;25;0m▀[0m[38;2;87;90;92m[48;2;60;59;57m▀[0m[38;2;86;93;94m[48;2;108;111;117m▀[0m[38;2;0;0;0m[48;2;0;0;0m▀[0m[38;2;0;0;0m[48;2;0;0;0m▀[0m[38;2;84;87;94m[48;2;182;178;158m▀[0m[38;2;122;124;126m[48;2;0;1;7m▀[0m[38;2;0;0;0m[48;2;0;0;0m▀[0m[38;2;19;22;27m[48;2;106;108;110m▀[0m[38;2;16;18;19m[48;2;5;8;13m▀[0m[38;2;7;9;10m[48;2;0;0;0m▀[0m[38;2;5;7;8m[48;2;12;13;10m▀[0m[38;2;0;0;0m[48;2;0;0;0m▀[0m
[38;2;1;0;0m[48;2;2;4;4m▀[0m[38;2;9;11;13m[48;2;10;8;11m▀[0m[38;2;0;0;0m[48;2;0;0;0m▀[0m[38;2;0;0;0m[48;2;0;0;0m▀[0m[38;2;0;0;0m[48;2;0;0;0m▀[0m[38;2;63;69;79m[48;2;8;11;11m▀[0m[38;2;100;108;121m[48;2;97;101;111m▀[0m[38;2;0;0;0m[48;2;164;137;86m▀[0m[38;2;126;108;78m[48;2;126;65;0m▀[0m[38;2;105;105;98m[48;2;138;143;147m▀[0m[38;2;0;0;0m[48;2;37;40;47m▀[0m[38;2;191;195;200m[48;2;242;244;247m▀[0m[38;2;6;13;35m[48;2;3;9;27m▀[0m[38;2;0;0;0m[48;2;0;0;0m▀[0m[38;2;26;21;1m[48;2;0;0;3m▀[0m[38;2;0;0;0m[48;2;0;0;0m▀[0m[38;2;0;0;0m[48;2;0;0;0m▀[0m[38;2;0;0;0m[48;2;6;14;27m▀[0m[38;2;0;0;0m[48;2;13;18;23m▀[0m[38;2;0;0;0m[48;2;22;29;38m▀[0m[38;2;0;0;0m[48;2;0;0;1m▀[0m[38;2;35;44;53m[48;2;32;31;49m▀[0m[38;2;0;0;16m[48;2;3;1;4m▀[0m[38;2;33;22;0m[48;2;18;10;0m▀[0m[38;2;0;0;0m[48;2;16;11;0m▀[0m[38;2;145;149;162m[48;2;124;127;127m▀[0m[38;2;0;0;0m[48;2;0;0;0m▀[0m[38;2;71;70;62m[48;2;161;161;154m▀[0m[38;2;201;170;108m[48;2;130;65;0m▀[0m[38;2;0;0;0m[48;2;201;143;43m▀[0m[38;2;58;70;88m[48;2;150;154;154m▀[0m[38;2;65;74;83m[48;2;26;20;7m▀[0m[38;2;0;0;2m[48;2;2;5;7m▀[0m[38;2;0;0;0m[48;2;0;0;0m▀[0m[38;2;9;13;10m[48;2;9;9;10m▀[0m[38;2;0;0;0m[48;2;6;6;7m▀[0m
[38;2;5;7;7m[48;2;10;12;12m▀[0m[38;2;5;5;6m[48;2;0;2;2m▀[0m[38;2;0;0;0m[48;2;0;0;0m▀[0m[38;2;0;0;0m[48;2;0;0;0m▀[0m[38;2;0;0;0m[48;2;0;0;0m▀[0m[38;2;131;93;20m[48;2;46;46;47m▀[0m[38;2;110;63;3m[48;2;49;32;5m▀[0m[38;2;255;255;255m[48;2;146;114;82m▀[0m[38;2;193;100;0m[48;2;57;61;67m▀[0m[38;2;0;0;0m[48;2;0;0;0m▀[0m[38;2;208;215;219m[48;2;33;38;39m▀[0m[38;2;187;188;200m[48;2;168;175;184m▀[0m[38;2;24;29;29m[48;2;145;146;137m▀[0m[38;2;0;0;0m[48;2;0;0;0m▀[0m[38;2;255;221;0m[48;2;234;175;0m▀[0m[38;2;135;115;34m[48;2;255;255;0m▀[0m[38;2;0;0;8m[48;2;255;219;0m▀[0m[38;2;0;0;0m[48;2;0;0;10m▀[0m[38;2;0;0;0m[48;2;0;0;0m▀[0m[38;2;0;0;0m[48;2;0;0;6m▀[0m[38;2;0;0;0m[48;2;29;27;17m▀[0m[38;2;218;156;0m[48;2;254;196;0m▀[0m[38;2;28;16;0m[48;2;19;21;0m▀[0m[38;2;43;31;0m[48;2;34;18;0m▀[0m[38;2;73;50;0m[48;2;64;59;42m▀[0m[38;2;0;0;0m[48;2;216;220;235m▀[0m[38;2;111;114;121m[48;2;162;169;173m▀[0m[38;2;72;87;109m[48;2;0;0;0m▀[0m[38;2;77;7;0m[48;2;0;0;2m▀[0m[38;2;255;255;193m[48;2;142;129;117m▀[0m[38;2;157;123;75m[48;2;47;28;3m▀[0m[38;2;144;85;14m[48;2;43;43;36m▀[0m[38;2;0;0;3m[48;2;0;0;0m▀[0m[38;2;0;0;1m[48;2;0;3;4m▀[0m[38;2;3;5;7m[48;2;1;3;3m▀[0m[38;2;8;10;11m[48;2;8;10;11m▀[0m
[38;2;10;12;14m[48;2;4;6;6m▀[0m[38;2;2;2;0m[48;2;3;5;5m▀[0m[38;2;0;0;0m[48;2;0;0;0m▀[0m[38;2;0;0;0m[48;2;0;0;0m▀[0m[38;2;5;12;14m[48;2;42;45;47m▀[0m[38;2;33;38;46m[48;2;41;44;45m▀[0m[38;2;0;0;0m[48;2;0;0;0m▀[0m[38;2;12;27;43m[48;2;5;8;8m▀[0m[38;2;150;154;165m[48;2;56;59;61m▀[0m[38;2;0;0;0m[48;2;44;47;49m▀[0m[38;2;0;0;0m[48;2;0;0;0m▀[0m[38;2;65;69;71m[48;2;0;0;0m▀[0m[38;2;212;220;238m[48;2;1;9;19m▀[0m[38;2;100;91;63m[48;2;0;0;0m▀[0m[38;2;128;91;0m[48;2;53;63;82m▀[0m[38;2;126;95;0m[48;2;0;6;74m▀[0m[38;2;93;67;0m[48;2;62;63;93m▀[0m[38;2;143;99;41m[48;2;84;59;20m▀[0m[38;2;43;38;34m[48;2;129;82;8m▀[0m[38;2;96;77;27m[48;2;191;119;9m▀[0m[38;2;153;106;37m[48;2;91;56;2m▀[0m[38;2;25;20;14m[48;2;105;93;81m▀[0m[38;2;0;0;0m[48;2;63;73;95m▀[0m[38;2;85;92;111m[48;2;156;159;162m▀[0m[38;2;255;255;255m[48;2;0;0;0m▀[0m[38;2;133;137;141m[48;2;0;0;0m▀[0m[38;2;0;0;0m[48;2;0;0;0m▀[0m[38;2;0;0;0m[48;2;0;0;1m▀[0m[38;2;103;106;111m[48;2;55;58;60m▀[0m[38;2;44;61;78m[48;2;32;39;45m▀[0m[38;2;0;0;6m[48;2;13;10;12m▀[0m[38;2;8;18;22m[48;2;13;13;15m▀[0m[38;2;10;13;18m[48;2;21;28;29m▀[0m[38;2;0;2;2m[48;2;0;0;0m▀[0m[38;2;5;7;8m[48;2;6;9;9m▀[0m[38;2;7;10;11m[48;2;4;6;6m▀[0m
[38;2;1;4;4m[48;2;4;6;7m▀[0m[38;2;3;5;6m[48;2;2;4;4m▀[0m[38;2;0;0;0m[48;2;0;0;0m▀[0m[38;2;0;0;0m[48;2;6;8;9m▀[0m[38;2;46;51;51m[48;2;37;42;44m▀[0m[38;2;8;7;7m[48;2;0;0;0m▀[0m[38;2;0;0;0m[48;2;0;0;0m▀[0m[38;2;0;0;0m[48;2;5;5;5m▀[0m[38;2;36;39;39m[48;2;5;8;8m▀[0m[38;2;26;30;30m[48;2;121;126;132m▀[0m[38;2;0;0;0m[48;2;0;0;0m▀[0m[38;2;0;0;0m[48;2;0;0;0m▀[0m[38;2;44;49;54m[48;2;18;30;45m▀[0m[38;2;30;36;49m[48;2;121;133;145m▀[0m[38;2;0;0;0m[48;2;77;85;93m▀[0m[38;2;1;5;16m[48;2;129;132;142m▀[0m[38;2;32;43;58m[48;2;0;0;0m▀[0m[38;2;0;0;10m[48;2;126;105;71m▀[0m[38;2;18;14;0m[48;2;155;136;77m▀[0m[38;2;23;22;11m[48;2;186;173;111m▀[0m[38;2;0;0;17m[48;2;86;71;43m▀[0m[38;2;30;39;49m[48;2;0;0;0m▀[0m[38;2;0;0;0m[48;2;140;147;148m▀[0m[38;2;0;0;0m[48;2;84;91;99m▀[0m[38;2;93;98;104m[48;2;88;100;113m▀[0m[38;2;0;0;5m[48;2;0;0;12m▀[0m[38;2;0;0;0m[48;2;0;0;0m▀[0m[38;2;0;2;9m[48;2;66;75;85m▀[0m[38;2;42;49;54m[48;2;31;38;42m▀[0m[38;2;0;0;0m[48;2;0;0;0m▀[0m[38;2;13;16;16m[48;2;8;6;9m▀[0m[38;2;10;8;11m[48;2;0;0;0m▀[0m[38;2;40;42;44m[48;2;45;47;45m▀[0m[38;2;0;1;0m[48;2;2;4;4m▀[0m[38;2;6;9;9m[48;2;5;7;8m▀[0m[38;2;0;0;0m[48;2;4;6;6m▀[0m
[38;2;5;7;10m[48;2;9;12;14m▀[0m[38;2;0;0;0m[48;2;0;0;0m▀[0m[38;2;0;0;0m[48;2;0;0;0m▀[0m[38;2;15;17;22m[48;2;28;32;34m▀[0m[38;2;32;36;38m[48;2;24;26;26m▀[0m[38;2;0;0;0m[48;2;0;0;0m▀[0m[38;2;0;0;0m[48;2;0;0;0m▀[0m[38;2;21;24;19m[48;2;21;24;24m▀[0m[38;2;0;0;0m[48;2;0;0;0m▀[0m[38;2;24;31;40m[48;2;0;0;0m▀[0m[38;2;94;96;98m[48;2;158;144;130m▀[0m[38;2;198;148;35m[48;2;255;224;29m▀[0m[38;2;255;255;135m[48;2;255;244;192m▀[0m[38;2;129;75;5m[48;2;0;0;0m▀[0m[38;2;37;48;61m[48;2;0;0;0m▀[0m[38;2;255;255;255m[48;2;0;0;0m▀[0m[38;2;255;255;255m[48;2;0;1;7m▀[0m[38;2;21;0;0m[48;2;0;0;0m▀[0m[38;2;233;178;92m[48;2;59;42;15m▀[0m[38;2;188;133;31m[48;2;2;0;0m▀[0m[38;2;28;11;0m[48;2;0;0;0m▀[0m[38;2;255;255;255m[48;2;9;14;16m▀[0m[38;2;255;255;255m[48;2;0;0;0m▀[0m[38;2;13;19;28m[48;2;0;0;0m▀[0m[38;2;226;145;19m[48;2;9;6;0m▀[0m[38;2;255;253;134m[48;2;255;255;161m▀[0m[38;2;164;122;55m[48;2;255;191;22m▀[0m[38;2;63;81;101m[48;2;48;56;57m▀[0m[38;2;0;0;0m[48;2;0;0;0m▀[0m[38;2;0;0;0m[48;2;0;0;0m▀[0m[38;2;23;25;25m[48;2;23;25;25m▀[0m[38;2;0;0;0m[48;2;0;0;0m▀[0m[38;2;45;49;49m[48;2;37;41;41m▀[0m[38;2;6;8;11m[48;2;13;15;18m▀[0m[38;2;2;4;2m[48;2;2;4;2m▀[0m[38;2;3;5;6m[48;2;0;0;0m▀[0m
[38;2;4;6;6m[48;2;0;0;0m▀[0m[38;2;0;0;0m[48;2;5;5;5m▀[0m[38;2;2;0;3m[48;2;3;5;5m▀[0m[38;2;40;44;46m[48;2;42;44;46m▀[0m[38;2;10;12;12m[48;2;2;1;0m▀[0m[38;2;0;0;0m[48;2;0;0;0m▀[0m[38;2;0;0;0m[48;2;1;1;3m▀[0m[38;2;22;25;27m[48;2;22;25;25m▀[0m[38;2;0;0;0m[48;2;0;0;0m▀[0m[38;2;0;2;11m[48;2;16;23;25m▀[0m[38;2;92;84;78m[48;2;4;15;28m▀[0m[38;2;63;21;0m[48;2;0;0;0m▀[0m[38;2;0;0;0m[48;2;0;0;0m▀[0m[38;2;175;186;204m[48;2;86;88;95m▀[0m[38;2;177;181;185m[48;2;255;255;255m▀[0m[38;2;0;0;0m[48;2;0;0;0m▀[0m[38;2;0;0;0m[48;2;0;0;0m▀[0m[38;2;0;0;0m[48;2;54;57;58m▀[0m[38;2;183;194;212m[48;2;255;255;255m▀[0m[38;2;102;108;121m[48;2;255;255;255m▀[0m[38;2;0;0;0m[48;2;0;0;0m▀[0m[38;2;0;0;0m[48;2;0;0;0m▀[0m[38;2;0;0;0m[48;2;21;24;23m▀[0m[38;2;228;232;238m[48;2;255;255;255m▀[0m[38;2;75;94;120m[48;2;13;16;21m▀[0m[38;2;0;0;0m[48;2;0;0;0m▀[0m[38;2;91;49;0m[48;2;0;0;0m▀[0m[38;2;83;86;82m[48;2;32;40;54m▀[0m[38;2;0;0;0m[48;2;0;0;0m▀[0m[38;2;0;0;0m[48;2;0;0;5m▀[0m[38;2;21;23;23m[48;2;12;14;14m▀[0m[38;2;1;0;0m[48;2;12;14;14m▀[0m[38;2;24;23;23m[48;2;5;7;7m▀[0m[38;2;24;26;28m[48;2;30;32;32m▀[0m[38;2;3;7;8m[48;2;3;5;5m▀[0m[38;2;0;0;0m[48;2;0;0;0m▀[0m
