wide,38,26,230,160,150
wide,43,16,255,186,181
wide,34,21,238,176,174
wide,44,22,252,191,182
wide,34,12,255,222,221
wide,45,19,255,158,148
wide,28,9,246,179,177
wide,49,14,255,212,204
wide,40,19,238,219,222
punch,39,11,252,201,195
punch,38,19,242,180,171
punch,42,20,255,182,173
punch,37,8,249,225,213
punch,43,9,248,200,197
punch,48,15,255,198,190
punch,47,19,243,188,178
punch,45,23,254,217,218
punch,29,26,226,156,150
strip,26,4,255,197,188
strip,21,6,255,185,180
strip,27,9,247,181,180
strip,18,9,254,160,157
strip,17,13,255,211,209
strip,24,6,255,213,210
