[38;2;219;238;243m[48;2;33;63;55m▀[0m[38;2;207;255;255m[48;2;119;0;0m▀[0m[38;2;144;165;169m[48;2;195;50;37m▀[0m[38;2;0;0;0m[48;2;0;14;7m▀[0m[38;2;0;0;0m[48;2;0;0;0m▀[0m[38;2;100;109;113m[48;2;108;118;121m▀[0m[38;2;137;153;162m[48;2;153;197;205m▀[0m[38;2;0;0;0m[48;2;0;0;0m▀[0m[38;2;16;60;63m[48;2;4;0;0m▀[0m[38;2;107;177;180m[48;2;255;179;166m▀[0m[38;2;0;0;0m[48;2;86;139;146m▀[0m[38;2;0;0;0m[48;2;0;0;0m▀[0m[38;2;0;0;0m[48;2;0;0;0m▀[0m[38;2;0;0;0m[48;2;0;0;0m▀[0m[38;2;0;1;1m[48;2;0;0;0m▀[0m[38;2;0;1;1m[48;2;0;1;1m▀[0m[38;2;0;1;1m[48;2;0;1;1m▀[0m[38;2;0;0;0m[48;2;0;0;0m▀[0m[38;2;0;0;0m[48;2;0;0;0m▀[0m[38;2;0;0;0m[48;2;0;0;0m▀[0m[38;2;75;77;77m[48;2;68;71;71m▀[0m[38;2;0;0;0m[48;2;157;156;157m▀[0m[38;2;0;0;0m[48;2;245;249;250m▀[0m[38;2;255;255;255m[48;2;255;255;255m▀[0m[38;2;255;255;255m[48;2;255;255;255m▀[0m[38;2;199;201;201m[48;2;255;255;255m▀[0m[38;2;75;79;78m[48;2;49;54;52m▀[0m[38;2;24;25;20m[48;2;28;30;28m▀[0m[38;2;0;0;0m[48;2;0;0;0m▀[0m[38;2;0;0;0m[48;2;0;11;19m▀[0m[38;2;0;0;0m[48;2;6;11;16m▀[0m[38;2;21;27;39m[48;2;16;25;31m▀[0m[38;2;18;26;40m[48;2;21;29;40m▀[0m[38;2;5;8;9m[48;2;12;16;21m▀[0m[38;2;0;0;0m[48;2;2;7;6m▀[0m[38;2;25;40;44m[48;2;23;31;40m▀[0m[38;2;36;44;57m[48;2;36;50;60m▀[0m[38;2;0;0;0m[48;2;0;0;0m▀[0m[38;2;0;0;0m[48;2;0;0;0m▀[0m[38;2;0;0;0m[48;2;47;55;61m▀[0m[38;2;220;224;223m[48;2;255;255;255m▀[0m[38;2;77;81;83m[48;2;0;0;0m▀[0m[38;2;0;0;0m[48;2;0;0;6m▀[0m[38;2;9;18;27m[48;2;0;4;13m▀[0m
[38;2;140;154;152m[48;2;185;187;185m▀[0m[38;2;255;99;97m[48;2;255;255;255m▀[0m[38;2;255;200;178m[48;2;199;188;180m▀[0m[38;2;0;5;1m[48;2;84;95;93m▀[0m[38;2;0;0;0m[48;2;0;0;0m▀[0m[38;2;48;48;48m[48;2;13;0;0m▀[0m[38;2;28;28;29m[48;2;100;0;0m▀[0m[38;2;0;0;0m[48;2;203;0;0m▀[0m[38;2;255;0;0m[48;2;255;0;0m▀[0m[38;2;255;0;0m[48;2;255;0;0m▀[0m[38;2;255;118;102m[48;2;255;0;0m▀[0m[38;2;90;164;170m[48;2;201;55;54m▀[0m[38;2;0;0;0m[48;2;55;79;77m▀[0m[38;2;0;0;0m[48;2;0;0;0m▀[0m[38;2;0;0;0m[48;2;0;0;0m▀[0m[38;2;0;0;0m[48;2;0;0;0m▀[0m[38;2;0;1;1m[48;2;0;0;0m▀[0m[38;2;0;0;0m[48;2;0;0;0m▀[0m[38;2;0;0;0m[48;2;0;0;0m▀[0m[38;2;0;0;0m[48;2;0;0;0m▀[0m[38;2;29;32;32m[48;2;154;158;158m▀[0m[38;2;255;255;255m[48;2;144;152;153m▀[0m[38;2;255;255;255m[48;2;255;255;255m▀[0m[38;2;255;255;255m[48;2;255;255;255m▀[0m[38;2;255;255;255m[48;2;255;255;255m▀[0m[38;2;255;255;255m[48;2;255;255;255m▀[0m[38;2;255;255;255m[48;2;255;255;255m▀[0m[38;2;76;77;74m[48;2;113;114;111m▀[0m[38;2;0;0;0m[48;2;0;0;0m▀[0m[38;2;12;24;40m[48;2;9;23;34m▀[0m[38;2;2;6;12m[48;2;3;7;16m▀[0m[38;2;13;24;31m[48;2;1;5;6m▀[0m[38;2;12;16;24m[48;2;11;16;25m▀[0m[38;2;11;16;21m[48;2;11;19;25m▀[0m[38;2;5;11;9m[48;2;0;8;8m▀[0m[38;2;16;25;34m[48;2;11;19;24m▀[0m[38;2;34;49;62m[48;2;37;56;64m▀[0m[38;2;0;0;0m[48;2;0;0;0m▀[0m[38;2;0;0;0m[48;2;124;124;120m▀[0m[38;2;255;255;255m[48;2;255;255;255m▀[0m[38;2;185;188;190m[48;2;0;0;0m▀[0m[38;2;0;0;0m[48;2;0;14;22m▀[0m[38;2;4;9;15m[48;2;57;74;91m▀[0m[38;2;29;44;54m[48;2;68;84;102m▀[0m
[38;2;255;255;255m[48;2;101;136;140m▀[0m[38;2;255;255;255m[48;2;0;0;0m▀[0m[38;2;243;255;255m[48;2;133;99;96m▀[0m[38;2;180;189;188m[48;2;217;254;253m▀[0m[38;2;0;0;0m[48;2;197;136;134m▀[0m[38;2;104;0;0m[48;2;255;83;80m▀[0m[38;2;180;5;1m[48;2;240;200;204m▀[0m[38;2;251;0;0m[48;2;255;175;171m▀[0m[38;2;207;0;0m[48;2;160;255;255m▀[0m[38;2;255;0;0m[48;2;108;210;209m▀[0m[38;2;233;0;0m[48;2;132;144;143m▀[0m[38;2;192;0;0m[48;2;180;155;147m▀[0m[38;2;9;9;3m[48;2;174;175;167m▀[0m[38;2;0;0;0m[48;2;255;242;230m▀[0m[38;2;0;0;0m[48;2;255;255;255m▀[0m[38;2;0;0;0m[48;2;54;46;41m▀[0m[38;2;0;0;0m[48;2;0;0;0m▀[0m[38;2;0;0;0m[48;2;0;0;0m▀[0m[38;2;0;0;0m[48;2;0;0;0m▀[0m[38;2;0;0;0m[48;2;0;0;0m▀[0m[38;2;75;89;91m[48;2;60;101;104m▀[0m[38;2;255;255;255m[48;2;255;233;221m▀[0m[38;2;255;255;255m[48;2;255;255;255m▀[0m[38;2;255;255;255m[48;2;255;236;230m▀[0m[38;2;255;255;255m[48;2;255;214;207m▀[0m[38;2;255;255;255m[48;2;255;255;255m▀[0m[38;2;255;255;255m[48;2;255;255;255m▀[0m[38;2;122;126;122m[48;2;120;125;124m▀[0m[38;2;0;0;0m[48;2;0;0;0m▀[0m[38;2;1;8;20m[48;2;0;2;11m▀[0m[38;2;0;0;0m[48;2;5;8;14m▀[0m[38;2;11;16;25m[48;2;11;16;22m▀[0m[38;2;21;29;42m[48;2;21;28;42m▀[0m[38;2;13;19;24m[48;2;13;19;24m▀[0m[38;2;3;7;8m[48;2;4;8;13m▀[0m[38;2;2;9;11m[48;2;0;0;0m▀[0m[38;2;34;54;67m[48;2;27;48;55m▀[0m[38;2;0;0;0m[48;2;0;0;0m▀[0m[38;2;210;205;200m[48;2;255;255;255m▀[0m[38;2;255;255;255m[48;2;255;255;255m▀[0m[38;2;0;0;2m[48;2;0;0;0m▀[0m[38;2;43;62;82m[48;2;0;0;0m▀[0m[38;2;16;27;34m[48;2;0;2;3m▀[0m[38;2;0;0;0m[48;2;36;48;57m▀[0m
[38;2;100;245;250m[48;2;255;71;54m▀[0m[38;2;19;8;3m[48;2;231;177;174m▀[0m[38;2;219;135;129m[48;2;148;239;236m▀[0m[38;2;236;255;255m[48;2;213;218;218m▀[0m[38;2;206;232;232m[48;2;201;223;226m▀[0m[38;2;222;227;227m[48;2;209;235;237m▀[0m[38;2;249;204;201m[48;2;215;230;228m▀[0m[38;2;205;255;255m[48;2;216;216;218m▀[0m[38;2;203;198;200m[48;2;208;114;111m▀[0m[38;2;218;231;238m[48;2;216;211;209m▀[0m[38;2;164;198;200m[48;2;188;193;195m▀[0m[38;2;151;165;160m[48;2;161;156;154m▀[0m[38;2;215;213;202m[48;2;178;175;169m▀[0m[38;2;217;192;189m[48;2;223;222;218m▀[0m[38;2;237;216;220m[48;2;206;195;192m▀[0m[38;2;222;188;182m[48;2;239;216;209m▀[0m[38;2;0;0;0m[48;2;126;103;99m▀[0m[38;2;0;0;0m[48;2;0;0;0m▀[0m[38;2;0;0;0m[48;2;0;0;0m▀[0m[38;2;0;0;0m[48;2;0;0;0m▀[0m[38;2;130;162;168m[48;2;225;37;36m▀[0m[38;2;255;250;242m[48;2;255;170;155m▀[0m[38;2;255;255;255m[48;2;255;255;255m▀[0m[38;2;255;116;102m[48;2;255;255;255m▀[0m[38;2;255;169;158m[48;2;255;255;255m▀[0m[38;2;255;255;255m[48;2;255;255;255m▀[0m[38;2;255;255;255m[48;2;255;255;255m▀[0m[38;2;59;75;72m[48;2;18;0;0m▀[0m[38;2;0;0;0m[48;2;0;0;0m▀[0m[38;2;9;21;39m[48;2;5;19;31m▀[0m[38;2;7;11;19m[48;2;6;13;22m▀[0m[38;2;6;13;19m[48;2;5;3;8m▀[0m[38;2;22;31;46m[48;2;6;12;22m▀[0m[38;2;5;14;20m[48;2;0;2;3m▀[0m[38;2;0;4;8m[48;2;0;0;2m▀[0m[38;2;0;0;1m[48;2;0;0;0m▀[0m[38;2;0;0;11m[48;2;52;67;77m▀[0m[38;2;100;104;104m[48;2;199;199;199m▀[0m[38;2;233;233;228m[48;2;0;0;0m▀[0m[38;2;64;62;56m[48;2;0;0;0m▀[0m[38;2;0;0;0m[48;2;1;6;10m▀[0m[38;2;19;29;39m[48;2;45;60;75m▀[0m[38;2;62;82;98m[48;2;57;72;89m▀[0m[38;2;59;76;89m[48;2;50;62;73m▀[0m
[38;2;255;0;0m[48;2;122;0;0m▀[0m[38;2;255;0;0m[48;2;255;0;0m▀[0m[38;2;254;56;43m[48;2;255;1;0m▀[0m[38;2;222;223;216m[48;2;195;255;255m▀[0m[38;2;198;238;241m[48;2;209;238;241m▀[0m[38;2;209;213;215m[48;2;180;171;168m▀[0m[38;2;209;219;222m[48;2;204;204;200m▀[0m[38;2;203;192;191m[48;2;214;221;221m▀[0m[38;2;202;219;217m[48;2;207;207;205m▀[0m[38;2;222;236;236m[48;2;208;216;216m▀[0m[38;2;156;147;144m[48;2;151;133;120m▀[0m[38;2;160;163;158m[48;2;231;197;190m▀[0m[38;2;214;206;206m[48;2;255;255;255m▀[0m[38;2;167;138;131m[48;2;225;199;190m▀[0m[38;2;255;255;255m[48;2;185;158;152m▀[0m[38;2;250;239;235m[48;2;224;241;241m▀[0m[38;2;210;185;173m[48;2;201;216;215m▀[0m[38;2;0;0;0m[48;2;225;249;253m▀[0m[38;2;0;0;0m[48;2;112;181;185m▀[0m[38;2;0;0;0m[48;2;0;37;44m▀[0m[38;2;255;43;33m[48;2;255;255;255m▀[0m[38;2;255;147;121m[48;2;255;172;158m▀[0m[38;2;255;255;255m[48;2;255;255;255m▀[0m[38;2;255;255;255m[48;2;255;255;255m▀[0m[38;2;255;255;255m[48;2;255;255;255m▀[0m[38;2;255;255;255m[48;2;255;255;255m▀[0m[38;2;255;224;210m[48;2;255;255;255m▀[0m[38;2;0;0;0m[48;2;0;0;0m▀[0m[38;2;0;0;0m[48;2;0;0;0m▀[0m[38;2;0;9;27m[48;2;0;0;0m▀[0m[38;2;0;0;6m[48;2;11;27;41m▀[0m[38;2;1;6;8m[48;2;47;75;94m▀[0m[38;2;38;60;75m[48;2;31;48;62m▀[0m[38;2;14;29;42m[48;2;0;0;0m▀[0m[38;2;0;0;0m[48;2;0;0;0m▀[0m[38;2;0;0;0m[48;2;242;240;238m▀[0m[38;2;255;255;255m[48;2;255;255;255m▀[0m[38;2;29;34;40m[48;2;0;0;0m▀[0m[38;2;0;0;0m[48;2;0;0;0m▀[0m[38;2;36;59;74m[48;2;10;25;33m▀[0m[38;2;54;77;91m[48;2;30;49;61m▀[0m[38;2;38;59;67m[48;2;41;56;65m▀[0m[38;2;56;73;85m[48;2;56;69;81m▀[0m[38;2;51;60;76m[48;2;47;61;73m▀[0m
[38;2;140;0;0m[48;2;122;0;0m▀[0m[38;2;255;0;0m[48;2;69;0;0m▀[0m[38;2;226;127;125m[48;2;220;134;128m▀[0m[38;2;199;255;255m[48;2;220;255;255m▀[0m[38;2;228;227;227m[48;2;234;209;209m▀[0m[38;2;148;144;139m[48;2;166;187;191m▀[0m[38;2;188;178;169m[48;2;150;132;130m▀[0m[38;2;222;225;222m[48;2;235;240;237m▀[0m[38;2;210;209;203m[48;2;210;211;208m▀[0m[38;2;188;216;216m[48;2;217;216;213m▀[0m[38;2;246;115;110m[48;2;255;255;255m▀[0m[38;2;255;249;249m[48;2;255;255;252m▀[0m[38;2;255;255;255m[48;2;189;207;207m▀[0m[38;2;210;230;231m[48;2;255;255;255m▀[0m[38;2;197;200;202m[48;2;255;255;255m▀[0m[38;2;255;255;255m[48;2;255;255;255m▀[0m[38;2;255;255;255m[48;2;255;255;255m▀[0m[38;2;255;205;200m[48;2;255;255;255m▀[0m[38;2;255;199;187m[48;2;255;251;250m▀[0m[38;2;255;255;255m[48;2;255;0;0m▀[0m[38;2;255;0;0m[48;2;255;0;0m▀[0m[38;2;255;69;43m[48;2;255;160;149m▀[0m[38;2;255;255;255m[48;2;255;255;255m▀[0m[38;2;255;255;255m[48;2;255;255;255m▀[0m[38;2;255;249;242m[48;2;255;255;255m▀[0m[38;2;255;195;175m[48;2;255;0;0m▀[0m[38;2;186;211;211m[48;2;150;103;96m▀[0m[38;2;245;135;121m[48;2;255;255;255m▀[0m[38;2;157;121;120m[48;2;255;255;255m▀[0m[38;2;0;0;0m[48;2;255;255;255m▀[0m[38;2;0;1;18m[48;2;0;0;0m▀[0m[38;2;0;0;0m[48;2;0;0;0m▀[0m[38;2;0;0;0m[48;2;0;0;0m▀[0m[38;2;0;0;0m[48;2;129;131;129m▀[0m[38;2;213;222;218m[48;2;139;139;140m▀[0m[38;2;255;255;255m[48;2;233;231;228m▀[0m[38;2;79;94;105m[48;2;90;105;114m▀[0m[38;2;0;3;14m[48;2;0;8;19m▀[0m[38;2;0;0;0m[48;2;0;0;0m▀[0m[38;2;0;6;9m[48;2;9;19;26m▀[0m[38;2;0;9;19m[48;2;1;3;3m▀[0m[38;2;15;25;30m[48;2;33;46;54m▀[0m[38;2;59;75;87m[48;2;59;76;92m▀[0m[38;2;50;64;76m[48;2;51;63;74m▀[0m
[38;2;0;0;0m[48;2;2;1;2m▀[0m[38;2;255;0;0m[48;2;0;0;0m▀[0m[38;2;169;90;78m[48;2;92;30;24m▀[0m[38;2;231;255;255m[48;2;255;198;188m▀[0m[38;2;244;203;198m[48;2;255;234;226m▀[0m[38;2;223;218;223m[48;2;228;255;255m▀[0m[38;2;109;114;109m[48;2;0;0;0m▀[0m[38;2;238;246;244m[48;2;204;180;174m▀[0m[38;2;202;213;210m[48;2;202;207;202m▀[0m[38;2;255;208;197m[48;2;195;192;181m▀[0m[38;2;248;224;221m[48;2;223;255;255m▀[0m[38;2;217;255;255m[48;2;255;196;184m▀[0m[38;2;255;255;255m[48;2;242;193;198m▀[0m[38;2;255;255;255m[48;2;255;255;255m▀[0m[38;2;255;255;255m[48;2;255;255;255m▀[0m[38;2;255;255;255m[48;2;255;255;255m▀[0m[38;2;255;255;255m[48;2;255;255;255m▀[0m[38;2;255;255;255m[48;2;255;255;255m▀[0m[38;2;255;255;255m[48;2;255;184;181m▀[0m[38;2;228;124;116m[48;2;255;0;0m▀[0m[38;2;255;136;130m[48;2;255;0;0m▀[0m[38;2;255;209;203m[48;2;255;0;0m▀[0m[38;2;255;255;255m[48;2;255;255;255m▀[0m[38;2;255;255;255m[48;2;255;255;255m▀[0m[38;2;255;245;241m[48;2;255;140;131m▀[0m[38;2;255;132;127m[48;2;255;105;96m▀[0m[38;2;255;13;9m[48;2;255;109;110m▀[0m[38;2;255;245;245m[48;2;255;255;255m▀[0m[38;2;255;255;255m[48;2;255;255;255m▀[0m[38;2;255;255;255m[48;2;255;244;239m▀[0m[38;2;255;255;255m[48;2;255;255;255m▀[0m[38;2;0;5;4m[48;2;255;255;255m▀[0m[38;2;83;85;85m[48;2;0;0;0m▀[0m[38;2;5;7;8m[48;2;0;0;0m▀[0m[38;2;0;0;0m[48;2;0;0;0m▀[0m[38;2;23;26;25m[48;2;0;0;0m▀[0m[38;2;23;40;52m[48;2;5;20;28m▀[0m[38;2;27;40;52m[48;2;48;64;78m▀[0m[38;2;0;0;0m[48;2;0;0;0m▀[0m[38;2;2;9;13m[48;2;0;0;0m▀[0m[38;2;68;84;99m[48;2;62;83;94m▀[0m[38;2;66;83;97m[48;2;60;75;89m▀[0m[38;2;47;63;76m[48;2;18;27;37m▀[0m[38;2;45;64;76m[48;2;29;40;49m▀[0m
[38;2;0;0;0m[48;2;0;0;0m▀[0m[38;2;0;0;0m[48;2;0;0;0m▀[0m[38;2;0;0;0m[48;2;0;0;0m▀[0m[38;2;197;144;137m[48;2;75;51;44m▀[0m[38;2;255;97;93m[48;2;255;217;204m▀[0m[38;2;145;84;84m[48;2;107;0;0m▀[0m[38;2;23;0;0m[48;2;228;201;198m▀[0m[38;2;160;0;0m[48;2;255;121;114m▀[0m[38;2;96;102;96m[48;2;44;0;0m▀[0m[38;2;184;203;203m[48;2;255;255;255m▀[0m[38;2;255;255;255m[48;2;255;255;255m▀[0m[38;2;210;12;2m[48;2;255;185;186m▀[0m[38;2;252;179;184m[48;2;224;213;214m▀[0m[38;2;255;255;255m[48;2;255;255;255m▀[0m[38;2;255;255;255m[48;2;255;255;255m▀[0m[38;2;255;255;255m[48;2;255;255;255m▀[0m[38;2;255;255;255m[48;2;255;187;179m▀[0m[38;2;255;180;173m[48;2;255;248;245m▀[0m[38;2;255;118;118m[48;2;241;255;255m▀[0m[38;2;255;118;105m[48;2;255;105;101m▀[0m[38;2;255;0;0m[48;2;255;0;0m▀[0m[38;2;255;0;0m[48;2;255;0;0m▀[0m[38;2;255;0;0m[48;2;255;0;0m▀[0m[38;2;255;255;255m[48;2;255;0;0m▀[0m[38;2;255;0;0m[48;2;206;137;127m▀[0m[38;2;253;0;0m[48;2;255;42;36m▀[0m[38;2;255;255;255m[48;2;254;231;224m▀[0m[38;2;255;255;255m[48;2;179;239;237m▀[0m[38;2;227;255;255m[48;2;239;253;255m▀[0m[38;2;246;179;168m[48;2;255;78;68m▀[0m[38;2;255;255;255m[48;2;255;255;255m▀[0m[38;2;255;196;196m[48;2;255;243;249m▀[0m[38;2;243;214;209m[48;2;255;220;217m▀[0m[38;2;0;0;0m[48;2;174;181;179m▀[0m[38;2;0;0;0m[48;2;0;0;0m▀[0m[38;2;0;0;0m[48;2;0;0;0m▀[0m[38;2;11;20;25m[48;2;1;8;14m▀[0m[38;2;48;67;81m[48;2;47;66;78m▀[0m[38;2;0;0;0m[48;2;6;6;7m▀[0m[38;2;0;0;0m[48;2;0;0;0m▀[0m[38;2;67;86;104m[48;2;48;65;78m▀[0m[38;2;49;65;79m[48;2;11;20;21m▀[0m[38;2;38;54;67m[48;2;19;24;26m▀[0m[38;2;47;64;81m[48;2;11;14;15m▀[0m
[38;2;49;2;2m[48;2;8;1;1m▀[0m[38;2;0;0;0m[48;2;0;0;0m▀[0m[38;2;0;0;0m[48;2;0;0;0m▀[0m[38;2;0;20;19m[48;2;0;0;0m▀[0m[38;2;230;90;82m[48;2;182;80;73m▀[0m[38;2;142;42;40m[48;2;177;59;49m▀[0m[38;2;255;255;255m[48;2;255;255;255m▀[0m[38;2;255;255;255m[48;2;178;182;178m▀[0m[38;2;182;178;178m[48;2;255;255;255m▀[0m[38;2;255;255;255m[48;2;255;255;255m▀[0m[38;2;255;255;255m[48;2;255;222;219m▀[0m[38;2;255;233;232m[48;2;255;231;226m▀[0m[38;2;255;255;255m[48;2;255;255;255m▀[0m[38;2;255;255;255m[48;2;255;255;255m▀[0m[38;2;255;255;255m[48;2;255;221;216m▀[0m[38;2;255;188;178m[48;2;255;239;238m▀[0m[38;2;255;255;255m[48;2;255;255;255m▀[0m[38;2;255;255;255m[48;2;255;255;255m▀[0m[38;2;255;255;255m[48;2;255;169;169m▀[0m[38;2;255;36;31m[48;2;255;136;132m▀[0m[38;2;255;255;255m[48;2;255;255;255m▀[0m[38;2;255;15;6m[48;2;255;217;203m▀[0m[38;2;255;126;115m[48;2;255;255;255m▀[0m[38;2;251;76;71m[48;2;255;218;218m▀[0m[38;2;255;57;28m[48;2;255;65;48m▀[0m[38;2;248;255;255m[48;2;246;255;255m▀[0m[38;2;246;221;209m[48;2;244;157;157m▀[0m[38;2;255;255;255m[48;2;255;255;255m▀[0m[38;2;255;255;255m[48;2;255;255;255m▀[0m[38;2;255;255;255m[48;2;255;255;255m▀[0m[38;2;255;255;255m[48;2;255;255;255m▀[0m[38;2;255;255;255m[48;2;255;255;255m▀[0m[38;2;255;255;255m[48;2;255;255;255m▀[0m[38;2;255;255;255m[48;2;255;255;255m▀[0m[38;2;36;44;44m[48;2;255;255;255m▀[0m[38;2;0;0;0m[48;2;0;0;0m▀[0m[38;2;0;2;5m[48;2;0;0;0m▀[0m[38;2;37;60;69m[48;2;28;52;61m▀[0m[38;2;33;43;51m[48;2;47;63;77m▀[0m[38;2;0;0;0m[48;2;0;0;0m▀[0m[38;2;0;0;0m[48;2;0;0;0m▀[0m[38;2;14;23;26m[48;2;48;71;82m▀[0m[38;2;23;31;38m[48;2;28;42;54m▀[0m[38;2;40;52;65m[48;2;0;0;0m▀[0m
[38;2;0;0;0m[48;2;1;1;1m▀[0m[38;2;0;0;0m[48;2;0;1;1m▀[0m[38;2;0;0;0m[48;2;0;0;0m▀[0m[38;2;0;0;0m[48;2;0;0;0m▀[0m[38;2;133;64;59m[48;2;63;14;8m▀[0m[38;2;171;139;126m[48;2;87;61;51m▀[0m[38;2;138;115;95m[48;2;41;34;22m▀[0m[38;2;198;198;191m[48;2;255;255;255m▀[0m[38;2;255;255;255m[48;2;255;255;255m▀[0m[38;2;255;255;255m[48;2;255;255;255m▀[0m[38;2;255;232;234m[48;2;255;255;255m▀[0m[38;2;255;249;255m[48;2;255;255;255m▀[0m[38;2;255;255;255m[48;2;255;255;255m▀[0m[38;2;255;255;255m[48;2;255;255;255m▀[0m[38;2;255;211;208m[48;2;255;231;231m▀[0m[38;2;255;255;255m[48;2;255;255;255m▀[0m[38;2;255;255;255m[48;2;255;255;255m▀[0m[38;2;255;255;255m[48;2;255;255;255m▀[0m[38;2;255;179;172m[48;2;255;170;167m▀[0m[38;2;255;255;255m[48;2;227;225;228m▀[0m[38;2;249;255;255m[48;2;255;145;119m▀[0m[38;2;255;255;243m[48;2;255;255;255m▀[0m[38;2;197;165;155m[48;2;243;151;147m▀[0m[38;2;208;179;166m[48;2;251;170;161m▀[0m[38;2;255;185;171m[48;2;255;210;196m▀[0m[38;2;255;255;255m[48;2;255;237;231m▀[0m[38;2;255;255;255m[48;2;255;255;255m▀[0m[38;2;255;204;203m[48;2;255;143;128m▀[0m[38;2;255;255;255m[48;2;255;255;255m▀[0m[38;2;255;255;255m[48;2;255;255;255m▀[0m[38;2;255;255;255m[48;2;255;255;255m▀[0m[38;2;255;255;255m[48;2;255;255;255m▀[0m[38;2;255;255;255m[48;2;255;220;220m▀[0m[38;2;255;255;255m[48;2;255;255;255m▀[0m[38;2;255;255;255m[48;2;255;255;255m▀[0m[38;2;0;0;0m[48;2;146;145;140m▀[0m[38;2;0;0;0m[48;2;0;0;0m▀[0m[38;2;27;46;58m[48;2;20;34;44m▀[0m[38;2;62;82;99m[48;2;58;83;102m▀[0m[38;2;0;0;0m[48;2;0;0;0m▀[0m[38;2;0;0;0m[48;2;0;0;0m▀[0m[38;2;22;29;40m[48;2;37;49;58m▀[0m[38;2;58;74;86m[48;2;71;85;103m▀[0m[38;2;10;13;14m[48;2;18;25;27m▀[0m
[38;2;1;1;1m[48;2;1;1;1m▀[0m[38;2;28;10;10m[48;2;0;1;1m▀[0m[38;2;2;0;0m[48;2;0;0;0m▀[0m[38;2;0;0;0m[48;2;0;0;0m▀[0m[38;2;10;15;15m[48;2;5;0;0m▀[0m[38;2;93;68;60m[48;2;225;180;165m▀[0m[38;2;0;0;0m[48;2;119;108;97m▀[0m[38;2;255;255;255m[48;2;255;255;244m▀[0m[38;2;255;255;255m[48;2;255;255;255m▀[0m[38;2;255;255;255m[48;2;255;255;255m▀[0m[38;2;255;255;255m[48;2;255;255;255m▀[0m[38;2;255;255;255m[48;2;255;255;255m▀[0m[38;2;255;255;255m[48;2;255;255;255m▀[0m[38;2;255;241;241m[48;2;255;236;235m▀[0m[38;2;255;243;245m[48;2;255;248;237m▀[0m[38;2;255;255;255m[48;2;246;236;231m▀[0m[38;2;250;255;255m[48;2;206;238;227m▀[0m[38;2;255;191;181m[48;2;255;33;13m▀[0m[38;2;255;56;44m[48;2;198;26;12m▀[0m[38;2;235;48;38m[48;2;241;85;57m▀[0m[38;2;255;80;59m[48;2;255;236;220m▀[0m[38;2;255;255;255m[48;2;255;255;255m▀[0m[38;2;255;173;166m[48;2;255;109;92m▀[0m[38;2;255;174;162m[48;2;255;144;126m▀[0m[38;2;255;255;245m[48;2;255;166;145m▀[0m[38;2;179;181;168m[48;2;73;102;89m▀[0m[38;2;255;222;213m[48;2;255;0;0m▀[0m[38;2;255;42;23m[48;2;255;0;0m▀[0m[38;2;249;255;255m[48;2;207;255;245m▀[0m[38;2;255;255;255m[48;2;250;236;226m▀[0m[38;2;255;255;255m[48;2;255;255;255m▀[0m[38;2;255;255;255m[48;2;255;255;255m▀[0m[38;2;255;255;255m[48;2;255;147;143m▀[0m[38;2;255;255;255m[48;2;255;226;230m▀[0m[38;2;255;255;255m[48;2;255;255;255m▀[0m[38;2;235;238;233m[48;2;255;255;255m▀[0m[38;2;0;0;0m[48;2;0;0;0m▀[0m[38;2;0;13;21m[48;2;0;0;2m▀[0m[38;2;82;110;125m[48;2;72;99;116m▀[0m[38;2;0;0;0m[48;2;0;2;0m▀[0m[38;2;0;0;0m[48;2;0;0;0m▀[0m[38;2;27;41;44m[48;2;22;31;39m▀[0m[38;2;66;86;99m[48;2;65;85;98m▀[0m[38;2;15;23;28m[48;2;19;27;33m▀[0m
[38;2;1;1;1m[48;2;0;1;1m▀[0m[38;2;0;1;1m[48;2;0;0;1m▀[0m[38;2;0;0;0m[48;2;0;0;0m▀[0m[38;2;0;0;0m[48;2;0;0;0m▀[0m[38;2;3;0;0m[48;2;48;38;37m▀[0m[38;2;182;121;107m[48;2;156;102;92m▀[0m[38;2;151;136;127m[48;2;138;125;118m▀[0m[38;2;255;234;223m[48;2;246;220;211m▀[0m[38;2;255;255;255m[48;2;255;240;233m▀[0m[38;2;255;255;255m[48;2;255;255;255m▀[0m[38;2;255;255;255m[48;2;255;255;255m▀[0m[38;2;255;255;255m[48;2;255;255;255m▀[0m[38;2;255;255;255m[48;2;255;255;255m▀[0m[38;2;255;197;198m[48;2;255;239;244m▀[0m[38;2;255;155;150m[48;2;255;137;140m▀[0m[38;2;255;255;255m[48;2;255;255;255m▀[0m[38;2;235;255;255m[48;2;255;255;255m▀[0m[38;2;255;125;118m[48;2;255;255;255m▀[0m[38;2;255;255;255m[48;2;255;255;255m▀[0m[38;2;172;136;121m[48;2;80;101;101m▀[0m[38;2;208;124;113m[48;2;0;0;0m▀[0m[38;2;255;150;135m[48;2;76;56;49m▀[0m[38;2;198;136;127m[48;2;255;255;255m▀[0m[38;2;234;128;114m[48;2;0;0;0m▀[0m[38;2;95;31;10m[48;2;97;107;96m▀[0m[38;2;227;255;255m[48;2;255;255;255m▀[0m[38;2;255;188;186m[48;2;255;255;255m▀[0m[38;2;255;134;131m[48;2;255;195;186m▀[0m[38;2;250;255;255m[48;2;255;255;255m▀[0m[38;2;255;255;255m[48;2;255;255;255m▀[0m[38;2;255;255;255m[48;2;255;255;255m▀[0m[38;2;255;255;255m[48;2;255;255;255m▀[0m[38;2;255;255;255m[48;2;245;196;193m▀[0m[38;2;255;255;255m[48;2;255;255;255m▀[0m[38;2;255;255;255m[48;2;255;255;255m▀[0m[38;2;255;255;253m[48;2;249;223;213m▀[0m[38;2;0;0;0m[48;2;0;0;0m▀[0m[38;2;0;0;0m[48;2;0;0;0m▀[0m[38;2;60;87;104m[48;2;64;90;112m▀[0m[38;2;4;6;7m[48;2;11;15;20m▀[0m[38;2;0;0;0m[48;2;0;0;0m▀[0m[38;2;14;24;28m[48;2;7;14;19m▀[0m[38;2;62;84;98m[48;2;60;83;94m▀[0m[38;2;25;36;43m[48;2;32;43;51m▀[0m
[38;2;1;1;1m[48;2;0;1;1m▀[0m[38;2;0;0;0m[48;2;0;0;0m▀[0m[38;2;0;0;0m[48;2;0;0;0m▀[0m[38;2;0;0;0m[48;2;0;0;0m▀[0m[38;2;98;82;80m[48;2;120;102;98m▀[0m[38;2;189;151;142m[48;2;188;161;155m▀[0m[38;2;139;127;119m[48;2;139;127;119m▀[0m[38;2;232;209;203m[48;2;216;193;188m▀[0m[38;2;250;223;215m[48;2;241;222;213m▀[0m[38;2;255;246;238m[48;2;214;139;132m▀[0m[38;2;255;255;255m[48;2;246;207;197m▀[0m[38;2;255;255;255m[48;2;255;255;255m▀[0m[38;2;255;255;255m[48;2;255;255;255m▀[0m[38;2;255;255;255m[48;2;255;255;255m▀[0m[38;2;255;255;255m[48;2;255;255;255m▀[0m[38;2;255;255;255m[48;2;255;255;255m▀[0m[38;2;255;255;255m[48;2;255;255;255m▀[0m[38;2;255;255;255m[48;2;255;255;254m▀[0m[38;2;255;255;255m[48;2;255;255;255m▀[0m[38;2;73;77;76m[48;2;47;50;49m▀[0m[38;2;0;0;0m[48;2;0;0;0m▀[0m[38;2;0;0;0m[48;2;0;0;0m▀[0m[38;2;74;97;102m[48;2;68;86;86m▀[0m[38;2;0;0;0m[48;2;0;0;0m▀[0m[38;2;198;199;193m[48;2;184;217;204m▀[0m[38;2;255;255;255m[48;2;255;239;237m▀[0m[38;2;255;245;245m[48;2;255;255;255m▀[0m[38;2;255;179;171m[48;2;255;255;255m▀[0m[38;2;255;255;255m[48;2;255;255;255m▀[0m[38;2;255;255;255m[48;2;255;255;255m▀[0m[38;2;255;255;255m[48;2;255;255;255m▀[0m[38;2;255;255;255m[48;2;255;238;235m▀[0m[38;2;255;255;255m[48;2;255;232;230m▀[0m[38;2;255;255;255m[48;2;255;250;244m▀[0m[38;2;255;255;255m[48;2;255;244;235m▀[0m[38;2;200;174;164m[48;2;156;133;129m▀[0m[38;2;0;0;0m[48;2;0;0;0m▀[0m[38;2;0;0;0m[48;2;0;0;0m▀[0m[38;2;67;94;110m[48;2;66;92;110m▀[0m[38;2;19;26;30m[48;2;23;30;41m▀[0m[38;2;0;0;0m[48;2;0;0;0m▀[0m[38;2;2;7;8m[48;2;0;3;2m▀[0m[38;2;60;79;92m[48;2;58;77;90m▀[0m[38;2;39;47;62m[48;2;38;51;61m▀[0m
[38;2;0;1;1m[48;2;1;1;1m▀[0m[38;2;0;0;0m[48;2;0;1;1m▀[0m[38;2;0;0;0m[48;2;0;0;0m▀[0m[38;2;0;0;0m[48;2;0;0;0m▀[0m[38;2;87;83;81m[48;2;30;15;15m▀[0m[38;2;182;153;143m[48;2;186;124;112m▀[0m[38;2;138;125;125m[48;2;143;144;135m▀[0m[38;2;197;181;174m[48;2;186;170;164m▀[0m[38;2;224;208;200m[48;2;192;169;164m▀[0m[38;2;232;174;165m[48;2;231;204;196m▀[0m[38;2;193;100;93m[48;2;244;213;201m▀[0m[38;2;255;251;244m[48;2;253;228;219m▀[0m[38;2;255;255;248m[48;2;255;239;231m▀[0m[38;2;255;249;248m[48;2;251;237;231m▀[0m[38;2;255;251;252m[48;2;254;241;234m▀[0m[38;2;255;255;255m[48;2;255;252;244m▀[0m[38;2;255;255;255m[48;2;255;255;255m▀[0m[38;2;255;242;239m[48;2;255;224;215m▀[0m[38;2;255;255;255m[48;2;178;167;157m▀[0m[38;2;0;0;0m[48;2;0;0;0m▀[0m[38;2;0;0;0m[48;2;124;134;135m▀[0m[38;2;0;0;0m[48;2;136;142;144m▀[0m[38;2;255;255;255m[48;2;226;237;238m▀[0m[38;2;37;75;73m[48;2;0;28;32m▀[0m[38;2;250;86;67m[48;2;255;112;92m▀[0m[38;2;255;78;65m[48;2;255;97;79m▀[0m[38;2;255;255;255m[48;2;255;255;255m▀[0m[38;2;255;255;255m[48;2;255;253;249m▀[0m[38;2;255;255;255m[48;2;255;246;242m▀[0m[38;2;255;250;246m[48;2;253;237;233m▀[0m[38;2;254;244;239m[48;2;250;232;223m▀[0m[38;2;255;220;215m[48;2;245;225;219m▀[0m[38;2;252;216;214m[48;2;240;217;209m▀[0m[38;2;248;225;220m[48;2;235;202;193m▀[0m[38;2;255;223;209m[48;2;241;209;198m▀[0m[38;2;100;93;92m[48;2;28;28;31m▀[0m[38;2;0;0;0m[48;2;0;0;0m▀[0m[38;2;0;0;0m[48;2;0;0;0m▀[0m[38;2;66;87;108m[48;2;62;85;100m▀[0m[38;2;32;42;52m[48;2;38;51;63m▀[0m[38;2;0;0;0m[48;2;0;0;0m▀[0m[38;2;0;0;0m[48;2;0;0;0m▀[0m[38;2;60;76;89m[48;2;55;74;86m▀[0m[38;2;37;50;63m[48;2;39;52;65m▀[0m
[38;2;1;1;1m[48;2;0;1;1m▀[0m[38;2;1;1;1m[48;2;1;1;1m▀[0m[38;2;0;0;0m[48;2;0;0;0m▀[0m[38;2;0;0;0m[48;2;0;0;0m▀[0m[38;2;0;0;0m[48;2;0;0;0m▀[0m[38;2;206;100;92m[48;2;142;114;104m▀[0m[38;2;147;156;152m[48;2;168;155;148m▀[0m[38;2;187;167;160m[48;2;186;168;161m▀[0m[38;2;172;158;151m[48;2;165;152;145m▀[0m[38;2;192;169;163m[48;2;168;152;144m▀[0m[38;2;220;188;174m[48;2;183;161;153m▀[0m[38;2;241;203;193m[48;2;203;168;158m▀[0m[38;2;248;214;200m[48;2;213;180;171m▀[0m[38;2;241;214;201m[48;2;209;181;172m▀[0m[38;2;240;214;205m[48;2;204;181;167m▀[0m[38;2;242;227;215m[48;2;182;186;175m▀[0m[38;2;236;220;210m[48;2;213;178;172m▀[0m[38;2;255;136;121m[48;2;255;44;33m▀[0m[38;2;1;25;21m[48;2;0;0;0m▀[0m[38;2;0;0;0m[48;2;0;0;0m▀[0m[38;2;4;8;9m[48;2;0;0;0m▀[0m[38;2;0;0;0m[48;2;0;0;0m▀[0m[38;2;117;125;130m[48;2;122;130;131m▀[0m[38;2;0;0;0m[48;2;0;0;0m▀[0m[38;2;174;119;98m[48;2;131;80;64m▀[0m[38;2;237;137;120m[48;2;250;167;148m▀[0m[38;2;220;226;220m[48;2;168;171;167m▀[0m[38;2;250;226;219m[48;2;214;187;177m▀[0m[38;2;244;222;213m[48;2;219;188;174m▀[0m[38;2;239;215;210m[48;2;214;184;174m▀[0m[38;2;236;216;208m[48;2;208;186;177m▀[0m[38;2;216;173;164m[48;2;188;139;129m▀[0m[38;2;222;181;170m[48;2;187;163;153m▀[0m[38;2;220;193;184m[48;2;219;198;187m▀[0m[38;2;202;178;171m[48;2;142;128;119m▀[0m[38;2;0;0;0m[48;2;0;0;0m▀[0m[38;2;0;0;0m[48;2;0;5;13m▀[0m[38;2;0;0;0m[48;2;0;0;0m▀[0m[38;2;55;77;89m[48;2;43;65;77m▀[0m[38;2;50;64;77m[48;2;54;73;85m▀[0m[38;2;0;0;0m[48;2;0;0;0m▀[0m[38;2;0;0;0m[48;2;0;0;0m▀[0m[38;2;51;72;87m[48;2;41;60;66m▀[0m[38;2;45;62;69m[48;2;56;77;87m▀[0m
[38;2;0;1;1m[48;2;1;1;1m▀[0m[38;2;1;1;1m[48;2;1;1;1m▀[0m[38;2;0;0;0m[48;2;0;0;0m▀[0m[38;2;0;0;0m[48;2;0;0;0m▀[0m[38;2;0;0;0m[48;2;0;0;0m▀[0m[38;2;80;73;71m[48;2;43;39;39m▀[0m[38;2;171;150;143m[48;2;162;139;132m▀[0m[38;2;187;165;160m[48;2;182;158;152m▀[0m[38;2;167;147;147m[48;2;168;150;137m▀[0m[38;2;163;145;140m[48;2;168;147;142m▀[0m[38;2;165;150;142m[48;2;163;142;137m▀[0m[38;2;170;152;144m[48;2;160;144;140m▀[0m[38;2;174;153;146m[48;2;158;143;138m▀[0m[38;2;171;158;151m[48;2;157;145;139m▀[0m[38;2;169;156;148m[48;2;149;158;153m▀[0m[38;2;136;191;182m[48;2;199;165;164m▀[0m[38;2;255;121;110m[48;2;255;0;0m▀[0m[38;2;112;0;0m[48;2;0;0;0m▀[0m[38;2;0;0;0m[48;2;0;0;0m▀[0m[38;2;0;0;0m[48;2;0;0;0m▀[0m[38;2;0;0;0m[48;2;0;0;0m▀[0m[38;2;0;0;0m[48;2;0;0;0m▀[0m[38;2;97;105;105m[48;2;62;67;67m▀[0m[38;2;0;0;0m[48;2;0;0;0m▀[0m[38;2;36;6;0m[48;2;0;0;0m▀[0m[38;2;255;175;162m[48;2;249;111;97m▀[0m[38;2;164;165;160m[48;2;173;178;173m▀[0m[38;2;171;156;149m[48;2;166;148;142m▀[0m[38;2;175;157;150m[48;2;158;140;138m▀[0m[38;2;178;165;156m[48;2;157;147;143m▀[0m[38;2;173;144;136m[48;2;156;129;126m▀[0m[38;2;169;108;98m[48;2;162;126;119m▀[0m[38;2;171;163;158m[48;2;183;169;166m▀[0m[38;2;230;205;199m[48;2;203;181;174m▀[0m[38;2;50;45;41m[48;2;0;0;0m▀[0m[38;2;0;0;0m[48;2;0;0;0m▀[0m[38;2;4;12;18m[48;2;4;12;18m▀[0m[38;2;0;0;1m[48;2;0;2;3m▀[0m[38;2;29;46;62m[48;2;24;38;44m▀[0m[38;2;43;59;71m[48;2;44;60;75m▀[0m[38;2;0;0;0m[48;2;0;0;0m▀[0m[38;2;0;0;0m[48;2;0;0;0m▀[0m[38;2;27;42;51m[48;2;25;36;41m▀[0m[38;2;65;85;102m[48;2;65;84;101m▀[0m
