[38;2;252;255;255m[48;2;39;73;63m▀[0m[38;2;239;255;255m[48;2;137;0;0m▀[0m[38;2;165;190;195m[48;2;224;58;42m▀[0m[38;2;0;0;0m[48;2;0;17;8m▀[0m[38;2;0;0;0m[48;2;0;0;0m▀[0m[38;2;115;125;130m[48;2;124;136;140m▀[0m[38;2;158;176;186m[48;2;176;226;236m▀[0m[38;2;0;0;0m[48;2;0;0;0m▀[0m[38;2;19;69;73m[48;2;4;0;0m▀[0m[38;2;123;203;207m[48;2;255;206;191m▀[0m[38;2;0;0;0m[48;2;100;161;168m▀[0m[38;2;0;0;0m[48;2;0;0;0m▀[0m[38;2;0;0;0m[48;2;0;0;0m▀[0m[38;2;0;0;0m[48;2;0;0;0m▀[0m[38;2;0;1;1m[48;2;0;0;0m▀[0m[38;2;0;1;1m[48;2;0;1;1m▀[0m[38;2;0;1;1m[48;2;0;1;1m▀[0m[38;2;0;0;0m[48;2;0;0;0m▀[0m[38;2;0;0;0m[48;2;0;0;0m▀[0m[38;2;0;0;0m[48;2;0;0;0m▀[0m[38;2;86;89;89m[48;2;79;81;81m▀[0m[38;2;0;0;0m[48;2;181;180;181m▀[0m[38;2;0;0;0m[48;2;255;255;255m▀[0m[38;2;255;255;255m[48;2;255;255;255m▀[0m[38;2;255;255;255m[48;2;255;255;255m▀[0m[38;2;229;231;231m[48;2;255;255;255m▀[0m[38;2;86;91;90m[48;2;57;62;61m▀[0m[38;2;28;29;23m[48;2;32;35;32m▀[0m[38;2;0;0;0m[48;2;0;0;0m▀[0m[38;2;0;0;0m[48;2;0;13;21m▀[0m[38;2;0;0;0m[48;2;7;13;19m▀[0m[38;2;24;31;45m[48;2;19;29;36m▀[0m[38;2;20;30;46m[48;2;24;34;46m▀[0m[38;2;6;9;10m[48;2;14;19;24m▀[0m[38;2;0;0;0m[48;2;2;8;7m▀[0m[38;2;29;46;51m[48;2;26;36;46m▀[0m[38;2;41;51;65m[48;2;41;58;69m▀[0m[38;2;0;0;0m[48;2;0;0;0m▀[0m[38;2;0;0;0m[48;2;0;0;0m▀[0m[38;2;0;0;0m[48;2;54;63;70m▀[0m[38;2;253;255;255m[48;2;255;255;255m▀[0m[38;2;89;93;96m[48;2;0;0;0m▀[0m[38;2;0;0;0m[48;2;0;0;7m▀[0m[38;2;10;20;31m[48;2;0;4;15m▀[0m
[38;2;162;178;175m[48;2;213;215;213m▀[0m[38;2;255;114;112m[48;2;255;255;255m▀[0m[38;2;255;230;204m[48;2;229;217;207m▀[0m[38;2;0;6;1m[48;2;97;109;107m▀[0m[38;2;0;0;0m[48;2;0;0;0m▀[0m[38;2;56;56;56m[48;2;15;0;0m▀[0m[38;2;32;32;34m[48;2;115;0;0m▀[0m[38;2;0;0;0m[48;2;234;0;0m▀[0m[38;2;255;0;0m[48;2;255;0;0m▀[0m[38;2;255;0;0m[48;2;255;0;0m▀[0m[38;2;255;136;118m[48;2;255;0;0m▀[0m[38;2;103;189;196m[48;2;231;63;62m▀[0m[38;2;0;0;0m[48;2;63;91;89m▀[0m[38;2;0;0;0m[48;2;0;0;0m▀[0m[38;2;0;0;0m[48;2;0;0;0m▀[0m[38;2;0;0;0m[48;2;0;0;0m▀[0m[38;2;0;1;1m[48;2;0;0;0m▀[0m[38;2;0;0;0m[48;2;0;0;0m▀[0m[38;2;0;0;0m[48;2;0;0;0m▀[0m[38;2;0;0;0m[48;2;0;0;0m▀[0m[38;2;34;37;37m[48;2;178;183;183m▀[0m[38;2;255;255;255m[48;2;165;175;176m▀[0m[38;2;255;255;255m[48;2;255;255;255m▀[0m[38;2;255;255;255m[48;2;255;255;255m▀[0m[38;2;255;255;255m[48;2;255;255;255m▀[0m[38;2;255;255;255m[48;2;255;255;255m▀[0m[38;2;255;255;255m[48;2;255;255;255m▀[0m[38;2;87;89;85m[48;2;130;131;128m▀[0m[38;2;0;0;0m[48;2;0;0;0m▀[0m[38;2;14;28;46m[48;2;10;26;40m▀[0m[38;2;2;7;14m[48;2;3;8;19m▀[0m[38;2;15;28;36m[48;2;1;6;7m▀[0m[38;2;14;19;28m[48;2;13;19;29m▀[0m[38;2;13;19;24m[48;2;13;21;29m▀[0m[38;2;6;13;10m[48;2;0;9;9m▀[0m[38;2;19;29;40m[48;2;13;21;28m▀[0m[38;2;40;57;71m[48;2;42;64;74m▀[0m[38;2;0;0;0m[48;2;0;0;0m▀[0m[38;2;0;0;0m[48;2;142;142;139m▀[0m[38;2;255;255;255m[48;2;255;255;255m▀[0m[38;2;213;217;219m[48;2;0;0;0m▀[0m[38;2;0;0;0m[48;2;0;17;25m▀[0m[38;2;4;10;18m[48;2;65;85;104m▀[0m[38;2;34;51;62m[48;2;79;97;118m▀[0m
[38;2;255;255;255m[48;2;117;157;162m▀[0m[38;2;255;255;255m[48;2;0;0;0m▀[0m[38;2;255;255;255m[48;2;153;114;111m▀[0m[38;2;207;218;217m[48;2;250;255;255m▀[0m[38;2;0;0;0m[48;2;226;157;154m▀[0m[38;2;120;0;0m[48;2;255;96;92m▀[0m[38;2;207;6;1m[48;2;255;230;235m▀[0m[38;2;255;0;0m[48;2;255;202;197m▀[0m[38;2;239;0;0m[48;2;184;255;255m▀[0m[38;2;255;0;0m[48;2;124;242;241m▀[0m[38;2;255;0;0m[48;2;152;165;164m▀[0m[38;2;222;0;0m[48;2;207;179;169m▀[0m[38;2;10;10;3m[48;2;201;202;192m▀[0m[38;2;0;0;0m[48;2;255;255;255m▀[0m[38;2;0;0;0m[48;2;255;255;255m▀[0m[38;2;0;0;0m[48;2;62;53;47m▀[0m[38;2;0;0;0m[48;2;0;0;0m▀[0m[38;2;0;0;0m[48;2;0;0;0m▀[0m[38;2;0;0;0m[48;2;0;0;0m▀[0m[38;2;0;0;0m[48;2;0;0;0m▀[0m[38;2;86;102;104m[48;2;69;117;120m▀[0m[38;2;255;255;255m[48;2;255;255;254m▀[0m[38;2;255;255;255m[48;2;255;255;255m▀[0m[38;2;255;255;255m[48;2;255;255;255m▀[0m[38;2;255;255;255m[48;2;255;246;239m▀[0m[38;2;255;255;255m[48;2;255;255;255m▀[0m[38;2;255;255;255m[48;2;255;255;255m▀[0m[38;2;141;145;141m[48;2;139;143;142m▀[0m[38;2;0;0;0m[48;2;0;0;0m▀[0m[38;2;1;9;23m[48;2;0;2;13m▀[0m[38;2;0;0;0m[48;2;6;9;17m▀[0m[38;2;13;19;29m[48;2;13;19;25m▀[0m[38;2;24;34;48m[48;2;24;32;48m▀[0m[38;2;15;21;28m[48;2;15;21;28m▀[0m[38;2;3;8;9m[48;2;4;9;15m▀[0m[38;2;2;10;13m[48;2;0;0;0m▀[0m[38;2;40;62;78m[48;2;31;56;63m▀[0m[38;2;0;0;0m[48;2;0;0;0m▀[0m[38;2;242;236;230m[48;2;255;255;255m▀[0m[38;2;255;255;255m[48;2;255;255;255m▀[0m[38;2;0;0;2m[48;2;0;0;0m▀[0m[38;2;50;71;95m[48;2;0;0;0m▀[0m[38;2;19;31;40m[48;2;0;2;3m▀[0m[38;2;0;0;0m[48;2;41;56;65m▀[0m
[38;2;115;255;255m[48;2;255;81;62m▀[0m[38;2;21;9;3m[48;2;255;203;201m▀[0m[38;2;252;156;148m[48;2;170;255;255m▀[0m[38;2;255;255;255m[48;2;245;251;251m▀[0m[38;2;237;255;255m[48;2;231;255;255m▀[0m[38;2;255;255;255m[48;2;241;255;255m▀[0m[38;2;255;235;231m[48;2;247;255;255m▀[0m[38;2;236;255;255m[48;2;248;248;251m▀[0m[38;2;234;228;230m[48;2;240;131;128m▀[0m[38;2;251;255;255m[48;2;248;244;241m▀[0m[38;2;189;228;230m[48;2;217;223;224m▀[0m[38;2;174;190;184m[48;2;185;180;178m▀[0m[38;2;247;245;233m[48;2;204;202;195m▀[0m[38;2;250;222;218m[48;2;255;255;251m▀[0m[38;2;255;248;253m[48;2;237;224;222m▀[0m[38;2;255;217;209m[48;2;255;248;241m▀[0m[38;2;0;0;0m[48;2;145;119;114m▀[0m[38;2;0;0;0m[48;2;0;0;0m▀[0m[38;2;0;0;0m[48;2;0;0;0m▀[0m[38;2;0;0;0m[48;2;0;0;0m▀[0m[38;2;150;186;193m[48;2;255;42;41m▀[0m[38;2;255;255;255m[48;2;255;196;179m▀[0m[38;2;255;255;255m[48;2;255;255;255m▀[0m[38;2;255;134;118m[48;2;255;255;255m▀[0m[38;2;255;195;183m[48;2;255;255;255m▀[0m[38;2;255;255;255m[48;2;255;255;255m▀[0m[38;2;255;255;255m[48;2;255;255;255m▀[0m[38;2;68;86;82m[48;2;20;0;0m▀[0m[38;2;0;0;0m[48;2;0;0;0m▀[0m[38;2;10;24;45m[48;2;6;21;36m▀[0m[38;2;8;13;21m[48;2;7;15;25m▀[0m[38;2;7;15;21m[48;2;6;3;9m▀[0m[38;2;25;36;53m[48;2;7;14;25m▀[0m[38;2;6;17;23m[48;2;0;2;3m▀[0m[38;2;0;4;9m[48;2;0;0;2m▀[0m[38;2;0;0;1m[48;2;0;0;0m▀[0m[38;2;0;0;13m[48;2;61;78;89m▀[0m[38;2;115;120;120m[48;2;229;229;229m▀[0m[38;2;255;255;255m[48;2;0;0;0m▀[0m[38;2;74;71;64m[48;2;0;0;0m▀[0m[38;2;0;0;0m[48;2;1;7;12m▀[0m[38;2;21;34;45m[48;2;52;69;86m▀[0m[38;2;71;95;113m[48;2;65;82;102m▀[0m[38;2;68;87;102m[48;2;58;71;84m▀[0m
[38;2;255;0;0m[48;2;141;0;0m▀[0m[38;2;255;0;0m[48;2;255;0;0m▀[0m[38;2;255;64;50m[48;2;255;1;0m▀[0m[38;2;255;255;248m[48;2;224;255;255m▀[0m[38;2;228;255;255m[48;2;241;255;255m▀[0m[38;2;241;245;247m[48;2;207;197;193m▀[0m[38;2;241;252;255m[48;2;235;235;230m▀[0m[38;2;234;222;220m[48;2;246;254;254m▀[0m[38;2;233;252;250m[48;2;239;239;236m▀[0m[38;2;255;255;255m[48;2;240;248;248m▀[0m[38;2;180;169;165m[48;2;174;153;139m▀[0m[38;2;184;187;183m[48;2;255;226;219m▀[0m[38;2;246;237;237m[48;2;255;255;255m▀[0m[38;2;192;159;151m[48;2;255;229;219m▀[0m[38;2;255;255;255m[48;2;213;183;175m▀[0m[38;2;255;255;255m[48;2;255;255;255m▀[0m[38;2;242;213;200m[48;2;231;248;247m▀[0m[38;2;0;0;0m[48;2;255;255;255m▀[0m[38;2;0;0;0m[48;2;129;208;213m▀[0m[38;2;0;0;0m[48;2;0;42;51m▀[0m[38;2;255;50;39m[48;2;255;255;255m▀[0m[38;2;255;169;140m[48;2;255;198;183m▀[0m[38;2;255;255;255m[48;2;255;255;255m▀[0m[38;2;255;255;255m[48;2;255;255;255m▀[0m[38;2;255;255;255m[48;2;255;255;255m▀[0m[38;2;255;255;255m[48;2;255;255;255m▀[0m[38;2;255;255;242m[48;2;255;255;255m▀[0m[38;2;0;0;0m[48;2;0;0;0m▀[0m[38;2;0;0;0m[48;2;0;0;0m▀[0m[38;2;0;10;31m[48;2;0;0;0m▀[0m[38;2;0;0;7m[48;2;13;31;47m▀[0m[38;2;1;7;9m[48;2;54;86;108m▀[0m[38;2;43;69;86m[48;2;36;56;71m▀[0m[38;2;17;34;48m[48;2;0;0;0m▀[0m[38;2;0;0;0m[48;2;0;0;0m▀[0m[38;2;0;0;0m[48;2;255;255;255m▀[0m[38;2;255;255;255m[48;2;255;255;255m▀[0m[38;2;34;40;46m[48;2;0;0;0m▀[0m[38;2;0;0;0m[48;2;0;0;0m▀[0m[38;2;41;68;85m[48;2;12;29;39m▀[0m[38;2;62;89;104m[48;2;35;57;70m▀[0m[38;2;43;68;78m[48;2;47;64;75m▀[0m[38;2;64;84;98m[48;2;64;80;93m▀[0m[38;2;59;69;87m[48;2;54;70;84m▀[0m
[38;2;162;0;0m[48;2;141;0;0m▀[0m[38;2;255;0;0m[48;2;80;0;0m▀[0m[38;2;255;146;143m[48;2;253;154;147m▀[0m[38;2;229;255;255m[48;2;253;255;255m▀[0m[38;2;255;255;255m[48;2;255;241;241m▀[0m[38;2;170;165;161m[48;2;191;215;220m▀[0m[38;2;217;204;195m[48;2;173;152;150m▀[0m[38;2;255;255;255m[48;2;255;255;255m▀[0m[38;2;242;241;234m[48;2;242;244;240m▀[0m[38;2;217;248;248m[48;2;250;248;245m▀[0m[38;2;255;132;126m[48;2;255;255;255m▀[0m[38;2;255;255;255m[48;2;255;255;255m▀[0m[38;2;255;255;255m[48;2;218;239;239m▀[0m[38;2;242;255;255m[48;2;255;255;255m▀[0m[38;2;226;230;233m[48;2;255;255;255m▀[0m[38;2;255;255;255m[48;2;255;255;255m▀[0m[38;2;255;255;255m[48;2;255;255;255m▀[0m[38;2;255;236;230m[48;2;255;255;255m▀[0m[38;2;255;229;215m[48;2;255;255;255m▀[0m[38;2;255;255;255m[48;2;255;0;0m▀[0m[38;2;255;0;0m[48;2;255;0;0m▀[0m[38;2;255;80;50m[48;2;255;184;172m▀[0m[38;2;255;255;255m[48;2;255;255;255m▀[0m[38;2;255;255;255m[48;2;255;255;255m▀[0m[38;2;255;255;255m[48;2;255;255;255m▀[0m[38;2;255;224;202m[48;2;255;0;0m▀[0m[38;2;214;244;244m[48;2;173;119;111m▀[0m[38;2;255;156;140m[48;2;255;255;255m▀[0m[38;2;181;140;139m[48;2;255;255;255m▀[0m[38;2;0;0;0m[48;2;255;255;255m▀[0m[38;2;0;1;20m[48;2;0;0;0m▀[0m[38;2;0;0;0m[48;2;0;0;0m▀[0m[38;2;0;0;0m[48;2;0;0;0m▀[0m[38;2;0;0;0m[48;2;148;151;148m▀[0m[38;2;245;255;251m[48;2;161;161;162m▀[0m[38;2;255;255;255m[48;2;255;255;255m▀[0m[38;2;91;108;122m[48;2;103;122;131m▀[0m[38;2;0;3;17m[48;2;0;9;21m▀[0m[38;2;0;0;0m[48;2;0;0;0m▀[0m[38;2;0;7;10m[48;2;10;21;30m▀[0m[38;2;0;10;21m[48;2;1;3;3m▀[0m[38;2;18;29;35m[48;2;39;53;62m▀[0m[38;2;68;86;101m[48;2;68;87;106m▀[0m[38;2;58;74;87m[48;2;59;73;85m▀[0m
[38;2;0;0;0m[48;2;2;1;2m▀[0m[38;2;255;0;0m[48;2;0;0;0m▀[0m[38;2;195;103;90m[48;2;106;35;28m▀[0m[38;2;255;255;255m[48;2;255;228;217m▀[0m[38;2;255;234;228m[48;2;255;255;255m▀[0m[38;2;255;251;255m[48;2;255;255;255m▀[0m[38;2;125;131;125m[48;2;0;0;0m▀[0m[38;2;255;255;255m[48;2;235;207;201m▀[0m[38;2;233;245;242m[48;2;233;239;233m▀[0m[38;2;255;240;226m[48;2;224;222;208m▀[0m[38;2;255;255;254m[48;2;255;255;255m▀[0m[38;2;250;255;255m[48;2;255;225;212m▀[0m[38;2;255;255;255m[48;2;255;223;228m▀[0m[38;2;255;255;255m[48;2;255;255;255m▀[0m[38;2;255;255;255m[48;2;255;255;255m▀[0m[38;2;255;255;255m[48;2;255;255;255m▀[0m[38;2;255;255;255m[48;2;255;255;255m▀[0m[38;2;255;255;255m[48;2;255;255;255m▀[0m[38;2;255;255;255m[48;2;255;212;208m▀[0m[38;2;255;142;134m[48;2;255;0;0m▀[0m[38;2;255;157;150m[48;2;255;0;0m▀[0m[38;2;255;241;234m[48;2;255;0;0m▀[0m[38;2;255;255;255m[48;2;255;255;255m▀[0m[38;2;255;255;255m[48;2;255;255;255m▀[0m[38;2;255;255;255m[48;2;255;162;151m▀[0m[38;2;255;152;146m[48;2;255;122;111m▀[0m[38;2;255;15;10m[48;2;255;125;126m▀[0m[38;2;255;255;255m[48;2;255;255;255m▀[0m[38;2;255;255;255m[48;2;255;255;255m▀[0m[38;2;255;255;255m[48;2;255;255;255m▀[0m[38;2;255;255;255m[48;2;255;255;255m▀[0m[38;2;0;6;4m[48;2;255;255;255m▀[0m[38;2;96;98;98m[48;2;0;0;0m▀[0m[38;2;6;8;9m[48;2;0;0;0m▀[0m[38;2;0;0;0m[48;2;0;0;0m▀[0m[38;2;26;30;29m[48;2;0;0;0m▀[0m[38;2;26;46;61m[48;2;6;23;32m▀[0m[38;2;31;46;61m[48;2;56;74;90m▀[0m[38;2;0;0;0m[48;2;0;0;0m▀[0m[38;2;2;10;15m[48;2;0;0;0m▀[0m[38;2;79;97;114m[48;2;71;96;108m▀[0m[38;2;76;96;112m[48;2;69;86;102m▀[0m[38;2;54;73;87m[48;2;20;31;42m▀[0m[38;2;52;74;87m[48;2;34;46;57m▀[0m
[38;2;0;0;0m[48;2;0;0;0m▀[0m[38;2;0;0;0m[48;2;0;0;0m▀[0m[38;2;0;0;0m[48;2;0;0;0m▀[0m[38;2;226;165;158m[48;2;86;59;51m▀[0m[38;2;255;112;107m[48;2;255;250;235m▀[0m[38;2;167;97;97m[48;2;123;0;0m▀[0m[38;2;26;0;0m[48;2;255;231;228m▀[0m[38;2;184;0;0m[48;2;255;140;131m▀[0m[38;2;111;118;111m[48;2;51;0;0m▀[0m[38;2;212;234;234m[48;2;255;255;255m▀[0m[38;2;255;255;255m[48;2;255;255;255m▀[0m[38;2;242;14;2m[48;2;255;213;214m▀[0m[38;2;255;206;212m[48;2;255;245;246m▀[0m[38;2;255;255;255m[48;2;255;255;255m▀[0m[38;2;255;255;255m[48;2;255;255;255m▀[0m[38;2;255;255;255m[48;2;255;255;255m▀[0m[38;2;255;255;255m[48;2;255;215;206m▀[0m[38;2;255;207;200m[48;2;255;255;255m▀[0m[38;2;255;136;136m[48;2;255;255;255m▀[0m[38;2;255;136;122m[48;2;255;122;117m▀[0m[38;2;255;0;0m[48;2;255;0;0m▀[0m[38;2;255;0;0m[48;2;255;0;0m▀[0m[38;2;255;0;0m[48;2;255;0;0m▀[0m[38;2;255;255;255m[48;2;255;0;0m▀[0m[38;2;255;0;0m[48;2;237;158;146m▀[0m[38;2;255;0;0m[48;2;255;48;41m▀[0m[38;2;255;255;255m[48;2;255;255;255m▀[0m[38;2;255;255;255m[48;2;206;255;255m▀[0m[38;2;255;255;255m[48;2;255;255;255m▀[0m[38;2;255;206;193m[48;2;255;90;79m▀[0m[38;2;255;255;255m[48;2;255;255;255m▀[0m[38;2;255;225;225m[48;2;255;255;255m▀[0m[38;2;255;246;241m[48;2;255;253;250m▀[0m[38;2;0;0;0m[48;2;201;208;206m▀[0m[38;2;0;0;0m[48;2;0;0;0m▀[0m[38;2;0;0;0m[48;2;0;0;0m▀[0m[38;2;13;23;29m[48;2;1;9;17m▀[0m[38;2;56;78;93m[48;2;54;76;90m▀[0m[38;2;0;0;0m[48;2;7;7;8m▀[0m[38;2;0;0;0m[48;2;0;0;0m▀[0m[38;2;78;100;120m[48;2;56;75;90m▀[0m[38;2;57;75;91m[48;2;13;23;24m▀[0m[38;2;43;62;78m[48;2;21;28;30m▀[0m[38;2;54;74;93m[48;2;13;17;18m▀[0m
[38;2;57;2;2m[48;2;9;1;1m▀[0m[38;2;0;0;0m[48;2;0;0;0m▀[0m[38;2;0;0;0m[48;2;0;0;0m▀[0m[38;2;0;23;21m[48;2;0;0;0m▀[0m[38;2;255;103;95m[48;2;209;92;84m▀[0m[38;2;163;48;46m[48;2;203;68;57m▀[0m[38;2;255;255;255m[48;2;255;255;255m▀[0m[38;2;255;255;255m[48;2;204;209;204m▀[0m[38;2;209;204;204m[48;2;255;255;255m▀[0m[38;2;255;255;255m[48;2;255;255;255m▀[0m[38;2;255;255;255m[48;2;255;255;252m▀[0m[38;2;255;255;255m[48;2;255;255;255m▀[0m[38;2;255;255;255m[48;2;255;255;255m▀[0m[38;2;255;255;255m[48;2;255;255;255m▀[0m[38;2;255;255;255m[48;2;255;254;248m▀[0m[38;2;255;217;204m[48;2;255;255;255m▀[0m[38;2;255;255;255m[48;2;255;255;255m▀[0m[38;2;255;255;255m[48;2;255;255;255m▀[0m[38;2;255;255;255m[48;2;255;195;195m▀[0m[38;2;255;41;36m[48;2;255;157;152m▀[0m[38;2;255;255;255m[48;2;255;255;255m▀[0m[38;2;255;18;7m[48;2;255;250;234m▀[0m[38;2;255;145;132m[48;2;255;255;255m▀[0m[38;2;255;87;81m[48;2;255;251;251m▀[0m[38;2;255;65;32m[48;2;255;75;56m▀[0m[38;2;255;255;255m[48;2;255;255;255m▀[0m[38;2;255;254;241m[48;2;255;181;181m▀[0m[38;2;255;255;255m[48;2;255;255;255m▀[0m[38;2;255;255;255m[48;2;255;255;255m▀[0m[38;2;255;255;255m[48;2;255;255;255m▀[0m[38;2;255;255;255m[48;2;255;255;255m▀[0m[38;2;255;255;255m[48;2;255;255;255m▀[0m[38;2;255;255;255m[48;2;255;255;255m▀[0m[38;2;255;255;255m[48;2;255;255;255m▀[0m[38;2;41;51;51m[48;2;255;255;255m▀[0m[38;2;0;0;0m[48;2;0;0;0m▀[0m[38;2;0;2;6m[48;2;0;0;0m▀[0m[38;2;42;69;80m[48;2;32;61;70m▀[0m[38;2;39;50;59m[48;2;54;73;89m▀[0m[38;2;0;0;0m[48;2;0;0;0m▀[0m[38;2;0;0;0m[48;2;0;0;0m▀[0m[38;2;17;26;30m[48;2;56;81;95m▀[0m[38;2;26;36;43m[48;2;32;48;62m▀[0m[38;2;46;61;75m[48;2;0;0;0m▀[0m
[38;2;0;0;0m[48;2;1;1;1m▀[0m[38;2;0;0;0m[48;2;0;1;1m▀[0m[38;2;0;0;0m[48;2;0;0;0m▀[0m[38;2;0;0;0m[48;2;0;0;0m▀[0m[38;2;153;74;68m[48;2;73;17;9m▀[0m[38;2;197;161;145m[48;2;101;70;59m▀[0m[38;2;159;132;109m[48;2;47;40;25m▀[0m[38;2;228;228;220m[48;2;255;255;255m▀[0m[38;2;255;255;255m[48;2;255;255;255m▀[0m[38;2;255;255;255m[48;2;255;255;255m▀[0m[38;2;255;255;255m[48;2;255;255;255m▀[0m[38;2;255;255;255m[48;2;255;255;255m▀[0m[38;2;255;255;255m[48;2;255;255;255m▀[0m[38;2;255;255;255m[48;2;255;255;255m▀[0m[38;2;255;244;240m[48;2;255;255;255m▀[0m[38;2;255;255;255m[48;2;255;255;255m▀[0m[38;2;255;255;255m[48;2;255;255;255m▀[0m[38;2;255;255;255m[48;2;255;255;255m▀[0m[38;2;255;206;198m[48;2;255;196;192m▀[0m[38;2;255;255;255m[48;2;255;255;255m▀[0m[38;2;255;255;255m[48;2;255;167;137m▀[0m[38;2;255;255;255m[48;2;255;255;255m▀[0m[38;2;226;190;179m[48;2;255;174;169m▀[0m[38;2;240;206;191m[48;2;255;196;185m▀[0m[38;2;255;213;197m[48;2;255;242;225m▀[0m[38;2;255;255;255m[48;2;255;255;255m▀[0m[38;2;255;255;255m[48;2;255;255;255m▀[0m[38;2;255;235;234m[48;2;255;164;147m▀[0m[38;2;255;255;255m[48;2;255;255;255m▀[0m[38;2;255;255;255m[48;2;255;255;255m▀[0m[38;2;255;255;255m[48;2;255;255;255m▀[0m[38;2;255;255;255m[48;2;255;255;255m▀[0m[38;2;255;255;255m[48;2;255;253;253m▀[0m[38;2;255;255;255m[48;2;255;255;255m▀[0m[38;2;255;255;255m[48;2;255;255;255m▀[0m[38;2;0;0;0m[48;2;168;167;162m▀[0m[38;2;0;0;0m[48;2;0;0;0m▀[0m[38;2;31;53;67m[48;2;23;40;51m▀[0m[38;2;71;95;114m[48;2;67;96;118m▀[0m[38;2;0;0;0m[48;2;0;0;0m▀[0m[38;2;0;0;0m[48;2;0;0;0m▀[0m[38;2;25;34;46m[48;2;42;57;67m▀[0m[38;2;67;85;100m[48;2;81;98;119m▀[0m[38;2;12;15;17m[48;2;20;29;31m▀[0m
[38;2;1;1;1m[48;2;1;1;1m▀[0m[38;2;32;12;12m[48;2;0;1;1m▀[0m[38;2;2;0;0m[48;2;0;0;0m▀[0m[38;2;0;0;0m[48;2;0;0;0m▀[0m[38;2;12;18;18m[48;2;6;0;0m▀[0m[38;2;107;79;69m[48;2;255;207;190m▀[0m[38;2;0;0;0m[48;2;137;124;112m▀[0m[38;2;255;255;255m[48;2;255;255;255m▀[0m[38;2;255;255;255m[48;2;255;255;255m▀[0m[38;2;255;255;255m[48;2;255;255;255m▀[0m[38;2;255;255;255m[48;2;255;255;255m▀[0m[38;2;255;255;255m[48;2;255;255;255m▀[0m[38;2;255;255;255m[48;2;255;255;255m▀[0m[38;2;255;255;255m[48;2;255;255;255m▀[0m[38;2;255;255;255m[48;2;255;255;255m▀[0m[38;2;255;255;255m[48;2;255;255;255m▀[0m[38;2;255;255;255m[48;2;237;255;255m▀[0m[38;2;255;220;208m[48;2;255;39;15m▀[0m[38;2;255;64;51m[48;2;228;30;14m▀[0m[38;2;255;56;43m[48;2;255;98;65m▀[0m[38;2;255;92;68m[48;2;255;255;253m▀[0m[38;2;255;255;255m[48;2;255;255;255m▀[0m[38;2;255;200;191m[48;2;255;125;106m▀[0m[38;2;255;201;186m[48;2;255;165;145m▀[0m[38;2;255;255;255m[48;2;255;191;167m▀[0m[38;2;206;208;193m[48;2;84;118;102m▀[0m[38;2;255;255;245m[48;2;255;0;0m▀[0m[38;2;255;48;26m[48;2;255;0;0m▀[0m[38;2;255;255;255m[48;2;239;255;255m▀[0m[38;2;255;255;255m[48;2;255;255;255m▀[0m[38;2;255;255;255m[48;2;255;255;255m▀[0m[38;2;255;255;255m[48;2;255;255;255m▀[0m[38;2;255;255;255m[48;2;255;169;164m▀[0m[38;2;255;255;255m[48;2;255;255;255m▀[0m[38;2;255;255;255m[48;2;255;255;255m▀[0m[38;2;255;255;255m[48;2;255;255;255m▀[0m[38;2;0;0;0m[48;2;0;0;0m▀[0m[38;2;0;15;24m[48;2;0;0;2m▀[0m[38;2;95;126;143m[48;2;82;114;134m▀[0m[38;2;0;0;0m[48;2;0;2;0m▀[0m[38;2;0;0;0m[48;2;0;0;0m▀[0m[38;2;31;47;51m[48;2;25;36;45m▀[0m[38;2;76;100;114m[48;2;75;98;113m▀[0m[38;2;18;26;32m[48;2;21;31;39m▀[0m
[38;2;1;1;1m[48;2;0;1;1m▀[0m[38;2;0;1;1m[48;2;0;0;1m▀[0m[38;2;0;0;0m[48;2;0;0;0m▀[0m[38;2;0;0;0m[48;2;0;0;0m▀[0m[38;2;3;0;0m[48;2;56;43;42m▀[0m[38;2;209;140;123m[48;2;180;118;106m▀[0m[38;2;174;157;146m[48;2;159;143;136m▀[0m[38;2;255;255;255m[48;2;255;253;244m▀[0m[38;2;255;255;255m[48;2;255;255;255m▀[0m[38;2;255;255;255m[48;2;255;255;255m▀[0m[38;2;255;255;255m[48;2;255;255;255m▀[0m[38;2;255;255;255m[48;2;255;255;255m▀[0m[38;2;255;255;255m[48;2;255;255;255m▀[0m[38;2;255;226;228m[48;2;255;255;255m▀[0m[38;2;255;179;173m[48;2;255;158;162m▀[0m[38;2;255;255;255m[48;2;255;255;255m▀[0m[38;2;255;255;255m[48;2;255;255;255m▀[0m[38;2;255;143;136m[48;2;255;255;255m▀[0m[38;2;255;255;255m[48;2;255;255;255m▀[0m[38;2;198;157;140m[48;2;92;117;117m▀[0m[38;2;240;142;130m[48;2;0;0;0m▀[0m[38;2;255;173;156m[48;2;87;64;57m▀[0m[38;2;228;157;146m[48;2;255;255;255m▀[0m[38;2;255;147;131m[48;2;0;0;0m▀[0m[38;2;109;36;12m[48;2;112;123;111m▀[0m[38;2;255;255;255m[48;2;255;255;255m▀[0m[38;2;255;217;214m[48;2;255;255;255m▀[0m[38;2;255;154;151m[48;2;255;224;214m▀[0m[38;2;255;255;255m[48;2;255;255;255m▀[0m[38;2;255;255;255m[48;2;255;255;255m▀[0m[38;2;255;255;255m[48;2;255;255;255m▀[0m[38;2;255;255;255m[48;2;255;255;255m▀[0m[38;2;255;255;255m[48;2;255;225;223m▀[0m[38;2;255;255;255m[48;2;255;255;255m▀[0m[38;2;255;255;255m[48;2;255;255;255m▀[0m[38;2;255;255;255m[48;2;255;255;245m▀[0m[38;2;0;0;0m[48;2;0;0;0m▀[0m[38;2;0;0;0m[48;2;0;0;0m▀[0m[38;2;69;101;120m[48;2;74;103;129m▀[0m[38;2;4;7;8m[48;2;13;18;23m▀[0m[38;2;0;0;0m[48;2;0;0;0m▀[0m[38;2;17;28;32m[48;2;8;17;21m▀[0m[38;2;71;97;113m[48;2;69;96;108m▀[0m[38;2;29;41;50m[48;2;37;50;59m▀[0m
[38;2;1;1;1m[48;2;0;1;1m▀[0m[38;2;0;0;0m[48;2;0;0;0m▀[0m[38;2;0;0;0m[48;2;0;0;0m▀[0m[38;2;0;0;0m[48;2;0;0;0m▀[0m[38;2;113;95;92m[48;2;139;118;113m▀[0m[38;2;218;174;163m[48;2;217;185;179m▀[0m[38;2;161;146;137m[48;2;161;146;137m▀[0m[38;2;255;241;234m[48;2;248;223;217m▀[0m[38;2;255;255;247m[48;2;255;255;245m▀[0m[38;2;255;255;255m[48;2;246;161;152m▀[0m[38;2;255;255;255m[48;2;255;239;226m▀[0m[38;2;255;255;255m[48;2;255;255;255m▀[0m[38;2;255;255;255m[48;2;255;255;255m▀[0m[38;2;255;255;255m[48;2;255;255;255m▀[0m[38;2;255;255;255m[48;2;255;255;255m▀[0m[38;2;255;255;255m[48;2;255;255;255m▀[0m[38;2;255;255;255m[48;2;255;255;255m▀[0m[38;2;255;255;255m[48;2;255;255;255m▀[0m[38;2;255;255;255m[48;2;255;255;255m▀[0m[38;2;84;89;87m[48;2;54;58;57m▀[0m[38;2;0;0;0m[48;2;0;0;0m▀[0m[38;2;0;0;0m[48;2;0;0;0m▀[0m[38;2;85;112;118m[48;2;79;100;100m▀[0m[38;2;0;0;0m[48;2;0;0;0m▀[0m[38;2;228;229;223m[48;2;212;250;235m▀[0m[38;2;255;255;255m[48;2;255;255;255m▀[0m[38;2;255;255;255m[48;2;255;255;255m▀[0m[38;2;255;206;197m[48;2;255;255;255m▀[0m[38;2;255;255;255m[48;2;255;255;255m▀[0m[38;2;255;255;255m[48;2;255;255;255m▀[0m[38;2;255;255;255m[48;2;255;255;255m▀[0m[38;2;255;255;255m[48;2;255;255;255m▀[0m[38;2;255;255;255m[48;2;255;255;255m▀[0m[38;2;255;255;255m[48;2;255;255;255m▀[0m[38;2;255;255;255m[48;2;255;255;255m▀[0m[38;2;230;201;189m[48;2;180;153;148m▀[0m[38;2;0;0;0m[48;2;0;0;0m▀[0m[38;2;0;0;0m[48;2;0;0;0m▀[0m[38;2;78;108;126m[48;2;76;106;126m▀[0m[38;2;21;30;35m[48;2;26;35;47m▀[0m[38;2;0;0;0m[48;2;0;0;0m▀[0m[38;2;2;8;9m[48;2;0;3;2m▀[0m[38;2;69;91;106m[48;2;67;89;103m▀[0m[38;2;45;54;71m[48;2;43;59;70m▀[0m
[38;2;0;1;1m[48;2;1;1;1m▀[0m[38;2;0;0;0m[48;2;0;1;1m▀[0m[38;2;0;0;0m[48;2;0;0;0m▀[0m[38;2;0;0;0m[48;2;0;0;0m▀[0m[38;2;101;96;93m[48;2;35;18;18m▀[0m[38;2;209;176;164m[48;2;214;142;129m▀[0m[38;2;159;143;143m[48;2;164;165;156m▀[0m[38;2;226;208;201m[48;2;214;196;189m▀[0m[38;2;255;240;230m[48;2;222;195;189m▀[0m[38;2;255;201;190m[48;2;255;235;225m▀[0m[38;2;223;115;107m[48;2;255;245;231m▀[0m[38;2;255;255;255m[48;2;255;255;252m▀[0m[38;2;255;255;255m[48;2;255;255;255m▀[0m[38;2;255;255;255m[48;2;255;255;255m▀[0m[38;2;255;255;255m[48;2;255;255;255m▀[0m[38;2;255;255;255m[48;2;255;255;255m▀[0m[38;2;255;255;255m[48;2;255;255;255m▀[0m[38;2;255;255;255m[48;2;255;255;247m▀[0m[38;2;255;255;255m[48;2;204;192;181m▀[0m[38;2;0;0;0m[48;2;0;0;0m▀[0m[38;2;0;0;0m[48;2;142;154;156m▀[0m[38;2;0;0;0m[48;2;157;163;165m▀[0m[38;2;255;255;255m[48;2;255;255;255m▀[0m[38;2;42;86;84m[48;2;0;32;37m▀[0m[38;2;255;100;78m[48;2;255;129;106m▀[0m[38;2;255;90;75m[48;2;255;112;91m▀[0m[38;2;255;255;255m[48;2;255;255;255m▀[0m[38;2;255;255;255m[48;2;255;255;255m▀[0m[38;2;255;255;255m[48;2;255;255;255m▀[0m[38;2;255;255;255m[48;2;255;255;255m▀[0m[38;2;255;255;255m[48;2;255;255;255m▀[0m[38;2;255;253;247m[48;2;255;255;252m▀[0m[38;2;255;248;246m[48;2;255;250;241m▀[0m[38;2;255;255;253m[48;2;255;233;223m▀[0m[38;2;255;255;241m[48;2;255;241;228m▀[0m[38;2;115;107;106m[48;2;32;32;36m▀[0m[38;2;0;0;0m[48;2;0;0;0m▀[0m[38;2;0;0;0m[48;2;0;0;0m▀[0m[38;2;76;101;124m[48;2;71;98;115m▀[0m[38;2;37;48;61m[48;2;43;59;73m▀[0m[38;2;0;0;0m[48;2;0;0;0m▀[0m[38;2;0;0;0m[48;2;0;0;0m▀[0m[38;2;69;87;102m[48;2;63;85;100m▀[0m[38;2;42;58;73m[48;2;45;61;75m▀[0m
[38;2;1;1;1m[48;2;0;1;1m▀[0m[38;2;1;1;1m[48;2;1;1;1m▀[0m[38;2;0;0;0m[48;2;0;0;0m▀[0m[38;2;0;0;0m[48;2;0;0;0m▀[0m[38;2;0;0;0m[48;2;0;0;0m▀[0m[38;2;237;115;106m[48;2;163;131;120m▀[0m[38;2;169;180;175m[48;2;193;179;170m▀[0m[38;2;215;192;184m[48;2;214;193;185m▀[0m[38;2;198;183;174m[48;2;190;175;167m▀[0m[38;2;222;195;187m[48;2;193;175;165m▀[0m[38;2;253;217;201m[48;2;211;185;176m▀[0m[38;2;255;234;223m[48;2;234;193;183m▀[0m[38;2;255;246;230m[48;2;245;207;197m▀[0m[38;2;255;246;231m[48;2;241;208;198m▀[0m[38;2;255;246;236m[48;2;235;208;192m▀[0m[38;2;255;255;247m[48;2;209;214;202m▀[0m[38;2;255;253;242m[48;2;245;204;198m▀[0m[38;2;255;157;140m[48;2;255;51;39m▀[0m[38;2;1;29;24m[48;2;0;0;0m▀[0m[38;2;0;0;0m[48;2;0;0;0m▀[0m[38;2;4;9;10m[48;2;0;0;0m▀[0m[38;2;0;0;0m[48;2;0;0;0m▀[0m[38;2;135;143;150m[48;2;141;150;151m▀[0m[38;2;0;0;0m[48;2;0;0;0m▀[0m[38;2;201;137;113m[48;2;151;92;74m▀[0m[38;2;255;158;139m[48;2;255;192;170m▀[0m[38;2;253;255;253m[48;2;193;197;192m▀[0m[38;2;255;255;252m[48;2;246;215;203m▀[0m[38;2;255;255;245m[48;2;252;217;201m▀[0m[38;2;255;247;242m[48;2;246;212;201m▀[0m[38;2;255;248;240m[48;2;240;214;203m▀[0m[38;2;248;200;189m[48;2;217;161;148m▀[0m[38;2;255;208;196m[48;2;215;187;176m▀[0m[38;2;253;223;212m[48;2;252;228;215m▀[0m[38;2;233;204;197m[48;2;163;147;137m▀[0m[38;2;0;0;0m[48;2;0;0;0m▀[0m[38;2;0;0;0m[48;2;0;6;15m▀[0m[38;2;0;0;0m[48;2;0;0;0m▀[0m[38;2;63;89;102m[48;2;50;75;89m▀[0m[38;2;58;74;89m[48;2;62;84;98m▀[0m[38;2;0;0;0m[48;2;0;0;0m▀[0m[38;2;0;0;0m[48;2;0;0;0m▀[0m[38;2;59;82;101m[48;2;47;69;76m▀[0m[38;2;52;71;80m[48;2;64;89;101m▀[0m
[38;2;0;1;1m[48;2;1;1;1m▀[0m[38;2;1;1;1m[48;2;1;1;1m▀[0m[38;2;0;0;0m[48;2;0;0;0m▀[0m[38;2;0;0;0m[48;2;0;0;0m▀[0m[38;2;0;0;0m[48;2;0;0;0m▀[0m[38;2;92;84;81m[48;2;50;45;45m▀[0m[38;2;197;173;164m[48;2;186;161;152m▀[0m[38;2;215;190;184m[48;2;209;183;175m▀[0m[38;2;192;169;169m[48;2;193;173;158m▀[0m[38;2;187;167;162m[48;2;193;169;163m▀[0m[38;2;190;173;163m[48;2;187;163;158m▀[0m[38;2;196;175;165m[48;2;184;165;162m▀[0m[38;2;201;176;168m[48;2;183;164;159m▀[0m[38;2;197;183;174m[48;2;181;167;161m▀[0m[38;2;195;180;170m[48;2;172;183;176m▀[0m[38;2;157;220;209m[48;2;229;190;189m▀[0m[38;2;255;140;126m[48;2;255;0;0m▀[0m[38;2;129;0;0m[48;2;0;0;0m▀[0m[38;2;0;0;0m[48;2;0;0;0m▀[0m[38;2;0;0;0m[48;2;0;0;0m▀[0m[38;2;0;0;0m[48;2;0;0;0m▀[0m[38;2;0;0;0m[48;2;0;0;0m▀[0m[38;2;112;122;122m[48;2;71;78;78m▀[0m[38;2;0;0;0m[48;2;0;0;0m▀[0m[38;2;41;7;0m[48;2;0;0;0m▀[0m[38;2;255;202;186m[48;2;255;128;112m▀[0m[38;2;189;190;184m[48;2;200;204;200m▀[0m[38;2;197;180;172m[48;2;191;170;163m▀[0m[38;2;202;181;173m[48;2;183;162;159m▀[0m[38;2;204;190;180m[48;2;181;169;164m▀[0m[38;2;200;165;157m[48;2;180;148;145m▀[0m[38;2;195;124;113m[48;2;186;145;137m▀[0m[38;2;197;187;183m[48;2;211;195;191m▀[0m[38;2;255;236;229m[48;2;234;208;201m▀[0m[38;2;58;52;47m[48;2;0;0;0m▀[0m[38;2;0;0;0m[48;2;0;0;0m▀[0m[38;2;4;14;20m[48;2;4;14;20m▀[0m[38;2;0;0;1m[48;2;0;2;3m▀[0m[38;2;34;53;71m[48;2;28;43;51m▀[0m[38;2;50;68;81m[48;2;51;69;86m▀[0m[38;2;0;0;0m[48;2;0;0;0m▀[0m[38;2;0;0;0m[48;2;0;0;0m▀[0m[38;2;31;48;59m[48;2;29;41;47m▀[0m[38;2;75;98;118m[48;2;75;97;117m▀[0m
