[38;2;186;202;207m[48;2;28;54;46m▀[0m[38;2;176;218;220m[48;2;101;0;0m▀[0m[38;2;122;140;144m[48;2;165;43;31m▀[0m[38;2;0;0;0m[48;2;0;12;6m▀[0m[38;2;0;0;0m[48;2;0;0;0m▀[0m[38;2;85;92;96m[48;2;91;100;103m▀[0m[38;2;117;130;137m[48;2;130;167;174m▀[0m[38;2;0;0;0m[48;2;0;0;0m▀[0m[38;2;14;51;54m[48;2;3;0;0m▀[0m[38;2;90;150;153m[48;2;229;152;141m▀[0m[38;2;0;0;0m[48;2;73;118;124m▀[0m[38;2;0;0;0m[48;2;0;0;0m▀[0m[38;2;0;0;0m[48;2;0;0;0m▀[0m[38;2;0;0;0m[48;2;0;0;0m▀[0m[38;2;0;0;0m[48;2;0;0;0m▀[0m[38;2;0;0;0m[48;2;0;0;0m▀[0m[38;2;0;0;0m[48;2;0;0;0m▀[0m[38;2;0;0;0m[48;2;0;0;0m▀[0m[38;2;0;0;0m[48;2;0;0;0m▀[0m[38;2;0;0;0m[48;2;0;0;0m▀[0m[38;2;63;65;65m[48;2;58;60;60m▀[0m[38;2;0;0;0m[48;2;134;133;134m▀[0m[38;2;0;0;0m[48;2;208;211;212m▀[0m[38;2;229;229;229m[48;2;229;229;229m▀[0m[38;2;229;229;229m[48;2;229;229;229m▀[0m[38;2;169;171;171m[48;2;229;229;229m▀[0m[38;2;63;67;66m[48;2;42;45;45m▀[0m[38;2;20;21;17m[48;2;24;26;24m▀[0m[38;2;0;0;0m[48;2;0;0;0m▀[0m[38;2;0;0;0m[48;2;0;9;16m▀[0m[38;2;0;0;0m[48;2;5;9;14m▀[0m[38;2;18;23;33m[48;2;14;21;27m▀[0m[38;2;15;22;34m[48;2;18;25;34m▀[0m[38;2;4;7;8m[48;2;10;14;18m▀[0m[38;2;0;0;0m[48;2;1;6;5m▀[0m[38;2;21;34;37m[48;2;19;27;34m▀[0m[38;2;30;37;48m[48;2;30;43;51m▀[0m[38;2;0;0;0m[48;2;0;0;0m▀[0m[38;2;0;0;0m[48;2;0;0;0m▀[0m[38;2;0;0;0m[48;2;40;46;52m▀[0m[38;2;187;190;189m[48;2;229;229;229m▀[0m[38;2;65;69;71m[48;2;0;0;0m▀[0m[38;2;0;0;0m[48;2;0;0;5m▀[0m[38;2;8;15;23m[48;2;0;3;11m▀[0m
[38;2;119;131;129m[48;2;157;159;157m▀[0m[38;2;229;84;82m[48;2;216;225;224m▀[0m[38;2;229;170;151m[48;2;169;160;153m▀[0m[38;2;0;4;0m[48;2;72;81;79m▀[0m[38;2;0;0;0m[48;2;0;0;0m▀[0m[38;2;41;41;41m[48;2;11;0;0m▀[0m[38;2;24;24;25m[48;2;85;0;0m▀[0m[38;2;0;0;0m[48;2;172;0;0m▀[0m[38;2;229;0;0m[48;2;229;0;0m▀[0m[38;2;229;0;0m[48;2;229;0;0m▀[0m[38;2;229;100;87m[48;2;229;0;0m▀[0m[38;2;76;139;144m[48;2;171;46;45m▀[0m[38;2;0;0;0m[48;2;46;67;65m▀[0m[38;2;0;0;0m[48;2;0;0;0m▀[0m[38;2;0;0;0m[48;2;0;0;0m▀[0m[38;2;0;0;0m[48;2;0;0;0m▀[0m[38;2;0;0;0m[48;2;0;0;0m▀[0m[38;2;0;0;0m[48;2;0;0;0m▀[0m[38;2;0;0;0m[48;2;0;0;0m▀[0m[38;2;0;0;0m[48;2;0;0;0m▀[0m[38;2;25;27;27m[48;2;131;135;135m▀[0m[38;2;229;229;229m[48;2;122;129;130m▀[0m[38;2;229;229;229m[48;2;229;229;229m▀[0m[38;2;229;229;229m[48;2;229;229;229m▀[0m[38;2;229;229;229m[48;2;229;229;229m▀[0m[38;2;229;229;229m[48;2;229;229;229m▀[0m[38;2;229;229;229m[48;2;229;229;229m▀[0m[38;2;64;65;63m[48;2;96;97;94m▀[0m[38;2;0;0;0m[48;2;0;0;0m▀[0m[38;2;10;20;34m[48;2;8;19;29m▀[0m[38;2;1;5;10m[48;2;2;6;14m▀[0m[38;2;11;20;27m[48;2;0;4;5m▀[0m[38;2;10;14;20m[48;2;9;14;21m▀[0m[38;2;9;14;18m[48;2;9;16;21m▀[0m[38;2;4;9;8m[48;2;0;7;7m▀[0m[38;2;14;21;29m[48;2;9;16;20m▀[0m[38;2;29;42;53m[48;2;31;47;54m▀[0m[38;2;0;0;0m[48;2;0;0;0m▀[0m[38;2;0;0;0m[48;2;105;105;102m▀[0m[38;2;229;229;229m[48;2;229;229;229m▀[0m[38;2;157;160;162m[48;2;0;0;0m▀[0m[38;2;0;0;0m[48;2;0;12;18m▀[0m[38;2;3;8;13m[48;2;48;63;77m▀[0m[38;2;25;37;45m[48;2;58;72;87m▀[0m
[38;2;222;229;229m[48;2;86;116;119m▀[0m[38;2;229;229;229m[48;2;0;0;0m▀[0m[38;2;207;229;229m[48;2;113;84;81m▀[0m[38;2;153;161;160m[48;2;184;216;215m▀[0m[38;2;0;0;0m[48;2;167;116;114m▀[0m[38;2;89;0;0m[48;2;216;71;68m▀[0m[38;2;153;4;0m[48;2;204;170;173m▀[0m[38;2;213;0;0m[48;2;229;149;145m▀[0m[38;2;176;0;0m[48;2;135;227;229m▀[0m[38;2;229;0;0m[48;2;91;179;178m▀[0m[38;2;198;0;0m[48;2;112;122;121m▀[0m[38;2;163;0;0m[48;2;153;132;125m▀[0m[38;2;8;8;2m[48;2;148;149;142m▀[0m[38;2;0;0;0m[48;2;229;206;195m▀[0m[38;2;0;0;0m[48;2;229;222;217m▀[0m[38;2;0;0;0m[48;2;45;39;35m▀[0m[38;2;0;0;0m[48;2;0;0;0m▀[0m[38;2;0;0;0m[48;2;0;0;0m▀[0m[38;2;0;0;0m[48;2;0;0;0m▀[0m[38;2;0;0;0m[48;2;0;0;0m▀[0m[38;2;63;75;77m[48;2;51;86;89m▀[0m[38;2;229;229;229m[48;2;229;198;188m▀[0m[38;2;229;229;229m[48;2;229;229;229m▀[0m[38;2;229;229;229m[48;2;229;200;195m▀[0m[38;2;229;229;229m[48;2;229;181;176m▀[0m[38;2;229;229;229m[48;2;229;229;229m▀[0m[38;2;229;229;229m[48;2;229;229;229m▀[0m[38;2;104;107;104m[48;2;102;106;105m▀[0m[38;2;0;0;0m[48;2;0;0;0m▀[0m[38;2;0;7;17m[48;2;0;1;9m▀[0m[38;2;0;0;0m[48;2;4;7;12m▀[0m[38;2;9;14;21m[48;2;9;14;18m▀[0m[38;2;18;25;36m[48;2;18;24;36m▀[0m[38;2;11;16;20m[48;2;11;16;20m▀[0m[38;2;2;6;7m[48;2;3;7;11m▀[0m[38;2;1;8;9m[48;2;0;0;0m▀[0m[38;2;29;45;57m[48;2;23;41;46m▀[0m[38;2;0;0;0m[48;2;0;0;0m▀[0m[38;2;179;174;170m[48;2;229;229;229m▀[0m[38;2;229;229;229m[48;2;229;229;229m▀[0m[38;2;0;0;1m[48;2;0;0;0m▀[0m[38;2;36;53;70m[48;2;0;0;0m▀[0m[38;2;14;23;29m[48;2;0;1;2m▀[0m[38;2;0;0;0m[48;2;30;41;48m▀[0m
[38;2;85;208;212m[48;2;229;60;45m▀[0m[38;2;16;7;2m[48;2;196;150;148m▀[0m[38;2;186;115;109m[48;2;126;203;200m▀[0m[38;2;200;229;229m[48;2;180;185;185m▀[0m[38;2;175;197;197m[48;2;171;189;192m▀[0m[38;2;189;193;193m[48;2;178;199;201m▀[0m[38;2;211;173;171m[48;2;182;195;194m▀[0m[38;2;174;220;225m[48;2;183;183;185m▀[0m[38;2;172;168;170m[48;2;177;97;94m▀[0m[38;2;185;196;202m[48;2;183;180;178m▀[0m[38;2;139;168;170m[48;2;160;164;165m▀[0m[38;2;128;140;135m[48;2;136;133;131m▀[0m[38;2;182;180;171m[48;2;151;149;144m▀[0m[38;2;184;163;161m[48;2;189;189;185m▀[0m[38;2;201;183;187m[48;2;175;165;163m▀[0m[38;2;189;160;154m[48;2;203;183;178m▀[0m[38;2;0;0;0m[48;2;107;88;84m▀[0m[38;2;0;0;0m[48;2;0;0;0m▀[0m[38;2;0;0;0m[48;2;0;0;0m▀[0m[38;2;0;0;0m[48;2;0;0;0m▀[0m[38;2;110;137;143m[48;2;191;31;30m▀[0m[38;2;229;212;206m[48;2;229;144;132m▀[0m[38;2;229;229;229m[48;2;229;229;229m▀[0m[38;2;229;99;87m[48;2;229;229;229m▀[0m[38;2;229;144;135m[48;2;229;229;229m▀[0m[38;2;229;229;229m[48;2;229;229;229m▀[0m[38;2;229;229;229m[48;2;229;229;229m▀[0m[38;2;50;63;61m[48;2;15;0;0m▀[0m[38;2;0;0;0m[48;2;0;0;0m▀[0m[38;2;8;18;33m[48;2;4;16;27m▀[0m[38;2;6;9;16m[48;2;5;11;18m▀[0m[38;2;5;11;16m[48;2;4;2;7m▀[0m[38;2;18;27;39m[48;2;5;10;18m▀[0m[38;2;4;12;17m[48;2;0;1;2m▀[0m[38;2;0;3;7m[48;2;0;0;1m▀[0m[38;2;0;0;0m[48;2;0;0;0m▀[0m[38;2;0;0;9m[48;2;45;57;65m▀[0m[38;2;85;89;89m[48;2;169;169;169m▀[0m[38;2;198;198;194m[48;2;0;0;0m▀[0m[38;2;54;53;47m[48;2;0;0;0m▀[0m[38;2;0;0;0m[48;2;0;5;9m▀[0m[38;2;16;25;33m[48;2;38;51;63m▀[0m[38;2;53;70;83m[48;2;48;61;75m▀[0m[38;2;50;64;75m[48;2;43;53;62m▀[0m
[38;2;229;0;0m[48;2;104;0;0m▀[0m[38;2;229;0;0m[48;2;229;0;0m▀[0m[38;2;216;47;36m[48;2;229;0;0m▀[0m[38;2;189;189;183m[48;2;165;226;229m▀[0m[38;2;168;202;205m[48;2;178;202;205m▀[0m[38;2;178;180;182m[48;2;153;145;143m▀[0m[38;2;178;186;189m[48;2;173;173;170m▀[0m[38;2;172;163;162m[48;2;181;188;188m▀[0m[38;2;171;186;184m[48;2;176;176;174m▀[0m[38;2;189;200;200m[48;2;177;183;183m▀[0m[38;2;133;125;122m[48;2;128;113;102m▀[0m[38;2;135;138;135m[48;2;196;167;162m▀[0m[38;2;181;175;175m[48;2;229;229;229m▀[0m[38;2;142;117;111m[48;2;191;169;162m▀[0m[38;2;228;229;226m[48;2;157;135;129m▀[0m[38;2;212;203;199m[48;2;190;205;205m▀[0m[38;2;179;157;147m[48;2;171;183;182m▀[0m[38;2;0;0;0m[48;2;191;211;215m▀[0m[38;2;0;0;0m[48;2;95;153;157m▀[0m[38;2;0;0;0m[48;2;0;31;37m▀[0m[38;2;229;36;28m[48;2;229;225;221m▀[0m[38;2;229;125;103m[48;2;229;146;135m▀[0m[38;2;229;229;229m[48;2;229;229;229m▀[0m[38;2;229;229;229m[48;2;229;229;229m▀[0m[38;2;229;229;229m[48;2;229;229;229m▀[0m[38;2;229;229;229m[48;2;229;223;217m▀[0m[38;2;229;190;179m[48;2;229;229;229m▀[0m[38;2;0;0;0m[48;2;0;0;0m▀[0m[38;2;0;0;0m[48;2;0;0;0m▀[0m[38;2;0;8;23m[48;2;0;0;0m▀[0m[38;2;0;0;5m[48;2;9;23;35m▀[0m[38;2;0;5;7m[48;2;40;63;80m▀[0m[38;2;32;51;63m[48;2;27;41;53m▀[0m[38;2;12;25;36m[48;2;0;0;0m▀[0m[38;2;0;0;0m[48;2;0;0;0m▀[0m[38;2;0;0;0m[48;2;206;204;202m▀[0m[38;2;229;229;229m[48;2;229;229;229m▀[0m[38;2;25;29;34m[48;2;0;0;0m▀[0m[38;2;0;0;0m[48;2;0;0;0m▀[0m[38;2;30;50;63m[48;2;9;21;28m▀[0m[38;2;45;65;77m[48;2;26;42;52m▀[0m[38;2;32;50;57m[48;2;35;47;55m▀[0m[38;2;47;62;72m[48;2;47;59;69m▀[0m[38;2;44;51;64m[48;2;40;52;62m▀[0m
[38;2;119;0;0m[48;2;104;0;0m▀[0m[38;2;217;0;0m[48;2;59;0;0m▀[0m[38;2;192;108;106m[48;2;187;114;108m▀[0m[38;2;169;229;229m[48;2;187;229;229m▀[0m[38;2;194;193;193m[48;2;198;178;178m▀[0m[38;2;126;122;118m[48;2;141;159;162m▀[0m[38;2;160;151;144m[48;2;127;112;110m▀[0m[38;2;189;191;189m[48;2;199;204;201m▀[0m[38;2;179;178;172m[48;2;179;180;177m▀[0m[38;2;160;183;183m[48;2;184;183;180m▀[0m[38;2;209;98;93m[48;2;229;224;218m▀[0m[38;2;229;211;211m[48;2;220;219;214m▀[0m[38;2;229;229;229m[48;2;161;176;176m▀[0m[38;2;179;195;196m[48;2;223;229;229m▀[0m[38;2;167;170;171m[48;2;229;229;229m▀[0m[38;2;229;229;229m[48;2;229;229;229m▀[0m[38;2;229;229;229m[48;2;225;225;229m▀[0m[38;2;229;174;170m[48;2;229;229;229m▀[0m[38;2;229;169;159m[48;2;229;213;212m▀[0m[38;2;229;229;229m[48;2;229;0;0m▀[0m[38;2;229;0;0m[48;2;229;0;0m▀[0m[38;2;229;59;36m[48;2;229;135;126m▀[0m[38;2;229;229;229m[48;2;229;229;229m▀[0m[38;2;229;229;229m[48;2;229;229;229m▀[0m[38;2;229;211;206m[48;2;229;227;224m▀[0m[38;2;229;165;149m[48;2;229;0;0m▀[0m[38;2;158;180;180m[48;2;127;88;81m▀[0m[38;2;208;115;103m[48;2;229;229;229m▀[0m[38;2;134;103;102m[48;2;229;229;229m▀[0m[38;2;0;0;0m[48;2;220;227;229m▀[0m[38;2;0;0;15m[48;2;0;0;0m▀[0m[38;2;0;0;0m[48;2;0;0;0m▀[0m[38;2;0;0;0m[48;2;0;0;0m▀[0m[38;2;0;0;0m[48;2;109;111;109m▀[0m[38;2;180;189;185m[48;2;118;118;119m▀[0m[38;2;229;229;229m[48;2;198;196;194m▀[0m[38;2;67;80;90m[48;2;76;90;97m▀[0m[38;2;0;2;12m[48;2;0;7;16m▀[0m[38;2;0;0;0m[48;2;0;0;0m▀[0m[38;2;0;5;8m[48;2;8;16;22m▀[0m[38;2;0;8;16m[48;2;0;2;2m▀[0m[38;2;13;21;26m[48;2;28;39;45m▀[0m[38;2;50;63;74m[48;2;50;64;78m▀[0m[38;2;43;54;64m[48;2;44;54;63m▀[0m
[38;2;0;0;0m[48;2;1;0;1m▀[0m[38;2;229;0;0m[48;2;0;0;0m▀[0m[38;2;144;76;66m[48;2;78;26;20m▀[0m[38;2;196;229;229m[48;2;216;168;160m▀[0m[38;2;207;172;168m[48;2;225;198;192m▀[0m[38;2;189;185;189m[48;2;194;229;229m▀[0m[38;2;92;97;92m[48;2;0;0;0m▀[0m[38;2;202;209;207m[48;2;173;153;148m▀[0m[38;2;171;180;179m[48;2;171;176;171m▀[0m[38;2;216;177;167m[48;2;165;163;153m▀[0m[38;2;210;190;188m[48;2;189;220;225m▀[0m[38;2;184;225;227m[48;2;224;166;156m▀[0m[38;2;229;225;227m[48;2;206;164;168m▀[0m[38;2;229;229;229m[48;2;229;229;229m▀[0m[38;2;227;223;227m[48;2;225;219;222m▀[0m[38;2;227;229;229m[48;2;229;229;229m▀[0m[38;2;229;229;229m[48;2;229;229;229m▀[0m[38;2;229;229;229m[48;2;227;229;229m▀[0m[38;2;226;229;229m[48;2;229;156;153m▀[0m[38;2;194;105;99m[48;2;222;0;0m▀[0m[38;2;229;116;110m[48;2;229;0;0m▀[0m[38;2;229;178;172m[48;2;229;0;0m▀[0m[38;2;229;229;229m[48;2;229;229;229m▀[0m[38;2;229;229;229m[48;2;229;229;229m▀[0m[38;2;229;208;205m[48;2;229;119;111m▀[0m[38;2;229;112;108m[48;2;229;90;81m▀[0m[38;2;218;11;8m[48;2;217;92;93m▀[0m[38;2;229;208;208m[48;2;229;229;229m▀[0m[38;2;229;229;229m[48;2;229;229;229m▀[0m[38;2;229;229;229m[48;2;229;207;203m▀[0m[38;2;229;222;227m[48;2;229;229;229m▀[0m[38;2;0;4;3m[48;2;229;229;229m▀[0m[38;2;71;72;72m[48;2;0;0;0m▀[0m[38;2;4;6;7m[48;2;0;0;0m▀[0m[38;2;0;0;0m[48;2;0;0;0m▀[0m[38;2;19;22;21m[48;2;0;0;0m▀[0m[38;2;19;34;45m[48;2;4;17;24m▀[0m[38;2;23;34;45m[48;2;41;54;66m▀[0m[38;2;0;0;0m[48;2;0;0;0m▀[0m[38;2;1;8;11m[48;2;0;0;0m▀[0m[38;2;58;72;84m[48;2;53;71;80m▀[0m[38;2;56;71;82m[48;2;51;63;75m▀[0m[38;2;40;54;64m[48;2;15;23;31m▀[0m[38;2;38;54;64m[48;2;25;34;42m▀[0m
[38;2;0;0;0m[48;2;0;0;0m▀[0m[38;2;0;0;0m[48;2;0;0;0m▀[0m[38;2;0;0;0m[48;2;0;0;0m▀[0m[38;2;167;122;117m[48;2;63;44;37m▀[0m[38;2;229;82;79m[48;2;229;184;173m▀[0m[38;2;123;72;72m[48;2;90;0;0m▀[0m[38;2;19;0;0m[48;2;194;171;168m▀[0m[38;2;135;0;0m[48;2;229;103;97m▀[0m[38;2;81;87;81m[48;2;37;0;0m▀[0m[38;2;156;172;172m[48;2;229;229;229m▀[0m[38;2;229;229;229m[48;2;229;229;229m▀[0m[38;2;179;10;1m[48;2;217;157;158m▀[0m[38;2;214;152;156m[48;2;190;180;181m▀[0m[38;2;229;229;229m[48;2;225;229;229m▀[0m[38;2;225;220;221m[48;2;227;229;229m▀[0m[38;2;229;229;229m[48;2;223;217;218m▀[0m[38;2;223;229;229m[48;2;229;159;152m▀[0m[38;2;229;153;147m[48;2;227;210;208m▀[0m[38;2;229;100;100m[48;2;205;229;229m▀[0m[38;2;229;100;90m[48;2;229;90;86m▀[0m[38;2;229;0;0m[48;2;229;0;0m▀[0m[38;2;229;0;0m[48;2;229;0;0m▀[0m[38;2;229;0;0m[48;2;229;0;0m▀[0m[38;2;229;229;229m[48;2;229;0;0m▀[0m[38;2;229;0;0m[48;2;175;117;108m▀[0m[38;2;215;0;0m[48;2;229;36;30m▀[0m[38;2;222;220;218m[48;2;216;196;190m▀[0m[38;2;217;229;229m[48;2;152;203;201m▀[0m[38;2;193;216;216m[48;2;203;215;218m▀[0m[38;2;209;152;143m[48;2;229;66;58m▀[0m[38;2;229;229;229m[48;2;229;229;229m▀[0m[38;2;229;166;166m[48;2;226;207;211m▀[0m[38;2;207;181;178m[48;2;229;187;184m▀[0m[38;2;0;0;0m[48;2;148;153;152m▀[0m[38;2;0;0;0m[48;2;0;0;0m▀[0m[38;2;0;0;0m[48;2;0;0;0m▀[0m[38;2;9;17;21m[48;2;0;7;12m▀[0m[38;2;41;57;69m[48;2;40;56;66m▀[0m[38;2;0;0;0m[48;2;5;5;6m▀[0m[38;2;0;0;0m[48;2;0;0;0m▀[0m[38;2;57;73;89m[48;2;41;55;66m▀[0m[38;2;42;55;67m[48;2;9;17;18m▀[0m[38;2;32;45;57m[48;2;16;20;22m▀[0m[38;2;40;54;69m[48;2;9;12;13m▀[0m
[38;2;42;1;1m[48;2;7;0;0m▀[0m[38;2;0;0;0m[48;2;0;0;0m▀[0m[38;2;0;0;0m[48;2;0;0;0m▀[0m[38;2;0;17;16m[48;2;0;0;0m▀[0m[38;2;195;76;70m[48;2;154;68;62m▀[0m[38;2;120;36;34m[48;2;150;50;42m▀[0m[38;2;229;229;229m[48;2;229;229;229m▀[0m[38;2;229;229;229m[48;2;151;154;151m▀[0m[38;2;154;151;151m[48;2;229;229;229m▀[0m[38;2;229;229;229m[48;2;229;229;229m▀[0m[38;2;229;225;229m[48;2;229;189;186m▀[0m[38;2;229;198;197m[48;2;229;196;192m▀[0m[38;2;229;229;229m[48;2;229;229;229m▀[0m[38;2;225;229;229m[48;2;229;229;229m▀[0m[38;2;229;229;229m[48;2;229;188;183m▀[0m[38;2;229;160;151m[48;2;229;203;202m▀[0m[38;2;227;229;229m[48;2;229;229;229m▀[0m[38;2;221;229;229m[48;2;229;229;229m▀[0m[38;2;229;229;229m[48;2;229;144;144m▀[0m[38;2;229;30;27m[48;2;229;116;112m▀[0m[38;2;229;229;229m[48;2;227;229;229m▀[0m[38;2;229;13;5m[48;2;229;184;172m▀[0m[38;2;229;107;98m[48;2;229;229;229m▀[0m[38;2;213;64;60m[48;2;229;185;185m▀[0m[38;2;229;48;24m[48;2;229;55;41m▀[0m[38;2;210;229;229m[48;2;209;229;229m▀[0m[38;2;209;188;178m[48;2;207;134;134m▀[0m[38;2;227;229;227m[48;2;229;216;216m▀[0m[38;2;229;229;229m[48;2;226;229;229m▀[0m[38;2;229;229;229m[48;2;229;229;229m▀[0m[38;2;229;229;229m[48;2;229;229;229m▀[0m[38;2;229;229;229m[48;2;229;229;229m▀[0m[38;2;229;229;229m[48;2;229;229;229m▀[0m[38;2;229;229;229m[48;2;229;229;229m▀[0m[38;2;30;37;37m[48;2;226;228;229m▀[0m[38;2;0;0;0m[48;2;0;0;0m▀[0m[38;2;0;1;4m[48;2;0;0;0m▀[0m[38;2;31;51;59m[48;2;24;45;52m▀[0m[38;2;28;36;44m[48;2;40;54;65m▀[0m[38;2;0;0;0m[48;2;0;0;0m▀[0m[38;2;0;0;0m[48;2;0;0;0m▀[0m[38;2;12;19;22m[48;2;41;60;70m▀[0m[38;2;19;27;32m[48;2;24;36;45m▀[0m[38;2;34;45;55m[48;2;0;0;0m▀[0m
[38;2;0;0;0m[48;2;0;0;0m▀[0m[38;2;0;0;0m[48;2;0;0;0m▀[0m[38;2;0;0;0m[48;2;0;0;0m▀[0m[38;2;0;0;0m[48;2;0;0;0m▀[0m[38;2;113;54;50m[48;2;54;12;7m▀[0m[38;2;145;118;107m[48;2;74;52;44m▀[0m[38;2;117;98;81m[48;2;35;29;18m▀[0m[38;2;168;168;162m[48;2;229;224;219m▀[0m[38;2;229;229;229m[48;2;229;229;229m▀[0m[38;2;229;229;229m[48;2;229;229;229m▀[0m[38;2;229;197;198m[48;2;229;229;229m▀[0m[38;2;229;211;216m[48;2;229;229;229m▀[0m[38;2;229;229;229m[48;2;229;229;229m▀[0m[38;2;229;229;229m[48;2;229;220;224m▀[0m[38;2;229;180;177m[48;2;229;196;196m▀[0m[38;2;229;229;229m[48;2;229;229;229m▀[0m[38;2;229;229;229m[48;2;229;229;229m▀[0m[38;2;229;229;229m[48;2;229;229;229m▀[0m[38;2;229;152;146m[48;2;229;144;142m▀[0m[38;2;229;223;224m[48;2;193;191;194m▀[0m[38;2;211;229;229m[48;2;229;123;101m▀[0m[38;2;229;220;207m[48;2;229;229;229m▀[0m[38;2;167;140;132m[48;2;207;128;125m▀[0m[38;2;177;152;141m[48;2;213;144;136m▀[0m[38;2;229;157;145m[48;2;229;179;166m▀[0m[38;2;229;229;229m[48;2;221;201;196m▀[0m[38;2;229;229;229m[48;2;229;229;229m▀[0m[38;2;229;173;172m[48;2;229;121;108m▀[0m[38;2;229;229;229m[48;2;227;229;229m▀[0m[38;2;229;229;229m[48;2;229;229;229m▀[0m[38;2;229;229;229m[48;2;229;229;229m▀[0m[38;2;229;229;229m[48;2;229;229;229m▀[0m[38;2;229;229;229m[48;2;229;187;187m▀[0m[38;2;229;229;229m[48;2;229;229;229m▀[0m[38;2;229;229;229m[48;2;229;229;229m▀[0m[38;2;0;0;0m[48;2;124;123;119m▀[0m[38;2;0;0;0m[48;2;0;0;0m▀[0m[38;2;23;39;49m[48;2;17;29;37m▀[0m[38;2;53;70;84m[48;2;49;71;87m▀[0m[38;2;0;0;0m[48;2;0;0;0m▀[0m[38;2;0;0;0m[48;2;0;0;0m▀[0m[38;2;18;25;34m[48;2;31;42;49m▀[0m[38;2;49;63;73m[48;2;60;72;88m▀[0m[38;2;9;11;12m[48;2;15;21;23m▀[0m
[38;2;0;0;0m[48;2;0;0;0m▀[0m[38;2;24;9;9m[48;2;0;0;0m▀[0m[38;2;1;0;0m[48;2;0;0;0m▀[0m[38;2;0;0;0m[48;2;0;0;0m▀[0m[38;2;9;13;13m[48;2;4;0;0m▀[0m[38;2;79;58;51m[48;2;191;153;140m▀[0m[38;2;0;0;0m[48;2;101;91;82m▀[0m[38;2;229;229;229m[48;2;229;217;207m▀[0m[38;2;229;229;229m[48;2;229;229;229m▀[0m[38;2;229;229;229m[48;2;229;229;229m▀[0m[38;2;229;229;229m[48;2;229;229;229m▀[0m[38;2;229;229;229m[48;2;229;229;229m▀[0m[38;2;229;229;229m[48;2;229;229;229m▀[0m[38;2;229;205;205m[48;2;229;200;199m▀[0m[38;2;229;207;208m[48;2;229;210;201m▀[0m[38;2;226;229;229m[48;2;209;200;196m▀[0m[38;2;212;229;229m[48;2;175;202;193m▀[0m[38;2;229;162;153m[48;2;229;28;11m▀[0m[38;2;229;47;37m[48;2;168;22;10m▀[0m[38;2;199;41;32m[48;2;205;72;48m▀[0m[38;2;229;68;50m[48;2;229;200;187m▀[0m[38;2;229;229;229m[48;2;229;229;223m▀[0m[38;2;229;147;141m[48;2;224;92;78m▀[0m[38;2;229;148;137m[48;2;229;122;107m▀[0m[38;2;229;220;208m[48;2;227;141;123m▀[0m[38;2;152;153;143m[48;2;62;87;75m▀[0m[38;2;229;189;180m[48;2;229;0;0m▀[0m[38;2;229;36;19m[48;2;229;0;0m▀[0m[38;2;211;229;229m[48;2;176;220;208m▀[0m[38;2;225;222;220m[48;2;212;200;192m▀[0m[38;2;229;229;229m[48;2;229;229;229m▀[0m[38;2;229;229;229m[48;2;229;229;229m▀[0m[38;2;229;229;229m[48;2;229;125;121m▀[0m[38;2;229;229;229m[48;2;229;192;195m▀[0m[38;2;229;229;229m[48;2;229;229;229m▀[0m[38;2;199;202;198m[48;2;229;229;224m▀[0m[38;2;0;0;0m[48;2;0;0;0m▀[0m[38;2;0;11;18m[48;2;0;0;1m▀[0m[38;2;70;93;106m[48;2;61;84;99m▀[0m[38;2;0;0;0m[48;2;0;1;0m▀[0m[38;2;0;0;0m[48;2;0;0;0m▀[0m[38;2;23;35;37m[48;2;18;27;33m▀[0m[38;2;56;73;84m[48;2;55;72;83m▀[0m[38;2;13;19;24m[48;2;16;23;28m▀[0m
[38;2;0;0;0m[48;2;0;0;0m▀[0m[38;2;0;0;0m[48;2;0;0;0m▀[0m[38;2;0;0;0m[48;2;0;0;0m▀[0m[38;2;0;0;0m[48;2;0;0;0m▀[0m[38;2;2;0;0m[48;2;41;32;31m▀[0m[38;2;154;103;90m[48;2;133;87;78m▀[0m[38;2;128;116;108m[48;2;117;106;100m▀[0m[38;2;218;198;189m[48;2;209;187;180m▀[0m[38;2;229;219;216m[48;2;222;204;198m▀[0m[38;2;229;229;229m[48;2;225;220;218m▀[0m[38;2;229;229;229m[48;2;229;229;229m▀[0m[38;2;229;229;229m[48;2;229;229;229m▀[0m[38;2;229;229;229m[48;2;229;229;229m▀[0m[38;2;229;167;168m[48;2;229;203;207m▀[0m[38;2;229;132;127m[48;2;229;117;119m▀[0m[38;2;220;229;229m[48;2;229;229;229m▀[0m[38;2;199;226;224m[48;2;229;229;229m▀[0m[38;2;229;106;100m[48;2;229;229;229m▀[0m[38;2;229;229;229m[48;2;229;229;229m▀[0m[38;2;146;116;103m[48;2;68;86;86m▀[0m[38;2;177;105;96m[48;2;0;0;0m▀[0m[38;2;229;127;115m[48;2;64;47;42m▀[0m[38;2;168;116;108m[48;2;229;229;229m▀[0m[38;2;198;108;97m[48;2;0;0;0m▀[0m[38;2;81;27;9m[48;2;82;90;81m▀[0m[38;2;193;229;229m[48;2;229;229;229m▀[0m[38;2;229;160;158m[48;2;229;229;229m▀[0m[38;2;229;114;111m[48;2;229;165;158m▀[0m[38;2;212;229;229m[48;2;229;229;229m▀[0m[38;2;227;229;229m[48;2;229;229;229m▀[0m[38;2;229;229;229m[48;2;229;229;229m▀[0m[38;2;229;229;229m[48;2;229;229;229m▀[0m[38;2;229;229;229m[48;2;208;166;164m▀[0m[38;2;229;229;229m[48;2;229;229;229m▀[0m[38;2;229;229;229m[48;2;229;229;229m▀[0m[38;2;229;222;215m[48;2;211;189;180m▀[0m[38;2;0;0;0m[48;2;0;0;0m▀[0m[38;2;0;0;0m[48;2;0;0;0m▀[0m[38;2;51;74;89m[48;2;54;76;95m▀[0m[38;2;3;5;6m[48;2;9;13;17m▀[0m[38;2;0;0;0m[48;2;0;0;0m▀[0m[38;2;12;20;24m[48;2;6;12;16m▀[0m[38;2;53;72;83m[48;2;51;71;80m▀[0m[38;2;21;30;36m[48;2;27;36;44m▀[0m
[38;2;0;0;0m[48;2;0;0;0m▀[0m[38;2;0;0;0m[48;2;0;0;0m▀[0m[38;2;0;0;0m[48;2;0;0;0m▀[0m[38;2;0;0;0m[48;2;0;0;0m▀[0m[38;2;83;70;68m[48;2;102;87;83m▀[0m[38;2;161;128;120m[48;2;160;136;132m▀[0m[38;2;118;108;101m[48;2;118;108;101m▀[0m[38;2;197;178;172m[48;2;183;164;160m▀[0m[38;2;212;189;182m[48;2;205;189;180m▀[0m[38;2;222;209;202m[48;2;181;118;112m▀[0m[38;2;229;229;226m[48;2;209;176;167m▀[0m[38;2;225;225;224m[48;2;225;224;222m▀[0m[38;2;229;229;229m[48;2;229;229;229m▀[0m[38;2;229;229;229m[48;2;229;229;229m▀[0m[38;2;229;229;229m[48;2;223;227;228m▀[0m[38;2;229;229;229m[48;2;229;229;229m▀[0m[38;2;229;229;229m[48;2;229;229;229m▀[0m[38;2;229;221;221m[48;2;229;217;216m▀[0m[38;2;229;229;229m[48;2;229;229;229m▀[0m[38;2;62;65;64m[48;2;40;43;42m▀[0m[38;2;0;0;0m[48;2;0;0;0m▀[0m[38;2;0;0;0m[48;2;0;0;0m▀[0m[38;2;63;82;87m[48;2;58;73;73m▀[0m[38;2;0;0;0m[48;2;0;0;0m▀[0m[38;2;168;169;164m[48;2;156;184;173m▀[0m[38;2;229;229;229m[48;2;229;203;201m▀[0m[38;2;229;208;208m[48;2;229;223;224m▀[0m[38;2;229;152;145m[48;2;229;229;229m▀[0m[38;2;229;229;229m[48;2;229;229;229m▀[0m[38;2;229;229;229m[48;2;227;229;229m▀[0m[38;2;229;229;229m[48;2;224;224;222m▀[0m[38;2;229;229;229m[48;2;227;202;199m▀[0m[38;2;229;222;221m[48;2;228;197;195m▀[0m[38;2;229;225;223m[48;2;221;212;207m▀[0m[38;2;229;229;229m[48;2;229;207;199m▀[0m[38;2;170;148;139m[48;2;133;113;109m▀[0m[38;2;0;0;0m[48;2;0;0;0m▀[0m[38;2;0;0;0m[48;2;0;0;0m▀[0m[38;2;57;80;93m[48;2;56;78;93m▀[0m[38;2;16;22;26m[48;2;19;26;35m▀[0m[38;2;0;0;0m[48;2;0;0;0m▀[0m[38;2;1;6;7m[48;2;0;2;1m▀[0m[38;2;51;67;78m[48;2;49;65;76m▀[0m[38;2;33;40;53m[48;2;32;44;52m▀[0m
[38;2;0;0;0m[48;2;0;0;0m▀[0m[38;2;0;0;0m[48;2;0;0;0m▀[0m[38;2;0;0;0m[48;2;0;0;0m▀[0m[38;2;0;0;0m[48;2;0;0;0m▀[0m[38;2;74;71;69m[48;2;26;13;13m▀[0m[38;2;154;130;121m[48;2;158;105;95m▀[0m[38;2;117;106;106m[48;2;121;122;115m▀[0m[38;2;167;153;148m[48;2;158;144;139m▀[0m[38;2;190;177;170m[48;2;163;144;139m▀[0m[38;2;197;148;140m[48;2;196;173;166m▀[0m[38;2;164;85;79m[48;2;207;180;171m▀[0m[38;2;228;213;207m[48;2;215;194;186m▀[0m[38;2;227;216;210m[48;2;218;203;196m▀[0m[38;2;219;211;210m[48;2;213;201;196m▀[0m[38;2;221;213;214m[48;2;216;205;198m▀[0m[38;2;228;221;220m[48;2;222;214;207m▀[0m[38;2;229;229;229m[48;2;229;229;229m▀[0m[38;2;229;206;203m[48;2;229;190;182m▀[0m[38;2;229;229;229m[48;2;151;142;134m▀[0m[38;2;0;0;0m[48;2;0;0;0m▀[0m[38;2;0;0;0m[48;2;105;114;115m▀[0m[38;2;0;0;0m[48;2;116;120;122m▀[0m[38;2;229;229;229m[48;2;192;201;202m▀[0m[38;2;31;63;62m[48;2;0;24;27m▀[0m[38;2;212;73;57m[48;2;224;95;78m▀[0m[38;2;229;66;55m[48;2;229;82;67m▀[0m[38;2;229;229;229m[48;2;220;229;229m▀[0m[38;2;229;229;229m[48;2;226;215;211m▀[0m[38;2;222;221;221m[48;2;220;209;206m▀[0m[38;2;219;212;209m[48;2;215;201;198m▀[0m[38;2;216;207;203m[48;2;212;197;189m▀[0m[38;2;216;187;182m[48;2;208;191;186m▀[0m[38;2;214;183;181m[48;2;204;184;178m▀[0m[38;2;210;191;187m[48;2;199;171;164m▀[0m[38;2;218;189;178m[48;2;205;178;168m▀[0m[38;2;85;79;78m[48;2;24;24;27m▀[0m[38;2;0;0;0m[48;2;0;0;0m▀[0m[38;2;0;0;0m[48;2;0;0;0m▀[0m[38;2;56;74;91m[48;2;53;72;85m▀[0m[38;2;27;36;45m[48;2;32;44;54m▀[0m[38;2;0;0;0m[48;2;0;0;0m▀[0m[38;2;0;0;0m[48;2;0;0;0m▀[0m[38;2;51;64;75m[48;2;46;63;73m▀[0m[38;2;31;43;54m[48;2;33;45;55m▀[0m
[38;2;0;0;0m[48;2;0;0;0m▀[0m[38;2;0;0;0m[48;2;0;0;0m▀[0m[38;2;0;0;0m[48;2;0;0;0m▀[0m[38;2;0;0;0m[48;2;0;0;0m▀[0m[38;2;0;0;0m[48;2;0;0;0m▀[0m[38;2;175;85;78m[48;2;120;97;89m▀[0m[38;2;125;133;129m[48;2;143;132;126m▀[0m[38;2;159;142;135m[48;2;158;143;136m▀[0m[38;2;146;135;128m[48;2;140;129;123m▀[0m[38;2;163;144;138m[48;2;143;129;122m▀[0m[38;2;187;160;148m[48;2;155;136;130m▀[0m[38;2;205;172;164m[48;2;172;143;135m▀[0m[38;2;210;181;170m[48;2;180;153;145m▀[0m[38;2;205;181;171m[48;2;178;153;146m▀[0m[38;2;204;181;174m[48;2;173;153;142m▀[0m[38;2;206;193;182m[48;2;154;158;149m▀[0m[38;2;200;187;179m[48;2;180;151;146m▀[0m[38;2;229;116;103m[48;2;224;37;28m▀[0m[38;2;0;21;18m[48;2;0;0;0m▀[0m[38;2;0;0;0m[48;2;0;0;0m▀[0m[38;2;3;7;8m[48;2;0;0;0m▀[0m[38;2;0;0;0m[48;2;0;0;0m▀[0m[38;2;99;106;110m[48;2;104;110;111m▀[0m[38;2;0;0;0m[48;2;0;0;0m▀[0m[38;2;148;101;83m[48;2;111;68;54m▀[0m[38;2;201;117;102m[48;2;212;142;126m▀[0m[38;2;187;192;187m[48;2;143;145;142m▀[0m[38;2;212;192;186m[48;2;181;159;150m▀[0m[38;2;207;189;180m[48;2;186;160;148m▀[0m[38;2;203;182;179m[48;2;181;156;148m▀[0m[38;2;200;183;177m[48;2;177;158;150m▀[0m[38;2;183;147;139m[48;2;160;118;109m▀[0m[38;2;189;153;144m[48;2;159;138;130m▀[0m[38;2;187;164;156m[48;2;186;168;159m▀[0m[38;2;171;151;145m[48;2;120;108;101m▀[0m[38;2;0;0;0m[48;2;0;0;0m▀[0m[38;2;0;0;0m[48;2;0;4;11m▀[0m[38;2;0;0;0m[48;2;0;0;0m▀[0m[38;2;46;65;75m[48;2;36;55;65m▀[0m[38;2;43;54;65m[48;2;45;62;72m▀[0m[38;2;0;0;0m[48;2;0;0;0m▀[0m[38;2;0;0;0m[48;2;0;0;0m▀[0m[38;2;44;61;74m[48;2;35;51;56m▀[0m[38;2;38;53;59m[48;2;47;65;74m▀[0m
[38;2;0;0;0m[48;2;0;0;0m▀[0m[38;2;0;0;0m[48;2;0;0;0m▀[0m[38;2;0;0;0m[48;2;0;0;0m▀[0m[38;2;0;0;0m[48;2;0;0;0m▀[0m[38;2;0;0;0m[48;2;0;0;0m▀[0m[38;2;68;62;60m[48;2;36;33;33m▀[0m[38;2;145;127;121m[48;2;137;118;112m▀[0m[38;2;159;140;135m[48;2;154;135;129m▀[0m[38;2;142;125;125m[48;2;143;127;117m▀[0m[38;2;138;123;119m[48;2;143;125;120m▀[0m[38;2;140;127;120m[48;2;138;120;117m▀[0m[38;2;144;129;122m[48;2;135;122;119m▀[0m[38;2;148;130;124m[48;2;135;121;117m▀[0m[38;2;145;135;128m[48;2;134;123;118m▀[0m[38;2;144;133;126m[48;2;126;135;130m▀[0m[38;2;116;162;154m[48;2;169;140;139m▀[0m[38;2;229;103;93m[48;2;229;0;0m▀[0m[38;2;95;0;0m[48;2;0;0;0m▀[0m[38;2;0;0;0m[48;2;0;0;0m▀[0m[38;2;0;0;0m[48;2;0;0;0m▀[0m[38;2;0;0;0m[48;2;0;0;0m▀[0m[38;2;0;0;0m[48;2;0;0;0m▀[0m[38;2;82;90;90m[48;2;53;57;57m▀[0m[38;2;0;0;0m[48;2;0;0;0m▀[0m[38;2;30;5;0m[48;2;0;0;0m▀[0m[38;2;219;149;137m[48;2;211;94;82m▀[0m[38;2;139;140;135m[48;2;147;151;147m▀[0m[38;2;145;133;126m[48;2;141;126;120m▀[0m[38;2;149;134;127m[48;2;135;119;117m▀[0m[38;2;151;140;133m[48;2;134;125;121m▀[0m[38;2;147;122;116m[48;2;133;109;107m▀[0m[38;2;144;91;83m[48;2;137;107;101m▀[0m[38;2;145;138;135m[48;2;155;144;141m▀[0m[38;2;195;174;169m[48;2;172;153;148m▀[0m[38;2;43;38;35m[48;2;0;0;0m▀[0m[38;2;0;0;0m[48;2;0;0;0m▀[0m[38;2;3;10;15m[48;2;3;10;15m▀[0m[38;2;0;0;0m[48;2;0;1;2m▀[0m[38;2;25;39;53m[48;2;20;32;37m▀[0m[38;2;36;50;60m[48;2;37;51;63m▀[0m[38;2;0;0;0m[48;2;0;0;0m▀[0m[38;2;0;0;0m[48;2;0;0;0m▀[0m[38;2;23;36;44m[48;2;21;30;35m▀[0m[38;2;55;72;87m[48;2;55;72;86m▀[0m
