[38;2;0;5;9m[48;2;0;7;11m▀[0m[38;2;0;8;13m[48;2;0;0;0m▀[0m[38;2;0;5;9m[48;2;11;56;61m▀[0m[38;2;0;7;15m[48;2;109;149;153m▀[0m[38;2;0;18;26m[48;2;182;159;161m▀[0m[38;2;0;44;52m[48;2;202;139;138m▀[0m[38;2;2;50;55m[48;2;162;81;77m▀[0m[38;2;60;88;95m[48;2;120;30;29m▀[0m[38;2;147;162;169m[48;2;76;10;7m▀[0m[38;2;66;89;96m[48;2;45;3;0m▀[0m[38;2;143;145;147m[48;2;93;0;0m▀[0m[38;2;255;146;142m[48;2;172;0;0m▀[0m[38;2;227;0;0m[48;2;0;0;0m▀[0m[38;2;2;0;0m[48;2;0;8;8m▀[0m[38;2;0;0;0m[48;2;0;0;0m▀[0m[38;2;56;66;66m[48;2;62;37;34m▀[0m[38;2;0;0;1m[48;2;35;42;43m▀[0m[38;2;29;37;37m[48;2;40;44;44m▀[0m[38;2;78;81;83m[48;2;0;0;0m▀[0m[38;2;82;86;85m[48;2;94;98;97m▀[0m[38;2;44;46;44m[48;2;0;0;0m▀[0m[38;2;0;0;0m[48;2;0;0;0m▀[0m[38;2;0;0;0m[48;2;35;35;35m▀[0m[38;2;0;0;0m[48;2;0;0;0m▀[0m[38;2;60;63;63m[48;2;115;115;117m▀[0m[38;2;8;11;11m[48;2;192;195;195m▀[0m[38;2;0;0;0m[48;2;0;0;0m▀[0m[38;2;255;255;255m[48;2;221;214;210m▀[0m[38;2;174;186;189m[48;2;239;246;248m▀[0m[38;2;9;31;38m[48;2;14;34;38m▀[0m[38;2;35;51;57m[48;2;53;69;75m▀[0m[38;2;75;93;99m[48;2;33;51;57m▀[0m[38;2;109;130;139m[48;2;118;138;144m▀[0m[38;2;105;126;134m[48;2;93;114;123m▀[0m[38;2;114;129;137m[48;2;152;166;174m▀[0m[38;2;170;186;194m[48;2;112;135;143m▀[0m
[38;2;0;75;86m[48;2;255;161;157m▀[0m[38;2;119;202;207m[48;2;255;113;107m▀[0m[38;2;255;246;243m[48;2;203;0;0m▀[0m[38;2;236;97;94m[48;2;0;0;0m▀[0m[38;2;81;0;0m[48;2;0;0;0m▀[0m[38;2;0;0;0m[48;2;0;21;21m▀[0m[38;2;0;0;0m[48;2;109;123;123m▀[0m[38;2;0;0;0m[48;2;93;99;97m▀[0m[38;2;0;0;0m[48;2;109;114;111m▀[0m[38;2;0;0;0m[48;2;72;79;79m▀[0m[38;2;0;0;0m[48;2;32;36;37m▀[0m[38;2;0;3;3m[48;2;21;28;28m▀[0m[38;2;1;22;23m[48;2;59;66;70m▀[0m[38;2;49;61;64m[48;2;73;80;81m▀[0m[38;2;12;30;31m[48;2;0;5;9m▀[0m[38;2;46;0;0m[48;2;0;0;0m▀[0m[38;2;99;52;50m[48;2;62;64;64m▀[0m[38;2;80;91;91m[48;2;86;91;91m▀[0m[38;2;0;0;0m[48;2;0;0;0m▀[0m[38;2;70;75;74m[48;2;0;0;0m▀[0m[38;2;32;35;35m[48;2;11;19;19m▀[0m[38;2;5;3;6m[48;2;3;3;3m▀[0m[38;2;255;255;255m[48;2;14;16;16m▀[0m[38;2;26;26;24m[48;2;18;20;20m▀[0m[38;2;9;8;8m[48;2;0;0;0m▀[0m[38;2;183;185;185m[48;2;40;42;40m▀[0m[38;2;0;0;0m[48;2;24;22;19m▀[0m[38;2;88;83;83m[48;2;0;0;0m▀[0m[38;2;224;227;226m[48;2;110;122;126m▀[0m[38;2;44;64;68m[48;2;30;48;54m▀[0m[38;2;72;81;89m[48;2;76;88;93m▀[0m[38;2;13;28;36m[48;2;56;69;77m▀[0m[38;2;95;113;119m[48;2;57;77;83m▀[0m[38;2;86;110;120m[48;2;114;134;142m▀[0m[38;2;193;203;210m[48;2;255;255;255m▀[0m[38;2;93;118;133m[48;2;146;159;170m▀[0m
[38;2;180;0;0m[48;2;0;0;0m▀[0m[38;2;29;0;0m[48;2;0;36;36m▀[0m[38;2;0;0;0m[48;2;43;77;77m▀[0m[38;2;0;0;0m[48;2;9;22;24m▀[0m[38;2;7;16;16m[48;2;0;0;0m▀[0m[38;2;130;134;134m[48;2;119;123;123m▀[0m[38;2;119;123;123m[48;2;87;89;89m▀[0m[38;2;91;94;94m[48;2;20;22;22m▀[0m[38;2;86;90;90m[48;2;5;7;7m▀[0m[38;2;81;88;88m[48;2;4;6;6m▀[0m[38;2;84;91;91m[48;2;26;24;27m▀[0m[38;2;26;31;31m[48;2;23;26;26m▀[0m[38;2;76;80;80m[48;2;89;89;91m▀[0m[38;2;43;47;47m[48;2;26;28;30m▀[0m[38;2;3;6;6m[48;2;27;29;31m▀[0m[38;2;40;42;42m[48;2;56;60;60m▀[0m[38;2;86;94;92m[48;2;94;98;98m▀[0m[38;2;71;76;76m[48;2;19;38;37m▀[0m[38;2;0;0;0m[48;2;123;110;107m▀[0m[38;2;123;134;136m[48;2;255;215;215m▀[0m[38;2;202;193;193m[48;2;84;91;93m▀[0m[38;2;5;14;13m[48;2;7;17;17m▀[0m[38;2;51;53;53m[48;2;44;48;48m▀[0m[38;2;46;48;48m[48;2;30;34;33m▀[0m[38;2;7;9;9m[48;2;0;0;0m▀[0m[38;2;53;51;49m[48;2;2;4;2m▀[0m[38;2;77;76;76m[48;2;144;140;138m▀[0m[38;2;32;52;58m[48;2;78;93;100m▀[0m[38;2;64;80;87m[48;2;45;66;74m▀[0m[38;2;29;51;60m[48;2;44;62;70m▀[0m[38;2;67;79;84m[48;2;44;58;66m▀[0m[38;2;107;115;120m[48;2;122;132;135m▀[0m[38;2;53;69;76m[48;2;64;78;80m▀[0m[38;2;93;115;125m[48;2;70;92;101m▀[0m[38;2;235;240;241m[48;2;143;163;168m▀[0m[38;2;246;254;253m[48;2;255;255;255m▀[0m
[38;2;0;0;0m[48;2;5;10;10m▀[0m[38;2;54;64;64m[48;2;67;71;71m▀[0m[38;2;90;95;95m[48;2;30;35;32m▀[0m[38;2;223;228;228m[48;2;255;255;255m▀[0m[38;2;34;36;36m[48;2;166;168;168m▀[0m[38;2;0;0;0m[48;2;57;61;61m▀[0m[38;2;10;8;11m[48;2;231;233;231m▀[0m[38;2;10;10;10m[48;2;12;14;14m▀[0m[38;2;0;0;0m[48;2;36;36;36m▀[0m[38;2;0;0;0m[48;2;0;0;0m▀[0m[38;2;0;0;0m[48;2;0;2;2m▀[0m[38;2;44;47;47m[48;2;39;42;42m▀[0m[38;2;60;62;63m[48;2;4;6;6m▀[0m[38;2;36;39;39m[48;2;66;68;70m▀[0m[38;2;25;27;29m[48;2;33;35;38m▀[0m[38;2;0;0;0m[48;2;0;0;0m▀[0m[38;2;89;90;87m[48;2;30;32;30m▀[0m[38;2;0;19;19m[48;2;18;34;34m▀[0m[38;2;157;28;23m[48;2;0;9;12m▀[0m[38;2;147;0;0m[48;2;151;164;170m▀[0m[38;2;0;0;0m[48;2;88;0;0m▀[0m[38;2;233;246;249m[48;2;79;60;60m▀[0m[38;2;90;98;101m[48;2;84;96;101m▀[0m[38;2;0;0;0m[48;2;110;115;114m▀[0m[38;2;0;0;0m[48;2;82;85;86m▀[0m[38;2;0;0;0m[48;2;67;69;67m▀[0m[38;2;194;193;194m[48;2;248;248;248m▀[0m[38;2;62;82;88m[48;2;195;200;205m▀[0m[38;2;35;53;58m[48;2;39;53;62m▀[0m[38;2;54;69;79m[48;2;39;57;63m▀[0m[38;2;28;44;52m[48;2;25;46;55m▀[0m[38;2;104;117;121m[48;2;76;89;97m▀[0m[38;2;94;106;110m[48;2;114;124;125m▀[0m[38;2;51;71;79m[48;2;46;66;74m▀[0m[38;2;102;123;133m[48;2;89;112;121m▀[0m[38;2;255;255;255m[48;2;176;190;193m▀[0m
[38;2;0;3;3m[48;2;0;0;0m▀[0m[38;2;66;69;68m[48;2;67;71;71m▀[0m[38;2;51;55;52m[48;2;75;77;77m▀[0m[38;2;167;171;168m[48;2;82;86;86m▀[0m[38;2;84;86;86m[48;2;47;49;49m▀[0m[38;2;59;59;61m[48;2;41;44;44m▀[0m[38;2;255;255;255m[48;2;100;102;100m▀[0m[38;2;32;35;37m[48;2;81;83;85m▀[0m[38;2;0;1;1m[48;2;0;0;0m▀[0m[38;2;29;31;31m[48;2;76;78;80m▀[0m[38;2;4;8;8m[48;2;28;30;30m▀[0m[38;2;22;26;26m[48;2;11;13;13m▀[0m[38;2;64;65;62m[48;2;85;83;86m▀[0m[38;2;69;73;70m[48;2;60;58;61m▀[0m[38;2;35;37;37m[48;2;24;26;26m▀[0m[38;2;0;0;0m[48;2;0;0;0m▀[0m[38;2;0;0;0m[48;2;0;0;0m▀[0m[38;2;2;10;10m[48;2;0;0;0m▀[0m[38;2;0;0;0m[48;2;0;0;0m▀[0m[38;2;22;28;26m[48;2;165;35;31m▀[0m[38;2;166;0;0m[48;2;204;67;62m▀[0m[38;2;93;60;60m[48;2;184;200;200m▀[0m[38;2;101;115;118m[48;2;154;163;166m▀[0m[38;2;109;114;114m[48;2;0;0;0m▀[0m[38;2;195;195;196m[48;2;157;160;162m▀[0m[38;2;244;246;246m[48;2;161;161;161m▀[0m[38;2;254;253;249m[48;2;141;143;143m▀[0m[38;2;255;255;255m[48;2;255;255;255m▀[0m[38;2;199;201;203m[48;2;223;222;219m▀[0m[38;2;73;83;88m[48;2;77;82;87m▀[0m[38;2;16;34;45m[48;2;29;47;52m▀[0m[38;2;70;87;91m[48;2;42;62;70m▀[0m[38;2;116;124;128m[48;2;95;108;114m▀[0m[38;2;68;82;86m[48;2;95;104;107m▀[0m[38;2;83;105;114m[48;2;74;96;103m▀[0m[38;2;114;128;135m[48;2;115;130;140m▀[0m
[38;2;0;0;0m[48;2;0;0;0m▀[0m[38;2;48;52;52m[48;2;30;32;32m▀[0m[38;2;84;86;86m[48;2;74;76;76m▀[0m[38;2;57;59;59m[48;2;64;66;66m▀[0m[38;2;56;61;57m[48;2;40;42;42m▀[0m[38;2;42;46;46m[48;2;55;57;59m▀[0m[38;2;44;46;44m[48;2;77;79;79m▀[0m[38;2;61;63;65m[48;2;24;26;28m▀[0m[38;2;0;0;0m[48;2;0;0;0m▀[0m[38;2;42;43;39m[48;2;93;95;95m▀[0m[38;2;70;74;74m[48;2;47;49;49m▀[0m[38;2;51;53;53m[48;2;37;39;39m▀[0m[38;2;58;61;60m[48;2;64;67;66m▀[0m[38;2;33;35;35m[48;2;0;0;0m▀[0m[38;2;0;0;0m[48;2;0;0;0m▀[0m[38;2;46;46;46m[48;2;25;25;25m▀[0m[38;2;55;58;55m[48;2;0;0;0m▀[0m[38;2;0;0;0m[48;2;44;48;48m▀[0m[38;2;119;99;98m[48;2;177;192;189m▀[0m[38;2;162;164;167m[48;2;139;146;147m▀[0m[38;2;116;161;166m[48;2;149;151;149m▀[0m[38;2;163;178;181m[48;2;150;157;157m▀[0m[38;2;69;73;74m[48;2;84;88;89m▀[0m[38;2;62;64;64m[48;2;162;166;168m▀[0m[38;2;246;248;248m[48;2;112;107;110m▀[0m[38;2;165;169;169m[48;2;140;142;142m▀[0m[38;2;117;121;121m[48;2;0;0;0m▀[0m[38;2;212;210;213m[48;2;0;0;0m▀[0m[38;2;255;255;255m[48;2;107;109;107m▀[0m[38;2;255;255;255m[48;2;255;255;255m▀[0m[38;2;167;172;174m[48;2;247;242;242m▀[0m[38;2;36;52;63m[48;2;83;93;100m▀[0m[38;2;84;102;103m[48;2;67;81;89m▀[0m[38;2;110;117;122m[48;2;109;119;122m▀[0m[38;2;59;75;82m[48;2;73;86;90m▀[0m[38;2;144;159;169m[48;2;104;124;130m▀[0m
[38;2;0;0;0m[48;2;0;0;0m▀[0m[38;2;13;16;13m[48;2;0;0;0m▀[0m[38;2;59;60;57m[48;2;39;40;37m▀[0m[38;2;47;49;51m[48;2;13;15;15m▀[0m[38;2;23;25;25m[48;2;0;2;2m▀[0m[38;2;77;79;79m[48;2;1;3;3m▀[0m[38;2;44;46;46m[48;2;0;0;0m▀[0m[38;2;0;0;0m[48;2;75;77;79m▀[0m[38;2;205;207;207m[48;2;192;192;193m▀[0m[38;2;79;83;83m[48;2;32;34;36m▀[0m[38;2;60;64;64m[48;2;71;75;72m▀[0m[38;2;0;0;0m[48;2;42;44;42m▀[0m[38;2;16;18;18m[48;2;0;0;0m▀[0m[38;2;17;19;19m[48;2;0;0;0m▀[0m[38;2;0;0;0m[48;2;0;0;0m▀[0m[38;2;18;20;20m[48;2;0;0;0m▀[0m[38;2;0;0;0m[48;2;0;0;0m▀[0m[38;2;134;138;138m[48;2;154;156;157m▀[0m[38;2;160;163;165m[48;2;155;157;158m▀[0m[38;2;120;123;124m[48;2;77;79;77m▀[0m[38;2;144;147;146m[48;2;108;112;112m▀[0m[38;2;185;185;185m[48;2;168;170;170m▀[0m[38;2;161;163;164m[48;2;160;162;160m▀[0m[38;2;118;127;128m[48;2;163;166;168m▀[0m[38;2;122;102;102m[48;2;134;125;128m▀[0m[38;2;127;129;127m[48;2;118;123;119m▀[0m[38;2;132;88;92m[48;2;165;90;90m▀[0m[38;2;120;124;121m[48;2;128;128;131m▀[0m[38;2;119;124;124m[48;2;191;204;204m▀[0m[38;2;255;255;255m[48;2;255;255;255m▀[0m[38;2;219;221;219m[48;2;255;255;255m▀[0m[38;2;48;61;65m[48;2;65;85;90m▀[0m[38;2;49;67;78m[48;2;40;63;70m▀[0m[38;2;102;110;116m[48;2;97;109;114m▀[0m[38;2;98;107;111m[48;2;111;121;124m▀[0m[38;2;63;83;89m[48;2;51;67;75m▀[0m
[38;2;0;0;0m[48;2;230;229;229m▀[0m[38;2;0;0;0m[48;2;17;20;20m▀[0m[38;2;0;0;0m[48;2;0;0;0m▀[0m[38;2;0;1;1m[48;2;9;13;13m▀[0m[38;2;73;75;75m[48;2;93;95;95m▀[0m[38;2;0;0;0m[48;2;72;74;74m▀[0m[38;2;0;0;0m[48;2;0;1;1m▀[0m[38;2;0;0;0m[48;2;30;33;34m▀[0m[38;2;111;113;113m[48;2;105;105;106m▀[0m[38;2;122;124;124m[48;2;83;85;85m▀[0m[38;2;56;58;58m[48;2;57;59;59m▀[0m[38;2;71;73;73m[48;2;69;71;71m▀[0m[38;2;36;41;41m[48;2;11;13;13m▀[0m[38;2;0;0;0m[48;2;0;0;0m▀[0m[38;2;0;0;0m[48;2;0;1;0m▀[0m[38;2;0;0;0m[48;2;0;0;0m▀[0m[38;2;4;7;7m[48;2;0;0;0m▀[0m[38;2;157;159;159m[48;2;161;160;160m▀[0m[38;2;139;141;142m[48;2;146;148;148m▀[0m[38;2;106;104;107m[48;2;96;99;98m▀[0m[38;2;59;57;60m[48;2;104;104;104m▀[0m[38;2;85;87;87m[48;2;106;105;105m▀[0m[38;2;146;150;150m[48;2;96;96;96m▀[0m[38;2;161;172;172m[48;2;106;115;118m▀[0m[38;2;168;128;125m[48;2;113;78;79m▀[0m[38;2;168;158;159m[48;2;147;125;122m▀[0m[38;2;175;104;102m[48;2;129;84;81m▀[0m[38;2;153;168;171m[48;2;70;93;91m▀[0m[38;2;134;112;109m[48;2;142;112;110m▀[0m[38;2;217;172;168m[48;2;255;232;230m▀[0m[38;2;255;255;255m[48;2;255;255;255m▀[0m[38;2;205;205;202m[48;2;129;136;140m▀[0m[38;2;78;93;97m[48;2;85;95;99m▀[0m[38;2;77;90;94m[48;2;74;88;95m▀[0m[38;2;114;124;127m[48;2;106;119;125m▀[0m[38;2;83;98;104m[48;2;99;112;114m▀[0m
[38;2;140;144;141m[48;2;78;82;84m▀[0m[38;2;76;78;78m[48;2;66;68;68m▀[0m[38;2;0;0;0m[48;2;4;6;6m▀[0m[38;2;69;72;72m[48;2;59;61;63m▀[0m[38;2;172;170;173m[48;2;255;255;255m▀[0m[38;2;255;255;255m[48;2;209;211;211m▀[0m[38;2;123;125;125m[48;2;177;179;179m▀[0m[38;2;0;0;0m[48;2;0;0;0m▀[0m[38;2;41;43;43m[48;2;28;30;32m▀[0m[38;2;72;76;73m[48;2;67;69;71m▀[0m[38;2;59;61;61m[48;2;77;79;79m▀[0m[38;2;80;82;82m[48;2;51;53;53m▀[0m[38;2;51;55;55m[48;2;43;45;45m▀[0m[38;2;0;0;0m[48;2;0;0;0m▀[0m[38;2;0;3;3m[48;2;0;0;0m▀[0m[38;2;0;0;0m[48;2;0;0;0m▀[0m[38;2;19;19;20m[48;2;19;19;17m▀[0m[38;2;163;165;167m[48;2;134;134;135m▀[0m[38;2;168;170;170m[48;2;165;167;165m▀[0m[38;2;157;160;159m[48;2;163;167;166m▀[0m[38;2;128;126;129m[48;2;149;151;153m▀[0m[38;2;113;115;115m[48;2;45;48;48m▀[0m[38;2;78;80;82m[48;2;0;0;0m▀[0m[38;2;0;0;0m[48;2;0;0;0m▀[0m[38;2;0;0;0m[48;2;40;43;46m▀[0m[38;2;0;0;0m[48;2;74;78;78m▀[0m[38;2;0;0;0m[48;2;1;5;5m▀[0m[38;2;0;0;0m[48;2;0;0;0m▀[0m[38;2;61;69;69m[48;2;83;85;83m▀[0m[38;2;255;255;255m[48;2;150;148;146m▀[0m[38;2;225;223;227m[48;2;139;149;153m▀[0m[38;2;67;83;91m[48;2;35;51;62m▀[0m[38;2;98;108;109m[48;2;112;119;121m▀[0m[38;2;75;89;96m[48;2;80;93;100m▀[0m[38;2;96;108;113m[48;2;93;105;110m▀[0m[38;2;108;121;124m[48;2;97;112;118m▀[0m
[38;2;45;49;49m[48;2;64;66;66m▀[0m[38;2;73;75;77m[48;2;76;78;78m▀[0m[38;2;37;41;41m[48;2;66;69;68m▀[0m[38;2;37;39;39m[48;2;63;67;67m▀[0m[38;2;178;180;180m[48;2;32;34;36m▀[0m[38;2;92;92;92m[48;2;1;3;5m▀[0m[38;2;183;184;181m[48;2;126;125;125m▀[0m[38;2;14;14;15m[48;2;17;19;19m▀[0m[38;2;69;73;70m[48;2;61;64;64m▀[0m[38;2;81;83;83m[48;2;82;86;83m▀[0m[38;2;75;77;79m[48;2;86;90;89m▀[0m[38;2;36;38;38m[48;2;58;60;62m▀[0m[38;2;0;0;0m[48;2;0;0;0m▀[0m[38;2;0;3;3m[48;2;19;19;19m▀[0m[38;2;0;0;0m[48;2;0;0;0m▀[0m[38;2;0;0;0m[48;2;0;0;0m▀[0m[38;2;0;0;0m[48;2;0;0;0m▀[0m[38;2;70;73;74m[48;2;0;0;0m▀[0m[38;2;126;128;128m[48;2;7;10;11m▀[0m[38;2;75;75;76m[48;2;0;0;0m▀[0m[38;2;0;0;0m[48;2;0;0;0m▀[0m[38;2;0;0;0m[48;2;42;42;42m▀[0m[38;2;0;0;0m[48;2;0;0;0m▀[0m[38;2;0;0;0m[48;2;0;0;0m▀[0m[38;2;34;34;35m[48;2;14;16;18m▀[0m[38;2;81;84;84m[48;2;0;0;0m▀[0m[38;2;6;10;9m[48;2;0;0;0m▀[0m[38;2;0;0;0m[48;2;7;10;10m▀[0m[38;2;21;21;21m[48;2;97;97;97m▀[0m[38;2;206;209;210m[48;2;207;206;207m▀[0m[38;2;79;88;92m[48;2;175;179;180m▀[0m[38;2;49;67;72m[48;2;66;80;87m▀[0m[38;2;96;108;113m[48;2;60;75;81m▀[0m[38;2;99;108;113m[48;2;105;115;119m▀[0m[38;2;85;98;104m[48;2;80;92;99m▀[0m[38;2;93;106;112m[48;2;93;105;110m▀[0m
[38;2;64;67;66m[48;2;65;68;68m▀[0m[38;2;58;62;62m[48;2;113;115;115m▀[0m[38;2;50;52;52m[48;2;94;98;98m▀[0m[38;2;62;65;65m[48;2;0;0;0m▀[0m[38;2;48;50;50m[48;2;28;28;30m▀[0m[38;2;118;120;122m[48;2;137;139;139m▀[0m[38;2;149;147;150m[48;2;107;106;106m▀[0m[38;2;0;0;0m[48;2;0;0;0m▀[0m[38;2;0;0;0m[48;2;0;0;0m▀[0m[38;2;21;24;23m[48;2;0;0;0m▀[0m[38;2;22;24;25m[48;2;0;0;0m▀[0m[38;2;0;0;0m[48;2;7;9;9m▀[0m[38;2;17;17;17m[48;2;16;18;18m▀[0m[38;2;7;11;11m[48;2;0;0;0m▀[0m[38;2;0;0;0m[48;2;0;0;0m▀[0m[38;2;0;0;0m[48;2;0;0;0m▀[0m[38;2;0;0;0m[48;2;14;17;16m▀[0m[38;2;0;0;1m[48;2;0;2;2m▀[0m[38;2;0;0;0m[48;2;0;0;0m▀[0m[38;2;0;0;0m[48;2;168;168;168m▀[0m[38;2;168;170;170m[48;2;178;177;177m▀[0m[38;2;255;255;255m[48;2;147;147;147m▀[0m[38;2;191;194;191m[48;2;255;255;255m▀[0m[38;2;0;0;0m[48;2;170;173;172m▀[0m[38;2;0;0;0m[48;2;0;0;0m▀[0m[38;2;0;0;0m[48;2;79;106;106m▀[0m[38;2;0;0;0m[48;2;165;89;88m▀[0m[38;2;0;0;0m[48;2;30;0;0m▀[0m[38;2;255;255;255m[48;2;0;18;22m▀[0m[38;2;248;251;251m[48;2;134;138;139m▀[0m[38;2;255;255;255m[48;2;87;90;90m▀[0m[38;2;222;221;222m[48;2;255;255;255m▀[0m[38;2;114;123;128m[48;2;124;122;119m▀[0m[38;2;110;123;129m[48;2;102;105;107m▀[0m[38;2;69;84;91m[48;2;98;112;116m▀[0m[38;2;95;108;112m[48;2;88;101;108m▀[0m
[38;2;28;28;29m[48;2;4;6;6m▀[0m[38;2;130;132;132m[48;2;94;96;96m▀[0m[38;2;112;116;116m[48;2;99;100;97m▀[0m[38;2;2;4;4m[48;2;41;43;43m▀[0m[38;2;0;0;0m[48;2;32;35;35m▀[0m[38;2;31;33;33m[48;2;58;60;60m▀[0m[38;2;17;17;15m[48;2;34;34;35m▀[0m[38;2;0;0;0m[48;2;0;0;0m▀[0m[38;2;0;0;0m[48;2;18;18;19m▀[0m[38;2;0;0;0m[48;2;40;43;42m▀[0m[38;2;0;0;0m[48;2;68;71;70m▀[0m[38;2;0;0;0m[48;2;69;69;69m▀[0m[38;2;0;0;0m[48;2;78;80;80m▀[0m[38;2;10;10;8m[48;2;73;76;75m▀[0m[38;2;63;62;62m[48;2;74;76;78m▀[0m[38;2;65;67;69m[48;2;33;38;38m▀[0m[38;2;15;17;17m[48;2;0;0;0m▀[0m[38;2;0;0;0m[48;2;35;37;37m▀[0m[38;2;132;133;130m[48;2;194;196;196m▀[0m[38;2;170;172;173m[48;2;145;147;148m▀[0m[38;2;141;143;141m[48;2;118;120;118m▀[0m[38;2;116;118;116m[48;2;122;124;122m▀[0m[38;2;255;255;255m[48;2;255;255;255m▀[0m[38;2;210;218;219m[48;2;255;255;255m▀[0m[38;2;184;176;179m[48;2;255;255;255m▀[0m[38;2;192;194;194m[48;2;255;255;255m▀[0m[38;2;167;56;56m[48;2;252;233;233m▀[0m[38;2;235;114;104m[48;2;232;64;60m▀[0m[38;2;238;255;253m[48;2;255;201;200m▀[0m[38;2;222;236;239m[48;2;255;255;255m▀[0m[38;2;50;55;55m[48;2;217;219;219m▀[0m[38;2;214;214;216m[48;2;46;48;48m▀[0m[38;2;106;101;101m[48;2;105;107;105m▀[0m[38;2;63;59;58m[48;2;195;195;196m▀[0m[38;2;146;157;159m[48;2;118;130;133m▀[0m[38;2;60;75;79m[48;2;63;75;83m▀[0m
