[38;2;0;0;0m[48;2;0;0;0m▀[0m[38;2;54;58;57m[48;2;68;72;73m▀[0m[38;2;48;50;50m[48;2;23;25;25m▀[0m[38;2;0;0;0m[48;2;12;14;14m▀[0m[38;2;17;19;19m[48;2;8;7;7m▀[0m[38;2;30;32;32m[48;2;51;53;53m▀[0m[38;2;28;30;30m[48;2;30;32;32m▀[0m[38;2;26;28;28m[48;2;28;30;28m▀[0m[38;2;3;6;3m[48;2;17;21;22m▀[0m[38;2;32;34;34m[48;2;0;0;0m▀[0m[38;2;90;96;95m[48;2;0;0;0m▀[0m[38;2;20;33;33m[48;2;19;65;67m▀[0m[38;2;0;0;0m[48;2;2;67;75m▀[0m[38;2;41;101;102m[48;2;27;48;52m▀[0m[38;2;116;207;208m[48;2;84;0;0m▀[0m[38;2;105;173;176m[48;2;171;110;108m▀[0m[38;2;105;165;167m[48;2;118;207;209m▀[0m[38;2;154;50;49m[48;2;43;90;91m▀[0m[38;2;174;0;0m[48;2;24;48;48m▀[0m[38;2;153;0;0m[48;2;42;88;88m▀[0m[38;2;164;201;200m[48;2;100;165;166m▀[0m[38;2;65;130;130m[48;2;135;178;178m▀[0m[38;2;66;174;177m[48;2;240;32;29m▀[0m[38;2;72;180;184m[48;2;172;0;0m▀[0m[38;2;0;63;65m[48;2;57;79;78m▀[0m[38;2;64;97;97m[48;2;0;28;33m▀[0m[38;2;84;99;96m[48;2;0;0;0m▀[0m[38;2;0;0;0m[48;2;32;44;47m▀[0m[38;2;20;24;25m[48;2;24;28;29m▀[0m[38;2;28;28;28m[48;2;37;37;37m▀[0m[38;2;48;51;51m[48;2;69;71;69m▀[0m[38;2;0;0;0m[48;2;0;0;0m▀[0m[38;2;50;52;52m[48;2;56;60;60m▀[0m[38;2;0;0;0m[48;2;0;0;0m▀[0m[38;2;70;73;72m[48;2;67;70;69m▀[0m[38;2;0;0;0m[48;2;0;0;0m▀[0m
[38;2;0;0;0m[48;2;20;22;22m▀[0m[38;2;80;80;81m[48;2;67;71;71m▀[0m[38;2;0;2;2m[48;2;0;0;0m▀[0m[38;2;23;25;23m[48;2;18;20;20m▀[0m[38;2;0;2;2m[48;2;9;11;11m▀[0m[38;2;73;74;71m[48;2;62;64;65m▀[0m[38;2;8;11;11m[48;2;8;10;10m▀[0m[38;2;3;6;6m[48;2;0;0;0m▀[0m[38;2;10;14;15m[48;2;0;0;0m▀[0m[38;2;0;0;0m[48;2;85;69;69m▀[0m[38;2;0;0;0m[48;2;243;188;176m▀[0m[38;2;97;56;49m[48;2;255;190;173m▀[0m[38;2;254;62;39m[48;2;255;140;116m▀[0m[38;2;255;0;0m[48;2;255;75;54m▀[0m[38;2;255;0;0m[48;2;255;0;0m▀[0m[38;2;255;0;0m[48;2;255;0;0m▀[0m[38;2;90;27;27m[48;2;47;0;0m▀[0m[38;2;114;178;179m[48;2;0;57;58m▀[0m[38;2;132;152;153m[48;2;148;156;154m▀[0m[38;2;160;183;184m[48;2;102;118;116m▀[0m[38;2;81;150;155m[48;2;0;69;69m▀[0m[38;2;255;0;0m[48;2;223;0;0m▀[0m[38;2;255;0;0m[48;2;255;0;0m▀[0m[38;2;255;0;0m[48;2;255;0;0m▀[0m[38;2;255;0;0m[48;2;255;11;0m▀[0m[38;2;220;47;32m[48;2;255;164;139m▀[0m[38;2;53;44;40m[48;2;255;193;174m▀[0m[38;2;18;40;41m[48;2;162;161;149m▀[0m[38;2;0;0;0m[48;2;0;0;0m▀[0m[38;2;0;0;0m[48;2;0;0;0m▀[0m[38;2;81;85;84m[48;2;53;55;56m▀[0m[38;2;0;0;0m[48;2;0;0;0m▀[0m[38;2;46;50;50m[48;2;25;28;28m▀[0m[38;2;0;0;0m[48;2;6;10;10m▀[0m[38;2;40;45;41m[48;2;11;13;13m▀[0m[38;2;27;27;27m[48;2;49;51;51m▀[0m
[38;2;40;43;43m[48;2;59;61;63m▀[0m[38;2;45;49;48m[48;2;22;24;24m▀[0m[38;2;0;0;0m[48;2;9;11;11m▀[0m[38;2;12;10;13m[48;2;0;2;4m▀[0m[38;2;27;29;29m[48;2;42;44;46m▀[0m[38;2;26;28;29m[48;2;38;41;42m▀[0m[38;2;0;0;0m[48;2;33;33;33m▀[0m[38;2;82;84;87m[48;2;255;255;255m▀[0m[38;2;216;219;216m[48;2;202;208;198m▀[0m[38;2;255;226;210m[48;2;164;181;171m▀[0m[38;2;236;188;178m[48;2;206;206;192m▀[0m[38;2;212;178;171m[48;2;207;179;170m▀[0m[38;2;206;175;162m[48;2;231;181;166m▀[0m[38;2;255;118;89m[48;2;187;129;113m▀[0m[38;2;230;0;0m[48;2;178;255;255m▀[0m[38;2;22;0;0m[48;2;0;58;61m▀[0m[38;2;35;117;121m[48;2;0;0;0m▀[0m[38;2;81;98;98m[48;2;0;0;0m▀[0m[38;2;58;67;63m[48;2;0;0;0m▀[0m[38;2;81;96;91m[48;2;0;0;0m▀[0m[38;2;0;0;0m[48;2;0;0;0m▀[0m[38;2;0;42;48m[48;2;3;38;41m▀[0m[38;2;99;0;0m[48;2;120;237;243m▀[0m[38;2;255;0;0m[48;2;100;0;0m▀[0m[38;2;255;90;64m[48;2;255;110;93m▀[0m[38;2;204;187;169m[48;2;211;199;186m▀[0m[38;2;197;206;196m[48;2;199;216;203m▀[0m[38;2;244;248;234m[48;2;162;177;170m▀[0m[38;2;234;229;219m[48;2;173;174;167m▀[0m[38;2;0;0;0m[48;2;233;230;218m▀[0m[38;2;0;0;0m[48;2;49;52;49m▀[0m[38;2;19;22;22m[48;2;17;20;22m▀[0m[38;2;6;6;7m[48;2;0;0;0m▀[0m[38;2;42;46;43m[48;2;66;70;67m▀[0m[38;2;0;0;0m[48;2;0;0;0m▀[0m[38;2;65;67;68m[48;2;64;68;65m▀[0m
[38;2;76;80;80m[48;2;55;57;57m▀[0m[38;2;0;0;0m[48;2;0;0;0m▀[0m[38;2;23;25;25m[48;2;38;40;40m▀[0m[38;2;0;0;0m[48;2;0;0;0m▀[0m[38;2;57;59;59m[48;2;55;57;58m▀[0m[38;2;9;12;11m[48;2;0;0;0m▀[0m[38;2;55;56;52m[48;2;86;92;86m▀[0m[38;2;236;234;220m[48;2;235;232;220m▀[0m[38;2;135;135;128m[48;2;203;198;187m▀[0m[38;2;203;203;191m[48;2;208;207;193m▀[0m[38;2;193;199;190m[48;2;171;174;167m▀[0m[38;2;244;211;201m[48;2;147;134;134m▀[0m[38;2;175;122;114m[48;2;0;0;0m▀[0m[38;2;87;113;116m[48;2;0;7;6m▀[0m[38;2;255;255;255m[48;2;255;255;255m▀[0m[38;2;73;87;89m[48;2;174;166;162m▀[0m[38;2;40;50;51m[48;2;0;0;0m▀[0m[38;2;108;111;112m[48;2;0;0;0m▀[0m[38;2;216;218;218m[48;2;0;0;0m▀[0m[38;2;125;129;128m[48;2;0;0;0m▀[0m[38;2;0;0;0m[48;2;0;0;0m▀[0m[38;2;102;122;124m[48;2;199;203;203m▀[0m[38;2;255;255;255m[48;2;255;255;255m▀[0m[38;2;28;97;101m[48;2;7;20;20m▀[0m[38;2;101;64;58m[48;2;0;0;0m▀[0m[38;2;255;231;213m[48;2;68;71;68m▀[0m[38;2;202;215;203m[48;2;176;182;173m▀[0m[38;2;203;209;195m[48;2;214;212;200m▀[0m[38;2;135;138;133m[48;2;195;193;180m▀[0m[38;2;255;253;241m[48;2;233;228;213m▀[0m[38;2;95;95;91m[48;2;114;118;111m▀[0m[38;2;1;6;10m[48;2;12;17;22m▀[0m[38;2;0;0;0m[48;2;0;0;0m▀[0m[38;2;46;47;44m[48;2;17;18;15m▀[0m[38;2;0;2;2m[48;2;24;26;26m▀[0m[38;2;21;23;23m[48;2;3;5;5m▀[0m
[38;2;11;13;13m[48;2;0;0;1m▀[0m[38;2;3;5;3m[48;2;19;21;21m▀[0m[38;2;48;46;49m[48;2;28;30;30m▀[0m[38;2;0;0;0m[48;2;3;2;2m▀[0m[38;2;72;78;77m[48;2;70;75;72m▀[0m[38;2;0;0;0m[48;2;0;0;0m▀[0m[38;2;121;121;115m[48;2;109;108;104m▀[0m[38;2;240;234;221m[48;2;247;242;225m▀[0m[38;2;192;190;176m[48;2;191;189;177m▀[0m[38;2;220;218;204m[48;2;221;216;203m▀[0m[38;2;148;149;142m[48;2;175;177;167m▀[0m[38;2;0;0;0m[48;2;0;0;0m▀[0m[38;2;0;0;0m[48;2;7;11;11m▀[0m[38;2;3;10;10m[48;2;0;0;0m▀[0m[38;2;250;250;234m[48;2;84;90;84m▀[0m[38;2;241;235;219m[48;2;201;212;203m▀[0m[38;2;0;0;0m[48;2;4;27;28m▀[0m[38;2;26;30;32m[48;2;73;88;90m▀[0m[38;2;186;191;185m[48;2;239;250;241m▀[0m[38;2;241;243;229m[48;2;154;167;160m▀[0m[38;2;19;20;17m[48;2;121;140;132m▀[0m[38;2;220;220;207m[48;2;207;213;204m▀[0m[38;2;255;255;255m[48;2;82;86;82m▀[0m[38;2;17;21;23m[48;2;74;76;79m▀[0m[38;2;0;0;0m[48;2;0;0;0m▀[0m[38;2;0;0;0m[48;2;0;0;0m▀[0m[38;2;106;109;104m[48;2;109;109;107m▀[0m[38;2;231;228;215m[48;2;234;229;216m▀[0m[38;2;195;187;178m[48;2;192;187;175m▀[0m[38;2;231;229;215m[48;2;232;221;211m▀[0m[38;2;156;157;148m[48;2;161;160;154m▀[0m[38;2;9;14;16m[48;2;0;0;0m▀[0m[38;2;42;44;44m[48;2;84;86;84m▀[0m[38;2;0;0;0m[48;2;0;0;0m▀[0m[38;2;40;42;42m[48;2;48;50;50m▀[0m[38;2;0;0;0m[48;2;0;0;0m▀[0m
[38;2;0;0;0m[48;2;0;0;0m▀[0m[38;2;35;34;35m[48;2;49;51;49m▀[0m[38;2;0;2;1m[48;2;0;0;0m▀[0m[38;2;21;19;22m[48;2;66;69;69m▀[0m[38;2;51;54;54m[48;2;7;6;7m▀[0m[38;2;0;0;0m[48;2;0;0;0m▀[0m[38;2;82;83;80m[48;2;76;78;76m▀[0m[38;2;247;240;223m[48;2;239;234;218m▀[0m[38;2;192;191;178m[48;2;206;205;197m▀[0m[38;2;214;209;196m[48;2;214;209;197m▀[0m[38;2;206;206;195m[48;2;222;220;207m▀[0m[38;2;0;0;0m[48;2;0;0;0m▀[0m[38;2;14;17;18m[48;2;29;37;41m▀[0m[38;2;0;0;0m[48;2;0;3;8m▀[0m[38;2;61;82;81m[48;2;182;192;185m▀[0m[38;2;252;244;234m[48;2;179;135;128m▀[0m[38;2;178;145;136m[48;2;101;51;45m▀[0m[38;2;120;120;112m[48;2;233;145;138m▀[0m[38;2;162;174;163m[48;2;241;152;140m▀[0m[38;2;174;161;153m[48;2;203;128;116m▀[0m[38;2;170;134;125m[48;2;94;48;42m▀[0m[38;2;242;249;239m[48;2;191;165;159m▀[0m[38;2;0;0;0m[48;2;38;59;60m▀[0m[38;2;0;0;0m[48;2;0;0;0m▀[0m[38;2;51;56;58m[48;2;104;107;108m▀[0m[38;2;0;0;0m[48;2;69;74;76m▀[0m[38;2;148;148;144m[48;2;138;139;132m▀[0m[38;2;224;222;206m[48;2;228;225;212m▀[0m[38;2;192;187;175m[48;2;193;191;180m▀[0m[38;2;218;212;199m[48;2;220;218;202m▀[0m[38;2;193;192;184m[48;2;168;167;159m▀[0m[38;2;0;0;0m[48;2;0;0;0m▀[0m[38;2;72;75;74m[48;2;102;105;105m▀[0m[38;2;0;0;0m[48;2;0;0;0m▀[0m[38;2;34;36;36m[48;2;23;23;24m▀[0m[38;2;7;9;9m[48;2;22;26;28m▀[0m
[38;2;0;0;1m[48;2;17;19;19m▀[0m[38;2;60;62;62m[48;2;22;24;24m▀[0m[38;2;0;0;0m[48;2;8;10;10m▀[0m[38;2;102;104;106m[48;2;75;74;74m▀[0m[38;2;0;0;0m[48;2;4;3;4m▀[0m[38;2;0;0;0m[48;2;0;0;0m▀[0m[38;2;55;59;56m[48;2;32;35;32m▀[0m[38;2;241;236;220m[48;2;237;235;219m▀[0m[38;2;216;213;207m[48;2;213;211;203m▀[0m[38;2;209;206;194m[48;2;209;207;196m▀[0m[38;2;231;230;216m[48;2;225;229;212m▀[0m[38;2;0;0;0m[48;2;56;52;52m▀[0m[38;2;31;54;59m[48;2;49;22;23m▀[0m[38;2;0;0;0m[48;2;0;0;0m▀[0m[38;2;116;17;9m[48;2;82;0;0m▀[0m[38;2;132;51;49m[48;2;255;93;59m▀[0m[38;2;128;0;0m[48;2;255;92;66m▀[0m[38;2;255;107;87m[48;2;255;112;96m▀[0m[38;2;255;192;175m[48;2;255;121;105m▀[0m[38;2;255;59;34m[48;2;255;114;94m▀[0m[38;2;130;12;0m[48;2;255;97;67m▀[0m[38;2;133;51;48m[48;2;255;99;62m▀[0m[38;2;0;0;0m[48;2;0;0;0m▀[0m[38;2;0;0;0m[48;2;19;0;0m▀[0m[38;2;0;25;31m[48;2;69;5;0m▀[0m[38;2;35;63;66m[48;2;86;35;34m▀[0m[38;2;168;169;160m[48;2;192;193;184m▀[0m[38;2;231;229;221m[48;2;237;238;233m▀[0m[38;2;210;211;200m[48;2;212;209;201m▀[0m[38;2;223;217;204m[48;2;228;222;209m▀[0m[38;2;158;157;151m[48;2;132;131;128m▀[0m[38;2;0;0;0m[48;2;17;17;22m▀[0m[38;2;42;42;43m[48;2;61;61;62m▀[0m[38;2;0;0;0m[48;2;0;2;2m▀[0m[38;2;2;4;4m[48;2;0;0;0m▀[0m[38;2;42;42;44m[48;2;48;51;50m▀[0m
[38;2;39;40;37m[48;2;55;57;57m▀[0m[38;2;0;0;0m[48;2;0;0;0m▀[0m[38;2;38;36;40m[48;2;68;72;72m▀[0m[38;2;61;62;59m[48;2;78;82;79m▀[0m[38;2;0;0;0m[48;2;27;30;30m▀[0m[38;2;0;0;0m[48;2;28;33;32m▀[0m[38;2;20;24;24m[48;2;0;0;0m▀[0m[38;2;233;231;218m[48;2;218;211;201m▀[0m[38;2;208;203;195m[48;2;210;205;192m▀[0m[38;2;204;201;193m[48;2;196;197;184m▀[0m[38;2;230;236;221m[48;2;193;194;183m▀[0m[38;2;103;71;71m[48;2;82;101;100m▀[0m[38;2;141;4;2m[48;2;0;0;0m▀[0m[38;2;116;3;0m[48;2;10;0;0m▀[0m[38;2;0;0;0m[48;2;10;14;13m▀[0m[38;2;196;98;84m[48;2;204;233;229m▀[0m[38;2;248;193;180m[48;2;172;209;203m▀[0m[38;2;118;154;148m[48;2;20;0;0m▀[0m[38;2;22;87;88m[48;2;0;0;0m▀[0m[38;2;164;174;172m[48;2;23;31;32m▀[0m[38;2;255;192;179m[48;2;180;214;205m▀[0m[38;2;195;91;78m[48;2;207;223;219m▀[0m[38;2;0;0;0m[48;2;0;0;0m▀[0m[38;2;80;24;15m[48;2;0;0;0m▀[0m[38;2;200;30;21m[48;2;0;0;0m▀[0m[38;2;121;0;0m[48;2;10;47;47m▀[0m[38;2;190;197;186m[48;2;230;235;220m▀[0m[38;2;230;229;225m[48;2;197;195;183m▀[0m[38;2;201;198;187m[48;2;198;197;181m▀[0m[38;2;243;237;224m[48;2;241;240;226m▀[0m[38;2;78;82;79m[48;2;43;46;48m▀[0m[38;2;0;0;0m[48;2;0;0;0m▀[0m[38;2;101;101;102m[48;2;44;44;45m▀[0m[38;2;27;27;25m[48;2;102;105;101m▀[0m[38;2;0;0;0m[48;2;0;0;0m▀[0m[38;2;38;38;36m[48;2;37;40;41m▀[0m
[38;2;57;56;56m[48;2;30;31;28m▀[0m[38;2;0;0;0m[48;2;0;0;0m▀[0m[38;2;108;110;108m[48;2;75;76;73m▀[0m[38;2;70;70;70m[48;2;28;28;26m▀[0m[38;2;0;0;0m[48;2;0;0;0m▀[0m[38;2;10;12;13m[48;2;0;0;0m▀[0m[38;2;24;29;30m[48;2;18;21;24m▀[0m[38;2;174;171;163m[48;2;122;123;116m▀[0m[38;2;226;221;208m[48;2;240;237;224m▀[0m[38;2;198;193;181m[48;2;196;189;180m▀[0m[38;2;187;187;174m[48;2;207;204;192m▀[0m[38;2;182;184;174m[48;2;172;171;159m▀[0m[38;2;73;86;89m[48;2;203;203;199m▀[0m[38;2;255;255;255m[48;2;255;255;255m▀[0m[38;2;173;181;186m[48;2;255;255;255m▀[0m[38;2;153;175;170m[48;2;110;120;125m▀[0m[38;2;225;198;186m[48;2;127;155;149m▀[0m[38;2;255;92;83m[48;2;233;170;149m▀[0m[38;2;255;255;255m[48;2;255;199;191m▀[0m[38;2;255;80;71m[48;2;244;144;134m▀[0m[38;2;212;237;224m[48;2;139;174;168m▀[0m[38;2;153;170;163m[48;2;0;0;0m▀[0m[38;2;0;0;0m[48;2;31;35;40m▀[0m[38;2;3;17;21m[48;2;203;206;207m▀[0m[38;2;0;0;0m[48;2;236;237;230m▀[0m[38;2;157;160;159m[48;2;186;190;183m▀[0m[38;2;212;212;200m[48;2;202;195;186m▀[0m[38;2;196;193;182m[48;2;196;191;178m▀[0m[38;2;213;205;192m[48;2;232;224;211m▀[0m[38;2;224;223;210m[48;2;175;174;164m▀[0m[38;2;18;21;28m[48;2;0;0;0m▀[0m[38;2;0;0;0m[48;2;1;1;1m▀[0m[38;2;42;46;46m[48;2;9;9;9m▀[0m[38;2;151;153;151m[48;2;81;82;79m▀[0m[38;2;0;0;0m[48;2;9;9;11m▀[0m[38;2;24;26;27m[48;2;0;0;0m▀[0m
[38;2;20;20;20m[48;2;0;0;0m▀[0m[38;2;0;0;0m[48;2;20;22;22m▀[0m[38;2;71;73;71m[48;2;55;57;58m▀[0m[38;2;0;0;0m[48;2;26;28;28m▀[0m[38;2;0;0;0m[48;2;0;0;0m▀[0m[38;2;4;6;6m[48;2;28;30;32m▀[0m[38;2;14;16;16m[48;2;3;5;7m▀[0m[38;2;25;33;32m[48;2;0;0;0m▀[0m[38;2;246;244;230m[48;2;158;167;161m▀[0m[38;2;202;199;188m[48;2;237;243;225m▀[0m[38;2;207;204;192m[48;2;185;203;191m▀[0m[38;2;153;154;143m[48;2;70;86;84m▀[0m[38;2;185;186;171m[48;2;171;173;161m▀[0m[38;2;104;107;98m[48;2;210;209;196m▀[0m[38;2;0;0;0m[48;2;0;0;0m▀[0m[38;2;0;0;0m[48;2;0;0;0m▀[0m[38;2;0;0;0m[48;2;145;150;147m▀[0m[38;2;0;0;0m[48;2;134;149;145m▀[0m[38;2;165;51;43m[48;2;122;158;161m▀[0m[38;2;0;15;13m[48;2;122;130;122m▀[0m[38;2;0;0;0m[48;2;194;195;186m▀[0m[38;2;0;0;0m[48;2;0;0;0m▀[0m[38;2;0;0;0m[48;2;9;14;13m▀[0m[38;2;112;115;106m[48;2;231;235;218m▀[0m[38;2;224;224;210m[48;2;186;190;178m▀[0m[38;2;176;177;166m[48;2;107;116;111m▀[0m[38;2;206;204;192m[48;2;183;192;181m▀[0m[38;2;198;196;184m[48;2;234;236;223m▀[0m[38;2;250;247;232m[48;2;182;187;179m▀[0m[38;2;84;90;88m[48;2;0;0;0m▀[0m[38;2;0;0;0m[48;2;0;0;0m▀[0m[38;2;31;28;28m[48;2;3;3;3m▀[0m[38;2;0;0;0m[48;2;0;0;0m▀[0m[38;2;107;110;107m[48;2;61;64;61m▀[0m[38;2;61;61;61m[48;2;104;109;106m▀[0m[38;2;0;0;0m[48;2;0;0;0m▀[0m
[38;2;0;0;0m[48;2;0;0;0m▀[0m[38;2;42;45;45m[48;2;100;103;100m▀[0m[38;2;22;24;24m[48;2;17;20;20m▀[0m[38;2;17;16;16m[48;2;0;0;0m▀[0m[38;2;59;61;59m[48;2;0;0;0m▀[0m[38;2;38;41;41m[48;2;0;0;0m▀[0m[38;2;5;12;13m[48;2;0;7;8m▀[0m[38;2;0;0;0m[48;2;0;14;16m▀[0m[38;2;90;118;120m[48;2;6;1;3m▀[0m[38;2;201;245;234m[48;2;255;20;2m▀[0m[38;2;128;154;150m[48;2;255;0;0m▀[0m[38;2;105;125;126m[48;2;255;144;130m▀[0m[38;2;200;210;211m[48;2;232;248;237m▀[0m[38;2;218;223;223m[48;2;255;247;239m▀[0m[38;2;204;206;204m[48;2;255;255;255m▀[0m[38;2;106;99;94m[48;2;255;255;255m▀[0m[38;2;117;121;117m[48;2;157;143;134m▀[0m[38;2;123;126;123m[48;2;117;120;119m▀[0m[38;2;192;190;186m[48;2;161;160;158m▀[0m[38;2;131;132;127m[48;2;151;150;143m▀[0m[38;2;123;126;125m[48;2;144;144;138m▀[0m[38;2;97;90;85m[48;2;247;222;208m▀[0m[38;2;207;200;194m[48;2;255;253;245m▀[0m[38;2;199;205;204m[48;2;247;228;222m▀[0m[38;2;160;170;170m[48;2;237;246;239m▀[0m[38;2;91;118;118m[48;2;252;176;167m▀[0m[38;2;119;146;145m[48;2;255;0;0m▀[0m[38;2;201;240;229m[48;2;255;16;0m▀[0m[38;2;77;103;105m[48;2;39;18;15m▀[0m[38;2;0;0;0m[48;2;0;0;0m▀[0m[38;2;0;0;0m[48;2;28;32;33m▀[0m[38;2;21;25;25m[48;2;5;8;8m▀[0m[38;2;8;10;10m[48;2;0;0;0m▀[0m[38;2;17;18;15m[48;2;7;6;6m▀[0m[38;2;126;131;126m[48;2;116;119;114m▀[0m[38;2;0;0;0m[48;2;0;0;0m▀[0m
[38;2;0;0;0m[48;2;0;0;0m▀[0m[38;2;160;163;159m[48;2;106;109;108m▀[0m[38;2;63;63;60m[48;2;93;92;90m▀[0m[38;2;0;0;0m[48;2;6;5;5m▀[0m[38;2;26;26;27m[48;2;1;3;3m▀[0m[38;2;16;18;20m[48;2;47;57;55m▀[0m[38;2;0;0;0m[48;2;110;118;119m▀[0m[38;2;0;0;0m[48;2;24;67;75m▀[0m[38;2;82;0;0m[48;2;183;96;79m▀[0m[38;2;255;42;8m[48;2;255;163;139m▀[0m[38;2;255;182;175m[48;2;168;222;216m▀[0m[38;2;178;178;166m[48;2;169;208;197m▀[0m[38;2;162;184;167m[48;2;203;215;204m▀[0m[38;2;158;162;148m[48;2;162;163;156m▀[0m[38;2;167;167;153m[48;2;157;157;150m▀[0m[38;2;199;190;179m[48;2;183;185;173m▀[0m[38;2;201;198;183m[48;2;189;186;174m▀[0m[38;2;184;184;173m[48;2;183;178;168m▀[0m[38;2;164;164;156m[48;2;145;146;143m▀[0m[38;2;200;198;185m[48;2;199;192;182m▀[0m[38;2;196;195;183m[48;2;184;181;169m▀[0m[38;2;187;184;173m[48;2;182;179;168m▀[0m[38;2;180;175;160m[48;2;186;181;170m▀[0m[38;2;174;173;162m[48;2;182;180;170m▀[0m[38;2;166;183;166m[48;2;184;189;183m▀[0m[38;2;178;175;159m[48;2;176;212;206m▀[0m[38;2;255;184;171m[48;2;163;218;206m▀[0m[38;2;255;50;23m[48;2;255;179;158m▀[0m[38;2;143;0;0m[48;2;135;44;34m▀[0m[38;2;0;49;56m[48;2;5;51;57m▀[0m[38;2;28;33;33m[48;2;173;181;181m▀[0m[38;2;36;38;39m[48;2;74;79;80m▀[0m[38;2;0;0;0m[48;2;11;10;8m▀[0m[38;2;0;0;0m[48;2;37;39;39m▀[0m[38;2;104;107;102m[48;2;136;139;136m▀[0m[38;2;0;0;0m[48;2;22;21;22m▀[0m
