[38;2;0;0;0m[48;2;0;0;0m▀[0m[38;2;0;0;0m[48;2;0;1;1m▀[0m[38;2;36;43;49m[48;2;54;63;72m▀[0m[38;2;2;3;1m[48;2;0;0;0m▀[0m[38;2;0;0;0m[48;2;0;0;0m▀[0m[38;2;1;1;0m[48;2;0;0;0m▀[0m[38;2;3;4;4m[48;2;0;0;0m▀[0m[38;2;2;2;3m[48;2;0;0;0m▀[0m[38;2;0;0;0m[48;2;0;0;0m▀[0m[38;2;0;0;0m[48;2;0;0;0m▀[0m[38;2;0;0;0m[48;2;0;0;0m▀[0m[38;2;0;0;0m[48;2;0;0;0m▀[0m[38;2;0;0;0m[48;2;0;0;0m▀[0m[38;2;0;0;0m[48;2;0;0;0m▀[0m[38;2;0;0;0m[48;2;0;0;0m▀[0m[38;2;0;1;1m[48;2;0;0;0m▀[0m[38;2;131;143;156m[48;2;189;196;205m▀[0m[38;2;151;161;172m[48;2;121;125;129m▀[0m[38;2;0;0;0m[48;2;0;0;0m▀[0m[38;2;0;0;0m[48;2;0;0;0m▀[0m[38;2;0;0;0m[48;2;0;0;0m▀[0m[38;2;3;4;4m[48;2;4;5;5m▀[0m[38;2;3;3;4m[48;2;3;3;3m▀[0m[38;2;1;1;0m[48;2;1;1;1m▀[0m[38;2;4;5;5m[48;2;0;0;0m▀[0m[38;2;23;25;29m[48;2;0;0;0m▀[0m[38;2;9;10;16m[48;2;6;8;9m▀[0m[38;2;0;0;0m[48;2;3;3;4m▀[0m[38;2;0;0;0m[48;2;20;23;25m▀[0m[38;2;2;2;3m[48;2;2;4;4m▀[0m[38;2;0;0;0m[48;2;8;10;10m▀[0m[38;2;3;4;3m[48;2;0;0;0m▀[0m[38;2;115;128;141m[48;2;13;13;16m▀[0m[38;2;132;149;163m[48;2;0;0;0m▀[0m[38;2;66;73;82m[48;2;31;34;39m▀[0m[38;2;13;14;17m[48;2;0;0;0m▀[0m
[38;2;0;0;0m[48;2;0;0;0m▀[0m[38;2;18;21;24m[48;2;73;82;90m▀[0m[38;2;48;57;64m[48;2;28;32;39m▀[0m[38;2;11;13;14m[48;2;14;17;19m▀[0m[38;2;0;0;0m[48;2;0;0;0m▀[0m[38;2;3;3;4m[48;2;11;17;20m▀[0m[38;2;0;0;0m[48;2;0;0;0m▀[0m[38;2;0;0;0m[48;2;0;0;0m▀[0m[38;2;0;0;0m[48;2;0;0;0m▀[0m[38;2;0;0;0m[48;2;35;40;43m▀[0m[38;2;0;0;0m[48;2;255;255;255m▀[0m[38;2;35;40;50m[48;2;255;255;255m▀[0m[38;2;73;77;86m[48;2;255;255;255m▀[0m[38;2;1;3;9m[48;2;238;239;228m▀[0m[38;2;0;0;0m[48;2;219;218;207m▀[0m[38;2;0;0;0m[48;2;0;0;0m▀[0m[38;2;74;77;81m[48;2;0;0;0m▀[0m[38;2;21;23;24m[48;2;0;2;2m▀[0m[38;2;0;0;0m[48;2;0;0;0m▀[0m[38;2;0;0;0m[48;2;0;0;0m▀[0m[38;2;0;3;0m[48;2;4;5;5m▀[0m[38;2;5;6;11m[48;2;10;13;14m▀[0m[38;2;4;5;6m[48;2;3;3;4m▀[0m[38;2;0;1;1m[48;2;1;1;0m▀[0m[38;2;2;2;0m[48;2;2;2;3m▀[0m[38;2;0;0;0m[48;2;0;0;0m▀[0m[38;2;0;0;0m[48;2;18;20;24m▀[0m[38;2;14;17;19m[48;2;52;62;71m▀[0m[38;2;29;36;39m[48;2;32;37;42m▀[0m[38;2;19;23;29m[48;2;11;12;14m▀[0m[38;2;41;46;52m[48;2;37;43;49m▀[0m[38;2;0;0;0m[48;2;16;18;19m▀[0m[38;2;0;0;0m[48;2;101;112;127m▀[0m[38;2;0;0;0m[48;2;4;5;5m▀[0m[38;2;0;0;0m[48;2;0;0;0m▀[0m[38;2;0;0;0m[48;2;6;6;10m▀[0m
[38;2;0;0;0m[48;2;28;32;36m▀[0m[38;2;104;115;129m[48;2;112;127;140m▀[0m[38;2;23;26;31m[48;2;19;23;26m▀[0m[38;2;0;0;0m[48;2;0;0;0m▀[0m[38;2;0;0;0m[48;2;0;0;0m▀[0m[38;2;16;19;27m[48;2;16;23;27m▀[0m[38;2;0;0;0m[48;2;0;0;0m▀[0m[38;2;0;0;0m[48;2;0;0;0m▀[0m[38;2;63;67;75m[48;2;255;255;255m▀[0m[38;2;255;255;255m[48;2;255;255;255m▀[0m[38;2;255;255;255m[48;2;0;0;0m▀[0m[38;2;179;174;151m[48;2;0;0;0m▀[0m[38;2;57;56;46m[48;2;204;235;255m▀[0m[38;2;0;0;0m[48;2;208;234;255m▀[0m[38;2;167;158;135m[48;2;116;135;158m▀[0m[38;2;255;255;255m[48;2;73;74;72m▀[0m[38;2;132;134;132m[48;2;255;255;255m▀[0m[38;2;0;0;0m[48;2;69;69;64m▀[0m[38;2;0;0;0m[48;2;0;0;0m▀[0m[38;2;0;0;0m[48;2;0;0;0m▀[0m[38;2;5;6;6m[48;2;0;0;0m▀[0m[38;2;6;8;9m[48;2;16;17;20m▀[0m[38;2;2;0;3m[48;2;4;5;6m▀[0m[38;2;0;2;0m[48;2;0;0;0m▀[0m[38;2;2;3;0m[48;2;13;14;16m▀[0m[38;2;0;0;0m[48;2;0;0;0m▀[0m[38;2;14;17;19m[48;2;14;17;19m▀[0m[38;2;37;43;50m[48;2;33;36;43m▀[0m[38;2;26;29;33m[48;2;28;34;39m▀[0m[38;2;3;3;5m[48;2;0;0;0m▀[0m[38;2;14;17;18m[48;2;2;2;3m▀[0m[38;2;32;36;41m[48;2;46;52;58m▀[0m[38;2;116;132;147m[48;2;74;85;94m▀[0m[38;2;83;94;105m[48;2;97;109;124m▀[0m[38;2;33;37;42m[48;2;96;108;121m▀[0m[38;2;18;21;25m[48;2;9;9;11m▀[0m
[38;2;36;43;47m[48;2;0;0;0m▀[0m[38;2;89;103;113m[48;2;40;44;51m▀[0m[38;2;8;10;13m[48;2;3;5;5m▀[0m[38;2;0;0;0m[48;2;0;0;0m▀[0m[38;2;5;5;9m[48;2;9;11;13m▀[0m[38;2;0;4;8m[48;2;0;0;0m▀[0m[38;2;0;0;0m[48;2;0;0;0m▀[0m[38;2;181;196;208m[48;2;255;255;255m▀[0m[38;2;255;255;255m[48;2;255;255;255m▀[0m[38;2;10;8;0m[48;2;0;0;0m▀[0m[38;2;0;0;14m[48;2;255;255;255m▀[0m[38;2;255;255;255m[48;2;255;255;255m▀[0m[38;2;255;255;255m[48;2;37;40;41m▀[0m[38;2;255;255;255m[48;2;0;0;0m▀[0m[38;2;255;255;255m[48;2;67;80;96m▀[0m[38;2;188;217;255m[48;2;255;255;255m▀[0m[38;2;190;189;173m[48;2;115;126;132m▀[0m[38;2;242;241;224m[48;2;255;255;255m▀[0m[38;2;0;0;0m[48;2;86;81;80m▀[0m[38;2;0;0;0m[48;2;0;0;0m▀[0m[38;2;0;0;0m[48;2;0;0;0m▀[0m[38;2;25;31;35m[48;2;13;16;18m▀[0m[38;2;6;8;9m[48;2;9;11;12m▀[0m[38;2;0;0;0m[48;2;0;0;0m▀[0m[38;2;40;48;52m[48;2;41;49;57m▀[0m[38;2;0;0;0m[48;2;0;0;0m▀[0m[38;2;12;14;17m[48;2;12;14;16m▀[0m[38;2;35;41;46m[48;2;36;42;49m▀[0m[38;2;34;40;44m[48;2;35;41;48m▀[0m[38;2;0;0;0m[48;2;0;0;0m▀[0m[38;2;0;0;1m[48;2;11;13;16m▀[0m[38;2;48;55;63m[48;2;33;37;43m▀[0m[38;2;77;87;97m[48;2;85;95;106m▀[0m[38;2;74;83;95m[48;2;74;86;97m▀[0m[38;2;87;97;111m[48;2;79;92;103m▀[0m[38;2;2;1;1m[48;2;1;0;0m▀[0m
[38;2;14;17;19m[48;2;17;19;23m▀[0m[38;2;12;14;17m[48;2;3;4;5m▀[0m[38;2;9;10;8m[48;2;3;3;4m▀[0m[38;2;0;0;0m[48;2;0;0;0m▀[0m[38;2;0;0;0m[48;2;0;0;0m▀[0m[38;2;0;0;0m[48;2;0;0;0m▀[0m[38;2;28;39;54m[48;2;77;87;103m▀[0m[38;2;255;255;255m[48;2;185;192;189m▀[0m[38;2;255;255;255m[48;2;255;253;230m▀[0m[38;2;129;117;140m[48;2;242;255;255m▀[0m[38;2;255;255;255m[48;2;255;249;255m▀[0m[38;2;255;255;255m[48;2;255;255;255m▀[0m[38;2;0;0;0m[48;2;255;255;255m▀[0m[38;2;0;0;0m[48;2;255;255;255m▀[0m[38;2;16;0;0m[48;2;255;255;255m▀[0m[38;2;255;255;255m[48;2;255;255;255m▀[0m[38;2;112;129;147m[48;2;154;182;215m▀[0m[38;2;163;156;136m[48;2;129;123;104m▀[0m[38;2;246;248;240m[48;2;144;158;172m▀[0m[38;2;17;14;12m[48;2;173;193;211m▀[0m[38;2;0;0;0m[48;2;0;0;0m▀[0m[38;2;0;1;3m[48;2;0;0;0m▀[0m[38;2;13;17;23m[48;2;32;40;46m▀[0m[38;2;0;0;0m[48;2;0;0;0m▀[0m[38;2;0;0;0m[48;2;9;10;11m▀[0m[38;2;0;0;0m[48;2;0;0;0m▀[0m[38;2;13;16;18m[48;2;18;20;23m▀[0m[38;2;35;42;49m[48;2;40;47;54m▀[0m[38;2;5;6;6m[48;2;0;0;0m▀[0m[38;2;0;0;0m[48;2;0;0;0m▀[0m[38;2;24;28;35m[48;2;36;40;47m▀[0m[38;2;11;13;16m[48;2;10;10;13m▀[0m[38;2;70;80;90m[48;2;31;35;40m▀[0m[38;2;59;70;80m[48;2;33;37;43m▀[0m[38;2;67;79;89m[48;2;58;65;74m▀[0m[38;2;0;2;2m[48;2;1;3;1m▀[0m
[38;2;0;0;0m[48;2;0;0;0m▀[0m[38;2;9;10;11m[48;2;17;24;28m▀[0m[38;2;0;0;0m[48;2;0;0;0m▀[0m[38;2;0;0;0m[48;2;9;8;10m▀[0m[38;2;0;0;0m[48;2;0;0;0m▀[0m[38;2;0;0;0m[48;2;64;70;71m▀[0m[38;2;105;115;121m[48;2;166;182;198m▀[0m[38;2;80;83;80m[48;2;111;131;139m▀[0m[38;2;203;201;192m[48;2;231;230;215m▀[0m[38;2;223;255;255m[48;2;117;134;149m▀[0m[38;2;255;255;255m[48;2;0;0;0m▀[0m[38;2;255;255;255m[48;2;69;71;85m▀[0m[38;2;255;249;255m[48;2;82;86;103m▀[0m[38;2;189;223;254m[48;2;81;113;133m▀[0m[38;2;203;226;242m[48;2;190;224;238m▀[0m[38;2;161;139;154m[48;2;87;93;96m▀[0m[38;2;0;0;0m[48;2;0;0;0m▀[0m[38;2;96;94;80m[48;2;24;37;46m▀[0m[38;2;255;255;255m[48;2;255;255;234m▀[0m[38;2;85;102;118m[48;2;115;111;105m▀[0m[38;2;21;26;32m[48;2;0;0;2m▀[0m[38;2;0;0;0m[48;2;0;0;0m▀[0m[38;2;0;0;0m[48;2;0;0;0m▀[0m[38;2;0;0;0m[48;2;0;0;0m▀[0m[38;2;23;28;33m[48;2;0;0;0m▀[0m[38;2;12;14;16m[48;2;0;0;0m▀[0m[38;2;21;25;27m[48;2;0;0;0m▀[0m[38;2;20;25;28m[48;2;0;0;0m▀[0m[38;2;4;6;8m[48;2;8;10;11m▀[0m[38;2;11;13;14m[48;2;17;19;21m▀[0m[38;2;21;25;27m[48;2;3;3;5m▀[0m[38;2;26;31;34m[48;2;33;37;44m▀[0m[38;2;5;5;6m[48;2;5;5;6m▀[0m[38;2;33;37;46m[48;2;0;2;3m▀[0m[38;2;54;62;70m[48;2;43;51;58m▀[0m[38;2;2;3;2m[48;2;4;4;6m▀[0m
[38;2;0;0;0m[48;2;10;12;16m▀[0m[38;2;8;11;13m[48;2;23;28;33m▀[0m[38;2;0;0;0m[48;2;26;27;29m▀[0m[38;2;20;20;23m[48;2;90;101;109m▀[0m[38;2;67;73;73m[48;2;155;166;179m▀[0m[38;2;235;255;255m[48;2;72;82;92m▀[0m[38;2;239;255;255m[48;2;0;0;0m▀[0m[38;2;59;74;97m[48;2;0;0;0m▀[0m[38;2;255;255;255m[48;2;255;255;255m▀[0m[38;2;29;27;19m[48;2;132;146;148m▀[0m[38;2;0;0;0m[48;2;73;94;108m▀[0m[38;2;43;69;82m[48;2;32;42;46m▀[0m[38;2;255;255;255m[48;2;213;156;170m▀[0m[38;2;255;255;255m[48;2;140;103;111m▀[0m[38;2;242;97;100m[48;2;231;213;227m▀[0m[38;2;194;71;67m[48;2;210;173;186m▀[0m[38;2;1;20;26m[48;2;0;16;21m▀[0m[38;2;184;198;200m[48;2;82;95;86m▀[0m[38;2;141;157;158m[48;2;225;254;239m▀[0m[38;2;255;255;255m[48;2;226;255;255m▀[0m[38;2;169;179;181m[48;2;212;250;226m▀[0m[38;2;16;21;31m[48;2;162;173;169m▀[0m[38;2;0;0;6m[48;2;135;154;152m▀[0m[38;2;0;0;0m[48;2;74;88;97m▀[0m[38;2;50;54;57m[48;2;138;147;156m▀[0m[38;2;34;37;40m[48;2;74;82;87m▀[0m[38;2;0;0;0m[48;2;0;0;0m▀[0m[38;2;0;0;0m[48;2;0;0;0m▀[0m[38;2;0;0;0m[48;2;0;0;0m▀[0m[38;2;1;0;0m[48;2;0;0;0m▀[0m[38;2;0;0;0m[48;2;0;0;0m▀[0m[38;2;11;13;14m[48;2;0;0;0m▀[0m[38;2;11;13;16m[48;2;12;14;17m▀[0m[38;2;0;0;0m[48;2;0;0;0m▀[0m[38;2;26;32;36m[48;2;11;13;14m▀[0m[38;2;6;6;6m[48;2;8;5;6m▀[0m
[38;2;0;1;1m[48;2;0;0;0m▀[0m[38;2;11;16;18m[48;2;128;139;150m▀[0m[38;2;69;74;80m[48;2;88;96;106m▀[0m[38;2;139;150;159m[48;2;110;119;128m▀[0m[38;2;139;150;162m[48;2;211;226;240m▀[0m[38;2;55;60;66m[48;2;82;96;115m▀[0m[38;2;0;0;0m[48;2;182;189;173m▀[0m[38;2;163;175;175m[48;2;226;226;196m▀[0m[38;2;255;255;255m[48;2;127;134;113m▀[0m[38;2;185;198;190m[48;2;48;64;58m▀[0m[38;2;67;109;117m[48;2;0;0;0m▀[0m[38;2;0;0;0m[48;2;39;0;0m▀[0m[38;2;188;195;216m[48;2;239;184;203m▀[0m[38;2;255;255;255m[48;2;204;242;255m▀[0m[38;2;255;255;255m[48;2;181;240;255m▀[0m[38;2;255;255;255m[48;2;250;255;255m▀[0m[38;2;101;141;162m[48;2;226;255;255m▀[0m[38;2;0;0;0m[48;2;255;255;255m▀[0m[38;2;100;0;0m[48;2;244;6;4m▀[0m[38;2;115;14;13m[48;2;234;228;255m▀[0m[38;2;173;112;117m[48;2;255;110;119m▀[0m[38;2;255;255;255m[48;2;204;0;0m▀[0m[38;2;228;243;255m[48;2;255;255;255m▀[0m[38;2;129;141;151m[48;2;187;202;211m▀[0m[38;2;141;159;172m[48;2;148;149;140m▀[0m[38;2;67;81;87m[48;2;71;73;69m▀[0m[38;2;34;48;58m[48;2;41;52;59m▀[0m[38;2;9;16;23m[48;2;0;5;17m▀[0m[38;2;6;13;18m[48;2;31;43;56m▀[0m[38;2;2;5;8m[48;2;23;32;37m▀[0m[38;2;20;24;27m[48;2;48;58;67m▀[0m[38;2;47;55;60m[48;2;42;49;57m▀[0m[38;2;26;32;34m[48;2;33;39;44m▀[0m[38;2;11;13;17m[48;2;16;23;27m▀[0m[38;2;9;11;12m[48;2;8;9;6m▀[0m[38;2;5;6;2m[48;2;0;0;0m▀[0m
[38;2;41;50;57m[48;2;0;0;2m▀[0m[38;2;80;89;98m[48;2;0;0;0m▀[0m[38;2;144;152;165m[48;2;129;138;147m▀[0m[38;2;204;208;211m[48;2;71;70;73m▀[0m[38;2;138;142;155m[48;2;154;149;131m▀[0m[38;2;165;165;150m[48;2;182;180;151m▀[0m[38;2;255;255;243m[48;2;188;202;223m▀[0m[38;2;232;253;255m[48;2;255;255;255m▀[0m[38;2;174;253;255m[48;2;255;255;255m▀[0m[38;2;190;35;43m[48;2;251;24;26m▀[0m[38;2;207;97;109m[48;2;255;255;255m▀[0m[38;2;251;255;255m[48;2;255;255;255m▀[0m[38;2;233;108;118m[48;2;241;188;198m▀[0m[38;2;228;56;56m[48;2;203;4;0m▀[0m[38;2;250;204;216m[48;2;134;0;0m▀[0m[38;2;255;255;255m[48;2;133;0;0m▀[0m[38;2;255;255;255m[48;2;216;0;0m▀[0m[38;2;255;200;217m[48;2;175;0;0m▀[0m[38;2;219;0;0m[48;2;134;21;26m▀[0m[38;2;204;185;207m[48;2;225;255;255m▀[0m[38;2;210;212;227m[48;2;255;255;255m▀[0m[38;2;150;79;87m[48;2;255;255;255m▀[0m[38;2;135;111;131m[48;2;220;255;255m▀[0m[38;2;190;240;255m[48;2;97;85;101m▀[0m[38;2;86;105;108m[48;2;148;93;88m▀[0m[38;2;120;129;126m[48;2;217;234;238m▀[0m[38;2;134;135;131m[48;2;184;186;174m▀[0m[38;2;174;186;190m[48;2;255;255;255m▀[0m[38;2;170;172;164m[48;2;26;37;51m▀[0m[38;2;4;5;6m[48;2;3;13;24m▀[0m[38;2;0;0;1m[48;2;23;31;35m▀[0m[38;2;0;0;0m[48;2;39;50;57m▀[0m[38;2;8;9;11m[48;2;32;41;44m▀[0m[38;2;6;5;8m[48;2;13;16;18m▀[0m[38;2;8;9;11m[48;2;16;18;21m▀[0m[38;2;0;0;0m[48;2;0;0;0m▀[0m
[38;2;0;0;0m[48;2;0;0;0m▀[0m[38;2;0;0;0m[48;2;3;6;14m▀[0m[38;2;89;101;113m[48;2;255;255;255m▀[0m[38;2;141;148;150m[48;2;255;255;255m▀[0m[38;2;221;223;213m[48;2;213;212;188m▀[0m[38;2;3;16;18m[48;2;211;219;210m▀[0m[38;2;204;204;239m[48;2;209;232;255m▀[0m[38;2;255;255;255m[48;2;248;255;255m▀[0m[38;2;220;182;203m[48;2;104;0;0m▀[0m[38;2;202;0;0m[48;2;156;0;0m▀[0m[38;2;175;119;128m[48;2;88;140;159m▀[0m[38;2;167;105;120m[48;2;152;213;232m▀[0m[38;2;233;236;255m[48;2;255;255;255m▀[0m[38;2;238;208;225m[48;2;255;255;255m▀[0m[38;2;190;164;181m[48;2;255;255;255m▀[0m[38;2;57;75;90m[48;2;255;255;255m▀[0m[38;2;139;0;0m[48;2;159;0;0m▀[0m[38;2;178;0;0m[48;2;154;0;0m▀[0m[38;2;235;255;255m[48;2;174;77;85m▀[0m[38;2;255;255;255m[48;2;226;255;255m▀[0m[38;2;255;255;255m[48;2;255;255;255m▀[0m[38;2;255;255;255m[48;2;255;255;255m▀[0m[38;2;255;255;255m[48;2;255;255;255m▀[0m[38;2;255;255;255m[48;2;255;255;255m▀[0m[38;2;108;71;77m[48;2;179;215;247m▀[0m[38;2;67;59;36m[48;2;0;0;0m▀[0m[38;2;193;185;162m[48;2;0;0;0m▀[0m[38;2;13;18;21m[48;2;170;172;165m▀[0m[38;2;62;70;77m[48;2;255;255;255m▀[0m[38;2;66;77;85m[48;2;0;0;6m▀[0m[38;2;32;42;56m[48;2;17;25;32m▀[0m[38;2;58;69;82m[48;2;46;54;63m▀[0m[38;2;24;32;36m[48;2;19;23;23m▀[0m[38;2;8;10;12m[48;2;0;0;0m▀[0m[38;2;6;4;4m[48;2;0;0;0m▀[0m[38;2;0;0;0m[48;2;0;0;0m▀[0m
[38;2;0;0;0m[48;2;0;3;9m▀[0m[38;2;1;4;8m[48;2;0;0;1m▀[0m[38;2;162;169;166m[48;2;115;121;124m▀[0m[38;2;88;82;73m[48;2;131;135;140m▀[0m[38;2;255;251;231m[48;2;232;234;216m▀[0m[38;2;41;50;44m[48;2;0;0;0m▀[0m[38;2;202;189;217m[48;2;164;164;193m▀[0m[38;2;255;255;255m[48;2;255;255;255m▀[0m[38;2;79;31;31m[48;2;119;158;174m▀[0m[38;2;200;204;225m[48;2;216;247;255m▀[0m[38;2;213;255;255m[48;2;255;255;255m▀[0m[38;2;251;255;255m[48;2;255;255;255m▀[0m[38;2;255;255;255m[48;2;255;255;255m▀[0m[38;2;255;255;255m[48;2;225;225;249m▀[0m[38;2;249;255;255m[48;2;173;0;0m▀[0m[38;2;117;41;47m[48;2;181;77;82m▀[0m[38;2;112;0;0m[48;2;162;123;136m▀[0m[38;2;171;255;255m[48;2;216;178;200m▀[0m[38;2;217;0;0m[48;2;247;136;147m▀[0m[38;2;119;0;0m[48;2;201;162;179m▀[0m[38;2;167;44;42m[48;2;238;255;255m▀[0m[38;2;177;79;90m[48;2;227;211;235m▀[0m[38;2;193;161;179m[48;2;195;98;105m▀[0m[38;2;186;217;244m[48;2;12;0;0m▀[0m[38;2;83;108;132m[48;2;142;173;198m▀[0m[38;2;169;172;165m[48;2;184;210;227m▀[0m[38;2;255;255;255m[48;2;71;80;72m▀[0m[38;2;255;255;255m[48;2;37;52;64m▀[0m[38;2;97;104;100m[48;2;2;12;26m▀[0m[38;2;1;11;25m[48;2;25;32;36m▀[0m[38;2;48;62;70m[48;2;19;27;29m▀[0m[38;2;52;63;72m[48;2;24;27;34m▀[0m[38;2;0;0;0m[48;2;0;0;0m▀[0m[38;2;0;0;0m[48;2;0;0;0m▀[0m[38;2;0;0;0m[48;2;0;0;0m▀[0m[38;2;31;35;41m[48;2;96;108;125m▀[0m
[38;2;31;37;49m[48;2;32;46;58m▀[0m[38;2;0;0;0m[48;2;0;0;0m▀[0m[38;2;60;75;88m[48;2;255;255;255m▀[0m[38;2;255;255;255m[48;2;255;255;255m▀[0m[38;2;255;255;243m[48;2;188;188;178m▀[0m[38;2;0;0;0m[48;2;86;83;66m▀[0m[38;2;139;125;144m[48;2;65;71;86m▀[0m[38;2;255;255;255m[48;2;255;255;255m▀[0m[38;2;197;226;251m[48;2;255;255;255m▀[0m[38;2;154;175;195m[48;2;42;52;60m▀[0m[38;2;255;255;255m[48;2;8;51;60m▀[0m[38;2;240;255;255m[48;2;113;25;31m▀[0m[38;2;187;121;134m[48;2;133;0;0m▀[0m[38;2;165;0;0m[48;2;213;255;255m▀[0m[38;2;230;231;250m[48;2;255;255;255m▀[0m[38;2;255;255;255m[48;2;248;255;255m▀[0m[38;2;255;255;255m[48;2;246;200;223m▀[0m[38;2;158;190;211m[48;2;179;63;70m▀[0m[38;2;154;0;0m[48;2;127;0;0m▀[0m[38;2;212;184;201m[48;2;221;0;0m▀[0m[38;2;250;255;255m[48;2;189;225;247m▀[0m[38;2;240;255;255m[48;2;255;255;255m▀[0m[38;2;255;255;255m[48;2;236;226;255m▀[0m[38;2;143;172;192m[48;2;255;255;255m▀[0m[38;2;26;66;74m[48;2;18;0;0m▀[0m[38;2;175;198;221m[48;2;28;0;0m▀[0m[38;2;0;0;0m[48;2;98;0;0m▀[0m[38;2;77;111;132m[48;2;106;140;163m▀[0m[38;2;81;96;116m[48;2;89;105;120m▀[0m[38;2;23;33;41m[48;2;97;113;127m▀[0m[38;2;47;57;65m[48;2;80;98;112m▀[0m[38;2;59;72;82m[48;2;56;69;82m▀[0m[38;2;0;0;0m[48;2;46;51;60m▀[0m[38;2;0;0;0m[48;2;0;0;0m▀[0m[38;2;6;8;9m[48;2;13;18;19m▀[0m[38;2;83;96;108m[48;2;73;83;96m▀[0m
