[38;2;0;1;1m[48;2;0;1;1m▀[0m[38;2;0;1;0m[48;2;0;1;1m▀[0m[38;2;0;1;0m[48;2;0;1;1m▀[0m[38;2;0;1;1m[48;2;0;1;0m▀[0m[38;2;1;1;1m[48;2;3;3;3m▀[0m[38;2;12;14;16m[48;2;11;13;13m▀[0m[38;2;0;0;0m[48;2;0;0;0m▀[0m[38;2;0;0;0m[48;2;0;0;0m▀[0m[38;2;0;0;0m[48;2;0;0;0m▀[0m[38;2;0;0;0m[48;2;81;84;81m▀[0m[38;2;172;173;170m[48;2;255;255;255m▀[0m[38;2;255;255;255m[48;2;255;255;255m▀[0m[38;2;255;255;255m[48;2;255;255;255m▀[0m[38;2;255;255;255m[48;2;173;172;172m▀[0m[38;2;0;0;0m[48;2;0;0;0m▀[0m[38;2;0;0;0m[48;2;0;0;0m▀[0m[38;2;0;0;0m[48;2;0;0;0m▀[0m[38;2;34;34;36m[48;2;66;70;70m▀[0m[38;2;77;81;83m[48;2;0;0;0m▀[0m[38;2;175;179;179m[48;2;0;0;0m▀[0m[38;2;255;255;255m[48;2;0;0;0m▀[0m[38;2;255;255;255m[48;2;213;218;218m▀[0m[38;2;255;255;255m[48;2;255;255;255m▀[0m[38;2;221;221;221m[48;2;255;255;255m▀[0m[38;2;255;255;255m[48;2;255;255;255m▀[0m[38;2;77;78;75m[48;2;255;255;255m▀[0m[38;2;0;0;0m[48;2;0;0;0m▀[0m[38;2;0;0;0m[48;2;0;0;0m▀[0m[38;2;0;0;0m[48;2;0;0;0m▀[0m[38;2;0;0;0m[48;2;0;0;0m▀[0m[38;2;1;1;1m[48;2;1;1;1m▀[0m[38;2;1;1;1m[48;2;1;1;1m▀[0m[38;2;1;1;1m[48;2;1;1;1m▀[0m[38;2;1;1;1m[48;2;1;1;1m▀[0m[38;2;1;1;1m[48;2;1;1;1m▀[0m[38;2;0;1;1m[48;2;0;1;1m▀[0m
[38;2;1;1;1m[48;2;0;1;1m▀[0m[38;2;0;1;1m[48;2;0;1;1m▀[0m[38;2;1;1;1m[48;2;1;1;1m▀[0m[38;2;0;0;0m[48;2;0;0;0m▀[0m[38;2;4;6;6m[48;2;9;12;12m▀[0m[38;2;5;5;6m[48;2;0;0;0m▀[0m[38;2;0;0;0m[48;2;0;0;0m▀[0m[38;2;0;0;0m[48;2;0;0;0m▀[0m[38;2;0;0;0m[48;2;69;72;72m▀[0m[38;2;255;255;255m[48;2;255;255;255m▀[0m[38;2;255;255;255m[48;2;255;255;255m▀[0m[38;2;255;255;255m[48;2;161;164;163m▀[0m[38;2;193;195;195m[48;2;0;1;1m▀[0m[38;2;20;25;25m[48;2;0;0;0m▀[0m[38;2;0;0;0m[48;2;0;0;0m▀[0m[38;2;31;34;36m[48;2;0;0;0m▀[0m[38;2;46;51;51m[48;2;57;59;59m▀[0m[38;2;64;67;67m[48;2;57;56;56m▀[0m[38;2;0;13;13m[48;2;68;92;92m▀[0m[38;2;74;48;45m[48;2;112;34;30m▀[0m[38;2;0;0;0m[48;2;182;0;0m▀[0m[38;2;0;9;13m[48;2;8;6;4m▀[0m[38;2;188;193;190m[48;2;84;95;95m▀[0m[38;2;255;255;255m[48;2;176;179;179m▀[0m[38;2;255;255;255m[48;2;255;255;255m▀[0m[38;2;255;255;255m[48;2;255;255;255m▀[0m[38;2;193;192;192m[48;2;255;255;255m▀[0m[38;2;0;0;0m[48;2;30;33;33m▀[0m[38;2;0;0;0m[48;2;0;0;0m▀[0m[38;2;0;0;0m[48;2;0;0;0m▀[0m[38;2;0;0;0m[48;2;0;0;0m▀[0m[38;2;1;1;1m[48;2;0;0;0m▀[0m[38;2;1;1;1m[48;2;1;1;1m▀[0m[38;2;1;1;1m[48;2;1;1;1m▀[0m[38;2;1;1;1m[48;2;1;1;1m▀[0m[38;2;1;1;1m[48;2;1;1;1m▀[0m
[38;2;1;1;1m[48;2;1;1;1m▀[0m[38;2;1;1;1m[48;2;1;1;1m▀[0m[38;2;0;1;1m[48;2;0;0;0m▀[0m[38;2;0;0;0m[48;2;1;3;3m▀[0m[38;2;16;15;15m[48;2;10;12;12m▀[0m[38;2;0;0;0m[48;2;0;0;0m▀[0m[38;2;0;0;0m[48;2;40;43;43m▀[0m[38;2;52;52;52m[48;2;10;12;12m▀[0m[38;2;23;26;26m[48;2;0;0;1m▀[0m[38;2;255;255;255m[48;2;255;255;255m▀[0m[38;2;255;255;255m[48;2;244;247;247m▀[0m[38;2;150;153;152m[48;2;114;119;118m▀[0m[38;2;0;0;0m[48;2;0;0;0m▀[0m[38;2;0;0;0m[48;2;0;0;0m▀[0m[38;2;255;255;255m[48;2;255;255;255m▀[0m[38;2;168;166;169m[48;2;104;104;102m▀[0m[38;2;99;99;101m[48;2;0;0;0m▀[0m[38;2;114;119;121m[48;2;0;0;0m▀[0m[38;2;206;211;211m[48;2;101;103;105m▀[0m[38;2;0;21;24m[48;2;0;0;0m▀[0m[38;2;0;0;0m[48;2;0;0;0m▀[0m[38;2;36;0;0m[48;2;16;10;11m▀[0m[38;2;147;140;139m[48;2;112;109;111m▀[0m[38;2;17;25;28m[48;2;5;7;9m▀[0m[38;2;255;255;255m[48;2;255;255;255m▀[0m[38;2;255;255;255m[48;2;255;255;255m▀[0m[38;2;255;255;255m[48;2;255;255;255m▀[0m[38;2;209;211;211m[48;2;187;189;189m▀[0m[38;2;0;0;0m[48;2;0;0;0m▀[0m[38;2;0;0;0m[48;2;39;39;39m▀[0m[38;2;0;0;0m[48;2;0;0;0m▀[0m[38;2;0;0;0m[48;2;0;0;0m▀[0m[38;2;0;1;1m[48;2;0;0;0m▀[0m[38;2;1;1;1m[48;2;0;1;1m▀[0m[38;2;1;1;1m[48;2;1;1;1m▀[0m[38;2;1;1;1m[48;2;0;2;2m▀[0m
[38;2;1;1;1m[48;2;0;2;0m▀[0m[38;2;0;0;0m[48;2;0;0;0m▀[0m[38;2;0;0;0m[48;2;0;0;0m▀[0m[38;2;10;12;12m[48;2;1;0;2m▀[0m[38;2;0;0;0m[48;2;0;0;0m▀[0m[38;2;30;32;32m[48;2;90;92;92m▀[0m[38;2;61;61;63m[48;2;0;0;0m▀[0m[38;2;0;0;0m[48;2;0;0;0m▀[0m[38;2;0;0;0m[48;2;92;94;94m▀[0m[38;2;106;108;108m[48;2;255;255;255m▀[0m[38;2;255;255;255m[48;2;192;194;194m▀[0m[38;2;59;64;63m[48;2;96;98;98m▀[0m[38;2;82;85;87m[48;2;137;139;139m▀[0m[38;2;0;0;0m[48;2;0;0;0m▀[0m[38;2;129;129;127m[48;2;87;87;87m▀[0m[38;2;29;32;32m[48;2;19;19;19m▀[0m[38;2;0;0;0m[48;2;0;0;0m▀[0m[38;2;0;0;0m[48;2;58;61;63m▀[0m[38;2;184;186;186m[48;2;200;203;203m▀[0m[38;2;0;0;0m[48;2;33;37;37m▀[0m[38;2;0;0;0m[48;2;5;5;5m▀[0m[38;2;91;75;75m[48;2;25;22;22m▀[0m[38;2;34;25;28m[48;2;18;22;22m▀[0m[38;2;0;2;2m[48;2;0;0;0m▀[0m[38;2;176;176;176m[48;2;130;132;132m▀[0m[38;2;255;255;255m[48;2;255;255;255m▀[0m[38;2;255;255;255m[48;2;73;72;72m▀[0m[38;2;14;17;17m[48;2;0;0;0m▀[0m[38;2;0;0;0m[48;2;0;0;0m▀[0m[38;2;70;70;70m[48;2;0;0;0m▀[0m[38;2;16;18;18m[48;2;117;116;116m▀[0m[38;2;0;0;0m[48;2;0;0;0m▀[0m[38;2;0;0;0m[48;2;0;0;0m▀[0m[38;2;0;0;0m[48;2;0;0;0m▀[0m[38;2;2;2;2m[48;2;0;0;0m▀[0m[38;2;3;3;3m[48;2;2;4;4m▀[0m
[38;2;2;2;0m[48;2;6;8;8m▀[0m[38;2;0;0;0m[48;2;0;0;0m▀[0m[38;2;0;0;0m[48;2;0;0;0m▀[0m[38;2;0;0;0m[48;2;111;111;111m▀[0m[38;2;107;109;109m[48;2;225;228;228m▀[0m[38;2;77;79;82m[48;2;96;100;100m▀[0m[38;2;0;0;0m[48;2;63;61;64m▀[0m[38;2;174;176;178m[48;2;241;245;245m▀[0m[38;2;255;255;255m[48;2;255;255;255m▀[0m[38;2;255;255;255m[48;2;201;200;200m▀[0m[38;2;100;102;102m[48;2;51;49;52m▀[0m[38;2;100;102;105m[48;2;139;141;141m▀[0m[38;2;50;53;52m[48;2;0;0;0m▀[0m[38;2;0;0;0m[48;2;0;0;0m▀[0m[38;2;104;104;104m[48;2;148;149;146m▀[0m[38;2;23;23;23m[48;2;74;77;77m▀[0m[38;2;0;0;0m[48;2;0;0;0m▀[0m[38;2;0;2;2m[48;2;0;0;0m▀[0m[38;2;178;177;177m[48;2;149;152;152m▀[0m[38;2;63;66;66m[48;2;1;3;3m▀[0m[38;2;121;123;123m[48;2;59;62;62m▀[0m[38;2;79;81;81m[48;2;13;21;17m▀[0m[38;2;59;59;60m[48;2;42;42;44m▀[0m[38;2;4;6;6m[48;2;105;108;107m▀[0m[38;2;84;83;83m[48;2;85;87;87m▀[0m[38;2;178;182;182m[48;2;0;0;0m▀[0m[38;2;127;129;130m[48;2;255;255;255m▀[0m[38;2;0;0;0m[48;2;0;0;0m▀[0m[38;2;0;0;0m[48;2;0;0;0m▀[0m[38;2;0;0;0m[48;2;0;0;0m▀[0m[38;2;0;0;0m[48;2;78;76;79m▀[0m[38;2;73;76;76m[48;2;255;255;255m▀[0m[38;2;0;0;0m[48;2;0;0;0m▀[0m[38;2;0;0;0m[48;2;0;0;0m▀[0m[38;2;0;0;0m[48;2;0;0;0m▀[0m[38;2;3;5;5m[48;2;0;0;0m▀[0m
[38;2;14;16;18m[48;2;16;18;18m▀[0m[38;2;0;0;0m[48;2;0;0;0m▀[0m[38;2;83;85;85m[48;2;253;255;255m▀[0m[38;2;255;255;255m[48;2;160;162;162m▀[0m[38;2;155;159;156m[48;2;157;161;161m▀[0m[38;2;91;93;95m[48;2;53;55;57m▀[0m[38;2;91;93;95m[48;2;116;119;119m▀[0m[38;2;249;253;252m[48;2;255;255;255m▀[0m[38;2;255;255;255m[48;2;255;255;255m▀[0m[38;2;255;255;255m[48;2;121;124;121m▀[0m[38;2;0;0;0m[48;2;0;0;0m▀[0m[38;2;207;207;207m[48;2;237;240;240m▀[0m[38;2;11;14;15m[48;2;71;74;74m▀[0m[38;2;0;0;0m[48;2;0;0;0m▀[0m[38;2;218;218;215m[48;2;130;130;132m▀[0m[38;2;65;67;67m[48;2;70;69;69m▀[0m[38;2;0;0;0m[48;2;0;0;0m▀[0m[38;2;0;0;0m[48;2;0;0;0m▀[0m[38;2;59;59;59m[48;2;24;26;26m▀[0m[38;2;0;0;0m[48;2;0;0;0m▀[0m[38;2;14;0;0m[48;2;10;0;0m▀[0m[38;2;89;79;78m[48;2;60;49;50m▀[0m[38;2;33;39;38m[48;2;137;143;142m▀[0m[38;2;220;220;221m[48;2;54;54;55m▀[0m[38;2;0;0;0m[48;2;0;0;0m▀[0m[38;2;0;0;0m[48;2;4;3;3m▀[0m[38;2;255;255;255m[48;2;183;185;183m▀[0m[38;2;133;135;133m[48;2;255;255;255m▀[0m[38;2;177;180;180m[48;2;255;255;255m▀[0m[38;2;222;224;224m[48;2;255;255;255m▀[0m[38;2;255;255;255m[48;2;255;255;255m▀[0m[38;2;255;255;255m[48;2;255;255;255m▀[0m[38;2;198;200;200m[48;2;226;229;228m▀[0m[38;2;0;0;0m[48;2;115;117;115m▀[0m[38;2;1;4;5m[48;2;0;0;0m▀[0m[38;2;0;0;0m[48;2;0;0;0m▀[0m
[38;2;0;0;0m[48;2;0;0;0m▀[0m[38;2;48;45;49m[48;2;10;9;9m▀[0m[38;2;95;94;94m[48;2;9;8;8m▀[0m[38;2;119;122;123m[48;2;171;173;175m▀[0m[38;2;156;160;159m[48;2;118;122;122m▀[0m[38;2;35;39;41m[48;2;89;92;94m▀[0m[38;2;155;157;157m[48;2;166;169;164m▀[0m[38;2;255;255;255m[48;2;212;214;215m▀[0m[38;2;222;221;221m[48;2;164;167;167m▀[0m[38;2;0;0;0m[48;2;82;82;82m▀[0m[38;2;0;0;0m[48;2;0;0;0m▀[0m[38;2;137;137;137m[48;2;35;35;32m▀[0m[38;2;157;157;157m[48;2;213;212;212m▀[0m[38;2;0;0;0m[48;2;22;29;29m▀[0m[38;2;69;71;71m[48;2;154;157;159m▀[0m[38;2;91;91;92m[48;2;93;98;97m▀[0m[38;2;0;0;0m[48;2;0;0;0m▀[0m[38;2;0;0;0m[48;2;0;0;0m▀[0m[38;2;15;15;16m[48;2;18;18;19m▀[0m[38;2;0;0;0m[48;2;0;0;0m▀[0m[38;2;0;0;0m[48;2;17;16;16m▀[0m[38;2;67;75;80m[48;2;71;74;75m▀[0m[38;2;19;22;25m[48;2;0;0;0m▀[0m[38;2;0;0;0m[48;2;72;74;74m▀[0m[38;2;0;0;0m[48;2;65;67;70m▀[0m[38;2;0;0;0m[48;2;34;37;36m▀[0m[38;2;228;231;228m[48;2;255;255;255m▀[0m[38;2;255;255;255m[48;2;255;255;255m▀[0m[38;2;255;255;255m[48;2;255;255;255m▀[0m[38;2;247;247;248m[48;2;255;255;255m▀[0m[38;2;255;255;255m[48;2;255;255;255m▀[0m[38;2;255;255;255m[48;2;255;255;255m▀[0m[38;2;155;158;158m[48;2;167;172;173m▀[0m[38;2;181;180;180m[48;2;96;96;98m▀[0m[38;2;35;34;34m[48;2;74;77;76m▀[0m[38;2;0;0;0m[48;2;0;0;0m▀[0m
[38;2;13;13;14m[48;2;0;0;0m▀[0m[38;2;0;0;0m[48;2;0;0;0m▀[0m[38;2;74;76;76m[48;2;103;106;106m▀[0m[38;2;165;169;169m[48;2;137;141;141m▀[0m[38;2;99;103;105m[48;2;91;95;96m▀[0m[38;2;99;102;101m[48;2;131;134;133m▀[0m[38;2;239;243;238m[48;2;255;255;255m▀[0m[38;2;255;255;255m[48;2;255;255;255m▀[0m[38;2;255;255;255m[48;2;228;231;231m▀[0m[38;2;204;206;204m[48;2;84;84;81m▀[0m[38;2;182;182;182m[48;2;101;101;101m▀[0m[38;2;39;42;39m[48;2;84;84;84m▀[0m[38;2;255;255;255m[48;2;146;148;148m▀[0m[38;2;93;95;95m[48;2;163;165;165m▀[0m[38;2;99;101;101m[48;2;177;176;176m▀[0m[38;2;121;129;128m[48;2;104;106;106m▀[0m[38;2;9;11;9m[48;2;0;0;0m▀[0m[38;2;0;0;0m[48;2;0;0;0m▀[0m[38;2;38;35;38m[48;2;51;51;53m▀[0m[38;2;0;0;0m[48;2;0;0;0m▀[0m[38;2;50;53;53m[48;2;0;1;1m▀[0m[38;2;49;52;52m[48;2;0;0;0m▀[0m[38;2;6;5;6m[48;2;0;0;0m▀[0m[38;2;154;156;158m[48;2;0;0;1m▀[0m[38;2;149;153;153m[48;2;105;110;111m▀[0m[38;2;116;118;118m[48;2;0;0;0m▀[0m[38;2;35;38;38m[48;2;0;0;0m▀[0m[38;2;0;0;0m[48;2;12;0;0m▀[0m[38;2;26;3;0m[48;2;87;91;91m▀[0m[38;2;75;80;77m[48;2;0;0;0m▀[0m[38;2;255;255;255m[48;2;242;246;243m▀[0m[38;2;255;255;255m[48;2;255;255;255m▀[0m[38;2;212;218;217m[48;2;217;223;221m▀[0m[38;2;89;89;91m[48;2;89;93;93m▀[0m[38;2;110;110;110m[48;2;119;119;117m▀[0m[38;2;0;0;0m[48;2;57;56;56m▀[0m
[38;2;0;0;0m[48;2;0;0;0m▀[0m[38;2;0;0;0m[48;2;101;103;103m▀[0m[38;2;125;130;130m[48;2;135;138;138m▀[0m[38;2;119;121;121m[48;2;115;117;117m▀[0m[38;2;76;80;80m[48;2;71;75;75m▀[0m[38;2;161;165;164m[48;2;212;216;211m▀[0m[38;2;255;255;255m[48;2;255;255;255m▀[0m[38;2;255;255;255m[48;2;95;87;87m▀[0m[38;2;0;0;0m[48;2;0;0;0m▀[0m[38;2;0;3;3m[48;2;56;63;63m▀[0m[38;2;56;56;56m[48;2;127;132;129m▀[0m[38;2;0;0;0m[48;2;0;0;0m▀[0m[38;2;11;12;9m[48;2;0;0;0m▀[0m[38;2;6;6;6m[48;2;0;0;0m▀[0m[38;2;155;154;154m[48;2;149;151;151m▀[0m[38;2;29;28;28m[48;2;53;52;52m▀[0m[38;2;0;0;0m[48;2;0;0;1m▀[0m[38;2;2;1;0m[48;2;65;63;66m▀[0m[38;2;101;101;101m[48;2;102;102;102m▀[0m[38;2;0;0;0m[48;2;0;0;0m▀[0m[38;2;71;74;74m[48;2;101;101;101m▀[0m[38;2;31;30;30m[48;2;89;88;88m▀[0m[38;2;6;6;4m[48;2;255;255;255m▀[0m[38;2;0;0;0m[48;2;56;56;58m▀[0m[38;2;0;0;0m[48;2;60;63;59m▀[0m[38;2;0;0;0m[48;2;13;13;15m▀[0m[38;2;0;0;0m[48;2;0;0;0m▀[0m[38;2;0;0;0m[48;2;0;0;0m▀[0m[38;2;0;0;0m[48;2;0;0;0m▀[0m[38;2;0;0;0m[48;2;0;0;0m▀[0m[38;2;128;131;131m[48;2;59;67;65m▀[0m[38;2;255;255;255m[48;2;255;255;255m▀[0m[38;2;229;235;234m[48;2;255;255;255m▀[0m[38;2;107;111;111m[48;2;107;111;113m▀[0m[38;2;68;67;67m[48;2;79;82;82m▀[0m[38;2;220;219;219m[48;2;109;111;111m▀[0m
[38;2;56;55;55m[48;2;102;102;102m▀[0m[38;2;131;134;131m[48;2;108;111;111m▀[0m[38;2;108;111;111m[48;2;110;112;113m▀[0m[38;2;104;108;108m[48;2;92;92;94m▀[0m[38;2;81;84;84m[48;2;93;96;96m▀[0m[38;2;252;255;254m[48;2;255;255;255m▀[0m[38;2;255;255;255m[48;2;255;255;255m▀[0m[38;2;60;55;53m[48;2;74;78;78m▀[0m[38;2;0;0;0m[48;2;0;0;0m▀[0m[38;2;0;0;0m[48;2;0;0;0m▀[0m[38;2;0;0;0m[48;2;0;0;0m▀[0m[38;2;0;0;0m[48;2;73;76;76m▀[0m[38;2;54;54;56m[48;2;255;255;255m▀[0m[38;2;121;121;121m[48;2;61;64;64m▀[0m[38;2;127;126;126m[48;2;224;223;223m▀[0m[38;2;126;127;124m[48;2;107;109;109m▀[0m[38;2;0;0;0m[48;2;5;5;7m▀[0m[38;2;43;46;48m[48;2;0;0;0m▀[0m[38;2;124;124;124m[48;2;234;234;234m▀[0m[38;2;0;0;0m[48;2;0;0;0m▀[0m[38;2;0;0;0m[48;2;42;42;42m▀[0m[38;2;156;158;158m[48;2;137;139;139m▀[0m[38;2;153;153;151m[48;2;0;0;0m▀[0m[38;2;0;0;0m[48;2;0;0;0m▀[0m[38;2;128;128;126m[48;2;0;0;0m▀[0m[38;2;230;230;228m[48;2;46;46;51m▀[0m[38;2;38;40;40m[48;2;71;73;73m▀[0m[38;2;0;0;0m[48;2;0;0;0m▀[0m[38;2;0;0;0m[48;2;20;13;12m▀[0m[38;2;0;0;0m[48;2;162;122;113m▀[0m[38;2;0;0;0m[48;2;0;0;0m▀[0m[38;2;255;255;255m[48;2;205;212;213m▀[0m[38;2;255;255;255m[48;2;255;255;255m▀[0m[38;2;116;118;120m[48;2;129;134;134m▀[0m[38;2;90;94;91m[48;2;84;86;88m▀[0m[38;2;79;81;81m[48;2;103;105;107m▀[0m
[38;2;119;122;122m[48;2;108;110;110m▀[0m[38;2;104;107;107m[48;2;103;106;106m▀[0m[38;2;112;115;116m[48;2;112;112;114m▀[0m[38;2;80;84;86m[48;2;65;69;71m▀[0m[38;2;117;120;121m[48;2;146;146;144m▀[0m[38;2;255;255;255m[48;2;255;255;255m▀[0m[38;2;255;255;255m[48;2;231;230;230m▀[0m[38;2;38;38;38m[48;2;0;0;0m▀[0m[38;2;0;0;0m[48;2;0;0;0m▀[0m[38;2;0;0;0m[48;2;0;0;0m▀[0m[38;2;0;0;0m[48;2;0;0;0m▀[0m[38;2;190;193;193m[48;2;125;128;128m▀[0m[38;2;255;255;255m[48;2;1;3;3m▀[0m[38;2;0;0;0m[48;2;0;0;0m▀[0m[38;2;255;255;255m[48;2;255;255;255m▀[0m[38;2;186;186;186m[48;2;203;206;206m▀[0m[38;2;4;7;7m[48;2;58;58;56m▀[0m[38;2;186;186;186m[48;2;176;176;178m▀[0m[38;2;255;255;255m[48;2;255;255;255m▀[0m[38;2;255;255;255m[48;2;216;219;219m▀[0m[38;2;127;127;125m[48;2;38;38;39m▀[0m[38;2;167;167;167m[48;2;255;255;255m▀[0m[38;2;159;162;162m[48;2;112;115;115m▀[0m[38;2;0;0;0m[48;2;0;0;0m▀[0m[38;2;0;0;0m[48;2;255;255;255m▀[0m[38;2;0;0;0m[48;2;21;21;21m▀[0m[38;2;88;91;93m[48;2;27;32;28m▀[0m[38;2;0;0;0m[48;2;48;48;48m▀[0m[38;2;99;73;67m[48;2;0;0;0m▀[0m[38;2;0;0;0m[48;2;0;0;0m▀[0m[38;2;0;0;0m[48;2;43;13;4m▀[0m[38;2;255;253;245m[48;2;196;182;179m▀[0m[38;2;255;255;255m[48;2;255;255;255m▀[0m[38;2;155;158;158m[48;2;165;173;173m▀[0m[38;2;86;88;88m[48;2;86;88;89m▀[0m[38;2;97;99;99m[48;2;93;95;95m▀[0m
[38;2;108;111;110m[48;2;106;108;108m▀[0m[38;2;105;105;105m[48;2;103;106;105m▀[0m[38;2;109;112;112m[48;2;108;111;111m▀[0m[38;2;56;60;57m[48;2;79;83;83m▀[0m[38;2;165;168;164m[48;2;191;195;194m▀[0m[38;2;255;255;255m[48;2;255;255;255m▀[0m[38;2;255;252;244m[48;2;159;162;161m▀[0m[38;2;0;0;0m[48;2;54;16;8m▀[0m[38;2;0;0;0m[48;2;81;79;82m▀[0m[38;2;0;0;0m[48;2;0;0;0m▀[0m[38;2;0;0;0m[48;2;43;45;45m▀[0m[38;2;210;210;208m[48;2;152;155;154m▀[0m[38;2;0;0;0m[48;2;0;0;0m▀[0m[38;2;111;114;113m[48;2;198;201;200m▀[0m[38;2;107;106;106m[48;2;0;0;0m▀[0m[38;2;0;0;0m[48;2;0;0;0m▀[0m[38;2;125;125;128m[48;2;0;0;0m▀[0m[38;2;32;32;34m[48;2;0;0;0m▀[0m[38;2;255;255;255m[48;2;255;255;255m▀[0m[38;2;69;72;71m[48;2;128;128;125m▀[0m[38;2;13;13;14m[48;2;0;0;0m▀[0m[38;2;0;0;0m[48;2;0;0;0m▀[0m[38;2;25;28;28m[48;2;0;0;0m▀[0m[38;2;0;0;0m[48;2;0;0;0m▀[0m[38;2;192;195;192m[48;2;0;0;0m▀[0m[38;2;100;103;103m[48;2;0;0;0m▀[0m[38;2;0;0;0m[48;2;0;0;0m▀[0m[38;2;57;60;60m[48;2;40;43;43m▀[0m[38;2;0;0;0m[48;2;0;0;0m▀[0m[38;2;0;0;0m[48;2;43;0;0m▀[0m[38;2;38;0;0m[48;2;0;0;0m▀[0m[38;2;93;110;112m[48;2;164;174;175m▀[0m[38;2;255;255;255m[48;2;255;255;255m▀[0m[38;2;186;190;192m[48;2;216;218;218m▀[0m[38;2;87;91;91m[48;2;94;97;97m▀[0m[38;2;91;93;95m[48;2;92;94;92m▀[0m
