[38;2;23;96;69m[48;2;55;164;129m▀[0m[38;2;28;2;13m[48;2;10;32;23m▀[0m[38;2;29;14;20m[48;2;99;74;85m▀[0m[38;2;0;0;0m[48;2;76;75;76m▀[0m[38;2;0;0;0m[48;2;11;11;12m▀[0m[38;2;0;0;0m[48;2;0;0;0m▀[0m[38;2;1;1;1m[48;2;2;2;2m▀[0m[38;2;1;1;1m[48;2;1;1;1m▀[0m[38;2;1;1;1m[48;2;1;1;1m▀[0m[38;2;1;1;1m[48;2;1;1;1m▀[0m[38;2;1;1;1m[48;2;1;1;1m▀[0m[38;2;0;1;1m[48;2;1;1;1m▀[0m[38;2;1;1;1m[48;2;0;1;1m▀[0m[38;2;0;1;1m[48;2;0;1;1m▀[0m[38;2;0;1;1m[48;2;0;1;1m▀[0m[38;2;0;1;1m[48;2;0;1;1m▀[0m[38;2;188;0;0m[48;2;213;0;0m▀[0m[38;2;253;0;0m[48;2;189;0;0m▀[0m[38;2;230;0;0m[48;2;85;0;0m▀[0m[38;2;0;1;1m[48;2;21;0;0m▀[0m[38;2;0;1;1m[48;2;0;1;1m▀[0m[38;2;0;1;1m[48;2;0;1;1m▀[0m[38;2;1;1;1m[48;2;1;1;1m▀[0m[38;2;1;1;1m[48;2;1;1;1m▀[0m[38;2;1;1;1m[48;2;0;0;0m▀[0m[38;2;0;0;0m[48;2;0;0;0m▀[0m[38;2;0;0;0m[48;2;0;0;0m▀[0m[38;2;4;0;0m[48;2;0;0;0m▀[0m[38;2;0;0;0m[48;2;8;30;25m▀[0m[38;2;51;146;117m[48;2;57;164;128m▀[0m[38;2;48;132;101m[48;2;45;127;98m▀[0m[38;2;44;122;92m[48;2;44;123;93m▀[0m[38;2;47;131;101m[48;2;43;124;97m▀[0m[38;2;39;108;85m[48;2;48;130;103m▀[0m[38;2;9;22;20m[48;2;30;75;57m▀[0m[38;2;47;134;105m[48;2;29;83;66m▀[0m
[38;2;52;156;121m[48;2;44;130;100m▀[0m[38;2;26;110;79m[48;2;57;164;128m▀[0m[38;2;18;0;3m[48;2;0;0;0m▀[0m[38;2;203;197;200m[48;2;57;34;45m▀[0m[38;2;0;0;0m[48;2;0;0;0m▀[0m[38;2;0;0;0m[48;2;0;0;0m▀[0m[38;2;0;0;0m[48;2;0;0;0m▀[0m[38;2;1;1;1m[48;2;1;0;0m▀[0m[38;2;1;1;1m[48;2;1;1;1m▀[0m[38;2;1;1;1m[48;2;1;1;1m▀[0m[38;2;1;1;1m[48;2;0;2;0m▀[0m[38;2;1;1;1m[48;2;0;2;0m▀[0m[38;2;1;1;1m[48;2;1;1;1m▀[0m[38;2;0;1;1m[48;2;0;1;1m▀[0m[38;2;0;1;1m[48;2;0;1;1m▀[0m[38;2;0;1;1m[48;2;0;1;1m▀[0m[38;2;255;0;0m[48;2;255;0;0m▀[0m[38;2;196;0;0m[48;2;212;0;0m▀[0m[38;2;0;3;2m[48;2;0;2;2m▀[0m[38;2;25;1;0m[48;2;42;0;0m▀[0m[38;2;0;1;1m[48;2;0;1;1m▀[0m[38;2;0;1;1m[48;2;0;1;1m▀[0m[38;2;1;1;1m[48;2;0;1;1m▀[0m[38;2;1;1;1m[48;2;2;2;2m▀[0m[38;2;0;0;0m[48;2;0;0;0m▀[0m[38;2;0;0;0m[48;2;20;22;22m▀[0m[38;2;21;15;19m[48;2;184;181;183m▀[0m[38;2;82;53;65m[48;2;15;0;0m▀[0m[38;2;3;53;39m[48;2;21;82;64m▀[0m[38;2;59;163;128m[48;2;56;154;121m▀[0m[38;2;44;125;96m[48;2;42;125;95m▀[0m[38;2;44;121;95m[48;2;44;121;95m▀[0m[38;2;44;121;95m[48;2;44;121;93m▀[0m[38;2;43;125;95m[48;2;44;121;93m▀[0m[38;2;51;145;112m[48;2;44;123;97m▀[0m[38;2;35;96;73m[48;2;42;118;90m▀[0m
[38;2;45;126;99m[48;2;43;125;95m▀[0m[38;2;54;150;118m[48;2;44;133;101m▀[0m[38;2;20;93;67m[48;2;49;155;118m▀[0m[38;2;42;16;24m[48;2;0;0;0m▀[0m[38;2;67;58;62m[48;2;87;66;74m▀[0m[38;2;0;0;0m[48;2;30;27;30m▀[0m[38;2;0;0;0m[48;2;16;18;18m▀[0m[38;2;0;0;0m[48;2;0;0;0m▀[0m[38;2;1;1;1m[48;2;2;2;2m▀[0m[38;2;1;1;1m[48;2;1;1;1m▀[0m[38;2;1;1;1m[48;2;1;1;1m▀[0m[38;2;1;1;1m[48;2;1;1;1m▀[0m[38;2;1;1;1m[48;2;1;1;1m▀[0m[38;2;0;1;1m[48;2;0;1;1m▀[0m[38;2;0;1;1m[48;2;0;1;1m▀[0m[38;2;0;1;1m[48;2;0;1;1m▀[0m[38;2;178;0;0m[48;2;92;0;0m▀[0m[38;2;222;0;0m[48;2;237;0;0m▀[0m[38;2;4;1;1m[48;2;63;0;0m▀[0m[38;2;110;0;0m[48;2;255;0;0m▀[0m[38;2;0;1;1m[48;2;0;1;1m▀[0m[38;2;0;1;1m[48;2;0;1;1m▀[0m[38;2;0;1;1m[48;2;0;1;1m▀[0m[38;2;0;0;0m[48;2;0;0;0m▀[0m[38;2;0;0;0m[48;2;0;0;0m▀[0m[38;2;0;0;0m[48;2;0;0;0m▀[0m[38;2;112;109;111m[48;2;64;54;58m▀[0m[38;2;0;0;0m[48;2;6;0;0m▀[0m[38;2;30;106;80m[48;2;32;116;86m▀[0m[38;2;52;147;118m[48;2;50;145;113m▀[0m[38;2;46;124;96m[48;2;42;123;97m▀[0m[38;2;44;121;95m[48;2;43;121;93m▀[0m[38;2;44;121;93m[48;2;44;121;95m▀[0m[38;2;45;121;95m[48;2;44;120;94m▀[0m[38;2;44;121;95m[48;2;44;121;95m▀[0m[38;2;43;124;94m[48;2;44;121;95m▀[0m
[38;2;44;121;95m[48;2;44;121;93m▀[0m[38;2;42;125;97m[48;2;42;123;96m▀[0m[38;2;56;160;123m[48;2;49;145;111m▀[0m[38;2;2;50;34m[48;2;32;116;85m▀[0m[38;2;35;11;20m[48;2;21;1;10m▀[0m[38;2;214;216;221m[48;2;33;23;28m▀[0m[38;2;40;39;40m[48;2;0;0;0m▀[0m[38;2;0;0;0m[48;2;0;0;0m▀[0m[38;2;0;0;0m[48;2;0;0;0m▀[0m[38;2;1;1;1m[48;2;1;1;1m▀[0m[38;2;1;1;1m[48;2;1;1;1m▀[0m[38;2;1;1;1m[48;2;1;1;1m▀[0m[38;2;1;1;1m[48;2;1;1;1m▀[0m[38;2;0;1;1m[48;2;0;1;1m▀[0m[38;2;0;1;1m[48;2;0;1;1m▀[0m[38;2;0;1;1m[48;2;0;1;1m▀[0m[38;2;87;0;0m[48;2;40;0;0m▀[0m[38;2;255;0;0m[48;2;255;0;0m▀[0m[38;2;121;0;0m[48;2;255;0;0m▀[0m[38;2;255;31;25m[48;2;37;0;0m▀[0m[38;2;0;1;1m[48;2;0;1;1m▀[0m[38;2;0;1;1m[48;2;0;1;1m▀[0m[38;2;0;1;1m[48;2;0;2;2m▀[0m[38;2;0;0;0m[48;2;0;0;0m▀[0m[38;2;0;0;0m[48;2;0;0;0m▀[0m[38;2;0;0;0m[48;2;184;186;187m▀[0m[38;2;71;61;65m[48;2;151;143;147m▀[0m[38;2;0;0;0m[48;2;0;0;0m▀[0m[38;2;32;127;95m[48;2;45;142;111m▀[0m[38;2;50;139;110m[48;2;47;135;106m▀[0m[38;2;43;124;95m[48;2;43;124;97m▀[0m[38;2;44;121;95m[48;2;45;122;94m▀[0m[38;2;44;121;95m[48;2;44;121;95m▀[0m[38;2;44;121;95m[48;2;45;121;95m▀[0m[38;2;44;121;95m[48;2;44;121;95m▀[0m[38;2;44;120;94m[48;2;43;124;94m▀[0m
[38;2;44;120;94m[48;2;45;121;95m▀[0m[38;2;44;120;94m[48;2;44;121;95m▀[0m[38;2;46;129;101m[48;2;42;124;95m▀[0m[38;2;49;153;119m[48;2;55;162;124m▀[0m[38;2;3;11;10m[48;2;0;47;33m▀[0m[38;2;81;60;68m[48;2;92;61;70m▀[0m[38;2;0;0;0m[48;2;35;34;34m▀[0m[38;2;0;0;0m[48;2;0;0;0m▀[0m[38;2;0;0;0m[48;2;0;0;0m▀[0m[38;2;0;0;0m[48;2;0;0;0m▀[0m[38;2;0;0;0m[48;2;0;0;0m▀[0m[38;2;0;0;0m[48;2;0;0;0m▀[0m[38;2;0;0;0m[48;2;0;0;0m▀[0m[38;2;0;0;0m[48;2;0;0;0m▀[0m[38;2;0;0;0m[48;2;0;0;0m▀[0m[38;2;0;0;0m[48;2;0;0;0m▀[0m[38;2;26;0;0m[48;2;19;0;0m▀[0m[38;2;255;0;0m[48;2;255;0;0m▀[0m[38;2;255;0;0m[48;2;255;0;0m▀[0m[38;2;0;3;3m[48;2;51;0;0m▀[0m[38;2;0;1;1m[48;2;0;1;1m▀[0m[38;2;0;1;1m[48;2;0;1;1m▀[0m[38;2;0;1;1m[48;2;0;1;1m▀[0m[38;2;0;0;0m[48;2;0;0;0m▀[0m[38;2;0;0;0m[48;2;0;0;0m▀[0m[38;2;0;0;0m[48;2;0;0;0m▀[0m[38;2;109;92;100m[48;2;131;111;118m▀[0m[38;2;0;0;0m[48;2;0;0;0m▀[0m[38;2;42;142;112m[48;2;50;154;117m▀[0m[38;2;45;132;103m[48;2;44;128;100m▀[0m[38;2;44;123;97m[48;2;44;123;94m▀[0m[38;2;45;121;96m[48;2;44;121;95m▀[0m[38;2;44;121;95m[48;2;44;123;93m▀[0m[38;2;43;124;93m[48;2;46;129;101m▀[0m[38;2;43;126;98m[48;2;44;152;117m▀[0m[38;2;47;121;95m[48;2;77;90;82m▀[0m
[38;2;44;121;93m[48;2;44;120;94m▀[0m[38;2;44;121;93m[48;2;44;121;93m▀[0m[38;2;42;123;96m[48;2;44;123;93m▀[0m[38;2;51;146;115m[48;2;45;132;104m▀[0m[38;2;26;105;75m[48;2;50;153;116m▀[0m[38;2;28;4;13m[48;2;0;0;0m▀[0m[38;2;153;151;154m[48;2;17;0;6m▀[0m[38;2;0;0;0m[48;2;0;0;0m▀[0m[38;2;0;0;0m[48;2;45;43;47m▀[0m[38;2;17;20;22m[48;2;127;131;128m▀[0m[38;2;91;94;95m[48;2;68;81;73m▀[0m[38;2;124;121;123m[48;2;114;109;111m▀[0m[38;2;64;87;81m[48;2;93;149;140m▀[0m[38;2;15;31;26m[48;2;0;20;11m▀[0m[38;2;59;69;70m[48;2;102;120;118m▀[0m[38;2;0;27;28m[48;2;78;168;169m▀[0m[38;2;8;0;0m[48;2;29;29;26m▀[0m[38;2;255;0;0m[48;2;255;0;0m▀[0m[38;2;255;0;0m[48;2;255;0;0m▀[0m[38;2;86;0;0m[48;2;119;0;0m▀[0m[38;2;0;1;1m[48;2;0;1;1m▀[0m[38;2;0;1;1m[48;2;0;1;1m▀[0m[38;2;0;1;1m[48;2;0;1;1m▀[0m[38;2;0;0;1m[48;2;1;1;1m▀[0m[38;2;0;0;0m[48;2;0;0;0m▀[0m[38;2;0;0;0m[48;2;0;0;0m▀[0m[38;2;98;76;82m[48;2;24;0;5m▀[0m[38;2;0;15;10m[48;2;9;48;36m▀[0m[38;2;54;161;123m[48;2;57;161;124m▀[0m[38;2;44;125;98m[48;2;45;124;94m▀[0m[38;2;44;121;93m[48;2;44;121;95m▀[0m[38;2;44;122;94m[48;2;45;121;95m▀[0m[38;2;43;127;96m[48;2;32;121;92m▀[0m[38;2;42;128;100m[48;2;88;143;126m▀[0m[38;2;10;57;45m[48;2;73;16;36m▀[0m[38;2;0;7;7m[48;2;0;0;0m▀[0m
[38;2;43;120;94m[48;2;43;121;93m▀[0m[38;2;44;121;93m[48;2;45;122;94m▀[0m[38;2;44;121;93m[48;2;44;121;95m▀[0m[38;2;42;125;97m[48;2;43;124;97m▀[0m[38;2;56;161;123m[48;2;50;146;114m▀[0m[38;2;9;47;35m[48;2;25;106;75m▀[0m[38;2;0;0;0m[48;2;0;0;0m▀[0m[38;2;63;58;61m[48;2;255;255;255m▀[0m[38;2;213;218;219m[48;2;85;81;86m▀[0m[38;2;5;0;4m[48;2;0;0;0m▀[0m[38;2;52;70;67m[48;2;0;0;0m▀[0m[38;2;0;0;0m[48;2;0;0;0m▀[0m[38;2;45;53;52m[48;2;0;0;0m▀[0m[38;2;9;22;21m[48;2;0;0;0m▀[0m[38;2;0;0;0m[48;2;0;26;14m▀[0m[38;2;53;131;134m[48;2;0;42;37m▀[0m[38;2;109;102;97m[48;2;121;109;105m▀[0m[38;2;255;0;0m[48;2;255;0;0m▀[0m[38;2;255;0;0m[48;2;255;0;0m▀[0m[38;2;162;0;0m[48;2;225;7;3m▀[0m[38;2;0;4;4m[48;2;0;12;16m▀[0m[38;2;0;0;0m[48;2;0;0;0m▀[0m[38;2;0;1;1m[48;2;0;0;0m▀[0m[38;2;0;0;0m[48;2;0;0;0m▀[0m[38;2;0;0;0m[48;2;0;0;0m▀[0m[38;2;0;0;0m[48;2;0;0;0m▀[0m[38;2;28;2;10m[48;2;3;0;0m▀[0m[38;2;22;74;59m[48;2;30;106;80m▀[0m[38;2;56;159;122m[48;2;52;149;117m▀[0m[38;2;42;123;96m[48;2;42;124;94m▀[0m[38;2;44;121;95m[48;2;44;121;93m▀[0m[38;2;44;121;93m[48;2;44;121;95m▀[0m[38;2;42;129;98m[48;2;45;124;94m▀[0m[38;2;40;107;86m[48;2;32;132;99m▀[0m[38;2;185;164;172m[48;2;49;98;80m▀[0m[38;2;41;89;79m[48;2;33;7;20m▀[0m
[38;2;44;121;93m[48;2;44;121;93m▀[0m[38;2;45;121;95m[48;2;44;121;93m▀[0m[38;2;44;121;95m[48;2;44;122;94m▀[0m[38;2;44;123;97m[48;2;44;122;94m▀[0m[38;2;42;130;102m[48;2;43;122;95m▀[0m[38;2;36;139;101m[48;2;46;149;114m▀[0m[38;2;30;45;40m[48;2;0;57;33m▀[0m[38;2;157;128;140m[48;2;44;5;20m▀[0m[38;2;61;85;79m[48;2;174;239;226m▀[0m[38;2;0;5;0m[48;2;0;17;7m▀[0m[38;2;0;0;0m[48;2;0;0;0m▀[0m[38;2;0;0;0m[48;2;0;0;0m▀[0m[38;2;0;0;0m[48;2;0;0;0m▀[0m[38;2;0;0;0m[48;2;0;0;0m▀[0m[38;2;0;6;4m[48;2;0;0;0m▀[0m[38;2;64;200;190m[48;2;0;90;95m▀[0m[38;2;219;155;154m[48;2;200;113;111m▀[0m[38;2;255;0;0m[48;2;255;0;0m▀[0m[38;2;255;0;0m[48;2;255;0;0m▀[0m[38;2;255;32;28m[48;2;255;4;1m▀[0m[38;2;0;39;40m[48;2;38;173;172m▀[0m[38;2;0;0;0m[48;2;0;0;0m▀[0m[38;2;0;0;0m[48;2;0;0;0m▀[0m[38;2;0;0;0m[48;2;0;0;0m▀[0m[38;2;0;0;0m[48;2;99;101;103m▀[0m[38;2;52;39;46m[48;2;148;133;141m▀[0m[38;2;37;21;28m[48;2;0;0;0m▀[0m[38;2;30;118;91m[48;2;49;153;119m▀[0m[38;2;50;144;111m[48;2;45;132;100m▀[0m[38;2;43;122;96m[48;2;44;123;97m▀[0m[38;2;44;121;93m[48;2;44;121;95m▀[0m[38;2;44;121;95m[48;2;44;121;95m▀[0m[38;2;44;121;95m[48;2;44;121;95m▀[0m[38;2;42;128;98m[48;2;44;123;96m▀[0m[38;2;41;136;104m[48;2;42;139;105m▀[0m[38;2;33;63;56m[48;2;32;81;66m▀[0m
[38;2;44;121;95m[48;2;45;118;95m▀[0m[38;2;44;121;95m[48;2;43;120;94m▀[0m[38;2;44;122;94m[48;2;42;118;90m▀[0m[38;2;45;122;94m[48;2;41;114;88m▀[0m[38;2;44;121;95m[48;2;36;110;86m▀[0m[38;2;43;129;98m[48;2;33;112;85m▀[0m[38;2;31;133;92m[48;2;39;137;100m▀[0m[38;2;50;44;45m[48;2;23;73;57m▀[0m[38;2;96;92;97m[48;2;51;23;34m▀[0m[38;2;0;0;0m[48;2;0;0;0m▀[0m[38;2;0;0;0m[48;2;0;0;0m▀[0m[38;2;0;0;0m[48;2;53;148;118m▀[0m[38;2;11;33;26m[48;2;68;188;148m▀[0m[38;2;0;0;0m[48;2;48;143;113m▀[0m[38;2;0;0;0m[48;2;0;16;13m▀[0m[38;2;0;0;0m[48;2;0;0;0m▀[0m[38;2;105;25;25m[48;2;69;0;0m▀[0m[38;2;255;0;0m[48;2;255;0;0m▀[0m[38;2;255;0;0m[48;2;255;0;0m▀[0m[38;2;255;0;0m[48;2;255;2;0m▀[0m[38;2;0;113;114m[48;2;6;120;122m▀[0m[38;2;0;21;21m[48;2;0;0;0m▀[0m[38;2;0;0;0m[48;2;0;0;0m▀[0m[38;2;0;0;0m[48;2;0;0;0m▀[0m[38;2;5;1;1m[48;2;51;42;48m▀[0m[38;2;50;29;40m[48;2;37;9;17m▀[0m[38;2;0;29;19m[48;2;18;92;69m▀[0m[38;2;57;161;126m[48;2;51;147;116m▀[0m[38;2;42;123;96m[48;2;39;120;94m▀[0m[38;2;44;121;95m[48;2;34;111;86m▀[0m[38;2;45;121;95m[48;2;33;110;84m▀[0m[38;2;45;122;96m[48;2;33;109;84m▀[0m[38;2;45;122;94m[48;2;35;112;83m▀[0m[38;2;45;121;95m[48;2;39;116;90m▀[0m[38;2;42;126;96m[48;2;41;122;93m▀[0m[38;2;51;86;75m[48;2;36;120;89m▀[0m
[38;2;36;112;84m[48;2;31;102;75m▀[0m[38;2;28;104;75m[48;2;53;130;104m▀[0m[38;2;29;100;76m[48;2;77;164;137m▀[0m[38;2;38;109;85m[48;2;94;183;156m▀[0m[38;2;44;118;94m[48;2;102;191;162m▀[0m[38;2;51;128;99m[48;2;104;197;166m▀[0m[38;2;48;129;102m[48;2;104;199;167m▀[0m[38;2;32;121;89m[48;2;95;208;171m▀[0m[38;2;21;15;19m[48;2;13;60;46m▀[0m[38;2;0;0;0m[48;2;0;0;0m▀[0m[38;2;28;98;73m[48;2;60;173;136m▀[0m[38;2;72;197;154m[48;2;19;50;38m▀[0m[38;2;60;163;128m[48;2;0;15;11m▀[0m[38;2;61;181;139m[48;2;0;37;28m▀[0m[38;2;52;191;150m[48;2;1;57;39m▀[0m[38;2;0;84;68m[48;2;0;139;108m▀[0m[38;2;115;0;0m[48;2;190;10;4m▀[0m[38;2;255;0;0m[48;2;255;0;0m▀[0m[38;2;255;0;0m[48;2;213;0;0m▀[0m[38;2;255;14;7m[48;2;255;9;3m▀[0m[38;2;0;69;71m[48;2;3;36;36m▀[0m[38;2;0;0;0m[48;2;0;0;0m▀[0m[38;2;0;0;0m[48;2;0;0;0m▀[0m[38;2;0;0;0m[48;2;0;0;0m▀[0m[38;2;62;41;50m[48;2;9;0;0m▀[0m[38;2;7;5;8m[48;2;0;42;28m▀[0m[38;2;43;146;109m[48;2;43;141;106m▀[0m[38;2;36;118;87m[48;2;58;140;113m▀[0m[38;2;35;111;86m[48;2;95;186;159m▀[0m[38;2;43;117;94m[48;2;103;192;163m▀[0m[38;2;45;119;96m[48;2;103;192;165m▀[0m[38;2;45;121;93m[48;2;102;195;165m▀[0m[38;2;40;116;88m[48;2;102;193;163m▀[0m[38;2;33;110;82m[48;2;96;184;158m▀[0m[38;2;27;100;74m[48;2;79;162;134m▀[0m[38;2;28;102;76m[48;2;55;133;105m▀[0m
[38;2;86;175;148m[48;2;95;182;155m▀[0m[38;2;103;196;166m[48;2;93;177;149m▀[0m[38;2;102;193;163m[48;2;89;176;147m▀[0m[38;2;99;183;156m[48;2;87;175;146m▀[0m[38;2;96;180;153m[48;2;89;173;146m▀[0m[38;2;93;180;154m[48;2;87;173;146m▀[0m[38;2;96;187;156m[48;2;91;177;150m▀[0m[38;2;112;209;179m[48;2;91;180;152m▀[0m[38;2;93;199;162m[48;2;114;230;192m▀[0m[38;2;12;61;43m[48;2;52;100;82m▀[0m[38;2;3;26;19m[48;2;0;0;0m▀[0m[38;2;0;0;0m[48;2;23;82;71m▀[0m[38;2;0;7;0m[48;2;233;242;242m▀[0m[38;2;45;91;92m[48;2;255;255;255m▀[0m[38;2;0;6;15m[48;2;130;226;212m▀[0m[38;2;0;0;0m[48;2;0;101;94m▀[0m[38;2;48;0;0m[48;2;27;0;4m▀[0m[38;2;255;0;0m[48;2;255;0;0m▀[0m[38;2;69;0;0m[48;2;130;68;77m▀[0m[38;2;225;0;0m[48;2;255;0;1m▀[0m[38;2;2;0;0m[48;2;147;85;92m▀[0m[38;2;47;100;105m[48;2;223;255;255m▀[0m[38;2;94;101;102m[48;2;255;255;255m▀[0m[38;2;0;0;0m[48;2;255;251;255m▀[0m[38;2;0;0;0m[48;2;0;0;0m▀[0m[38;2;12;86;60m[48;2;31;130;99m▀[0m[38;2;64;166;134m[48;2;106;213;179m▀[0m[38;2;106;203;172m[48;2;95;189;158m▀[0m[38;2;98;189;162m[48;2;93;177;147m▀[0m[38;2;93;180;153m[48;2;88;176;149m▀[0m[38;2;94;181;152m[48;2;88;174;147m▀[0m[38;2;95;179;152m[48;2;89;173;146m▀[0m[38;2;95;179;152m[48;2;89;173;146m▀[0m[38;2;98;184;158m[48;2;87;173;146m▀[0m[38;2;103;191;164m[48;2;87;175;148m▀[0m[38;2;104;192;165m[48;2;90;174;149m▀[0m
[38;2;89;173;146m[48;2;89;173;146m▀[0m[38;2;89;173;146m[48;2;87;173;146m▀[0m[38;2;89;173;147m[48;2;89;173;147m▀[0m[38;2;87;173;147m[48;2;89;173;147m▀[0m[38;2;89;173;146m[48;2;89;173;146m▀[0m[38;2;89;173;146m[48;2;87;173;146m▀[0m[38;2;89;173;146m[48;2;89;173;146m▀[0m[38;2;92;179;151m[48;2;90;176;148m▀[0m[38;2;100;196;167m[48;2;90;183;157m▀[0m[38;2;98;207;169m[48;2;111;228;192m▀[0m[38;2;62;77;73m[48;2;46;96;81m▀[0m[38;2;195;169;181m[48;2;0;0;0m▀[0m[38;2;253;218;230m[48;2;0;0;0m▀[0m[38;2;189;169;177m[48;2;0;0;0m▀[0m[38;2;108;131;135m[48;2;0;0;0m▀[0m[38;2;39;74;74m[48;2;0;0;0m▀[0m[38;2;102;37;33m[48;2;120;129;95m▀[0m[38;2;255;0;0m[48;2;255;0;0m▀[0m[38;2;121;174;140m[48;2;185;132;93m▀[0m[38;2;255;26;8m[48;2;255;0;0m▀[0m[38;2;136;107;83m[48;2;244;124;95m▀[0m[38;2;0;137;118m[48;2;0;222;178m▀[0m[38;2;46;86;84m[48;2;0;24;13m▀[0m[38;2;255;229;240m[48;2;16;35;34m▀[0m[38;2;147;164;160m[48;2;55;86;73m▀[0m[38;2;47;160;123m[48;2;73;189;150m▀[0m[38;2;107;202;172m[48;2;97;188;160m▀[0m[38;2;91;177;149m[48;2;89;176;149m▀[0m[38;2;89;173;146m[48;2;87;173;146m▀[0m[38;2;89;173;146m[48;2;89;173;147m▀[0m[38;2;88;174;147m[48;2;88;174;147m▀[0m[38;2;88;174;147m[48;2;89;173;147m▀[0m[38;2;88;174;147m[48;2;89;173;147m▀[0m[38;2;89;173;147m[48;2;88;174;147m▀[0m[38;2;89;173;147m[48;2;89;173;147m▀[0m[38;2;87;173;146m[48;2;89;173;147m▀[0m
