[38;2;31;33;33m[48;2;27;31;28m▀[0m[38;2;4;3;3m[48;2;4;6;6m▀[0m[38;2;0;0;0m[48;2;0;0;0m▀[0m[38;2;119;120;117m[48;2;116;121;117m▀[0m[38;2;255;255;255m[48;2;255;255;255m▀[0m[38;2;244;247;247m[48;2;230;230;232m▀[0m[38;2;127;130;127m[48;2;126;129;129m▀[0m[38;2;255;255;255m[48;2;255;255;255m▀[0m[38;2;239;239;239m[48;2;237;237;237m▀[0m[38;2;255;255;255m[48;2;255;255;255m▀[0m[38;2;178;178;178m[48;2;165;165;165m▀[0m[38;2;164;164;164m[48;2;40;39;40m▀[0m[38;2;255;255;255m[48;2;255;255;255m▀[0m[38;2;0;0;0m[48;2;0;0;0m▀[0m[38;2;0;0;0m[48;2;34;37;37m▀[0m[38;2;37;37;37m[48;2;255;255;255m▀[0m[38;2;0;0;0m[48;2;150;149;149m▀[0m[38;2;0;0;0m[48;2;0;0;0m▀[0m[38;2;56;58;58m[48;2;2;4;4m▀[0m[38;2;200;203;203m[48;2;66;66;66m▀[0m[38;2;169;171;171m[48;2;0;0;0m▀[0m[38;2;98;100;100m[48;2;0;0;0m▀[0m[38;2;215;218;217m[48;2;29;32;31m▀[0m[38;2;156;158;158m[48;2;130;129;129m▀[0m[38;2;135;134;134m[48;2;37;37;38m▀[0m[38;2;0;0;0m[48;2;0;0;0m▀[0m[38;2;198;196;199m[48;2;183;187;187m▀[0m[38;2;252;252;253m[48;2;255;255;255m▀[0m[38;2;70;70;72m[48;2;77;77;77m▀[0m[38;2;0;0;0m[48;2;0;0;0m▀[0m[38;2;0;0;0m[48;2;0;2;0m▀[0m[38;2;76;77;74m[48;2;65;68;68m▀[0m[38;2;72;73;70m[48;2;64;67;64m▀[0m[38;2;47;50;50m[48;2;44;47;47m▀[0m[38;2;0;0;0m[48;2;0;0;0m▀[0m[38;2;4;6;6m[48;2;1;4;4m▀[0m
[38;2;27;31;28m[48;2;25;29;26m▀[0m[38;2;4;6;6m[48;2;10;12;12m▀[0m[38;2;0;0;0m[48;2;26;28;28m▀[0m[38;2;128;129;126m[48;2;138;138;138m▀[0m[38;2;255;255;255m[48;2;255;255;255m▀[0m[38;2;216;219;216m[48;2;248;251;251m▀[0m[38;2;116;116;116m[48;2;147;147;147m▀[0m[38;2;247;247;247m[48;2;255;255;255m▀[0m[38;2;204;207;204m[48;2;235;238;235m▀[0m[38;2;255;255;255m[48;2;255;255;255m▀[0m[38;2;241;241;241m[48;2;255;255;255m▀[0m[38;2;0;0;0m[48;2;127;128;125m▀[0m[38;2;124;123;123m[48;2;0;0;0m▀[0m[38;2;185;187;187m[48;2;126;125;125m▀[0m[38;2;185;185;185m[48;2;191;190;190m▀[0m[38;2;255;255;255m[48;2;68;67;67m▀[0m[38;2;57;59;59m[48;2;0;0;0m▀[0m[38;2;0;0;0m[48;2;0;0;0m▀[0m[38;2;0;0;0m[48;2;0;0;0m▀[0m[38;2;45;48;48m[48;2;5;5;5m▀[0m[38;2;0;0;0m[48;2;0;0;0m▀[0m[38;2;0;0;0m[48;2;0;0;0m▀[0m[38;2;0;0;0m[48;2;1;4;3m▀[0m[38;2;0;0;0m[48;2;11;11;11m▀[0m[38;2;0;0;0m[48;2;0;0;0m▀[0m[38;2;0;0;0m[48;2;75;75;75m▀[0m[38;2;225;227;227m[48;2;255;255;255m▀[0m[38;2;156;159;158m[48;2;149;151;151m▀[0m[38;2;21;21;21m[48;2;34;37;37m▀[0m[38;2;0;0;0m[48;2;0;0;0m▀[0m[38;2;129;129;129m[48;2;183;188;187m▀[0m[38;2;111;113;113m[48;2;191;193;193m▀[0m[38;2;51;54;54m[48;2;53;58;58m▀[0m[38;2;45;46;42m[48;2;20;23;20m▀[0m[38;2;0;0;0m[48;2;0;0;0m▀[0m[38;2;2;2;2m[48;2;0;0;0m▀[0m
[38;2;17;19;19m[48;2;34;36;36m▀[0m[38;2;17;16;16m[48;2;16;17;14m▀[0m[38;2;48;50;50m[48;2;44;49;49m▀[0m[38;2;141;143;141m[48;2;154;157;156m▀[0m[38;2;255;255;255m[48;2;255;255;255m▀[0m[38;2;239;242;242m[48;2;255;255;255m▀[0m[38;2;144;144;144m[48;2;165;168;165m▀[0m[38;2;255;255;255m[48;2;255;255;255m▀[0m[38;2;237;237;237m[48;2;255;255;255m▀[0m[38;2;255;255;255m[48;2;255;255;255m▀[0m[38;2;255;255;255m[48;2;255;255;255m▀[0m[38;2;255;255;255m[48;2;255;255;255m▀[0m[38;2;255;255;255m[48;2;255;255;255m▀[0m[38;2;41;40;40m[48;2;202;202;202m▀[0m[38;2;255;255;255m[48;2;255;255;255m▀[0m[38;2;17;17;17m[48;2;73;73;73m▀[0m[38;2;56;56;56m[48;2;0;0;0m▀[0m[38;2;0;0;0m[48;2;0;0;0m▀[0m[38;2;1;5;5m[48;2;0;1;1m▀[0m[38;2;7;7;8m[48;2;0;2;2m▀[0m[38;2;5;5;5m[48;2;1;5;5m▀[0m[38;2;0;0;1m[48;2;7;7;7m▀[0m[38;2;0;0;0m[48;2;0;0;0m▀[0m[38;2;0;0;0m[48;2;0;0;0m▀[0m[38;2;0;0;0m[48;2;0;0;0m▀[0m[38;2;165;165;163m[48;2;3;3;3m▀[0m[38;2;212;215;215m[48;2;100;103;103m▀[0m[38;2;213;213;214m[48;2;251;251;252m▀[0m[38;2;79;81;81m[48;2;70;72;72m▀[0m[38;2;0;0;0m[48;2;0;0;0m▀[0m[38;2;169;174;173m[48;2;159;164;163m▀[0m[38;2;189;191;191m[48;2;171;175;175m▀[0m[38;2;176;178;176m[48;2;200;202;202m▀[0m[38;2;81;82;79m[48;2;166;166;167m▀[0m[38;2;0;0;0m[48;2;0;0;0m▀[0m[38;2;2;5;5m[48;2;1;3;3m▀[0m
[38;2;38;40;42m[48;2;140;140;140m▀[0m[38;2;15;17;17m[48;2;13;15;15m▀[0m[38;2;51;54;54m[48;2;37;39;39m▀[0m[38;2;106;108;108m[48;2;146;146;144m▀[0m[38;2;201;201;201m[48;2;255;255;255m▀[0m[38;2;170;169;169m[48;2;214;216;216m▀[0m[38;2;123;123;123m[48;2;127;132;132m▀[0m[38;2;240;240;240m[48;2;192;196;196m▀[0m[38;2;233;236;236m[48;2;201;205;202m▀[0m[38;2;255;255;255m[48;2;246;247;244m▀[0m[38;2;255;255;255m[48;2;11;13;11m▀[0m[38;2;186;186;186m[48;2;0;0;0m▀[0m[38;2;76;75;75m[48;2;0;0;0m▀[0m[38;2;31;33;33m[48;2;0;0;0m▀[0m[38;2;0;0;0m[48;2;0;0;0m▀[0m[38;2;3;5;5m[48;2;0;0;0m▀[0m[38;2;4;12;11m[48;2;8;24;24m▀[0m[38;2;0;0;0m[48;2;32;0;0m▀[0m[38;2;0;0;0m[48;2;186;0;0m▀[0m[38;2;0;0;0m[48;2;3;0;0m▀[0m[38;2;0;3;7m[48;2;0;15;15m▀[0m[38;2;1;9;9m[48;2;11;14;14m▀[0m[38;2;0;0;0m[48;2;0;0;0m▀[0m[38;2;0;0;0m[48;2;0;0;0m▀[0m[38;2;0;0;0m[48;2;2;4;4m▀[0m[38;2;105;105;102m[48;2;255;255;255m▀[0m[38;2;255;255;255m[48;2;255;255;255m▀[0m[38;2;226;226;227m[48;2;212;212;214m▀[0m[38;2;71;74;73m[48;2;72;74;74m▀[0m[38;2;0;0;0m[48;2;0;0;0m▀[0m[38;2;154;158;158m[48;2;154;158;160m▀[0m[38;2;171;173;171m[48;2;174;176;174m▀[0m[38;2;184;186;186m[48;2;190;192;192m▀[0m[38;2;156;158;160m[48;2;158;160;162m▀[0m[38;2;9;11;11m[48;2;6;8;10m▀[0m[38;2;3;5;5m[48;2;2;5;4m▀[0m
[38;2;241;243;243m[48;2;226;229;229m▀[0m[38;2;0;0;0m[48;2;0;0;0m▀[0m[38;2;29;31;31m[48;2;34;36;36m▀[0m[38;2;164;166;166m[48;2;171;173;173m▀[0m[38;2;255;255;255m[48;2;255;255;255m▀[0m[38;2;255;255;255m[48;2;248;249;246m▀[0m[38;2;197;199;199m[48;2;58;61;61m▀[0m[38;2;121;123;124m[48;2;0;0;0m▀[0m[38;2;193;192;192m[48;2;21;23;23m▀[0m[38;2;201;202;199m[48;2;131;134;134m▀[0m[38;2;0;0;0m[48;2;67;70;69m▀[0m[38;2;0;0;0m[48;2;5;5;7m▀[0m[38;2;1;1;1m[48;2;36;39;39m▀[0m[38;2;5;8;8m[48;2;0;0;0m▀[0m[38;2;0;0;0m[48;2;0;0;0m▀[0m[38;2;0;0;0m[48;2;0;0;0m▀[0m[38;2;28;33;35m[48;2;29;35;34m▀[0m[38;2;2;13;13m[48;2;11;18;19m▀[0m[38;2;73;0;0m[48;2;0;0;0m▀[0m[38;2;13;0;0m[48;2;0;21;21m▀[0m[38;2;49;26;28m[48;2;62;69;69m▀[0m[38;2;211;0;0m[48;2;8;7;7m▀[0m[38;2;26;7;7m[48;2;85;99;101m▀[0m[38;2;86;95;95m[48;2;163;167;166m▀[0m[38;2;69;71;71m[48;2;255;255;255m▀[0m[38;2;255;255;255m[48;2;255;255;255m▀[0m[38;2;252;252;250m[48;2;246;245;245m▀[0m[38;2;205;208;208m[48;2;206;209;209m▀[0m[38;2;71;74;73m[48;2;78;79;76m▀[0m[38;2;0;0;0m[48;2;0;0;0m▀[0m[38;2;155;157;157m[48;2;153;155;156m▀[0m[38;2;178;180;180m[48;2;183;185;185m▀[0m[38;2;186;187;184m[48;2;185;186;183m▀[0m[38;2;161;163;163m[48;2;159;161;161m▀[0m[38;2;11;13;13m[48;2;20;21;18m▀[0m[38;2;0;2;2m[48;2;1;0;2m▀[0m
[38;2;227;229;230m[48;2;231;234;234m▀[0m[38;2;0;0;0m[48;2;0;0;0m▀[0m[38;2;36;40;40m[48;2;48;50;50m▀[0m[38;2;189;191;193m[48;2;209;211;213m▀[0m[38;2;255;255;255m[48;2;255;255;255m▀[0m[38;2;14;13;13m[48;2;0;0;0m▀[0m[38;2;36;39;41m[48;2;32;35;35m▀[0m[38;2;112;114;114m[48;2;115;117;117m▀[0m[38;2;28;31;30m[48;2;0;0;0m▀[0m[38;2;0;0;0m[48;2;0;0;0m▀[0m[38;2;0;0;0m[48;2;0;0;0m▀[0m[38;2;0;0;0m[48;2;0;0;0m▀[0m[38;2;3;3;1m[48;2;1;1;0m▀[0m[38;2;9;9;9m[48;2;0;0;0m▀[0m[38;2;0;1;1m[48;2;2;2;0m▀[0m[38;2;0;0;0m[48;2;18;18;18m▀[0m[38;2;11;14;15m[48;2;28;28;26m▀[0m[38;2;33;36;38m[48;2;37;37;39m▀[0m[38;2;126;128;126m[48;2;49;49;51m▀[0m[38;2;51;56;55m[48;2;60;62;63m▀[0m[38;2;19;26;28m[48;2;0;0;0m▀[0m[38;2;0;7;7m[48;2;0;0;0m▀[0m[38;2;0;0;0m[48;2;0;0;0m▀[0m[38;2;0;0;0m[48;2;0;0;0m▀[0m[38;2;0;0;0m[48;2;0;0;0m▀[0m[38;2;248;251;248m[48;2;76;79;79m▀[0m[38;2;255;255;255m[48;2;255;255;255m▀[0m[38;2;210;210;212m[48;2;212;215;216m▀[0m[38;2;81;81;82m[48;2;87;86;86m▀[0m[38;2;0;0;0m[48;2;0;0;0m▀[0m[38;2;147;149;151m[48;2;144;146;146m▀[0m[38;2;184;186;186m[48;2;182;186;186m▀[0m[38;2;186;188;188m[48;2;196;196;196m▀[0m[38;2;159;161;161m[48;2;153;154;151m▀[0m[38;2;26;23;25m[48;2;33;33;34m▀[0m[38;2;0;0;0m[48;2;0;0;0m▀[0m
[38;2;231;233;231m[48;2;183;185;183m▀[0m[38;2;0;0;0m[48;2;9;7;10m▀[0m[38;2;87;89;89m[48;2;111;113;113m▀[0m[38;2;216;218;218m[48;2;0;0;0m▀[0m[38;2;185;184;184m[48;2;0;0;0m▀[0m[38;2;0;0;0m[48;2;0;0;0m▀[0m[38;2;0;0;0m[48;2;0;0;0m▀[0m[38;2;24;26;26m[48;2;0;0;0m▀[0m[38;2;12;16;16m[48;2;0;0;0m▀[0m[38;2;0;0;0m[48;2;0;0;0m▀[0m[38;2;0;0;0m[48;2;15;15;16m▀[0m[38;2;4;7;7m[48;2;7;9;9m▀[0m[38;2;65;65;67m[48;2;73;75;75m▀[0m[38;2;0;0;0m[48;2;12;16;16m▀[0m[38;2;0;0;0m[48;2;0;0;0m▀[0m[38;2;0;0;0m[48;2;0;0;0m▀[0m[38;2;12;12;12m[48;2;0;0;2m▀[0m[38;2;32;32;30m[48;2;24;24;22m▀[0m[38;2;0;0;0m[48;2;0;0;0m▀[0m[38;2;0;0;0m[48;2;0;0;0m▀[0m[38;2;0;0;0m[48;2;0;0;0m▀[0m[38;2;11;13;13m[48;2;13;13;13m▀[0m[38;2;0;0;0m[48;2;49;51;51m▀[0m[38;2;0;0;0m[48;2;0;0;0m▀[0m[38;2;0;0;0m[48;2;0;0;0m▀[0m[38;2;4;4;4m[48;2;0;0;0m▀[0m[38;2;236;238;240m[48;2;222;226;226m▀[0m[38;2;229;232;231m[48;2;204;207;206m▀[0m[38;2;91;93;93m[48;2;113;115;118m▀[0m[38;2;0;0;0m[48;2;0;0;0m▀[0m[38;2;145;147;147m[48;2;141;143;145m▀[0m[38;2;183;185;185m[48;2;213;218;218m▀[0m[38;2;180;179;179m[48;2;190;193;193m▀[0m[38;2;195;192;192m[48;2;255;255;255m▀[0m[38;2;44;46;46m[48;2;41;43;43m▀[0m[38;2;20;20;20m[48;2;0;0;0m▀[0m
[38;2;168;170;172m[48;2;255;255;255m▀[0m[38;2;59;61;61m[48;2;255;255;255m▀[0m[38;2;37;40;40m[48;2;5;8;8m▀[0m[38;2;0;0;0m[48;2;0;0;0m▀[0m[38;2;6;5;5m[48;2;0;0;0m▀[0m[38;2;46;46;43m[48;2;51;54;51m▀[0m[38;2;0;0;0m[48;2;94;94;94m▀[0m[38;2;0;0;0m[48;2;17;17;19m▀[0m[38;2;22;25;25m[48;2;0;0;0m▀[0m[38;2;35;35;35m[48;2;18;18;18m▀[0m[38;2;1;4;3m[48;2;13;13;13m▀[0m[38;2;0;0;0m[48;2;0;0;0m▀[0m[38;2;11;11;11m[48;2;10;14;14m▀[0m[38;2;130;133;133m[48;2;62;62;62m▀[0m[38;2;47;47;47m[48;2;49;52;51m▀[0m[38;2;0;0;0m[48;2;0;0;0m▀[0m[38;2;4;4;4m[48;2;21;21;23m▀[0m[38;2;1;4;4m[48;2;0;0;0m▀[0m[38;2;0;0;0m[48;2;0;0;0m▀[0m[38;2;0;0;0m[48;2;0;0;0m▀[0m[38;2;0;0;0m[48;2;0;0;0m▀[0m[38;2;0;0;0m[48;2;107;114;114m▀[0m[38;2;18;21;21m[48;2;0;0;0m▀[0m[38;2;0;0;0m[48;2;0;0;0m▀[0m[38;2;0;0;0m[48;2;0;0;0m▀[0m[38;2;0;0;0m[48;2;34;34;32m▀[0m[38;2;235;240;241m[48;2;27;29;31m▀[0m[38;2;255;255;255m[48;2;229;232;228m▀[0m[38;2;65;67;69m[48;2;67;69;71m▀[0m[38;2;0;0;0m[48;2;49;51;49m▀[0m[38;2;91;95;95m[48;2;231;233;233m▀[0m[38;2;217;219;219m[48;2;154;156;156m▀[0m[38;2;192;194;195m[48;2;111;113;111m▀[0m[38;2;200;200;197m[48;2;210;211;208m▀[0m[38;2;48;50;50m[48;2;80;79;79m▀[0m[38;2;0;0;0m[48;2;0;0;0m▀[0m
[38;2;255;255;255m[48;2;250;253;253m▀[0m[38;2;42;44;44m[48;2;27;29;29m▀[0m[38;2;0;0;0m[48;2;0;0;0m▀[0m[38;2;30;29;29m[48;2;9;9;9m▀[0m[38;2;61;60;60m[48;2;0;0;0m▀[0m[38;2;0;0;0m[48;2;0;0;0m▀[0m[38;2;4;4;4m[48;2;177;179;179m▀[0m[38;2;89;89;91m[48;2;255;255;255m▀[0m[38;2;0;0;0m[48;2;0;0;0m▀[0m[38;2;0;0;0m[48;2;0;0;0m▀[0m[38;2;0;0;0m[48;2;22;22;22m▀[0m[38;2;12;12;15m[48;2;0;0;0m▀[0m[38;2;5;5;5m[48;2;0;0;0m▀[0m[38;2;0;0;0m[48;2;0;0;0m▀[0m[38;2;12;14;14m[48;2;0;0;0m▀[0m[38;2;5;8;8m[48;2;10;10;12m▀[0m[38;2;7;10;10m[48;2;0;0;0m▀[0m[38;2;7;7;7m[48;2;0;0;0m▀[0m[38;2;0;0;0m[48;2;65;95;93m▀[0m[38;2;45;5;0m[48;2;255;229;226m▀[0m[38;2;255;114;103m[48;2;255;154;149m▀[0m[38;2;255;255;255m[48;2;255;255;255m▀[0m[38;2;18;22;23m[48;2;111;122;124m▀[0m[38;2;9;12;12m[48;2;0;0;0m▀[0m[38;2;92;91;91m[48;2;0;0;0m▀[0m[38;2;57;60;59m[48;2;0;0;0m▀[0m[38;2;0;0;0m[48;2;0;0;0m▀[0m[38;2;107;106;106m[48;2;0;0;0m▀[0m[38;2;147;150;149m[48;2;245;247;247m▀[0m[38;2;90;92;93m[48;2;28;32;31m▀[0m[38;2;81;85;85m[48;2;223;227;227m▀[0m[38;2;78;80;80m[48;2;204;205;202m▀[0m[38;2;227;228;224m[48;2;255;255;255m▀[0m[38;2;255;255;255m[48;2;255;255;255m▀[0m[38;2;78;81;78m[48;2;63;63;65m▀[0m[38;2;0;0;0m[48;2;0;0;0m▀[0m
[38;2;59;62;62m[48;2;238;241;241m▀[0m[38;2;41;43;43m[48;2;68;65;68m▀[0m[38;2;0;0;0m[48;2;0;0;0m▀[0m[38;2;0;0;0m[48;2;0;0;0m▀[0m[38;2;0;0;0m[48;2;255;255;255m▀[0m[38;2;177;180;180m[48;2;255;255;255m▀[0m[38;2;240;242;242m[48;2;220;218;221m▀[0m[38;2;255;255;255m[48;2;255;255;255m▀[0m[38;2;39;39;39m[48;2;0;0;0m▀[0m[38;2;0;0;0m[48;2;0;0;0m▀[0m[38;2;15;15;16m[48;2;0;0;0m▀[0m[38;2;2;2;2m[48;2;0;0;0m▀[0m[38;2;11;8;8m[48;2;0;0;0m▀[0m[38;2;14;14;14m[48;2;0;0;0m▀[0m[38;2;10;10;10m[48;2;0;0;0m▀[0m[38;2;1;0;0m[48;2;0;0;0m▀[0m[38;2;0;0;0m[48;2;0;0;0m▀[0m[38;2;73;78;78m[48;2;166;168;168m▀[0m[38;2;255;255;255m[48;2;255;255;255m▀[0m[38;2;255;255;255m[48;2;255;255;255m▀[0m[38;2;255;140;134m[48;2;255;194;190m▀[0m[38;2;255;255;255m[48;2;255;255;255m▀[0m[38;2;134;139;140m[48;2;99;102;103m▀[0m[38;2;4;7;7m[48;2;137;141;141m▀[0m[38;2;0;0;0m[48;2;126;128;128m▀[0m[38;2;0;0;0m[48;2;0;0;0m▀[0m[38;2;0;0;0m[48;2;0;0;0m▀[0m[38;2;0;0;0m[48;2;0;3;5m▀[0m[38;2;156;159;159m[48;2;0;0;0m▀[0m[38;2;167;169;169m[48;2;0;0;0m▀[0m[38;2;255;255;255m[48;2;0;0;0m▀[0m[38;2;223;228;227m[48;2;217;220;217m▀[0m[38;2;255;255;255m[48;2;255;255;255m▀[0m[38;2;255;255;255m[48;2;255;255;255m▀[0m[38;2;60;58;61m[48;2;23;26;28m▀[0m[38;2;0;0;0m[48;2;0;0;0m▀[0m
[38;2;73;76;76m[48;2;0;0;0m▀[0m[38;2;255;255;255m[48;2;255;255;255m▀[0m[38;2;0;0;0m[48;2;157;156;156m▀[0m[38;2;105;108;108m[48;2;134;138;140m▀[0m[38;2;255;255;255m[48;2;255;255;255m▀[0m[38;2;255;255;255m[48;2;255;255;255m▀[0m[38;2;225;224;224m[48;2;215;216;213m▀[0m[38;2;255;255;255m[48;2;255;255;255m▀[0m[38;2;0;0;0m[48;2;30;30;30m▀[0m[38;2;0;0;0m[48;2;0;0;0m▀[0m[38;2;0;0;0m[48;2;0;0;0m▀[0m[38;2;0;0;0m[48;2;0;0;0m▀[0m[38;2;5;9;5m[48;2;0;0;0m▀[0m[38;2;24;26;24m[48;2;0;0;0m▀[0m[38;2;33;36;36m[48;2;0;0;0m▀[0m[38;2;11;10;10m[48;2;0;0;0m▀[0m[38;2;82;82;82m[48;2;20;22;22m▀[0m[38;2;0;0;0m[48;2;0;0;0m▀[0m[38;2;116;142;144m[48;2;111;116;118m▀[0m[38;2;255;255;255m[48;2;255;255;255m▀[0m[38;2;255;164;163m[48;2;255;255;255m▀[0m[38;2;255;255;255m[48;2;255;255;255m▀[0m[38;2;96;99;100m[48;2;106;107;104m▀[0m[38;2;92;96;96m[48;2;85;93;93m▀[0m[38;2;255;255;255m[48;2;255;255;255m▀[0m[38;2;93;95;95m[48;2;255;255;255m▀[0m[38;2;0;0;0m[48;2;24;23;23m▀[0m[38;2;0;0;0m[48;2;0;0;0m▀[0m[38;2;0;0;0m[48;2;0;0;0m▀[0m[38;2;0;0;0m[48;2;0;0;0m▀[0m[38;2;0;0;0m[48;2;0;0;0m▀[0m[38;2;107;111;107m[48;2;0;0;0m▀[0m[38;2;255;255;255m[48;2;159;162;158m▀[0m[38;2;255;255;255m[48;2;255;255;255m▀[0m[38;2;75;78;77m[48;2;231;233;233m▀[0m[38;2;189;192;192m[48;2;11;15;12m▀[0m
[38;2;0;0;0m[48;2;12;12;12m▀[0m[38;2;1;3;1m[48;2;0;0;0m▀[0m[38;2;255;255;255m[48;2;0;0;0m▀[0m[38;2;167;167;167m[48;2;187;186;186m▀[0m[38;2;94;94;94m[48;2;40;43;43m▀[0m[38;2;105;104;104m[48;2;85;84;84m▀[0m[38;2;87;90;89m[48;2;207;210;209m▀[0m[38;2;223;225;227m[48;2;158;158;159m▀[0m[38;2;97;97;99m[48;2;35;35;35m▀[0m[38;2;0;0;0m[48;2;0;0;0m▀[0m[38;2;0;0;0m[48;2;0;0;0m▀[0m[38;2;0;0;0m[48;2;10;13;14m▀[0m[38;2;0;1;1m[48;2;0;0;0m▀[0m[38;2;0;0;0m[48;2;1;1;1m▀[0m[38;2;0;0;0m[48;2;0;0;0m▀[0m[38;2;0;0;0m[48;2;0;0;0m▀[0m[38;2;0;0;0m[48;2;2;5;6m▀[0m[38;2;29;33;35m[48;2;147;141;144m▀[0m[38;2;55;58;60m[48;2;41;33;33m▀[0m[38;2;83;86;87m[48;2;11;16;18m▀[0m[38;2;197;217;218m[48;2;0;0;1m▀[0m[38;2;255;195;188m[48;2;4;15;17m▀[0m[38;2;168;151;151m[48;2;105;112;112m▀[0m[38;2;94;103;103m[48;2;177;180;180m▀[0m[38;2;161;168;168m[48;2;173;176;176m▀[0m[38;2;255;255;255m[48;2;141;142;139m▀[0m[38;2;255;255;255m[48;2;255;255;255m▀[0m[38;2;68;71;68m[48;2;255;255;255m▀[0m[38;2;0;0;0m[48;2;103;102;103m▀[0m[38;2;0;0;0m[48;2;0;0;0m▀[0m[38;2;0;0;0m[48;2;0;0;0m▀[0m[38;2;0;0;0m[48;2;0;0;0m▀[0m[38;2;0;0;0m[48;2;0;0;0m▀[0m[38;2;92;92;92m[48;2;136;136;136m▀[0m[38;2;142;144;144m[48;2;90;92;92m▀[0m[38;2;0;0;0m[48;2;0;0;0m▀[0m
