[38;2;158;158;155m[48;2;157;158;155m▀[0m[38;2;158;158;155m[48;2;158;158;155m▀[0m[38;2;157;158;155m[48;2;158;158;154m▀[0m[38;2;158;158;155m[48;2;158;158;155m▀[0m[38;2;158;158;155m[48;2;158;159;155m▀[0m[38;2;158;158;154m[48;2;159;159;155m▀[0m[38;2;158;158;155m[48;2;158;158;155m▀[0m[38;2;158;158;154m[48;2;158;158;155m▀[0m[38;2;157;158;155m[48;2;158;158;155m▀[0m[38;2;158;158;155m[48;2;158;158;155m▀[0m[38;2;158;158;155m[48;2;159;159;155m▀[0m[38;2;157;158;155m[48;2;158;158;155m▀[0m[38;2;158;158;155m[48;2;158;158;155m▀[0m[38;2;158;158;154m[48;2;158;158;155m▀[0m[38;2;158;158;155m[48;2;158;158;155m▀[0m[38;2;158;158;155m[48;2;158;159;155m▀[0m[38;2;158;158;155m[48;2;158;158;155m▀[0m[38;2;158;158;154m[48;2;158;158;154m▀[0m[38;2;158;158;155m[48;2;158;158;154m▀[0m[38;2;158;158;154m[48;2;158;158;154m▀[0m[38;2;158;158;155m[48;2;158;158;155m▀[0m[38;2;158;158;155m[48;2;158;158;155m▀[0m[38;2;158;158;155m[48;2;158;158;155m▀[0m[38;2;158;158;155m[48;2;159;159;155m▀[0m[38;2;158;158;154m[48;2;158;158;155m▀[0m[38;2;158;159;155m[48;2;158;158;155m▀[0m[38;2;158;159;155m[48;2;158;158;155m▀[0m[38;2;158;158;155m[48;2;159;159;155m▀[0m[38;2;157;158;154m[48;2;158;158;155m▀[0m[38;2;158;158;155m[48;2;158;158;154m▀[0m[38;2;158;158;154m[48;2;158;158;154m▀[0m[38;2;158;158;154m[48;2;158;158;154m▀[0m[38;2;158;158;155m[48;2;157;158;154m▀[0m[38;2;158;158;155m[48;2;157;158;154m▀[0m[38;2;158;158;154m[48;2;158;158;155m▀[0m[38;2;158;158;154m[48;2;158;158;155m▀[0m
[38;2;158;158;154m[48;2;158;158;155m▀[0m[38;2;157;158;154m[48;2;158;158;155m▀[0m[38;2;158;158;154m[48;2;158;158;155m▀[0m[38;2;158;158;155m[48;2;158;159;156m▀[0m[38;2;158;158;155m[48;2;158;158;155m▀[0m[38;2;158;158;154m[48;2;158;158;154m▀[0m[38;2;158;158;154m[48;2;158;158;154m▀[0m[38;2;158;158;155m[48;2;158;158;155m▀[0m[38;2;158;158;154m[48;2;158;158;155m▀[0m[38;2;158;158;154m[48;2;158;158;154m▀[0m[38;2;158;158;154m[48;2;158;158;155m▀[0m[38;2;158;158;155m[48;2;158;158;155m▀[0m[38;2;158;158;154m[48;2;157;158;155m▀[0m[38;2;158;158;155m[48;2;158;158;155m▀[0m[38;2;158;158;155m[48;2;159;159;155m▀[0m[38;2;158;158;155m[48;2;158;158;151m▀[0m[38;2;158;158;155m[48;2;155;155;152m▀[0m[38;2;159;159;155m[48;2;153;153;151m▀[0m[38;2;158;158;155m[48;2;157;154;154m▀[0m[38;2;158;158;155m[48;2;158;158;155m▀[0m[38;2;158;158;155m[48;2;159;159;155m▀[0m[38;2;158;158;154m[48;2;158;158;155m▀[0m[38;2;159;158;155m[48;2;158;159;155m▀[0m[38;2;158;159;155m[48;2;158;158;155m▀[0m[38;2;158;158;155m[48;2;158;158;154m▀[0m[38;2;158;158;155m[48;2;158;158;155m▀[0m[38;2;158;158;155m[48;2;158;158;155m▀[0m[38;2;158;158;155m[48;2;158;158;155m▀[0m[38;2;158;158;155m[48;2;158;158;155m▀[0m[38;2;158;158;155m[48;2;158;158;155m▀[0m[38;2;158;158;155m[48;2;158;158;154m▀[0m[38;2;158;158;155m[48;2;158;158;155m▀[0m[38;2;158;158;154m[48;2;158;158;154m▀[0m[38;2;158;158;154m[48;2;158;158;155m▀[0m[38;2;157;158;155m[48;2;158;158;155m▀[0m[38;2;158;158;155m[48;2;158;158;155m▀[0m
[38;2;158;158;154m[48;2;158;158;154m▀[0m[38;2;158;158;154m[48;2;158;158;154m▀[0m[38;2;158;158;155m[48;2;158;158;155m▀[0m[38;2;158;158;154m[48;2;158;158;154m▀[0m[38;2;158;158;155m[48;2;158;158;155m▀[0m[38;2;158;158;154m[48;2;158;158;154m▀[0m[38;2;158;158;155m[48;2;158;158;154m▀[0m[38;2;158;158;155m[48;2;158;158;155m▀[0m[38;2;158;158;154m[48;2;158;158;154m▀[0m[38;2;158;158;155m[48;2;158;158;154m▀[0m[38;2;158;159;155m[48;2;158;158;154m▀[0m[38;2;158;158;155m[48;2;158;158;155m▀[0m[38;2;158;158;155m[48;2;152;152;148m▀[0m[38;2;156;156;152m[48;2;157;157;153m▀[0m[38;2;155;154;151m[48;2;158;157;157m▀[0m[38;2;163;159;157m[48;2;154;154;152m▀[0m[38;2;169;169;163m[48;2;123;126;123m▀[0m[38;2;178;181;178m[48;2;88;93;90m▀[0m[38;2;162;162;159m[48;2;171;174;171m▀[0m[38;2;160;160;156m[48;2;169;172;168m▀[0m[38;2;159;155;153m[48;2;168;171;168m▀[0m[38;2;159;159;155m[48;2;157;157;154m▀[0m[38;2;158;158;155m[48;2;159;159;156m▀[0m[38;2;158;158;155m[48;2;158;159;155m▀[0m[38;2;158;158;155m[48;2;158;158;155m▀[0m[38;2;158;158;155m[48;2;158;158;155m▀[0m[38;2;158;158;155m[48;2;158;158;155m▀[0m[38;2;158;158;155m[48;2;158;158;155m▀[0m[38;2;158;158;155m[48;2;158;158;155m▀[0m[38;2;158;158;154m[48;2;158;158;155m▀[0m[38;2;157;158;154m[48;2;158;158;155m▀[0m[38;2;158;158;155m[48;2;158;158;154m▀[0m[38;2;158;158;154m[48;2;158;158;154m▀[0m[38;2;158;158;154m[48;2;158;158;154m▀[0m[38;2;158;158;155m[48;2;158;158;155m▀[0m[38;2;158;158;155m[48;2;158;158;154m▀[0m
[38;2;158;158;155m[48;2;157;158;155m▀[0m[38;2;158;158;155m[48;2;158;158;155m▀[0m[38;2;158;158;155m[48;2;158;158;155m▀[0m[38;2;158;158;155m[48;2;158;158;155m▀[0m[38;2;158;158;154m[48;2;157;158;154m▀[0m[38;2;158;158;155m[48;2;158;158;155m▀[0m[38;2;158;158;155m[48;2;158;158;154m▀[0m[38;2;158;158;155m[48;2;158;158;154m▀[0m[38;2;158;158;155m[48;2;164;164;161m▀[0m[38;2;159;159;156m[48;2;161;158;161m▀[0m[38;2;159;160;156m[48;2;156;157;154m▀[0m[38;2;155;155;152m[48;2;162;161;158m▀[0m[38;2;157;157;153m[48;2;161;160;157m▀[0m[38;2;146;146;144m[48;2;175;175;172m▀[0m[38;2;175;177;175m[48;2;255;255;255m▀[0m[38;2;247;246;247m[48;2;255;255;255m▀[0m[38;2;255;255;255m[48;2;205;209;209m▀[0m[38;2;159;159;160m[48;2;255;255;255m▀[0m[38;2;115;119;118m[48;2;141;141;141m▀[0m[38;2;191;193;191m[48;2;145;147;145m▀[0m[38;2;170;170;168m[48;2;255;255;255m▀[0m[38;2;173;173;171m[48;2;180;180;180m▀[0m[38;2;159;159;156m[48;2;175;175;171m▀[0m[38;2;158;158;155m[48;2;158;158;154m▀[0m[38;2;158;158;155m[48;2;158;158;154m▀[0m[38;2;157;158;155m[48;2;158;158;154m▀[0m[38;2;158;158;155m[48;2;157;158;155m▀[0m[38;2;158;158;154m[48;2;158;158;154m▀[0m[38;2;158;158;155m[48;2;158;158;154m▀[0m[38;2;158;158;155m[48;2;158;158;155m▀[0m[38;2;158;158;155m[48;2;158;158;155m▀[0m[38;2;158;159;155m[48;2;158;159;155m▀[0m[38;2;158;158;155m[48;2;158;158;154m▀[0m[38;2;157;158;155m[48;2;158;158;154m▀[0m[38;2;157;158;155m[48;2;158;158;155m▀[0m[38;2;158;158;154m[48;2;158;158;155m▀[0m
[38;2;158;158;154m[48;2;158;158;154m▀[0m[38;2;158;157;154m[48;2;158;158;155m▀[0m[38;2;157;158;154m[48;2;158;158;155m▀[0m[38;2;157;158;154m[48;2;158;158;154m▀[0m[38;2;158;159;155m[48;2;158;158;155m▀[0m[38;2;158;158;154m[48;2;158;158;154m▀[0m[38;2;158;158;154m[48;2;160;158;154m▀[0m[38;2;158;158;154m[48;2;166;166;162m▀[0m[38;2;168;167;167m[48;2;165;164;164m▀[0m[38;2;133;136;136m[48;2;139;143;142m▀[0m[38;2;164;165;161m[48;2;174;176;174m▀[0m[38;2;183;186;182m[48;2;189;191;189m▀[0m[38;2;135;134;135m[48;2;84;87;89m▀[0m[38;2;255;255;255m[48;2;213;217;217m▀[0m[38;2;255;255;255m[48;2;255;255;255m▀[0m[38;2;255;255;255m[48;2;255;255;255m▀[0m[38;2;247;247;247m[48;2;158;161;160m▀[0m[38;2;169;171;172m[48;2;0;0;0m▀[0m[38;2;90;92;90m[48;2;0;0;0m▀[0m[38;2;0;0;0m[48;2;0;0;0m▀[0m[38;2;255;255;255m[48;2;0;0;0m▀[0m[38;2;176;178;176m[48;2;11;13;11m▀[0m[38;2;183;182;182m[48;2;206;206;204m▀[0m[38;2;162;161;159m[48;2;170;170;167m▀[0m[38;2;158;158;155m[48;2;157;157;154m▀[0m[38;2;157;158;155m[48;2;158;158;155m▀[0m[38;2;157;158;155m[48;2;158;158;155m▀[0m[38;2;158;158;155m[48;2;158;158;155m▀[0m[38;2;158;158;154m[48;2;158;158;154m▀[0m[38;2;158;158;155m[48;2;158;158;155m▀[0m[38;2;158;158;155m[48;2;158;158;155m▀[0m[38;2;158;158;155m[48;2;158;158;154m▀[0m[38;2;158;158;154m[48;2;158;158;155m▀[0m[38;2;158;158;154m[48;2;157;158;154m▀[0m[38;2;158;159;155m[48;2;157;158;154m▀[0m[38;2;158;158;154m[48;2;157;158;154m▀[0m
[38;2;158;158;155m[48;2;158;158;155m▀[0m[38;2;158;158;155m[48;2;158;158;155m▀[0m[38;2;158;158;154m[48;2;158;158;155m▀[0m[38;2;158;158;154m[48;2;159;159;156m▀[0m[38;2;162;162;155m[48;2;162;161;159m▀[0m[38;2;167;167;164m[48;2;165;164;161m▀[0m[38;2;167;163;163m[48;2;206;205;201m▀[0m[38;2;204;200;199m[48;2;143;142;143m▀[0m[38;2;199;202;201m[48;2;85;93;93m▀[0m[38;2;112;115;115m[48;2;14;17;18m▀[0m[38;2;183;186;185m[48;2;37;41;41m▀[0m[38;2;126;129;130m[48;2;0;0;0m▀[0m[38;2;0;0;0m[48;2;0;0;0m▀[0m[38;2;27;31;28m[48;2;36;41;38m▀[0m[38;2;255;255;255m[48;2;236;245;244m▀[0m[38;2;253;255;255m[48;2;196;209;209m▀[0m[38;2;139;144;143m[48;2;0;47;49m▀[0m[38;2;0;0;0m[48;2;0;0;0m▀[0m[38;2;0;0;0m[48;2;44;77;76m▀[0m[38;2;0;0;0m[48;2;68;82;81m▀[0m[38;2;0;0;0m[48;2;0;0;0m▀[0m[38;2;34;34;35m[48;2;62;86;88m▀[0m[38;2;225;229;228m[48;2;224;232;231m▀[0m[38;2;180;183;180m[48;2;170;174;173m▀[0m[38;2;165;165;162m[48;2;162;162;159m▀[0m[38;2;159;159;155m[48;2;168;167;164m▀[0m[38;2;158;158;155m[48;2;158;159;155m▀[0m[38;2;158;158;154m[48;2;158;158;155m▀[0m[38;2;158;158;154m[48;2;158;158;155m▀[0m[38;2;158;158;155m[48;2;158;158;154m▀[0m[38;2;158;158;155m[48;2;158;158;155m▀[0m[38;2;158;158;154m[48;2;158;158;155m▀[0m[38;2;158;158;154m[48;2;158;158;155m▀[0m[38;2;158;158;155m[48;2;158;158;155m▀[0m[38;2;158;158;154m[48;2;158;158;154m▀[0m[38;2;158;158;154m[48;2;158;158;155m▀[0m
[38;2;158;158;155m[48;2;158;158;155m▀[0m[38;2;158;158;154m[48;2;159;158;155m▀[0m[38;2;158;158;155m[48;2;155;155;148m▀[0m[38;2;159;159;156m[48;2;165;165;162m▀[0m[38;2;162;161;158m[48;2;176;178;176m▀[0m[38;2;132;134;132m[48;2;135;140;137m▀[0m[38;2;135;139;138m[48;2;8;10;10m▀[0m[38;2;67;72;72m[48;2;0;0;0m▀[0m[38;2;74;83;83m[48;2;0;0;0m▀[0m[38;2;0;0;0m[48;2;0;0;0m▀[0m[38;2;0;0;0m[48;2;0;0;0m▀[0m[38;2;0;0;0m[48;2;0;0;0m▀[0m[38;2;103;105;106m[48;2;7;9;10m▀[0m[38;2;170;176;174m[48;2;189;193;190m▀[0m[38;2;209;214;213m[48;2;114;116;114m▀[0m[38;2;112;162;163m[48;2;204;255;255m▀[0m[38;2;35;0;0m[48;2;255;2;0m▀[0m[38;2;255;0;0m[48;2;255;0;0m▀[0m[38;2;104;99;103m[48;2;14;0;0m▀[0m[38;2;19;55;56m[48;2;0;72;76m▀[0m[38;2;0;37;35m[48;2;255;0;0m▀[0m[38;2;0;0;0m[48;2;255;0;0m▀[0m[38;2;119;138;137m[48;2;81;145;146m▀[0m[38;2;224;232;231m[48;2;35;42;43m▀[0m[38;2;100;104;104m[48;2;81;85;84m▀[0m[38;2;174;173;170m[48;2;214;215;212m▀[0m[38;2;163;163;157m[48;2;162;162;156m▀[0m[38;2;158;159;155m[48;2;158;158;158m▀[0m[38;2;158;159;155m[48;2;158;158;155m▀[0m[38;2;158;159;155m[48;2;157;158;154m▀[0m[38;2;158;158;155m[48;2;158;158;155m▀[0m[38;2;159;158;154m[48;2;158;158;155m▀[0m[38;2;158;158;154m[48;2;158;158;154m▀[0m[38;2;158;158;155m[48;2;158;158;154m▀[0m[38;2;158;158;155m[48;2;158;158;155m▀[0m[38;2;158;158;155m[48;2;158;158;155m▀[0m
[38;2;158;158;154m[48;2;157;157;154m▀[0m[38;2;156;156;152m[48;2;172;170;166m▀[0m[38;2;171;171;169m[48;2;157;159;157m▀[0m[38;2;156;156;153m[48;2;166;166;164m▀[0m[38;2;164;166;167m[48;2;255;255;255m▀[0m[38;2;253;253;253m[48;2;217;220;217m▀[0m[38;2;87;89;89m[48;2;121;122;119m▀[0m[38;2;90;89;87m[48;2;255;255;255m▀[0m[38;2;168;167;167m[48;2;255;255;255m▀[0m[38;2;40;41;38m[48;2;255;255;255m▀[0m[38;2;45;45;42m[48;2;51;54;54m▀[0m[38;2;0;0;0m[48;2;0;0;0m▀[0m[38;2;0;0;0m[48;2;0;0;0m▀[0m[38;2;8;12;9m[48;2;124;127;126m▀[0m[38;2;12;20;18m[48;2;255;255;255m▀[0m[38;2;0;0;0m[48;2;94;99;100m▀[0m[38;2;37;82;80m[48;2;0;0;0m▀[0m[38;2;61;86;90m[48;2;165;191;190m▀[0m[38;2;162;207;208m[48;2;164;180;178m▀[0m[38;2;11;54;57m[48;2;0;0;0m▀[0m[38;2;86;0;0m[48;2;0;0;0m▀[0m[38;2;0;0;0m[48;2;22;49;48m▀[0m[38;2;0;0;0m[48;2;136;144;144m▀[0m[38;2;0;0;0m[48;2;25;29;30m▀[0m[38;2;45;48;47m[48;2;0;0;0m▀[0m[38;2;215;217;217m[48;2;98;97;98m▀[0m[38;2;186;189;184m[48;2;185;188;187m▀[0m[38;2;172;172;169m[48;2;141;141;141m▀[0m[38;2;158;158;154m[48;2;165;165;165m▀[0m[38;2;158;158;154m[48;2;158;158;154m▀[0m[38;2;158;158;155m[48;2;159;159;155m▀[0m[38;2;158;158;155m[48;2;158;158;154m▀[0m[38;2;158;158;154m[48;2;158;158;154m▀[0m[38;2;158;158;155m[48;2;158;158;155m▀[0m[38;2;158;158;155m[48;2;158;158;155m▀[0m[38;2;158;158;155m[48;2;158;158;155m▀[0m
[38;2;164;162;158m[48;2;201;199;195m▀[0m[38;2;178;178;176m[48;2;100;99;97m▀[0m[38;2;50;49;47m[48;2;86;88;88m▀[0m[38;2;255;255;255m[48;2;255;255;255m▀[0m[38;2;255;255;255m[48;2;248;248;248m▀[0m[38;2;255;255;255m[48;2;229;231;232m▀[0m[38;2;255;255;255m[48;2;232;231;231m▀[0m[38;2;114;115;112m[48;2;181;180;178m▀[0m[38;2;141;143;143m[48;2;83;85;86m▀[0m[38;2;12;16;17m[48;2;0;0;0m▀[0m[38;2;0;0;0m[48;2;0;0;0m▀[0m[38;2;5;9;10m[48;2;211;213;214m▀[0m[38;2;0;0;0m[48;2;225;225;223m▀[0m[38;2;227;227;227m[48;2;148;151;148m▀[0m[38;2;255;255;255m[48;2;0;0;0m▀[0m[38;2;251;255;255m[48;2;196;200;201m▀[0m[38;2;0;0;0m[48;2;111;122;124m▀[0m[38;2;104;106;104m[48;2;33;38;37m▀[0m[38;2;109;112;113m[48;2;0;0;0m▀[0m[38;2;104;109;108m[48;2;77;82;81m▀[0m[38;2;43;42;40m[48;2;0;0;0m▀[0m[38;2;209;214;213m[48;2;17;20;19m▀[0m[38;2;255;255;255m[48;2;248;251;248m▀[0m[38;2;255;255;255m[48;2;255;255;255m▀[0m[38;2;129;129;129m[48;2;255;255;255m▀[0m[38;2;0;0;0m[48;2;15;19;18m▀[0m[38;2;101;100;101m[48;2;162;164;162m▀[0m[38;2;153;150;152m[48;2;211;211;209m▀[0m[38;2;164;164;160m[48;2;169;169;165m▀[0m[38;2;158;157;154m[48;2;158;158;154m▀[0m[38;2;158;158;155m[48;2;159;159;155m▀[0m[38;2;158;158;155m[48;2;158;158;155m▀[0m[38;2;158;158;155m[48;2;158;158;155m▀[0m[38;2;158;158;155m[48;2;158;158;154m▀[0m[38;2;158;158;154m[48;2;158;158;154m▀[0m[38;2;158;158;155m[48;2;158;158;155m▀[0m
[38;2;227;226;223m[48;2;243;242;239m▀[0m[38;2;17;16;17m[48;2;13;15;13m▀[0m[38;2;95;99;98m[48;2;0;0;0m▀[0m[38;2;255;255;255m[48;2;255;255;255m▀[0m[38;2;255;255;255m[48;2;255;255;255m▀[0m[38;2;223;223;224m[48;2;185;188;184m▀[0m[38;2;243;244;239m[48;2;255;255;255m▀[0m[38;2;255;255;255m[48;2;255;255;255m▀[0m[38;2;255;255;255m[48;2;221;223;221m▀[0m[38;2;14;13;14m[48;2;100;102;100m▀[0m[38;2;191;192;189m[48;2;124;123;123m▀[0m[38;2;253;255;253m[48;2;164;168;169m▀[0m[38;2;223;225;223m[48;2;106;109;110m▀[0m[38;2;131;133;131m[48;2;174;176;174m▀[0m[38;2;0;0;0m[48;2;0;0;0m▀[0m[38;2;0;0;0m[48;2;0;0;0m▀[0m[38;2;69;58;56m[48;2;129;8;2m▀[0m[38;2;61;74;76m[48;2;86;51;49m▀[0m[38;2;99;109;110m[48;2;0;12;14m▀[0m[38;2;50;55;54m[48;2;72;67;69m▀[0m[38;2;101;110;111m[48;2;77;82;81m▀[0m[38;2;153;156;157m[48;2;192;195;196m▀[0m[38;2;0;0;0m[48;2;21;22;19m▀[0m[38;2;156;158;158m[48;2;47;50;50m▀[0m[38;2;255;255;255m[48;2;149;152;152m▀[0m[38;2;32;35;32m[48;2;183;183;183m▀[0m[38;2;134;136;134m[48;2;210;209;210m▀[0m[38;2;118;120;118m[48;2;57;57;57m▀[0m[38;2;170;170;168m[48;2;133;136;136m▀[0m[38;2;171;171;168m[48;2;161;161;157m▀[0m[38;2;156;156;150m[48;2;162;162;159m▀[0m[38;2;158;159;155m[48;2;156;156;150m▀[0m[38;2;158;158;155m[48;2;158;158;154m▀[0m[38;2;158;158;154m[48;2;158;158;155m▀[0m[38;2;158;158;155m[48;2;158;158;155m▀[0m[38;2;158;158;154m[48;2;158;158;155m▀[0m
[38;2;250;247;247m[48;2;158;158;159m▀[0m[38;2;28;29;26m[48;2;135;134;132m▀[0m[38;2;0;0;0m[48;2;0;0;0m▀[0m[38;2;200;206;205m[48;2;0;0;0m▀[0m[38;2;255;255;255m[48;2;0;0;0m▀[0m[38;2;236;239;235m[48;2;87;92;91m▀[0m[38;2;255;255;255m[48;2;102;108;103m▀[0m[38;2;237;239;237m[48;2;250;252;252m▀[0m[38;2;242;241;242m[48;2;255;255;255m▀[0m[38;2;255;255;255m[48;2;245;247;245m▀[0m[38;2;0;0;0m[48;2;229;231;229m▀[0m[38;2;139;140;137m[48;2;255;255;255m▀[0m[38;2;255;255;255m[48;2;255;255;255m▀[0m[38;2;1;3;1m[48;2;166;169;168m▀[0m[38;2;0;0;0m[48;2;0;0;0m▀[0m[38;2;0;12;14m[48;2;0;0;0m▀[0m[38;2;0;0;0m[48;2;0;0;0m▀[0m[38;2;232;0;0m[48;2;25;0;0m▀[0m[38;2;47;0;0m[48;2;170;102;98m▀[0m[38;2;52;48;46m[48;2;250;255;255m▀[0m[38;2;218;231;230m[48;2;116;133;131m▀[0m[38;2;180;183;184m[48;2;255;255;255m▀[0m[38;2;162;164;165m[48;2;157;159;157m▀[0m[38;2;255;255;255m[48;2;255;255;255m▀[0m[38;2;194;194;194m[48;2;255;255;255m▀[0m[38;2;114;113;113m[48;2;157;156;156m▀[0m[38;2;255;255;255m[48;2;255;255;255m▀[0m[38;2;185;187;185m[48;2;255;255;255m▀[0m[38;2;210;210;211m[48;2;255;255;255m▀[0m[38;2;166;167;164m[48;2;209;211;209m▀[0m[38;2;168;168;164m[48;2;154;157;154m▀[0m[38;2;153;153;150m[48;2;161;161;157m▀[0m[38;2;158;158;155m[48;2;158;158;155m▀[0m[38;2;158;158;155m[48;2;157;158;155m▀[0m[38;2;158;158;155m[48;2;158;158;155m▀[0m[38;2;158;158;155m[48;2;158;158;155m▀[0m
[38;2;30;33;34m[48;2;0;0;0m▀[0m[38;2;255;255;255m[48;2;74;76;76m▀[0m[38;2;0;0;0m[48;2;255;255;255m▀[0m[38;2;0;0;0m[48;2;165;167;165m▀[0m[38;2;0;0;0m[48;2;199;199;200m▀[0m[38;2;0;0;0m[48;2;0;0;0m▀[0m[38;2;121;122;119m[48;2;4;6;6m▀[0m[38;2;252;254;254m[48;2;166;171;167m▀[0m[38;2;255;255;255m[48;2;248;252;251m▀[0m[38;2;225;227;225m[48;2;219;221;219m▀[0m[38;2;237;237;237m[48;2;232;232;232m▀[0m[38;2;255;255;255m[48;2;255;255;255m▀[0m[38;2;255;255;255m[48;2;255;255;255m▀[0m[38;2;182;184;182m[48;2;145;145;147m▀[0m[38;2;12;14;15m[48;2;163;167;166m▀[0m[38;2;0;0;0m[48;2;12;15;14m▀[0m[38;2;0;0;0m[48;2;226;234;235m▀[0m[38;2;182;126;122m[48;2;239;253;252m▀[0m[38;2;255;255;255m[48;2;214;195;191m▀[0m[38;2;255;255;255m[48;2;255;255;255m▀[0m[38;2;210;225;227m[48;2;216;226;225m▀[0m[38;2;255;255;255m[48;2;180;183;182m▀[0m[38;2;205;207;205m[48;2;231;230;230m▀[0m[38;2;255;255;255m[48;2;213;213;213m▀[0m[38;2;255;255;255m[48;2;255;255;255m▀[0m[38;2;0;0;0m[48;2;147;147;147m▀[0m[38;2;66;66;66m[48;2;149;149;149m▀[0m[38;2;255;255;255m[48;2;255;255;255m▀[0m[38;2;255;255;255m[48;2;255;255;255m▀[0m[38;2;149;151;151m[48;2;0;0;0m▀[0m[38;2;125;128;127m[48;2;120;120;118m▀[0m[38;2;172;172;168m[48;2;178;178;174m▀[0m[38;2;157;157;154m[48;2;157;157;154m▀[0m[38;2;158;158;154m[48;2;158;158;155m▀[0m[38;2;158;158;154m[48;2;157;158;154m▀[0m[38;2;158;158;154m[48;2;157;158;154m▀[0m
