wide,39,23,255,176,175
wide,40,17,255,206,201
wide,38,33,248,203,200
wide,34,41,255,205,194
wide,40,38,255,217,212
wide,31,10,255,208,193
wide,35,18,255,249,242
wide,38,43,255,255,255
wide,39,46,255,255,255
punch,41,31,255,206,203
punch,42,8,255,177,160
punch,32,43,255,184,177
punch,32,15,255,171,170
punch,41,39,222,176,174
punch,31,32,250,210,204
punch,47,33,245,172,162
punch,31,10,255,224,218
punch,36,40,223,200,195
strip,23,3,255,165,161
strip,22,7,255,220,220
strip,18,7,255,241,237
strip,23,10,230,205,203
strip,30,9,255,255,255
strip,30,5,255,255,255
