[38;2;0;0;0m[48;2;0;0;0m▀[0m[38;2;0;0;0m[48;2;0;0;0m▀[0m[38;2;0;0;0m[48;2;0;0;0m▀[0m[38;2;154;154;154m[48;2;164;164;164m▀[0m[38;2;255;255;255m[48;2;255;255;255m▀[0m[38;2;255;255;255m[48;2;255;255;255m▀[0m[38;2;255;255;255m[48;2;255;255;255m▀[0m[38;2;255;255;255m[48;2;255;255;255m▀[0m[38;2;0;0;0m[48;2;0;0;0m▀[0m[38;2;0;0;0m[48;2;0;0;0m▀[0m[38;2;0;0;0m[48;2;0;0;0m▀[0m[38;2;109;113;113m[48;2;124;130;126m▀[0m[38;2;135;139;139m[48;2;255;255;255m▀[0m[38;2;126;123;126m[48;2;254;254;254m▀[0m[38;2;14;14;14m[48;2;97;97;97m▀[0m[38;2;0;0;0m[48;2;54;58;58m▀[0m[38;2;0;0;0m[48;2;0;0;0m▀[0m[38;2;0;0;0m[48;2;0;0;0m▀[0m[38;2;1;1;1m[48;2;0;1;1m▀[0m[38;2;0;1;1m[48;2;0;0;0m▀[0m[38;2;0;1;1m[48;2;0;0;0m▀[0m[38;2;0;1;1m[48;2;0;0;0m▀[0m[38;2;0;0;0m[48;2;0;0;0m▀[0m[38;2;255;0;0m[48;2;255;0;0m▀[0m[38;2;0;1;1m[48;2;0;0;0m▀[0m[38;2;0;1;1m[48;2;0;0;1m▀[0m[38;2;0;2;1m[48;2;0;1;1m▀[0m[38;2;0;1;1m[48;2;0;1;1m▀[0m[38;2;0;0;0m[48;2;0;0;0m▀[0m[38;2;0;0;0m[48;2;36;36;34m▀[0m[38;2;0;0;0m[48;2;86;89;89m▀[0m[38;2;112;117;115m[48;2;126;131;131m▀[0m[38;2;179;190;190m[48;2;132;136;136m▀[0m[38;2;180;184;187m[48;2;151;153;153m▀[0m[38;2;0;0;0m[48;2;74;81;75m▀[0m[38;2;0;0;0m[48;2;0;0;0m▀[0m[38;2;0;0;0m[48;2;8;8;10m▀[0m[38;2;255;255;255m[48;2;255;255;255m▀[0m[38;2;255;255;255m[48;2;255;255;255m▀[0m[38;2;255;255;255m[48;2;255;255;255m▀[0m[38;2;255;255;255m[48;2;255;255;255m▀[0m[38;2;0;0;0m[48;2;24;24;28m▀[0m[38;2;0;0;0m[48;2;0;0;0m▀[0m[38;2;0;0;0m[48;2;0;0;0m▀[0m
[38;2;6;6;3m[48;2;8;7;7m▀[0m[38;2;0;0;0m[48;2;0;0;0m▀[0m[38;2;0;0;0m[48;2;0;0;0m▀[0m[38;2;192;189;192m[48;2;255;255;255m▀[0m[38;2;255;255;255m[48;2;255;255;255m▀[0m[38;2;255;255;255m[48;2;255;255;255m▀[0m[38;2;255;255;255m[48;2;255;255;255m▀[0m[38;2;255;255;255m[48;2;255;255;255m▀[0m[38;2;12;14;15m[48;2;163;163;163m▀[0m[38;2;0;0;0m[48;2;0;0;0m▀[0m[38;2;0;0;0m[48;2;0;0;0m▀[0m[38;2;0;0;0m[48;2;10;10;10m▀[0m[38;2;84;87;87m[48;2;75;75;75m▀[0m[38;2;185;184;184m[48;2;58;58;59m▀[0m[38;2;97;97;93m[48;2;68;68;68m▀[0m[38;2;0;0;0m[48;2;0;0;0m▀[0m[38;2;1;3;3m[48;2;0;0;0m▀[0m[38;2;0;0;0m[48;2;0;0;0m▀[0m[38;2;0;0;1m[48;2;0;0;0m▀[0m[38;2;10;0;0m[48;2;139;3;0m▀[0m[38;2;0;0;0m[48;2;107;0;0m▀[0m[38;2;37;0;0m[48;2;255;0;0m▀[0m[38;2;255;0;0m[48;2;255;0;0m▀[0m[38;2;255;0;0m[48;2;255;0;0m▀[0m[38;2;0;0;0m[48;2;255;0;0m▀[0m[38;2;0;0;0m[48;2;80;0;0m▀[0m[38;2;0;0;0m[48;2;1;0;0m▀[0m[38;2;0;0;0m[48;2;0;0;0m▀[0m[38;2;0;0;0m[48;2;0;0;0m▀[0m[38;2;20;23;23m[48;2;0;0;0m▀[0m[38;2;0;0;0m[48;2;40;40;40m▀[0m[38;2;81;84;86m[48;2;0;0;0m▀[0m[38;2;0;0;0m[48;2;51;51;48m▀[0m[38;2;195;198;198m[48;2;251;255;255m▀[0m[38;2;41;45;43m[48;2;141;148;147m▀[0m[38;2;0;0;0m[48;2;0;0;0m▀[0m[38;2;63;67;67m[48;2;140;139;139m▀[0m[38;2;255;255;255m[48;2;255;255;255m▀[0m[38;2;255;255;255m[48;2;255;255;255m▀[0m[38;2;255;255;255m[48;2;255;255;255m▀[0m[38;2;255;255;255m[48;2;255;255;255m▀[0m[38;2;118;114;114m[48;2;248;248;248m▀[0m[38;2;0;0;0m[48;2;0;0;0m▀[0m[38;2;140;142;140m[48;2;123;122;123m▀[0m
[38;2;35;34;34m[48;2;36;40;40m▀[0m[38;2;67;75;75m[48;2;0;0;0m▀[0m[38;2;0;0;0m[48;2;0;0;0m▀[0m[38;2;255;255;255m[48;2;255;255;255m▀[0m[38;2;255;255;255m[48;2;255;255;255m▀[0m[38;2;255;255;255m[48;2;255;255;255m▀[0m[38;2;255;255;255m[48;2;255;255;255m▀[0m[38;2;255;255;255m[48;2;255;255;255m▀[0m[38;2;255;255;255m[48;2;255;255;255m▀[0m[38;2;0;0;0m[48;2;0;0;0m▀[0m[38;2;167;167;163m[48;2;0;0;0m▀[0m[38;2;96;96;96m[48;2;175;175;175m▀[0m[38;2;7;7;7m[48;2;10;9;9m▀[0m[38;2;67;67;67m[48;2;0;0;0m▀[0m[38;2;6;6;6m[48;2;89;89;89m▀[0m[38;2;0;0;0m[48;2;8;8;8m▀[0m[38;2;0;0;0m[48;2;0;0;0m▀[0m[38;2;0;0;0m[48;2;0;0;0m▀[0m[38;2;0;0;0m[48;2;0;0;0m▀[0m[38;2;0;0;0m[48;2;0;0;0m▀[0m[38;2;184;0;0m[48;2;26;54;56m▀[0m[38;2;39;82;84m[48;2;255;255;255m▀[0m[38;2;248;206;213m[48;2;255;97;91m▀[0m[38;2;255;135;129m[48;2;255;254;242m▀[0m[38;2;169;9;0m[48;2;134;255;255m▀[0m[38;2;41;0;0m[48;2;142;0;0m▀[0m[38;2;0;0;0m[48;2;0;0;0m▀[0m[38;2;0;0;0m[48;2;0;0;0m▀[0m[38;2;0;0;0m[48;2;61;64;68m▀[0m[38;2;40;40;40m[48;2;134;137;140m▀[0m[38;2;53;53;56m[48;2;0;0;0m▀[0m[38;2;0;0;0m[48;2;6;6;3m▀[0m[38;2;213;219;218m[48;2;119;123;124m▀[0m[38;2;178;183;190m[48;2;3;6;8m▀[0m[38;2;0;0;0m[48;2;0;0;0m▀[0m[38;2;0;0;0m[48;2;0;0;0m▀[0m[38;2;255;255;255m[48;2;255;255;255m▀[0m[38;2;255;255;255m[48;2;255;255;255m▀[0m[38;2;255;255;255m[48;2;255;255;255m▀[0m[38;2;255;255;255m[48;2;255;255;255m▀[0m[38;2;255;255;255m[48;2;255;255;255m▀[0m[38;2;255;255;255m[48;2;255;255;255m▀[0m[38;2;0;0;0m[48;2;0;0;0m▀[0m[38;2;0;0;0m[48;2;0;0;0m▀[0m
[38;2;90;90;90m[48;2;255;255;255m▀[0m[38;2;14;15;12m[48;2;0;0;0m▀[0m[38;2;0;0;0m[48;2;2;4;4m▀[0m[38;2;255;255;255m[48;2;255;255;255m▀[0m[38;2;255;255;255m[48;2;255;255;255m▀[0m[38;2;255;255;255m[48;2;255;255;255m▀[0m[38;2;255;255;255m[48;2;255;255;255m▀[0m[38;2;255;255;255m[48;2;255;255;255m▀[0m[38;2;255;255;255m[48;2;255;255;255m▀[0m[38;2;35;35;35m[48;2;196;196;196m▀[0m[38;2;0;0;0m[48;2;0;0;0m▀[0m[38;2;0;0;0m[48;2;0;0;0m▀[0m[38;2;141;141;141m[48;2;54;54;54m▀[0m[38;2;0;0;0m[48;2;112;112;112m▀[0m[38;2;28;28;28m[48;2;162;165;164m▀[0m[38;2;58;58;61m[48;2;0;0;0m▀[0m[38;2;47;51;51m[48;2;40;45;46m▀[0m[38;2;0;0;0m[48;2;13;26;26m▀[0m[38;2;0;0;0m[48;2;0;0;0m▀[0m[38;2;0;0;0m[48;2;41;0;0m▀[0m[38;2;255;106;102m[48;2;255;0;0m▀[0m[38;2;255;255;255m[48;2;255;255;255m▀[0m[38;2;255;152;148m[48;2;255;255;255m▀[0m[38;2;255;212;206m[48;2;255;255;255m▀[0m[38;2;255;255;255m[48;2;255;255;255m▀[0m[38;2;21;0;0m[48;2;0;6;7m▀[0m[38;2;0;0;0m[48;2;0;0;0m▀[0m[38;2;0;0;0m[48;2;0;0;0m▀[0m[38;2;7;10;10m[48;2;0;0;0m▀[0m[38;2;47;50;50m[48;2;18;20;20m▀[0m[38;2;0;0;0m[48;2;136;140;140m▀[0m[38;2;6;6;3m[48;2;39;41;41m▀[0m[38;2;73;73;75m[48;2;28;28;28m▀[0m[38;2;0;0;0m[48;2;0;0;0m▀[0m[38;2;0;0;0m[48;2;0;0;0m▀[0m[38;2;36;41;36m[48;2;203;202;202m▀[0m[38;2;255;255;255m[48;2;255;255;255m▀[0m[38;2;255;255;255m[48;2;255;255;255m▀[0m[38;2;255;255;255m[48;2;255;255;255m▀[0m[38;2;255;255;255m[48;2;255;255;255m▀[0m[38;2;255;255;255m[48;2;255;255;255m▀[0m[38;2;255;255;255m[48;2;255;255;255m▀[0m[38;2;19;18;18m[48;2;136;140;140m▀[0m[38;2;21;26;26m[48;2;0;0;0m▀[0m
[38;2;117;120;120m[48;2;0;0;0m▀[0m[38;2;0;0;0m[48;2;35;40;40m▀[0m[38;2;187;190;190m[48;2;255;255;255m▀[0m[38;2;255;255;255m[48;2;255;255;255m▀[0m[38;2;255;255;255m[48;2;255;255;255m▀[0m[38;2;255;255;255m[48;2;255;255;255m▀[0m[38;2;255;255;255m[48;2;255;255;255m▀[0m[38;2;255;255;255m[48;2;255;255;255m▀[0m[38;2;255;255;255m[48;2;255;255;255m▀[0m[38;2;255;255;255m[48;2;255;255;255m▀[0m[38;2;0;0;0m[48;2;0;0;0m▀[0m[38;2;0;0;0m[48;2;0;0;0m▀[0m[38;2;0;0;0m[48;2;0;0;0m▀[0m[38;2;115;115;112m[48;2;103;103;103m▀[0m[38;2;255;255;255m[48;2;255;255;255m▀[0m[38;2;142;142;142m[48;2;211;215;207m▀[0m[38;2;0;0;0m[48;2;3;8;9m▀[0m[38;2;0;0;0m[48;2;0;0;0m▀[0m[38;2;0;0;0m[48;2;0;0;0m▀[0m[38;2;179;26;31m[48;2;255;239;230m▀[0m[38;2;255;255;255m[48;2;255;113;87m▀[0m[38;2;255;255;255m[48;2;215;123;115m▀[0m[38;2;255;255;255m[48;2;246;235;235m▀[0m[38;2;255;255;255m[48;2;212;100;86m▀[0m[38;2;255;255;255m[48;2;255;30;23m▀[0m[38;2;9;0;0m[48;2;21;0;0m▀[0m[38;2;0;0;0m[48;2;15;57;47m▀[0m[38;2;0;0;0m[48;2;219;187;178m▀[0m[38;2;0;0;0m[48;2;0;0;0m▀[0m[38;2;86;95;95m[48;2;0;0;0m▀[0m[38;2;168;170;170m[48;2;252;252;252m▀[0m[38;2;154;153;153m[48;2;187;187;187m▀[0m[38;2;36;41;41m[48;2;0;0;0m▀[0m[38;2;0;0;0m[48;2;0;0;0m▀[0m[38;2;0;0;0m[48;2;0;0;0m▀[0m[38;2;255;255;255m[48;2;255;255;255m▀[0m[38;2;255;255;255m[48;2;255;255;255m▀[0m[38;2;255;255;255m[48;2;255;255;255m▀[0m[38;2;255;255;255m[48;2;255;255;255m▀[0m[38;2;255;255;255m[48;2;255;255;255m▀[0m[38;2;255;255;255m[48;2;255;255;255m▀[0m[38;2;255;255;255m[48;2;255;255;255m▀[0m[38;2;254;255;255m[48;2;251;255;255m▀[0m[38;2;53;56;56m[48;2;162;161;156m▀[0m
[38;2;0;0;0m[48;2;2;0;3m▀[0m[38;2;195;197;201m[48;2;208;214;214m▀[0m[38;2;255;255;255m[48;2;255;255;255m▀[0m[38;2;255;255;255m[48;2;255;255;255m▀[0m[38;2;255;255;255m[48;2;255;255;255m▀[0m[38;2;255;255;255m[48;2;255;255;255m▀[0m[38;2;255;255;255m[48;2;255;255;255m▀[0m[38;2;255;255;255m[48;2;255;255;255m▀[0m[38;2;255;255;255m[48;2;255;255;255m▀[0m[38;2;255;255;255m[48;2;255;255;255m▀[0m[38;2;158;167;167m[48;2;175;181;176m▀[0m[38;2;0;0;0m[48;2;0;0;0m▀[0m[38;2;0;0;0m[48;2;0;0;0m▀[0m[38;2;74;82;82m[48;2;0;0;0m▀[0m[38;2;236;246;244m[48;2;0;0;0m▀[0m[38;2;36;41;36m[48;2;0;0;0m▀[0m[38;2;0;0;0m[48;2;0;0;0m▀[0m[38;2;0;0;0m[48;2;0;0;0m▀[0m[38;2;0;0;0m[48;2;0;0;0m▀[0m[38;2;84;45;39m[48;2;102;10;7m▀[0m[38;2;255;74;61m[48;2;255;0;0m▀[0m[38;2;255;7;0m[48;2;255;0;0m▀[0m[38;2;255;0;0m[48;2;255;0;0m▀[0m[38;2;255;0;0m[48;2;255;10;0m▀[0m[38;2;255;0;0m[48;2;255;244;237m▀[0m[38;2;0;0;0m[48;2;126;189;193m▀[0m[38;2;143;168;147m[48;2;176;240;239m▀[0m[38;2;67;68;58m[48;2;0;0;0m▀[0m[38;2;0;0;0m[48;2;32;41;41m▀[0m[38;2;67;67;67m[48;2;0;0;0m▀[0m[38;2;255;255;255m[48;2;169;174;174m▀[0m[38;2;8;7;7m[48;2;0;0;0m▀[0m[38;2;0;0;0m[48;2;0;0;0m▀[0m[38;2;0;0;0m[48;2;0;0;0m▀[0m[38;2;4;7;7m[48;2;45;47;47m▀[0m[38;2;255;255;255m[48;2;0;0;0m▀[0m[38;2;255;255;255m[48;2;255;255;255m▀[0m[38;2;255;255;255m[48;2;255;255;255m▀[0m[38;2;255;255;255m[48;2;255;255;255m▀[0m[38;2;255;255;255m[48;2;255;255;255m▀[0m[38;2;255;255;255m[48;2;255;255;255m▀[0m[38;2;255;255;255m[48;2;255;255;255m▀[0m[38;2;255;255;255m[48;2;255;255;255m▀[0m[38;2;120;123;123m[48;2;114;117;114m▀[0m
[38;2;0;0;0m[48;2;0;0;0m▀[0m[38;2;211;217;217m[48;2;222;228;224m▀[0m[38;2;255;255;255m[48;2;255;255;255m▀[0m[38;2;255;255;255m[48;2;255;255;255m▀[0m[38;2;255;255;255m[48;2;255;255;255m▀[0m[38;2;255;255;255m[48;2;255;255;255m▀[0m[38;2;255;255;255m[48;2;255;255;255m▀[0m[38;2;255;255;255m[48;2;255;255;255m▀[0m[38;2;255;255;255m[48;2;255;255;255m▀[0m[38;2;255;255;255m[48;2;0;0;0m▀[0m[38;2;0;0;0m[48;2;0;0;0m▀[0m[38;2;6;4;4m[48;2;50;50;51m▀[0m[38;2;0;0;0m[48;2;0;0;0m▀[0m[38;2;0;0;0m[48;2;140;139;139m▀[0m[38;2;151;156;158m[48;2;41;43;43m▀[0m[38;2;67;76;81m[48;2;0;0;0m▀[0m[38;2;0;0;0m[48;2;255;255;255m▀[0m[38;2;0;0;0m[48;2;226;255;255m▀[0m[38;2;178;255;255m[48;2;255;255;255m▀[0m[38;2;255;53;45m[48;2;255;0;0m▀[0m[38;2;255;0;0m[48;2;255;0;0m▀[0m[38;2;255;0;0m[48;2;255;0;0m▀[0m[38;2;255;0;0m[48;2;255;0;0m▀[0m[38;2;255;0;0m[48;2;255;0;0m▀[0m[38;2;255;0;0m[48;2;255;0;0m▀[0m[38;2;255;255;255m[48;2;255;255;255m▀[0m[38;2;255;255;255m[48;2;255;255;255m▀[0m[38;2;129;140;141m[48;2;255;255;255m▀[0m[38;2;0;0;0m[48;2;130;135;130m▀[0m[38;2;0;0;0m[48;2;255;255;255m▀[0m[38;2;0;0;0m[48;2;0;0;0m▀[0m[38;2;74;78;78m[48;2;1;4;4m▀[0m[38;2;0;0;0m[48;2;4;3;3m▀[0m[38;2;13;9;14m[48;2;42;46;48m▀[0m[38;2;85;87;87m[48;2;61;63;63m▀[0m[38;2;0;0;0m[48;2;0;0;0m▀[0m[38;2;0;0;0m[48;2;0;0;0m▀[0m[38;2;255;255;255m[48;2;0;0;0m▀[0m[38;2;255;255;255m[48;2;255;255;255m▀[0m[38;2;255;255;255m[48;2;255;255;255m▀[0m[38;2;255;255;255m[48;2;255;255;255m▀[0m[38;2;255;255;255m[48;2;255;255;255m▀[0m[38;2;255;255;255m[48;2;255;255;255m▀[0m[38;2;126;128;124m[48;2;197;198;195m▀[0m
[38;2;0;0;0m[48;2;114;118;118m▀[0m[38;2;1;3;1m[48;2;0;0;0m▀[0m[38;2;186;192;186m[48;2;0;0;0m▀[0m[38;2;255;255;255m[48;2;255;255;255m▀[0m[38;2;255;255;255m[48;2;255;255;255m▀[0m[38;2;255;255;255m[48;2;255;255;255m▀[0m[38;2;255;255;255m[48;2;255;255;255m▀[0m[38;2;255;255;255m[48;2;222;225;225m▀[0m[38;2;156;158;165m[48;2;0;0;0m▀[0m[38;2;0;0;0m[48;2;0;0;0m▀[0m[38;2;0;0;0m[48;2;0;0;0m▀[0m[38;2;61;64;64m[48;2;82;80;84m▀[0m[38;2;0;0;0m[48;2;0;0;0m▀[0m[38;2;0;0;0m[48;2;0;0;0m▀[0m[38;2;0;0;0m[48;2;0;0;0m▀[0m[38;2;65;69;71m[48;2;89;93;93m▀[0m[38;2;255;255;255m[48;2;207;215;215m▀[0m[38;2;255;255;255m[48;2;255;255;255m▀[0m[38;2;255;255;255m[48;2;255;179;168m▀[0m[38;2;255;0;0m[48;2;255;0;0m▀[0m[38;2;255;0;0m[48;2;51;122;130m▀[0m[38;2;255;0;0m[48;2;168;162;164m▀[0m[38;2;255;255;255m[48;2;255;255;255m▀[0m[38;2;255;0;0m[48;2;219;0;0m▀[0m[38;2;244;0;0m[48;2;162;255;255m▀[0m[38;2;206;255;255m[48;2;161;255;255m▀[0m[38;2;255;255;255m[48;2;148;178;180m▀[0m[38;2;255;255;255m[48;2;255;255;255m▀[0m[38;2;255;255;255m[48;2;255;255;255m▀[0m[38;2;255;255;255m[48;2;107;112;113m▀[0m[38;2;69;73;73m[48;2;0;0;0m▀[0m[38;2;0;0;0m[48;2;0;0;0m▀[0m[38;2;0;0;0m[48;2;0;0;0m▀[0m[38;2;63;68;70m[48;2;73;73;73m▀[0m[38;2;42;46;46m[48;2;26;26;26m▀[0m[38;2;0;0;0m[48;2;0;0;0m▀[0m[38;2;0;0;0m[48;2;0;0;0m▀[0m[38;2;0;0;0m[48;2;0;0;0m▀[0m[38;2;2;6;2m[48;2;0;0;0m▀[0m[38;2;255;255;255m[48;2;255;255;255m▀[0m[38;2;255;255;255m[48;2;255;255;255m▀[0m[38;2;255;255;255m[48;2;255;255;255m▀[0m[38;2;165;169;165m[48;2;0;0;0m▀[0m[38;2;24;24;24m[48;2;0;0;0m▀[0m
[38;2;45;45;46m[48;2;0;0;0m▀[0m[38;2;0;0;0m[48;2;0;0;0m▀[0m[38;2;0;0;0m[48;2;0;0;0m▀[0m[38;2;255;255;255m[48;2;3;3;3m▀[0m[38;2;255;255;255m[48;2;255;255;255m▀[0m[38;2;255;255;255m[48;2;255;255;255m▀[0m[38;2;255;255;255m[48;2;115;115;118m▀[0m[38;2;0;0;0m[48;2;0;0;0m▀[0m[38;2;0;0;0m[48;2;0;0;0m▀[0m[38;2;0;0;0m[48;2;0;0;0m▀[0m[38;2;0;0;0m[48;2;0;0;0m▀[0m[38;2;34;34;34m[48;2;0;0;0m▀[0m[38;2;0;0;0m[48;2;9;9;9m▀[0m[38;2;0;0;0m[48;2;189;192;189m▀[0m[38;2;0;0;0m[48;2;118;118;118m▀[0m[38;2;29;31;31m[48;2;208;211;211m▀[0m[38;2;247;255;255m[48;2;255;255;255m▀[0m[38;2;255;255;255m[48;2;255;255;255m▀[0m[38;2;206;214;202m[48;2;168;240;235m▀[0m[38;2;67;0;0m[48;2;0;111;109m▀[0m[38;2;9;119;125m[48;2;211;0;0m▀[0m[38;2;122;255;255m[48;2;255;97;96m▀[0m[38;2;255;107;106m[48;2;255;86;90m▀[0m[38;2;255;255;255m[48;2;255;255;255m▀[0m[38;2;134;134;120m[48;2;255;255;250m▀[0m[38;2;2;0;0m[48;2;255;0;0m▀[0m[38;2;64;90;96m[48;2;86;65;68m▀[0m[38;2;218;228;225m[48;2;235;252;251m▀[0m[38;2;255;255;255m[48;2;255;255;255m▀[0m[38;2;223;225;228m[48;2;255;255;255m▀[0m[38;2;0;0;0m[48;2;220;220;220m▀[0m[38;2;0;0;0m[48;2;180;184;180m▀[0m[38;2;0;0;0m[48;2;0;0;0m▀[0m[38;2;30;30;30m[48;2;75;78;78m▀[0m[38;2;0;0;0m[48;2;0;0;0m▀[0m[38;2;0;0;0m[48;2;0;0;0m▀[0m[38;2;0;0;0m[48;2;0;0;0m▀[0m[38;2;0;0;0m[48;2;0;0;0m▀[0m[38;2;0;0;0m[48;2;0;0;0m▀[0m[38;2;252;251;251m[48;2;255;255;255m▀[0m[38;2;255;255;255m[48;2;255;255;255m▀[0m[38;2;255;255;255m[48;2;23;28;23m▀[0m[38;2;0;0;0m[48;2;0;0;0m▀[0m[38;2;0;0;0m[48;2;0;0;0m▀[0m
[38;2;0;0;0m[48;2;50;54;54m▀[0m[38;2;112;115;118m[48;2;154;158;164m▀[0m[38;2;0;0;0m[48;2;0;0;0m▀[0m[38;2;0;0;0m[48;2;0;0;0m▀[0m[38;2;223;230;223m[48;2;0;0;0m▀[0m[38;2;255;255;255m[48;2;178;181;181m▀[0m[38;2;255;255;255m[48;2;255;255;255m▀[0m[38;2;0;0;0m[48;2;214;218;213m▀[0m[38;2;0;0;0m[48;2;0;0;0m▀[0m[38;2;0;0;0m[48;2;0;0;0m▀[0m[38;2;0;0;0m[48;2;134;136;134m▀[0m[38;2;255;255;255m[48;2;255;255;255m▀[0m[38;2;176;176;173m[48;2;255;255;255m▀[0m[38;2;0;0;0m[48;2;0;0;0m▀[0m[38;2;70;74;75m[48;2;0;0;0m▀[0m[38;2;255;255;255m[48;2;255;255;255m▀[0m[38;2;255;255;255m[48;2;255;255;255m▀[0m[38;2;255;255;255m[48;2;225;236;235m▀[0m[38;2;230;255;255m[48;2;255;255;255m▀[0m[38;2;255;54;48m[48;2;255;4;4m▀[0m[38;2;255;0;0m[48;2;255;201;198m▀[0m[38;2;255;250;252m[48;2;255;255;255m▀[0m[38;2;255;255;255m[48;2;201;202;196m▀[0m[38;2;255;255;255m[48;2;255;255;255m▀[0m[38;2;255;255;255m[48;2;255;255;255m▀[0m[38;2;255;255;255m[48;2;255;255;255m▀[0m[38;2;255;255;255m[48;2;200;204;206m▀[0m[38;2;255;255;255m[48;2;255;255;255m▀[0m[38;2;255;255;255m[48;2;180;180;180m▀[0m[38;2;255;255;255m[48;2;255;255;255m▀[0m[38;2;255;255;255m[48;2;255;255;255m▀[0m[38;2;40;40;40m[48;2;0;0;0m▀[0m[38;2;0;0;0m[48;2;71;71;71m▀[0m[38;2;255;255;255m[48;2;255;255;255m▀[0m[38;2;30;32;32m[48;2;255;255;255m▀[0m[38;2;0;0;0m[48;2;0;0;0m▀[0m[38;2;0;0;0m[48;2;0;0;0m▀[0m[38;2;0;0;0m[48;2;69;73;69m▀[0m[38;2;37;37;41m[48;2;255;255;255m▀[0m[38;2;255;255;255m[48;2;255;255;255m▀[0m[38;2;255;255;255m[48;2;0;0;0m▀[0m[38;2;0;0;0m[48;2;0;0;0m▀[0m[38;2;0;0;0m[48;2;0;0;0m▀[0m[38;2;90;95;95m[48;2;25;29;25m▀[0m
[38;2;2;6;6m[48;2;0;0;0m▀[0m[38;2;0;0;0m[48;2;0;0;0m▀[0m[38;2;0;0;0m[48;2;0;0;0m▀[0m[38;2;0;0;0m[48;2;0;0;0m▀[0m[38;2;0;0;0m[48;2;0;0;0m▀[0m[38;2;41;41;43m[48;2;191;195;195m▀[0m[38;2;6;4;4m[48;2;95;95;95m▀[0m[38;2;239;239;236m[48;2;255;255;255m▀[0m[38;2;204;204;204m[48;2;255;255;255m▀[0m[38;2;35;35;31m[48;2;255;255;255m▀[0m[38;2;173;176;176m[48;2;230;233;230m▀[0m[38;2;255;255;255m[48;2;255;255;255m▀[0m[38;2;255;255;255m[48;2;147;151;151m▀[0m[38;2;0;0;0m[48;2;0;0;0m▀[0m[38;2;0;0;0m[48;2;0;0;0m▀[0m[38;2;255;255;255m[48;2;32;36;36m▀[0m[38;2;255;255;255m[48;2;141;141;145m▀[0m[38;2;25;37;36m[48;2;191;198;196m▀[0m[38;2;140;167;168m[48;2;61;69;70m▀[0m[38;2;134;214;214m[48;2;0;57;62m▀[0m[38;2;255;255;255m[48;2;255;218;204m▀[0m[38;2;255;255;255m[48;2;255;255;255m▀[0m[38;2;245;234;225m[48;2;255;255;255m▀[0m[38;2;255;255;255m[48;2;255;255;255m▀[0m[38;2;255;255;255m[48;2;255;255;255m▀[0m[38;2;255;255;255m[48;2;254;255;255m▀[0m[38;2;192;195;192m[48;2;0;0;0m▀[0m[38;2;59;59;56m[48;2;0;0;0m▀[0m[38;2;103;108;109m[48;2;86;91;93m▀[0m[38;2;255;255;255m[48;2;86;89;89m▀[0m[38;2;229;231;231m[48;2;0;0;0m▀[0m[38;2;0;0;0m[48;2;0;0;0m▀[0m[38;2;255;255;255m[48;2;0;0;0m▀[0m[38;2;255;255;255m[48;2;255;255;255m▀[0m[38;2;255;255;255m[48;2;255;255;255m▀[0m[38;2;85;84;84m[48;2;255;255;255m▀[0m[38;2;255;255;255m[48;2;255;255;255m▀[0m[38;2;255;255;255m[48;2;255;255;255m▀[0m[38;2;31;35;35m[48;2;175;169;169m▀[0m[38;2;112;114;114m[48;2;231;234;235m▀[0m[38;2;0;0;0m[48;2;0;0;0m▀[0m[38;2;0;0;0m[48;2;0;0;0m▀[0m[38;2;0;0;0m[48;2;0;0;0m▀[0m[38;2;0;0;0m[48;2;0;0;0m▀[0m
[38;2;0;0;0m[48;2;93;90;93m▀[0m[38;2;0;0;0m[48;2;7;7;7m▀[0m[38;2;0;0;0m[48;2;0;0;0m▀[0m[38;2;0;0;0m[48;2;0;0;0m▀[0m[38;2;0;0;0m[48;2;10;10;10m▀[0m[38;2;237;242;237m[48;2;47;47;47m▀[0m[38;2;0;0;0m[48;2;93;97;97m▀[0m[38;2;139;142;142m[48;2;255;255;255m▀[0m[38;2;255;255;255m[48;2;255;255;255m▀[0m[38;2;255;255;255m[48;2;255;255;255m▀[0m[38;2;255;255;255m[48;2;255;255;255m▀[0m[38;2;255;255;255m[48;2;255;255;255m▀[0m[38;2;0;0;0m[48;2;255;255;255m▀[0m[38;2;0;0;0m[48;2;0;0;0m▀[0m[38;2;0;0;0m[48;2;0;0;0m▀[0m[38;2;0;0;0m[48;2;255;255;255m▀[0m[38;2;244;247;247m[48;2;255;255;255m▀[0m[38;2;255;255;255m[48;2;255;255;255m▀[0m[38;2;255;255;255m[48;2;255;255;255m▀[0m[38;2;81;109;114m[48;2;255;255;255m▀[0m[38;2;0;0;0m[48;2;255;255;255m▀[0m[38;2;86;0;0m[48;2;42;54;54m▀[0m[38;2;215;233;236m[48;2;0;0;0m▀[0m[38;2;209;214;219m[48;2;14;20;17m▀[0m[38;2;41;47;50m[48;2;226;230;230m▀[0m[38;2;0;0;0m[48;2;255;255;255m▀[0m[38;2;207;207;207m[48;2;255;255;255m▀[0m[38;2;255;255;255m[48;2;255;255;255m▀[0m[38;2;255;255;255m[48;2;255;255;255m▀[0m[38;2;209;212;214m[48;2;255;255;255m▀[0m[38;2;0;0;0m[48;2;81;84;84m▀[0m[38;2;0;0;0m[48;2;0;0;0m▀[0m[38;2;0;0;0m[48;2;255;255;255m▀[0m[38;2;255;255;255m[48;2;255;255;255m▀[0m[38;2;255;255;255m[48;2;255;255;255m▀[0m[38;2;255;255;255m[48;2;255;255;255m▀[0m[38;2;255;255;255m[48;2;255;255;255m▀[0m[38;2;181;181;184m[48;2;255;255;255m▀[0m[38;2;0;0;0m[48;2;247;247;247m▀[0m[38;2;202;201;202m[48;2;0;0;0m▀[0m[38;2;42;46;42m[48;2;164;164;164m▀[0m[38;2;0;0;0m[48;2;0;0;0m▀[0m[38;2;0;0;0m[48;2;0;0;0m▀[0m[38;2;0;0;0m[48;2;19;21;21m▀[0m
[38;2;30;34;34m[48;2;255;255;255m▀[0m[38;2;0;3;0m[48;2;85;85;87m▀[0m[38;2;0;0;0m[48;2;0;0;0m▀[0m[38;2;0;0;0m[48;2;0;0;0m▀[0m[38;2;32;32;32m[48;2;62;64;64m▀[0m[38;2;85;89;89m[48;2;255;255;255m▀[0m[38;2;255;255;255m[48;2;255;255;255m▀[0m[38;2;255;255;255m[48;2;255;255;255m▀[0m[38;2;255;255;255m[48;2;255;255;255m▀[0m[38;2;255;255;255m[48;2;255;255;255m▀[0m[38;2;255;255;255m[48;2;255;255;255m▀[0m[38;2;255;255;255m[48;2;255;255;255m▀[0m[38;2;255;255;255m[48;2;255;255;255m▀[0m[38;2;255;255;255m[48;2;255;255;255m▀[0m[38;2;0;0;0m[48;2;255;255;251m▀[0m[38;2;255;255;255m[48;2;255;255;255m▀[0m[38;2;255;255;255m[48;2;255;255;255m▀[0m[38;2;255;255;255m[48;2;255;255;255m▀[0m[38;2;255;255;255m[48;2;255;255;255m▀[0m[38;2;255;255;255m[48;2;255;255;255m▀[0m[38;2;255;255;255m[48;2;255;255;255m▀[0m[38;2;255;255;255m[48;2;219;223;217m▀[0m[38;2;255;255;255m[48;2;255;255;253m▀[0m[38;2;255;255;255m[48;2;255;255;255m▀[0m[38;2;255;255;255m[48;2;255;255;255m▀[0m[38;2;255;255;255m[48;2;255;255;255m▀[0m[38;2;255;255;255m[48;2;242;245;245m▀[0m[38;2;255;255;255m[48;2;255;255;255m▀[0m[38;2;255;255;255m[48;2;255;255;255m▀[0m[38;2;255;255;255m[48;2;255;255;255m▀[0m[38;2;246;248;246m[48;2;187;189;184m▀[0m[38;2;181;183;176m[48;2;255;255;255m▀[0m[38;2;255;255;255m[48;2;255;255;255m▀[0m[38;2;255;255;255m[48;2;255;255;255m▀[0m[38;2;255;255;255m[48;2;255;255;255m▀[0m[38;2;255;255;255m[48;2;255;255;255m▀[0m[38;2;255;255;255m[48;2;255;255;255m▀[0m[38;2;255;255;255m[48;2;255;255;255m▀[0m[38;2;255;255;255m[48;2;255;255;255m▀[0m[38;2;222;222;218m[48;2;255;255;255m▀[0m[38;2;43;43;43m[48;2;134;129;129m▀[0m[38;2;0;0;0m[48;2;13;13;13m▀[0m[38;2;0;0;0m[48;2;0;0;0m▀[0m[38;2;57;57;58m[48;2;0;0;0m▀[0m
[38;2;19;21;23m[48;2;0;0;0m▀[0m[38;2;57;57;58m[48;2;23;28;32m▀[0m[38;2;0;0;0m[48;2;0;0;0m▀[0m[38;2;0;0;0m[48;2;123;130;128m▀[0m[38;2;255;255;255m[48;2;255;255;255m▀[0m[38;2;255;255;255m[48;2;255;255;255m▀[0m[38;2;255;255;255m[48;2;255;240;245m▀[0m[38;2;255;255;255m[48;2;250;178;173m▀[0m[38;2;255;252;245m[48;2;255;255;255m▀[0m[38;2;255;255;252m[48;2;255;255;255m▀[0m[38;2;255;255;255m[48;2;255;255;255m▀[0m[38;2;255;255;255m[48;2;255;255;255m▀[0m[38;2;255;255;255m[48;2;255;255;255m▀[0m[38;2;255;252;252m[48;2;255;255;255m▀[0m[38;2;255;255;255m[48;2;255;255;255m▀[0m[38;2;189;191;191m[48;2;255;255;255m▀[0m[38;2;23;23;24m[48;2;0;0;0m▀[0m[38;2;124;129;130m[48;2;255;255;255m▀[0m[38;2;255;255;255m[48;2;255;255;255m▀[0m[38;2;255;255;255m[48;2;255;255;255m▀[0m[38;2;255;255;255m[48;2;165;176;181m▀[0m[38;2;255;255;255m[48;2;255;255;255m▀[0m[38;2;201;201;196m[48;2;255;255;255m▀[0m[38;2;255;255;255m[48;2;255;255;255m▀[0m[38;2;255;255;255m[48;2;241;239;236m▀[0m[38;2;255;255;255m[48;2;233;236;233m▀[0m[38;2;255;255;255m[48;2;255;255;255m▀[0m[38;2;162;164;164m[48;2;255;255;255m▀[0m[38;2;29;30;26m[48;2;0;0;0m▀[0m[38;2;47;50;50m[48;2;130;134;129m▀[0m[38;2;255;255;255m[48;2;255;255;255m▀[0m[38;2;255;255;255m[48;2;255;255;255m▀[0m[38;2;255;255;255m[48;2;255;255;255m▀[0m[38;2;255;255;255m[48;2;255;255;255m▀[0m[38;2;255;255;255m[48;2;255;255;255m▀[0m[38;2;255;255;255m[48;2;255;255;255m▀[0m[38;2;255;255;255m[48;2;255;255;255m▀[0m[38;2;255;255;255m[48;2;255;255;255m▀[0m[38;2;255;255;255m[48;2;255;255;255m▀[0m[38;2;255;255;255m[48;2;255;255;255m▀[0m[38;2;255;255;255m[48;2;255;255;255m▀[0m[38;2;101;101;101m[48;2;255;255;255m▀[0m[38;2;0;0;0m[48;2;0;0;0m▀[0m[38;2;48;48;50m[48;2;0;0;0m▀[0m
[38;2;19;21;23m[48;2;115;115;122m▀[0m[38;2;0;0;0m[48;2;0;0;0m▀[0m[38;2;0;0;0m[48;2;61;67;67m▀[0m[38;2;255;255;255m[48;2;255;255;255m▀[0m[38;2;255;255;255m[48;2;255;254;250m▀[0m[38;2;253;90;93m[48;2;246;30;29m▀[0m[38;2;255;201;206m[48;2;255;255;255m▀[0m[38;2;255;255;255m[48;2;255;255;255m▀[0m[38;2;255;255;255m[48;2;255;255;255m▀[0m[38;2;255;255;255m[48;2;255;255;255m▀[0m[38;2;255;255;255m[48;2;255;255;255m▀[0m[38;2;255;255;255m[48;2;255;255;255m▀[0m[38;2;255;255;255m[48;2;255;255;255m▀[0m[38;2;255;255;255m[48;2;255;255;255m▀[0m[38;2;255;255;255m[48;2;255;255;255m▀[0m[38;2;255;255;255m[48;2;255;255;255m▀[0m[38;2;255;255;255m[48;2;255;255;255m▀[0m[38;2;234;235;231m[48;2;207;215;215m▀[0m[38;2;255;255;255m[48;2;113;123;126m▀[0m[38;2;255;255;255m[48;2;255;255;255m▀[0m[38;2;255;255;255m[48;2;255;255;255m▀[0m[38;2;206;208;209m[48;2;211;215;215m▀[0m[38;2;214;218;214m[48;2;255;255;255m▀[0m[38;2;255;255;255m[48;2;255;255;255m▀[0m[38;2;255;255;255m[48;2;163;162;163m▀[0m[38;2;255;255;255m[48;2;255;255;255m▀[0m[38;2;255;255;255m[48;2;247;250;250m▀[0m[38;2;255;255;255m[48;2;92;95;92m▀[0m[38;2;229;229;224m[48;2;255;255;255m▀[0m[38;2;255;255;255m[48;2;255;255;255m▀[0m[38;2;255;255;255m[48;2;255;255;255m▀[0m[38;2;255;255;255m[48;2;255;255;255m▀[0m[38;2;255;255;255m[48;2;255;255;255m▀[0m[38;2;255;255;255m[48;2;255;255;255m▀[0m[38;2;255;255;255m[48;2;255;255;255m▀[0m[38;2;255;255;255m[48;2;255;255;255m▀[0m[38;2;255;255;255m[48;2;255;255;255m▀[0m[38;2;255;255;255m[48;2;255;255;255m▀[0m[38;2;255;255;255m[48;2;255;255;255m▀[0m[38;2;255;255;255m[48;2;255;255;255m▀[0m[38;2;255;255;255m[48;2;255;255;255m▀[0m[38;2;255;255;255m[48;2;255;255;255m▀[0m[38;2;164;164;164m[48;2;255;255;255m▀[0m[38;2;0;0;0m[48;2;0;0;0m▀[0m
[38;2;0;0;0m[48;2;0;0;0m▀[0m[38;2;0;0;0m[48;2;0;0;0m▀[0m[38;2;255;255;255m[48;2;255;255;255m▀[0m[38;2;255;255;255m[48;2;255;255;255m▀[0m[38;2;255;237;230m[48;2;255;255;255m▀[0m[38;2;255;255;255m[48;2;255;255;255m▀[0m[38;2;255;195;189m[48;2;255;247;244m▀[0m[38;2;255;255;255m[48;2;255;255;255m▀[0m[38;2;255;255;255m[48;2;255;255;255m▀[0m[38;2;255;255;255m[48;2;255;255;255m▀[0m[38;2;255;255;255m[48;2;255;255;255m▀[0m[38;2;255;255;255m[48;2;255;255;255m▀[0m[38;2;255;255;255m[48;2;255;255;255m▀[0m[38;2;255;255;255m[48;2;255;255;255m▀[0m[38;2;255;255;255m[48;2;255;255;255m▀[0m[38;2;255;255;255m[48;2;255;255;255m▀[0m[38;2;255;255;255m[48;2;255;255;255m▀[0m[38;2;255;255;255m[48;2;255;255;255m▀[0m[38;2;130;135;130m[48;2;174;174;174m▀[0m[38;2;255;255;255m[48;2;255;255;255m▀[0m[38;2;255;255;255m[48;2;255;255;255m▀[0m[38;2;255;255;255m[48;2;255;255;255m▀[0m[38;2;255;255;255m[48;2;255;255;255m▀[0m[38;2;255;255;255m[48;2;255;255;255m▀[0m[38;2;255;255;255m[48;2;255;255;255m▀[0m[38;2;255;255;255m[48;2;255;255;255m▀[0m[38;2;255;255;255m[48;2;231;234;235m▀[0m[38;2;180;179;180m[48;2;251;254;251m▀[0m[38;2;255;255;255m[48;2;255;255;255m▀[0m[38;2;255;255;255m[48;2;255;255;255m▀[0m[38;2;255;255;255m[48;2;255;255;255m▀[0m[38;2;255;255;255m[48;2;255;255;255m▀[0m[38;2;255;255;255m[48;2;255;255;255m▀[0m[38;2;255;255;255m[48;2;255;255;255m▀[0m[38;2;255;255;255m[48;2;255;255;255m▀[0m[38;2;255;255;255m[48;2;255;255;255m▀[0m[38;2;255;255;255m[48;2;255;255;255m▀[0m[38;2;255;255;255m[48;2;255;255;255m▀[0m[38;2;255;255;255m[48;2;255;255;255m▀[0m[38;2;255;255;255m[48;2;255;255;255m▀[0m[38;2;255;255;255m[48;2;255;255;255m▀[0m[38;2;255;255;255m[48;2;255;255;255m▀[0m[38;2;255;255;255m[48;2;255;255;255m▀[0m[38;2;98;97;98m[48;2;255;255;255m▀[0m
