[38;2;0;0;0m[48;2;0;0;0m▀[0m[38;2;0;0;0m[48;2;0;0;0m▀[0m[38;2;0;0;0m[48;2;0;0;0m▀[0m[38;2;134;134;134m[48;2;143;143;143m▀[0m[38;2;255;255;255m[48;2;255;255;255m▀[0m[38;2;239;242;237m[48;2;255;255;255m▀[0m[38;2;255;255;255m[48;2;255;255;255m▀[0m[38;2;255;255;255m[48;2;255;255;255m▀[0m[38;2;0;0;0m[48;2;0;0;0m▀[0m[38;2;0;0;0m[48;2;0;0;0m▀[0m[38;2;0;0;0m[48;2;0;0;0m▀[0m[38;2;95;98;98m[48;2;108;113;110m▀[0m[38;2;117;120;120m[48;2;238;244;240m▀[0m[38;2;110;107;110m[48;2;221;221;221m▀[0m[38;2;12;12;12m[48;2;84;84;84m▀[0m[38;2;0;0;0m[48;2;47;50;50m▀[0m[38;2;0;0;0m[48;2;0;0;0m▀[0m[38;2;0;0;0m[48;2;0;0;0m▀[0m[38;2;1;1;1m[48;2;0;1;1m▀[0m[38;2;0;1;1m[48;2;0;0;0m▀[0m[38;2;0;1;1m[48;2;0;0;0m▀[0m[38;2;0;1;1m[48;2;0;0;0m▀[0m[38;2;0;0;0m[48;2;0;0;0m▀[0m[38;2;230;0;0m[48;2;239;0;0m▀[0m[38;2;0;1;1m[48;2;0;0;0m▀[0m[38;2;0;1;1m[48;2;0;0;1m▀[0m[38;2;0;2;1m[48;2;0;1;1m▀[0m[38;2;0;1;1m[48;2;0;1;1m▀[0m[38;2;0;0;0m[48;2;0;0;0m▀[0m[38;2;0;0;0m[48;2;31;31;29m▀[0m[38;2;0;0;0m[48;2;75;77;77m▀[0m[38;2;97;101;100m[48;2;110;114;114m▀[0m[38;2;155;165;165m[48;2;115;118;118m▀[0m[38;2;156;160;163m[48;2;131;133;133m▀[0m[38;2;0;0;0m[48;2;64;71;65m▀[0m[38;2;0;0;0m[48;2;0;0;0m▀[0m[38;2;0;0;0m[48;2;7;7;9m▀[0m[38;2;255;255;255m[48;2;255;255;255m▀[0m[38;2;255;255;255m[48;2;255;255;255m▀[0m[38;2;252;252;252m[48;2;255;255;255m▀[0m[38;2;255;255;255m[48;2;255;255;255m▀[0m[38;2;0;0;0m[48;2;21;21;24m▀[0m[38;2;0;0;0m[48;2;0;0;0m▀[0m[38;2;0;0;0m[48;2;0;0;0m▀[0m
[38;2;5;5;3m[48;2;7;6;6m▀[0m[38;2;0;0;0m[48;2;0;0;0m▀[0m[38;2;0;0;0m[48;2;0;0;0m▀[0m[38;2;167;164;167m[48;2;226;230;230m▀[0m[38;2;255;255;255m[48;2;255;255;255m▀[0m[38;2;255;255;255m[48;2;255;255;255m▀[0m[38;2;255;255;255m[48;2;255;255;255m▀[0m[38;2;255;255;255m[48;2;255;255;255m▀[0m[38;2;10;12;13m[48;2;142;142;142m▀[0m[38;2;0;0;0m[48;2;0;0;0m▀[0m[38;2;0;0;0m[48;2;0;0;0m▀[0m[38;2;0;0;0m[48;2;9;9;9m▀[0m[38;2;73;76;76m[48;2;65;65;65m▀[0m[38;2;161;160;160m[48;2;50;50;51m▀[0m[38;2;84;84;81m[48;2;59;59;59m▀[0m[38;2;0;0;0m[48;2;0;0;0m▀[0m[38;2;1;3;3m[48;2;0;0;0m▀[0m[38;2;0;0;0m[48;2;0;0;0m▀[0m[38;2;0;0;1m[48;2;0;0;0m▀[0m[38;2;9;0;0m[48;2;120;3;0m▀[0m[38;2;0;0;0m[48;2;93;0;0m▀[0m[38;2;32;0;0m[48;2;255;0;0m▀[0m[38;2;255;0;0m[48;2;255;0;0m▀[0m[38;2;255;0;0m[48;2;255;0;0m▀[0m[38;2;0;0;0m[48;2;255;0;0m▀[0m[38;2;0;0;0m[48;2;69;0;0m▀[0m[38;2;0;0;0m[48;2;1;0;0m▀[0m[38;2;0;0;0m[48;2;0;0;0m▀[0m[38;2;0;0;0m[48;2;0;0;0m▀[0m[38;2;18;20;20m[48;2;0;0;0m▀[0m[38;2;0;0;0m[48;2;34;34;34m▀[0m[38;2;71;73;75m[48;2;0;0;0m▀[0m[38;2;0;0;0m[48;2;44;44;42m▀[0m[38;2;169;172;172m[48;2;218;222;223m▀[0m[38;2;36;39;38m[48;2;122;129;128m▀[0m[38;2;0;0;0m[48;2;0;0;0m▀[0m[38;2;55;58;58m[48;2;121;120;120m▀[0m[38;2;255;255;255m[48;2;255;255;255m▀[0m[38;2;255;255;255m[48;2;255;255;255m▀[0m[38;2;255;255;255m[48;2;255;255;255m▀[0m[38;2;255;255;255m[48;2;255;255;255m▀[0m[38;2;102;99;99m[48;2;216;216;216m▀[0m[38;2;0;0;0m[48;2;0;0;0m▀[0m[38;2;121;124;121m[48;2;107;105;107m▀[0m
[38;2;30;29;29m[48;2;31;34;34m▀[0m[38;2;58;65;65m[48;2;0;0;0m▀[0m[38;2;0;0;0m[48;2;0;0;0m▀[0m[38;2;255;255;255m[48;2;255;255;255m▀[0m[38;2;255;255;255m[48;2;255;255;255m▀[0m[38;2;255;255;255m[48;2;255;255;255m▀[0m[38;2;255;255;255m[48;2;255;255;255m▀[0m[38;2;255;255;255m[48;2;255;255;255m▀[0m[38;2;255;255;255m[48;2;255;255;255m▀[0m[38;2;0;0;0m[48;2;0;0;0m▀[0m[38;2;145;145;142m[48;2;0;0;0m▀[0m[38;2;83;83;83m[48;2;152;152;152m▀[0m[38;2;6;6;6m[48;2;9;8;8m▀[0m[38;2;58;58;58m[48;2;0;0;0m▀[0m[38;2;5;5;5m[48;2;77;77;77m▀[0m[38;2;0;0;0m[48;2;7;7;7m▀[0m[38;2;0;0;0m[48;2;0;0;0m▀[0m[38;2;0;0;0m[48;2;0;0;0m▀[0m[38;2;0;0;0m[48;2;0;0;0m▀[0m[38;2;0;0;0m[48;2;0;0;0m▀[0m[38;2;160;0;0m[48;2;23;47;48m▀[0m[38;2;33;72;73m[48;2;255;255;255m▀[0m[38;2;216;179;185m[48;2;255;84;79m▀[0m[38;2;230;117;112m[48;2;255;221;210m▀[0m[38;2;147;8;0m[48;2;116;255;255m▀[0m[38;2;36;0;0m[48;2;124;0;0m▀[0m[38;2;0;0;0m[48;2;0;0;0m▀[0m[38;2;0;0;0m[48;2;0;0;0m▀[0m[38;2;0;0;0m[48;2;52;56;59m▀[0m[38;2;34;34;34m[48;2;116;119;121m▀[0m[38;2;46;46;48m[48;2;0;0;0m▀[0m[38;2;0;0;0m[48;2;5;5;3m▀[0m[38;2;185;190;189m[48;2;103;107;108m▀[0m[38;2;154;158;165m[48;2;3;5;7m▀[0m[38;2;0;0;0m[48;2;0;0;0m▀[0m[38;2;0;0;0m[48;2;0;0;0m▀[0m[38;2;251;251;251m[48;2;255;255;255m▀[0m[38;2;255;255;255m[48;2;255;255;255m▀[0m[38;2;255;255;255m[48;2;255;255;255m▀[0m[38;2;255;255;255m[48;2;255;255;255m▀[0m[38;2;255;255;255m[48;2;255;255;255m▀[0m[38;2;255;255;255m[48;2;255;255;255m▀[0m[38;2;0;0;0m[48;2;0;0;0m▀[0m[38;2;0;0;0m[48;2;0;0;0m▀[0m
[38;2;78;78;78m[48;2;255;255;255m▀[0m[38;2;12;13;10m[48;2;0;0;0m▀[0m[38;2;0;0;0m[48;2;2;4;4m▀[0m[38;2;255;255;255m[48;2;255;255;255m▀[0m[38;2;255;255;255m[48;2;255;255;255m▀[0m[38;2;255;255;255m[48;2;255;255;255m▀[0m[38;2;255;255;255m[48;2;255;255;255m▀[0m[38;2;255;255;255m[48;2;255;255;255m▀[0m[38;2;255;255;255m[48;2;255;255;255m▀[0m[38;2;30;30;30m[48;2;170;170;170m▀[0m[38;2;0;0;0m[48;2;0;0;0m▀[0m[38;2;0;0;0m[48;2;0;0;0m▀[0m[38;2;122;122;122m[48;2;47;47;47m▀[0m[38;2;0;0;0m[48;2;97;97;97m▀[0m[38;2;24;24;24m[48;2;140;144;143m▀[0m[38;2;50;50;52m[48;2;0;0;0m▀[0m[38;2;41;44;44m[48;2;34;39;40m▀[0m[38;2;0;0;0m[48;2;11;23;23m▀[0m[38;2;0;0;0m[48;2;0;0;0m▀[0m[38;2;0;0;0m[48;2;36;0;0m▀[0m[38;2;255;92;89m[48;2;255;0;0m▀[0m[38;2;255;255;255m[48;2;255;255;255m▀[0m[38;2;255;132;129m[48;2;255;255;255m▀[0m[38;2;255;184;179m[48;2;255;255;255m▀[0m[38;2;255;255;255m[48;2;255;255;255m▀[0m[38;2;19;0;0m[48;2;0;5;6m▀[0m[38;2;0;0;0m[48;2;0;0;0m▀[0m[38;2;0;0;0m[48;2;0;0;0m▀[0m[38;2;6;9;9m[48;2;0;0;0m▀[0m[38;2;41;43;43m[48;2;15;18;18m▀[0m[38;2;0;0;0m[48;2;118;121;121m▀[0m[38;2;5;5;3m[48;2;33;36;36m▀[0m[38;2;63;63;65m[48;2;24;24;24m▀[0m[38;2;0;0;0m[48;2;0;0;0m▀[0m[38;2;0;0;0m[48;2;0;0;0m▀[0m[38;2;31;36;31m[48;2;177;175;175m▀[0m[38;2;255;255;255m[48;2;255;255;255m▀[0m[38;2;255;255;255m[48;2;255;255;255m▀[0m[38;2;255;255;255m[48;2;255;255;255m▀[0m[38;2;255;255;255m[48;2;255;255;255m▀[0m[38;2;255;255;255m[48;2;255;255;255m▀[0m[38;2;255;255;255m[48;2;255;255;255m▀[0m[38;2;16;15;15m[48;2;118;121;121m▀[0m[38;2;19;23;23m[48;2;0;0;0m▀[0m
[38;2;101;104;104m[48;2;0;0;0m▀[0m[38;2;0;0;0m[48;2;30;34;34m▀[0m[38;2;163;165;165m[48;2;248;249;245m▀[0m[38;2;255;255;255m[48;2;255;255;255m▀[0m[38;2;255;255;255m[48;2;255;255;255m▀[0m[38;2;255;255;255m[48;2;255;255;255m▀[0m[38;2;255;255;255m[48;2;255;255;255m▀[0m[38;2;255;255;255m[48;2;255;255;255m▀[0m[38;2;255;255;255m[48;2;255;255;255m▀[0m[38;2;255;255;255m[48;2;255;255;255m▀[0m[38;2;0;0;0m[48;2;0;0;0m▀[0m[38;2;0;0;0m[48;2;0;0;0m▀[0m[38;2;0;0;0m[48;2;0;0;0m▀[0m[38;2;100;100;97m[48;2;90;90;90m▀[0m[38;2;225;228;223m[48;2;248;253;248m▀[0m[38;2;124;124;124m[48;2;183;187;180m▀[0m[38;2;0;0;0m[48;2;3;7;8m▀[0m[38;2;0;0;0m[48;2;0;0;0m▀[0m[38;2;0;0;0m[48;2;0;0;0m▀[0m[38;2;155;23;27m[48;2;237;207;200m▀[0m[38;2;255;255;255m[48;2;255;98;76m▀[0m[38;2;255;255;255m[48;2;187;107;100m▀[0m[38;2;255;255;255m[48;2;214;204;204m▀[0m[38;2;255;255;255m[48;2;184;86;75m▀[0m[38;2;255;255;255m[48;2;255;26;20m▀[0m[38;2;8;0;0m[48;2;19;0;0m▀[0m[38;2;0;0;0m[48;2;13;49;41m▀[0m[38;2;0;0;0m[48;2;190;163;154m▀[0m[38;2;0;0;0m[48;2;0;0;0m▀[0m[38;2;75;82;82m[48;2;0;0;0m▀[0m[38;2;146;148;148m[48;2;219;219;219m▀[0m[38;2;134;133;133m[48;2;163;163;163m▀[0m[38;2;31;36;36m[48;2;0;0;0m▀[0m[38;2;0;0;0m[48;2;0;0;0m▀[0m[38;2;0;0;0m[48;2;0;0;0m▀[0m[38;2;255;255;255m[48;2;255;255;255m▀[0m[38;2;255;255;255m[48;2;255;255;255m▀[0m[38;2;255;255;255m[48;2;255;255;255m▀[0m[38;2;255;255;255m[48;2;255;255;255m▀[0m[38;2;255;255;255m[48;2;255;255;255m▀[0m[38;2;255;255;255m[48;2;255;255;255m▀[0m[38;2;255;255;255m[48;2;255;255;255m▀[0m[38;2;221;224;224m[48;2;218;224;222m▀[0m[38;2;46;48;48m[48;2;140;139;135m▀[0m
[38;2;0;0;0m[48;2;2;0;3m▀[0m[38;2;169;171;174m[48;2;181;186;186m▀[0m[38;2;235;234;234m[48;2;234;236;236m▀[0m[38;2;255;255;255m[48;2;255;255;255m▀[0m[38;2;255;255;255m[48;2;255;255;255m▀[0m[38;2;255;255;255m[48;2;255;255;255m▀[0m[38;2;255;255;255m[48;2;255;255;255m▀[0m[38;2;255;255;255m[48;2;255;255;255m▀[0m[38;2;255;255;255m[48;2;255;255;255m▀[0m[38;2;255;255;255m[48;2;255;255;255m▀[0m[38;2;137;145;145m[48;2;152;157;153m▀[0m[38;2;0;0;0m[48;2;0;0;0m▀[0m[38;2;0;0;0m[48;2;0;0;0m▀[0m[38;2;64;72;72m[48;2;0;0;0m▀[0m[38;2;205;214;211m[48;2;0;0;0m▀[0m[38;2;31;36;31m[48;2;0;0;0m▀[0m[38;2;0;0;0m[48;2;0;0;0m▀[0m[38;2;0;0;0m[48;2;0;0;0m▀[0m[38;2;0;0;0m[48;2;0;0;0m▀[0m[38;2;73;39;33m[48;2;89;9;6m▀[0m[38;2;255;64;52m[48;2;255;0;0m▀[0m[38;2;255;6;0m[48;2;255;0;0m▀[0m[38;2;255;0;0m[48;2;255;0;0m▀[0m[38;2;255;0;0m[48;2;255;9;0m▀[0m[38;2;222;0;0m[48;2;243;211;206m▀[0m[38;2;0;0;0m[48;2;110;164;168m▀[0m[38;2;125;146;128m[48;2;153;208;207m▀[0m[38;2;58;59;50m[48;2;0;0;0m▀[0m[38;2;0;0;0m[48;2;28;36;36m▀[0m[38;2;58;58;58m[48;2;0;0;0m▀[0m[38;2;255;255;255m[48;2;147;151;151m▀[0m[38;2;7;6;6m[48;2;0;0;0m▀[0m[38;2;0;0;0m[48;2;0;0;0m▀[0m[38;2;0;0;0m[48;2;0;0;0m▀[0m[38;2;4;6;6m[48;2;39;41;41m▀[0m[38;2;240;242;242m[48;2;0;0;0m▀[0m[38;2;255;255;255m[48;2;255;255;255m▀[0m[38;2;255;255;255m[48;2;255;255;255m▀[0m[38;2;255;255;255m[48;2;255;255;255m▀[0m[38;2;255;255;255m[48;2;255;255;255m▀[0m[38;2;255;255;255m[48;2;255;255;255m▀[0m[38;2;255;255;255m[48;2;255;255;255m▀[0m[38;2;237;244;244m[48;2;249;255;255m▀[0m[38;2;104;107;107m[48;2;99;101;99m▀[0m
[38;2;0;0;0m[48;2;0;0;0m▀[0m[38;2;183;188;188m[48;2;192;198;195m▀[0m[38;2;235;237;237m[48;2;243;246;239m▀[0m[38;2;255;255;255m[48;2;255;255;255m▀[0m[38;2;255;255;255m[48;2;255;255;255m▀[0m[38;2;255;255;255m[48;2;255;255;255m▀[0m[38;2;255;255;255m[48;2;255;255;255m▀[0m[38;2;255;255;255m[48;2;255;255;255m▀[0m[38;2;255;255;255m[48;2;255;255;255m▀[0m[38;2;246;243;246m[48;2;0;0;0m▀[0m[38;2;0;0;0m[48;2;0;0;0m▀[0m[38;2;5;4;4m[48;2;43;43;44m▀[0m[38;2;0;0;0m[48;2;0;0;0m▀[0m[38;2;0;0;0m[48;2;121;120;120m▀[0m[38;2;131;135;137m[48;2;36;38;38m▀[0m[38;2;58;66;71m[48;2;0;0;0m▀[0m[38;2;0;0;0m[48;2;243;253;251m▀[0m[38;2;0;0;0m[48;2;197;238;237m▀[0m[38;2;154;255;255m[48;2;255;255;255m▀[0m[38;2;255;46;39m[48;2;255;0;0m▀[0m[38;2;255;0;0m[48;2;255;0;0m▀[0m[38;2;255;0;0m[48;2;255;0;0m▀[0m[38;2;255;0;0m[48;2;255;0;0m▀[0m[38;2;255;0;0m[48;2;255;0;0m▀[0m[38;2;255;0;0m[48;2;255;0;0m▀[0m[38;2;255;255;255m[48;2;230;255;255m▀[0m[38;2;255;255;255m[48;2;255;255;255m▀[0m[38;2;112;121;122m[48;2;255;255;255m▀[0m[38;2;0;0;0m[48;2;113;117;113m▀[0m[38;2;0;0;0m[48;2;255;255;255m▀[0m[38;2;0;0;0m[48;2;0;0;0m▀[0m[38;2;64;67;67m[48;2;1;4;4m▀[0m[38;2;0;0;0m[48;2;4;3;3m▀[0m[38;2;11;8;12m[48;2;37;40;42m▀[0m[38;2;74;76;76m[48;2;52;55;55m▀[0m[38;2;0;0;0m[48;2;0;0;0m▀[0m[38;2;0;0;0m[48;2;0;0;0m▀[0m[38;2;255;255;255m[48;2;0;0;0m▀[0m[38;2;255;255;255m[48;2;255;255;255m▀[0m[38;2;255;255;255m[48;2;255;255;255m▀[0m[38;2;255;255;255m[48;2;255;255;255m▀[0m[38;2;255;255;255m[48;2;255;255;255m▀[0m[38;2;243;245;246m[48;2;230;228;230m▀[0m[38;2;110;111;108m[48;2;171;172;169m▀[0m
[38;2;0;0;0m[48;2;99;102;102m▀[0m[38;2;1;3;1m[48;2;0;0;0m▀[0m[38;2;162;167;162m[48;2;0;0;0m▀[0m[38;2;255;255;255m[48;2;255;255;255m▀[0m[38;2;255;255;255m[48;2;255;255;255m▀[0m[38;2;255;255;255m[48;2;255;255;255m▀[0m[38;2;255;255;255m[48;2;255;255;255m▀[0m[38;2;255;255;255m[48;2;192;196;196m▀[0m[38;2;135;137;144m[48;2;0;0;0m▀[0m[38;2;0;0;0m[48;2;0;0;0m▀[0m[38;2;0;0;0m[48;2;0;0;0m▀[0m[38;2;52;56;56m[48;2;72;69;73m▀[0m[38;2;0;0;0m[48;2;0;0;0m▀[0m[38;2;0;0;0m[48;2;0;0;0m▀[0m[38;2;0;0;0m[48;2;0;0;0m▀[0m[38;2;57;60;62m[48;2;77;81;81m▀[0m[38;2;255;255;255m[48;2;180;187;187m▀[0m[38;2;255;255;255m[48;2;255;255;255m▀[0m[38;2;255;255;255m[48;2;255;155;146m▀[0m[38;2;255;0;0m[48;2;255;0;0m▀[0m[38;2;255;0;0m[48;2;44;105;113m▀[0m[38;2;255;0;0m[48;2;146;140;143m▀[0m[38;2;255;254;254m[48;2;255;255;255m▀[0m[38;2;255;0;0m[48;2;190;0;0m▀[0m[38;2;211;0;0m[48;2;140;243;248m▀[0m[38;2;179;255;255m[48;2;139;235;235m▀[0m[38;2;237;255;255m[48;2;129;154;156m▀[0m[38;2;255;255;255m[48;2;243;250;249m▀[0m[38;2;255;255;255m[48;2;255;255;255m▀[0m[38;2;255;255;255m[48;2;93;97;98m▀[0m[38;2;60;63;63m[48;2;0;0;0m▀[0m[38;2;0;0;0m[48;2;0;0;0m▀[0m[38;2;0;0;0m[48;2;0;0;0m▀[0m[38;2;55;59;61m[48;2;63;63;63m▀[0m[38;2;37;40;40m[48;2;23;23;23m▀[0m[38;2;0;0;0m[48;2;0;0;0m▀[0m[38;2;0;0;0m[48;2;0;0;0m▀[0m[38;2;0;0;0m[48;2;0;0;0m▀[0m[38;2;2;5;2m[48;2;0;0;0m▀[0m[38;2;255;255;255m[48;2;255;255;255m▀[0m[38;2;255;255;255m[48;2;255;255;255m▀[0m[38;2;255;255;255m[48;2;255;255;255m▀[0m[38;2;144;147;144m[48;2;0;0;0m▀[0m[38;2;21;21;21m[48;2;0;0;0m▀[0m
[38;2;39;39;40m[48;2;0;0;0m▀[0m[38;2;0;0;0m[48;2;0;0;0m▀[0m[38;2;0;0;0m[48;2;0;0;0m▀[0m[38;2;255;255;255m[48;2;3;3;3m▀[0m[38;2;255;255;255m[48;2;255;255;255m▀[0m[38;2;255;255;255m[48;2;255;255;255m▀[0m[38;2;255;255;255m[48;2;100;100;102m▀[0m[38;2;0;0;0m[48;2;0;0;0m▀[0m[38;2;0;0;0m[48;2;0;0;0m▀[0m[38;2;0;0;0m[48;2;0;0;0m▀[0m[38;2;0;0;0m[48;2;0;0;0m▀[0m[38;2;29;29;29m[48;2;0;0;0m▀[0m[38;2;0;0;0m[48;2;8;8;8m▀[0m[38;2;0;0;0m[48;2;164;167;164m▀[0m[38;2;0;0;0m[48;2;102;102;102m▀[0m[38;2;25;27;27m[48;2;181;183;183m▀[0m[38;2;215;223;222m[48;2;244;255;251m▀[0m[38;2;255;255;255m[48;2;255;255;255m▀[0m[38;2;179;186;175m[48;2;146;208;204m▀[0m[38;2;58;0;0m[48;2;0;96;95m▀[0m[38;2;8;103;109m[48;2;183;0;0m▀[0m[38;2;105;225;236m[48;2;255;84;83m▀[0m[38;2;255;93;92m[48;2;255;75;78m▀[0m[38;2;255;255;255m[48;2;255;255;255m▀[0m[38;2;116;116;104m[48;2;255;226;217m▀[0m[38;2;2;0;0m[48;2;230;0;0m▀[0m[38;2;56;78;83m[48;2;75;57;59m▀[0m[38;2;189;198;196m[48;2;204;219;218m▀[0m[38;2;255;255;255m[48;2;255;255;255m▀[0m[38;2;193;196;198m[48;2;255;255;255m▀[0m[38;2;0;0;0m[48;2;191;191;191m▀[0m[38;2;0;0;0m[48;2;156;160;156m▀[0m[38;2;0;0;0m[48;2;0;0;0m▀[0m[38;2;26;26;26m[48;2;65;67;67m▀[0m[38;2;0;0;0m[48;2;0;0;0m▀[0m[38;2;0;0;0m[48;2;0;0;0m▀[0m[38;2;0;0;0m[48;2;0;0;0m▀[0m[38;2;0;0;0m[48;2;0;0;0m▀[0m[38;2;0;0;0m[48;2;0;0;0m▀[0m[38;2;219;218;218m[48;2;255;255;255m▀[0m[38;2;255;255;255m[48;2;255;255;255m▀[0m[38;2;255;255;255m[48;2;20;24;20m▀[0m[38;2;0;0;0m[48;2;0;0;0m▀[0m[38;2;0;0;0m[48;2;0;0;0m▀[0m
[38;2;0;0;0m[48;2;43;47;47m▀[0m[38;2;97;100;102m[48;2;134;137;143m▀[0m[38;2;0;0;0m[48;2;0;0;0m▀[0m[38;2;0;0;0m[48;2;0;0;0m▀[0m[38;2;193;200;193m[48;2;0;0;0m▀[0m[38;2;255;255;255m[48;2;154;157;157m▀[0m[38;2;255;255;255m[48;2;255;255;255m▀[0m[38;2;0;0;0m[48;2;186;189;185m▀[0m[38;2;0;0;0m[48;2;0;0;0m▀[0m[38;2;0;0;0m[48;2;0;0;0m▀[0m[38;2;0;0;0m[48;2;116;118;116m▀[0m[38;2;255;255;255m[48;2;255;255;255m▀[0m[38;2;153;153;150m[48;2;255;255;255m▀[0m[38;2;0;0;0m[48;2;0;0;0m▀[0m[38;2;61;64;65m[48;2;0;0;0m▀[0m[38;2;253;255;253m[48;2;255;255;255m▀[0m[38;2;255;255;255m[48;2;250;255;254m▀[0m[38;2;255;255;255m[48;2;196;205;204m▀[0m[38;2;200;255;255m[48;2;255;255;255m▀[0m[38;2;255;47;42m[48;2;237;4;4m▀[0m[38;2;255;0;0m[48;2;255;174;172m▀[0m[38;2;255;217;219m[48;2;255;255;255m▀[0m[38;2;236;255;255m[48;2;174;175;170m▀[0m[38;2;255;255;255m[48;2;255;251;250m▀[0m[38;2;255;255;255m[48;2;255;255;255m▀[0m[38;2;255;255;255m[48;2;255;255;255m▀[0m[38;2;255;255;255m[48;2;173;178;179m▀[0m[38;2;255;255;255m[48;2;255;255;255m▀[0m[38;2;255;255;255m[48;2;156;156;156m▀[0m[38;2;255;255;255m[48;2;255;255;255m▀[0m[38;2;255;255;255m[48;2;255;255;255m▀[0m[38;2;34;34;34m[48;2;0;0;0m▀[0m[38;2;0;0;0m[48;2;62;62;62m▀[0m[38;2;255;255;255m[48;2;255;255;255m▀[0m[38;2;26;28;28m[48;2;255;255;255m▀[0m[38;2;0;0;0m[48;2;0;0;0m▀[0m[38;2;0;0;0m[48;2;0;0;0m▀[0m[38;2;0;0;0m[48;2;60;63;60m▀[0m[38;2;32;32;36m[48;2;255;255;255m▀[0m[38;2;255;255;255m[48;2;224;226;226m▀[0m[38;2;255;255;255m[48;2;0;0;0m▀[0m[38;2;0;0;0m[48;2;0;0;0m▀[0m[38;2;0;0;0m[48;2;0;0;0m▀[0m[38;2;78;82;82m[48;2;22;25;22m▀[0m
[38;2;2;5;5m[48;2;0;0;0m▀[0m[38;2;0;0;0m[48;2;0;0;0m▀[0m[38;2;0;0;0m[48;2;0;0;0m▀[0m[38;2;0;0;0m[48;2;0;0;0m▀[0m[38;2;0;0;0m[48;2;0;0;0m▀[0m[38;2;36;36;38m[48;2;166;169;169m▀[0m[38;2;5;4;4m[48;2;82;82;82m▀[0m[38;2;207;207;205m[48;2;251;251;249m▀[0m[38;2;178;178;178m[48;2;255;255;255m▀[0m[38;2;30;30;27m[48;2;255;255;255m▀[0m[38;2;150;153;153m[48;2;200;202;200m▀[0m[38;2;255;255;255m[48;2;255;255;255m▀[0m[38;2;255;255;255m[48;2;128;131;131m▀[0m[38;2;0;0;0m[48;2;0;0;0m▀[0m[38;2;0;0;0m[48;2;0;0;0m▀[0m[38;2;255;255;255m[48;2;28;31;31m▀[0m[38;2;255;255;255m[48;2;122;122;126m▀[0m[38;2;22;32;31m[48;2;166;172;170m▀[0m[38;2;121;145;146m[48;2;52;60;61m▀[0m[38;2;116;186;186m[48;2;0;49;54m▀[0m[38;2;255;255;250m[48;2;255;189;178m▀[0m[38;2;255;255;255m[48;2;255;255;255m▀[0m[38;2;213;203;196m[48;2;255;255;255m▀[0m[38;2;255;235;233m[48;2;255;255;255m▀[0m[38;2;255;255;255m[48;2;255;255;255m▀[0m[38;2;255;255;255m[48;2;221;227;225m▀[0m[38;2;167;169;167m[48;2;0;0;0m▀[0m[38;2;51;51;48m[48;2;0;0;0m▀[0m[38;2;90;94;95m[48;2;75;79;81m▀[0m[38;2;255;255;255m[48;2;75;77;77m▀[0m[38;2;199;201;201m[48;2;0;0;0m▀[0m[38;2;0;0;0m[48;2;0;0;0m▀[0m[38;2;255;255;255m[48;2;0;0;0m▀[0m[38;2;255;255;255m[48;2;255;255;255m▀[0m[38;2;255;255;255m[48;2;255;255;255m▀[0m[38;2;74;73;73m[48;2;239;239;239m▀[0m[38;2;255;255;255m[48;2;255;255;255m▀[0m[38;2;249;249;249m[48;2;255;255;255m▀[0m[38;2;27;30;30m[48;2;152;147;147m▀[0m[38;2;97;99;99m[48;2;201;203;204m▀[0m[38;2;0;0;0m[48;2;0;0;0m▀[0m[38;2;0;0;0m[48;2;0;0;0m▀[0m[38;2;0;0;0m[48;2;0;0;0m▀[0m[38;2;0;0;0m[48;2;0;0;0m▀[0m
[38;2;0;0;0m[48;2;81;78;81m▀[0m[38;2;0;0;0m[48;2;6;6;6m▀[0m[38;2;0;0;0m[48;2;0;0;0m▀[0m[38;2;0;0;0m[48;2;0;0;0m▀[0m[38;2;0;0;0m[48;2;9;9;9m▀[0m[38;2;206;210;206m[48;2;41;41;41m▀[0m[38;2;0;0;0m[48;2;81;84;84m▀[0m[38;2;120;124;124m[48;2;255;255;255m▀[0m[38;2;255;255;255m[48;2;255;255;255m▀[0m[38;2;255;255;255m[48;2;255;255;255m▀[0m[38;2;255;255;255m[48;2;255;255;255m▀[0m[38;2;255;255;255m[48;2;255;255;255m▀[0m[38;2;0;0;0m[48;2;255;255;255m▀[0m[38;2;0;0;0m[48;2;0;0;0m▀[0m[38;2;0;0;0m[48;2;0;0;0m▀[0m[38;2;0;0;0m[48;2;239;242;237m▀[0m[38;2;211;215;215m[48;2;255;255;255m▀[0m[38;2;255;255;255m[48;2;255;255;255m▀[0m[38;2;255;255;255m[48;2;255;255;255m▀[0m[38;2;71;95;99m[48;2;255;255;255m▀[0m[38;2;0;0;0m[48;2;255;255;255m▀[0m[38;2;75;0;0m[48;2;37;47;47m▀[0m[38;2;187;202;205m[48;2;0;0;0m▀[0m[38;2;182;186;190m[48;2;12;18;14m▀[0m[38;2;36;41;43m[48;2;197;200;200m▀[0m[38;2;0;0;0m[48;2;255;255;255m▀[0m[38;2;180;180;180m[48;2;255;255;255m▀[0m[38;2;255;255;255m[48;2;255;255;255m▀[0m[38;2;255;255;255m[48;2;255;255;255m▀[0m[38;2;182;184;186m[48;2;255;255;255m▀[0m[38;2;0;0;0m[48;2;71;73;73m▀[0m[38;2;0;0;0m[48;2;0;0;0m▀[0m[38;2;0;0;0m[48;2;255;255;255m▀[0m[38;2;255;255;255m[48;2;255;255;255m▀[0m[38;2;255;255;255m[48;2;255;255;255m▀[0m[38;2;255;255;255m[48;2;255;255;255m▀[0m[38;2;255;255;255m[48;2;255;255;255m▀[0m[38;2;157;157;160m[48;2;255;255;255m▀[0m[38;2;0;0;0m[48;2;215;215;215m▀[0m[38;2;175;174;175m[48;2;0;0;0m▀[0m[38;2;37;40;37m[48;2;143;143;143m▀[0m[38;2;0;0;0m[48;2;0;0;0m▀[0m[38;2;0;0;0m[48;2;0;0;0m▀[0m[38;2;0;0;0m[48;2;16;19;19m▀[0m
[38;2;26;29;29m[48;2;255;255;255m▀[0m[38;2;0;3;0m[48;2;74;74;76m▀[0m[38;2;0;0;0m[48;2;0;0;0m▀[0m[38;2;0;0;0m[48;2;0;0;0m▀[0m[38;2;28;28;28m[48;2;54;56;56m▀[0m[38;2;74;77;77m[48;2;255;255;255m▀[0m[38;2;255;255;255m[48;2;255;255;255m▀[0m[38;2;255;255;255m[48;2;255;255;255m▀[0m[38;2;255;255;255m[48;2;255;255;255m▀[0m[38;2;255;255;255m[48;2;255;255;255m▀[0m[38;2;255;255;255m[48;2;255;255;255m▀[0m[38;2;255;255;255m[48;2;255;255;255m▀[0m[38;2;255;255;255m[48;2;255;255;255m▀[0m[38;2;225;224;224m[48;2;255;255;255m▀[0m[38;2;0;0;0m[48;2;222;222;218m▀[0m[38;2;255;255;255m[48;2;235;237;237m▀[0m[38;2;255;255;255m[48;2;255;255;255m▀[0m[38;2;255;255;255m[48;2;255;255;255m▀[0m[38;2;255;255;255m[48;2;233;235;235m▀[0m[38;2;255;255;255m[48;2;249;255;251m▀[0m[38;2;255;255;255m[48;2;255;255;255m▀[0m[38;2;255;255;255m[48;2;190;193;188m▀[0m[38;2;255;255;255m[48;2;222;225;220m▀[0m[38;2;255;255;255m[48;2;255;255;255m▀[0m[38;2;255;255;255m[48;2;255;255;255m▀[0m[38;2;255;255;255m[48;2;255;255;255m▀[0m[38;2;255;255;255m[48;2;210;213;213m▀[0m[38;2;255;255;255m[48;2;255;255;255m▀[0m[38;2;255;255;255m[48;2;255;255;255m▀[0m[38;2;255;255;255m[48;2;255;255;255m▀[0m[38;2;214;216;214m[48;2;163;164;160m▀[0m[38;2;157;158;153m[48;2;255;255;255m▀[0m[38;2;255;255;255m[48;2;255;255;255m▀[0m[38;2;255;255;255m[48;2;255;255;255m▀[0m[38;2;255;255;255m[48;2;255;255;255m▀[0m[38;2;255;255;255m[48;2;255;255;255m▀[0m[38;2;255;255;255m[48;2;255;255;255m▀[0m[38;2;255;255;255m[48;2;255;255;255m▀[0m[38;2;255;255;255m[48;2;255;255;255m▀[0m[38;2;192;192;189m[48;2;255;255;255m▀[0m[38;2;38;38;38m[48;2;116;112;112m▀[0m[38;2;0;0;0m[48;2;11;11;11m▀[0m[38;2;0;0;0m[48;2;0;0;0m▀[0m[38;2;49;49;50m[48;2;0;0;0m▀[0m
[38;2;16;19;20m[48;2;0;0;0m▀[0m[38;2;49;49;50m[48;2;20;24;28m▀[0m[38;2;0;0;0m[48;2;0;0;0m▀[0m[38;2;0;0;0m[48;2;107;113;111m▀[0m[38;2;244;255;255m[48;2;255;255;255m▀[0m[38;2;255;255;255m[48;2;255;255;255m▀[0m[38;2;255;255;255m[48;2;255;208;213m▀[0m[38;2;255;255;255m[48;2;217;154;150m▀[0m[38;2;254;219;213m[48;2;255;255;255m▀[0m[38;2;255;222;219m[48;2;255;255;255m▀[0m[38;2;255;251;250m[48;2;255;255;255m▀[0m[38;2;255;255;255m[48;2;255;255;255m▀[0m[38;2;255;248;249m[48;2;255;255;255m▀[0m[38;2;253;219;219m[48;2;255;255;255m▀[0m[38;2;255;255;255m[48;2;255;255;255m▀[0m[38;2;164;166;166m[48;2;255;255;255m▀[0m[38;2;20;20;21m[48;2;0;0;0m▀[0m[38;2;108;112;113m[48;2;255;255;255m▀[0m[38;2;245;251;251m[48;2;255;255;255m▀[0m[38;2;255;255;255m[48;2;255;255;255m▀[0m[38;2;255;255;255m[48;2;144;153;157m▀[0m[38;2;255;255;255m[48;2;246;249;249m▀[0m[38;2;174;174;170m[48;2;239;245;239m▀[0m[38;2;236;239;236m[48;2;255;255;255m▀[0m[38;2;255;255;255m[48;2;209;207;205m▀[0m[38;2;255;255;255m[48;2;202;205;202m▀[0m[38;2;255;255;255m[48;2;255;255;255m▀[0m[38;2;140;143;143m[48;2;255;255;255m▀[0m[38;2;25;26;23m[48;2;0;0;0m▀[0m[38;2;41;43;43m[48;2;113;116;112m▀[0m[38;2;255;255;255m[48;2;255;255;255m▀[0m[38;2;255;255;255m[48;2;255;255;255m▀[0m[38;2;255;255;255m[48;2;255;255;255m▀[0m[38;2;255;255;255m[48;2;255;255;255m▀[0m[38;2;255;255;255m[48;2;255;255;255m▀[0m[38;2;255;255;255m[48;2;255;255;255m▀[0m[38;2;255;255;255m[48;2;255;255;255m▀[0m[38;2;255;255;255m[48;2;255;255;255m▀[0m[38;2;255;255;255m[48;2;255;255;255m▀[0m[38;2;255;255;255m[48;2;255;255;255m▀[0m[38;2;255;255;255m[48;2;255;255;255m▀[0m[38;2;87;87;87m[48;2;255;255;255m▀[0m[38;2;0;0;0m[48;2;0;0;0m▀[0m[38;2;42;42;43m[48;2;0;0;0m▀[0m
[38;2;16;19;20m[48;2;100;100;105m▀[0m[38;2;0;0;0m[48;2;0;0;0m▀[0m[38;2;0;0;0m[48;2;52;58;58m▀[0m[38;2;255;255;255m[48;2;255;255;255m▀[0m[38;2;255;255;255m[48;2;255;221;217m▀[0m[38;2;220;78;81m[48;2;214;26;25m▀[0m[38;2;231;174;179m[48;2;255;255;255m▀[0m[38;2;255;255;255m[48;2;255;255;255m▀[0m[38;2;255;255;255m[48;2;255;255;255m▀[0m[38;2;255;255;255m[48;2;255;255;255m▀[0m[38;2;255;255;255m[48;2;255;255;255m▀[0m[38;2;255;255;255m[48;2;255;255;255m▀[0m[38;2;255;255;255m[48;2;255;255;255m▀[0m[38;2;255;255;255m[48;2;255;255;255m▀[0m[38;2;255;255;255m[48;2;255;255;255m▀[0m[38;2;255;255;255m[48;2;255;255;255m▀[0m[38;2;255;255;255m[48;2;255;255;255m▀[0m[38;2;203;204;201m[48;2;180;187;187m▀[0m[38;2;255;255;255m[48;2;98;107;110m▀[0m[38;2;236;244;245m[48;2;250;254;254m▀[0m[38;2;255;255;255m[48;2;255;255;255m▀[0m[38;2;179;181;182m[48;2;183;187;187m▀[0m[38;2;186;189;186m[48;2;236;236;233m▀[0m[38;2;255;255;255m[48;2;255;255;255m▀[0m[38;2;233;230;233m[48;2;142;140;142m▀[0m[38;2;224;224;225m[48;2;238;240;245m▀[0m[38;2;251;251;251m[48;2;215;217;217m▀[0m[38;2;252;251;252m[48;2;80;82;80m▀[0m[38;2;199;199;195m[48;2;255;255;255m▀[0m[38;2;255;255;255m[48;2;255;255;255m▀[0m[38;2;255;255;255m[48;2;255;255;255m▀[0m[38;2;255;255;255m[48;2;255;255;255m▀[0m[38;2;255;255;255m[48;2;255;255;255m▀[0m[38;2;255;255;255m[48;2;255;255;255m▀[0m[38;2;255;255;255m[48;2;255;255;255m▀[0m[38;2;255;255;255m[48;2;255;255;255m▀[0m[38;2;255;255;255m[48;2;255;255;255m▀[0m[38;2;255;255;255m[48;2;255;255;255m▀[0m[38;2;255;255;255m[48;2;255;255;255m▀[0m[38;2;255;255;255m[48;2;255;255;255m▀[0m[38;2;255;255;255m[48;2;255;255;255m▀[0m[38;2;255;255;255m[48;2;255;255;255m▀[0m[38;2;143;143;143m[48;2;255;255;255m▀[0m[38;2;0;0;0m[48;2;0;0;0m▀[0m
[38;2;0;0;0m[48;2;0;0;0m▀[0m[38;2;0;0;0m[48;2;0;0;0m▀[0m[38;2;255;255;255m[48;2;255;255;255m▀[0m[38;2;255;255;255m[48;2;255;248;242m▀[0m[38;2;254;206;200m[48;2;255;255;255m▀[0m[38;2;255;255;255m[48;2;255;255;255m▀[0m[38;2;237;169;164m[48;2;246;215;211m▀[0m[38;2;255;255;255m[48;2;255;255;255m▀[0m[38;2;255;255;255m[48;2;255;255;255m▀[0m[38;2;255;255;255m[48;2;255;255;255m▀[0m[38;2;255;255;255m[48;2;255;255;255m▀[0m[38;2;255;255;255m[48;2;255;255;255m▀[0m[38;2;255;255;255m[48;2;255;255;255m▀[0m[38;2;255;255;255m[48;2;255;255;255m▀[0m[38;2;255;255;255m[48;2;255;255;255m▀[0m[38;2;255;255;255m[48;2;255;255;255m▀[0m[38;2;255;255;255m[48;2;255;255;255m▀[0m[38;2;255;255;255m[48;2;255;255;255m▀[0m[38;2;113;117;113m[48;2;151;151;151m▀[0m[38;2;255;255;255m[48;2;255;255;255m▀[0m[38;2;255;255;255m[48;2;255;255;255m▀[0m[38;2;240;242;240m[48;2;255;255;255m▀[0m[38;2;240;240;237m[48;2;255;255;255m▀[0m[38;2;255;255;255m[48;2;255;255;255m▀[0m[38;2;255;255;255m[48;2;255;255;255m▀[0m[38;2;255;255;255m[48;2;255;255;255m▀[0m[38;2;255;255;255m[48;2;201;203;204m▀[0m[38;2;156;155;156m[48;2;218;221;218m▀[0m[38;2;255;255;255m[48;2;255;255;255m▀[0m[38;2;255;255;255m[48;2;255;255;255m▀[0m[38;2;255;255;255m[48;2;255;255;255m▀[0m[38;2;255;255;255m[48;2;255;255;255m▀[0m[38;2;255;255;255m[48;2;255;255;255m▀[0m[38;2;255;255;255m[48;2;255;255;255m▀[0m[38;2;255;255;255m[48;2;255;255;255m▀[0m[38;2;255;255;255m[48;2;255;255;255m▀[0m[38;2;255;255;255m[48;2;255;255;255m▀[0m[38;2;255;255;255m[48;2;255;255;255m▀[0m[38;2;255;255;255m[48;2;255;255;255m▀[0m[38;2;255;255;255m[48;2;255;255;255m▀[0m[38;2;255;255;255m[48;2;255;255;255m▀[0m[38;2;255;255;255m[48;2;255;255;255m▀[0m[38;2;255;255;255m[48;2;255;255;255m▀[0m[38;2;85;84;85m[48;2;255;255;255m▀[0m
