[38;2;0;0;0m[48;2;0;0;0m▀[0m[38;2;0;0;0m[48;2;0;0;0m▀[0m[38;2;0;0;0m[48;2;0;0;0m▀[0m[38;2;114;114;114m[48;2;121;121;121m▀[0m[38;2;229;229;229m[48;2;229;229;229m▀[0m[38;2;203;206;201m[48;2;229;229;229m▀[0m[38;2;229;229;229m[48;2;229;229;229m▀[0m[38;2;222;225;222m[48;2;229;229;229m▀[0m[38;2;0;0;0m[48;2;0;0;0m▀[0m[38;2;0;0;0m[48;2;0;0;0m▀[0m[38;2;0;0;0m[48;2;0;0;0m▀[0m[38;2;81;83;83m[48;2;91;96;93m▀[0m[38;2;99;102;102m[48;2;202;207;204m▀[0m[38;2;93;90;93m[48;2;188;188;188m▀[0m[38;2;10;10;10m[48;2;72;72;72m▀[0m[38;2;0;0;0m[48;2;40;43;43m▀[0m[38;2;0;0;0m[48;2;0;0;0m▀[0m[38;2;0;0;0m[48;2;0;0;0m▀[0m[38;2;0;0;0m[48;2;0;0;0m▀[0m[38;2;0;0;0m[48;2;0;0;0m▀[0m[38;2;0;0;0m[48;2;0;0;0m▀[0m[38;2;0;0;0m[48;2;0;0;0m▀[0m[38;2;0;0;0m[48;2;0;0;0m▀[0m[38;2;195;0;0m[48;2;203;0;0m▀[0m[38;2;0;0;0m[48;2;0;0;0m▀[0m[38;2;0;0;0m[48;2;0;0;0m▀[0m[38;2;0;1;0m[48;2;0;0;0m▀[0m[38;2;0;0;0m[48;2;0;0;0m▀[0m[38;2;0;0;0m[48;2;0;0;0m▀[0m[38;2;0;0;0m[48;2;27;27;25m▀[0m[38;2;0;0;0m[48;2;63;65;65m▀[0m[38;2;82;86;85m[48;2;93;97;97m▀[0m[38;2;132;140;140m[48;2;98;100;100m▀[0m[38;2;133;135;138m[48;2;111;113;113m▀[0m[38;2;0;0;0m[48;2;54;60;55m▀[0m[38;2;0;0;0m[48;2;0;0;0m▀[0m[38;2;0;0;0m[48;2;6;6;8m▀[0m[38;2;229;229;229m[48;2;229;229;229m▀[0m[38;2;223;225;225m[48;2;219;221;219m▀[0m[38;2;214;214;214m[48;2;229;229;229m▀[0m[38;2;229;229;229m[48;2;229;229;229m▀[0m[38;2;0;0;0m[48;2;18;18;20m▀[0m[38;2;0;0;0m[48;2;0;0;0m▀[0m[38;2;0;0;0m[48;2;0;0;0m▀[0m
[38;2;4;4;2m[48;2;6;5;5m▀[0m[38;2;0;0;0m[48;2;0;0;0m▀[0m[38;2;0;0;0m[48;2;0;0;0m▀[0m[38;2;142;139;142m[48;2;192;195;195m▀[0m[38;2;229;229;229m[48;2;229;229;229m▀[0m[38;2;229;229;229m[48;2;229;229;229m▀[0m[38;2;229;229;229m[48;2;229;229;229m▀[0m[38;2;229;229;229m[48;2;229;229;229m▀[0m[38;2;9;10;11m[48;2;120;120;120m▀[0m[38;2;0;0;0m[48;2;0;0;0m▀[0m[38;2;0;0;0m[48;2;0;0;0m▀[0m[38;2;0;0;0m[48;2;8;8;8m▀[0m[38;2;62;64;64m[48;2;55;55;55m▀[0m[38;2;136;135;135m[48;2;43;43;44m▀[0m[38;2;72;72;69m[48;2;50;50;50m▀[0m[38;2;0;0;0m[48;2;0;0;0m▀[0m[38;2;0;2;2m[48;2;0;0;0m▀[0m[38;2;0;0;0m[48;2;0;0;0m▀[0m[38;2;0;0;0m[48;2;0;0;0m▀[0m[38;2;8;0;0m[48;2;102;2;0m▀[0m[38;2;0;0;0m[48;2;79;0;0m▀[0m[38;2;27;0;0m[48;2;229;0;0m▀[0m[38;2;219;0;0m[48;2;229;0;0m▀[0m[38;2;229;0;0m[48;2;229;0;0m▀[0m[38;2;0;0;0m[48;2;229;0;0m▀[0m[38;2;0;0;0m[48;2;59;0;0m▀[0m[38;2;0;0;0m[48;2;0;0;0m▀[0m[38;2;0;0;0m[48;2;0;0;0m▀[0m[38;2;0;0;0m[48;2;0;0;0m▀[0m[38;2;15;17;17m[48;2;0;0;0m▀[0m[38;2;0;0;0m[48;2;29;29;29m▀[0m[38;2;60;62;63m[48;2;0;0;0m▀[0m[38;2;0;0;0m[48;2;37;37;36m▀[0m[38;2;144;146;146m[48;2;185;189;189m▀[0m[38;2;30;33;32m[48;2;104;109;108m▀[0m[38;2;0;0;0m[48;2;0;0;0m▀[0m[38;2;46;49;49m[48;2;103;102;102m▀[0m[38;2;229;229;229m[48;2;229;229;229m▀[0m[38;2;229;229;229m[48;2;229;229;229m▀[0m[38;2;229;229;229m[48;2;229;229;229m▀[0m[38;2;229;229;229m[48;2;229;229;229m▀[0m[38;2;87;84;84m[48;2;183;183;183m▀[0m[38;2;0;0;0m[48;2;0;0;0m▀[0m[38;2;103;105;103m[48;2;90;90;90m▀[0m
[38;2;26;25;25m[48;2;27;29;29m▀[0m[38;2;49;55;55m[48;2;0;0;0m▀[0m[38;2;0;0;0m[48;2;0;0;0m▀[0m[38;2;229;229;229m[48;2;229;229;229m▀[0m[38;2;229;229;229m[48;2;229;229;229m▀[0m[38;2;229;229;229m[48;2;229;229;229m▀[0m[38;2;229;229;229m[48;2;229;229;229m▀[0m[38;2;229;229;229m[48;2;229;229;229m▀[0m[38;2;229;229;229m[48;2;229;229;229m▀[0m[38;2;0;0;0m[48;2;0;0;0m▀[0m[38;2;123;123;120m[48;2;0;0;0m▀[0m[38;2;71;71;71m[48;2;129;129;129m▀[0m[38;2;5;5;5m[48;2;8;7;7m▀[0m[38;2;49;49;49m[48;2;0;0;0m▀[0m[38;2;4;4;4m[48;2;65;65;65m▀[0m[38;2;0;0;0m[48;2;6;6;6m▀[0m[38;2;0;0;0m[48;2;0;0;0m▀[0m[38;2;0;0;0m[48;2;0;0;0m▀[0m[38;2;0;0;0m[48;2;0;0;0m▀[0m[38;2;0;0;0m[48;2;0;0;0m▀[0m[38;2;135;0;0m[48;2;19;40;41m▀[0m[38;2;28;61;62m[48;2;229;229;229m▀[0m[38;2;183;152;157m[48;2;229;72;67m▀[0m[38;2;195;99;95m[48;2;229;188;179m▀[0m[38;2;125;7;0m[48;2;99;229;229m▀[0m[38;2;30;0;0m[48;2;105;0;0m▀[0m[38;2;0;0;0m[48;2;0;0;0m▀[0m[38;2;0;0;0m[48;2;0;0;0m▀[0m[38;2;0;0;0m[48;2;45;47;50m▀[0m[38;2;29;29;29m[48;2;99;101;103m▀[0m[38;2;39;39;41m[48;2;0;0;0m▀[0m[38;2;0;0;0m[48;2;4;4;2m▀[0m[38;2;157;162;161m[48;2;88;90;91m▀[0m[38;2;131;135;140m[48;2;2;4;6m▀[0m[38;2;0;0;0m[48;2;0;0;0m▀[0m[38;2;0;0;0m[48;2;0;0;0m▀[0m[38;2;213;213;213m[48;2;229;229;229m▀[0m[38;2;229;229;229m[48;2;229;229;229m▀[0m[38;2;229;229;229m[48;2;229;229;229m▀[0m[38;2;229;229;229m[48;2;229;229;229m▀[0m[38;2;229;229;229m[48;2;229;229;229m▀[0m[38;2;229;229;229m[48;2;229;229;229m▀[0m[38;2;0;0;0m[48;2;0;0;0m▀[0m[38;2;0;0;0m[48;2;0;0;0m▀[0m
[38;2;66;66;66m[48;2;229;229;229m▀[0m[38;2;10;11;9m[48;2;0;0;0m▀[0m[38;2;0;0;0m[48;2;1;3;3m▀[0m[38;2;229;229;229m[48;2;229;229;229m▀[0m[38;2;229;229;229m[48;2;229;229;229m▀[0m[38;2;229;229;229m[48;2;229;229;229m▀[0m[38;2;229;229;229m[48;2;229;229;229m▀[0m[38;2;229;229;229m[48;2;229;229;229m▀[0m[38;2;229;229;229m[48;2;229;229;229m▀[0m[38;2;26;26;26m[48;2;144;144;144m▀[0m[38;2;0;0;0m[48;2;0;0;0m▀[0m[38;2;0;0;0m[48;2;0;0;0m▀[0m[38;2;104;104;104m[48;2;40;40;40m▀[0m[38;2;0;0;0m[48;2;82;82;82m▀[0m[38;2;20;20;20m[48;2;119;122;121m▀[0m[38;2;43;43;45m[48;2;0;0;0m▀[0m[38;2;35;37;37m[48;2;29;33;34m▀[0m[38;2;0;0;0m[48;2;9;19;19m▀[0m[38;2;0;0;0m[48;2;0;0;0m▀[0m[38;2;0;0;0m[48;2;30;0;0m▀[0m[38;2;229;78;75m[48;2;229;0;0m▀[0m[38;2;229;229;229m[48;2;229;229;229m▀[0m[38;2;229;112;109m[48;2;229;229;229m▀[0m[38;2;229;156;152m[48;2;229;229;229m▀[0m[38;2;229;229;229m[48;2;229;229;229m▀[0m[38;2;16;0;0m[48;2;0;4;5m▀[0m[38;2;0;0;0m[48;2;0;0;0m▀[0m[38;2;0;0;0m[48;2;0;0;0m▀[0m[38;2;5;8;8m[48;2;0;0;0m▀[0m[38;2;35;36;36m[48;2;13;15;15m▀[0m[38;2;0;0;0m[48;2;100;103;103m▀[0m[38;2;4;4;2m[48;2;28;30;30m▀[0m[38;2;54;54;55m[48;2;20;20;20m▀[0m[38;2;0;0;0m[48;2;0;0;0m▀[0m[38;2;0;0;0m[48;2;0;0;0m▀[0m[38;2;27;30;27m[48;2;150;149;149m▀[0m[38;2;229;229;229m[48;2;229;229;229m▀[0m[38;2;229;229;229m[48;2;229;229;229m▀[0m[38;2;229;229;229m[48;2;229;229;229m▀[0m[38;2;229;229;229m[48;2;229;229;229m▀[0m[38;2;229;229;229m[48;2;229;229;229m▀[0m[38;2;229;229;229m[48;2;229;229;229m▀[0m[38;2;14;13;13m[48;2;100;103;103m▀[0m[38;2;16;19;19m[48;2;0;0;0m▀[0m
[38;2;86;89;89m[48;2;0;0;0m▀[0m[38;2;0;0;0m[48;2;26;29;29m▀[0m[38;2;138;140;140m[48;2;210;211;208m▀[0m[38;2;229;229;229m[48;2;229;229;229m▀[0m[38;2;229;229;229m[48;2;229;229;229m▀[0m[38;2;229;229;229m[48;2;229;229;229m▀[0m[38;2;229;229;229m[48;2;229;229;229m▀[0m[38;2;229;229;229m[48;2;229;229;229m▀[0m[38;2;229;229;229m[48;2;229;229;229m▀[0m[38;2;229;229;229m[48;2;229;229;229m▀[0m[38;2;0;0;0m[48;2;0;0;0m▀[0m[38;2;0;0;0m[48;2;0;0;0m▀[0m[38;2;0;0;0m[48;2;0;0;0m▀[0m[38;2;85;85;82m[48;2;76;76;76m▀[0m[38;2;191;194;189m[48;2;210;215;210m▀[0m[38;2;105;105;105m[48;2;155;159;153m▀[0m[38;2;0;0;0m[48;2;2;6;7m▀[0m[38;2;0;0;0m[48;2;0;0;0m▀[0m[38;2;0;0;0m[48;2;0;0;0m▀[0m[38;2;132;19;23m[48;2;201;176;170m▀[0m[38;2;229;229;229m[48;2;229;83;64m▀[0m[38;2;229;229;229m[48;2;159;90;85m▀[0m[38;2;229;229;229m[48;2;181;173;173m▀[0m[38;2;229;229;229m[48;2;156;73;63m▀[0m[38;2;229;229;224m[48;2;229;22;17m▀[0m[38;2;7;0;0m[48;2;16;0;0m▀[0m[38;2;0;0;0m[48;2;11;42;35m▀[0m[38;2;0;0;0m[48;2;162;138;131m▀[0m[38;2;0;0;0m[48;2;0;0;0m▀[0m[38;2;63;70;70m[48;2;0;0;0m▀[0m[38;2;124;126;126m[48;2;186;186;186m▀[0m[38;2;114;113;113m[48;2;138;138;138m▀[0m[38;2;27;30;30m[48;2;0;0;0m▀[0m[38;2;0;0;0m[48;2;0;0;0m▀[0m[38;2;0;0;0m[48;2;0;0;0m▀[0m[38;2;229;229;229m[48;2;229;229;229m▀[0m[38;2;229;229;229m[48;2;229;229;229m▀[0m[38;2;229;229;229m[48;2;229;229;229m▀[0m[38;2;229;229;229m[48;2;229;229;229m▀[0m[38;2;229;229;229m[48;2;229;229;229m▀[0m[38;2;229;229;229m[48;2;229;229;229m▀[0m[38;2;229;229;229m[48;2;229;229;229m▀[0m[38;2;188;190;190m[48;2;185;190;189m▀[0m[38;2;39;41;41m[48;2;119;118;115m▀[0m
[38;2;0;0;0m[48;2;1;0;2m▀[0m[38;2;144;145;148m[48;2;153;158;158m▀[0m[38;2;199;198;198m[48;2;198;200;200m▀[0m[38;2;229;229;229m[48;2;229;229;229m▀[0m[38;2;229;229;229m[48;2;229;229;229m▀[0m[38;2;229;229;229m[48;2;229;229;229m▀[0m[38;2;229;229;229m[48;2;229;229;229m▀[0m[38;2;229;229;229m[48;2;229;229;229m▀[0m[38;2;229;229;229m[48;2;229;229;229m▀[0m[38;2;229;229;229m[48;2;229;229;229m▀[0m[38;2;117;123;123m[48;2;129;134;130m▀[0m[38;2;0;0;0m[48;2;0;0;0m▀[0m[38;2;0;0;0m[48;2;0;0;0m▀[0m[38;2;54;61;61m[48;2;0;0;0m▀[0m[38;2;174;181;180m[48;2;0;0;0m▀[0m[38;2;27;30;27m[48;2;0;0;0m▀[0m[38;2;0;0;0m[48;2;0;0;0m▀[0m[38;2;0;0;0m[48;2;0;0;0m▀[0m[38;2;0;0;0m[48;2;0;0;0m▀[0m[38;2;62;33;28m[48;2;75;8;5m▀[0m[38;2;229;54;45m[48;2;229;0;0m▀[0m[38;2;229;5;0m[48;2;229;0;0m▀[0m[38;2;229;0;0m[48;2;229;0;0m▀[0m[38;2;229;0;0m[48;2;229;8;0m▀[0m[38;2;189;0;0m[48;2;207;180;175m▀[0m[38;2;0;0;0m[48;2;93;139;143m▀[0m[38;2;106;124;108m[48;2;130;177;176m▀[0m[38;2;49;50;43m[48;2;0;0;0m▀[0m[38;2;0;0;0m[48;2;24;30;30m▀[0m[38;2;49;49;49m[48;2;0;0;0m▀[0m[38;2;229;229;229m[48;2;125;128;128m▀[0m[38;2;6;5;5m[48;2;0;0;0m▀[0m[38;2;0;0;0m[48;2;0;0;0m▀[0m[38;2;0;0;0m[48;2;0;0;0m▀[0m[38;2;3;5;5m[48;2;33;35;35m▀[0m[38;2;204;206;206m[48;2;0;0;0m▀[0m[38;2;229;229;229m[48;2;229;229;229m▀[0m[38;2;229;229;229m[48;2;229;229;229m▀[0m[38;2;229;229;229m[48;2;229;229;229m▀[0m[38;2;229;229;229m[48;2;229;229;229m▀[0m[38;2;229;229;229m[48;2;229;229;229m▀[0m[38;2;229;229;229m[48;2;229;229;229m▀[0m[38;2;201;207;207m[48;2;211;218;217m▀[0m[38;2;89;90;90m[48;2;84;86;84m▀[0m
[38;2;0;0;0m[48;2;0;0;0m▀[0m[38;2;155;160;160m[48;2;163;168;165m▀[0m[38;2;199;201;201m[48;2;207;209;203m▀[0m[38;2;229;229;229m[48;2;229;229;229m▀[0m[38;2;229;229;229m[48;2;229;229;229m▀[0m[38;2;229;229;229m[48;2;229;229;229m▀[0m[38;2;229;229;229m[48;2;229;229;229m▀[0m[38;2;229;229;229m[48;2;229;229;229m▀[0m[38;2;229;229;229m[48;2;229;229;229m▀[0m[38;2;209;207;209m[48;2;0;0;0m▀[0m[38;2;0;0;0m[48;2;0;0;0m▀[0m[38;2;4;3;3m[48;2;36;36;37m▀[0m[38;2;0;0;0m[48;2;0;0;0m▀[0m[38;2;0;0;0m[48;2;103;102;102m▀[0m[38;2;111;115;117m[48;2;30;32;32m▀[0m[38;2;49;56;60m[48;2;0;0;0m▀[0m[38;2;0;0;0m[48;2;207;215;213m▀[0m[38;2;0;0;0m[48;2;167;202;201m▀[0m[38;2;131;229;229m[48;2;229;229;229m▀[0m[38;2;229;39;33m[48;2;229;0;0m▀[0m[38;2;229;0;0m[48;2;229;0;0m▀[0m[38;2;229;0;0m[48;2;229;0;0m▀[0m[38;2;229;0;0m[48;2;229;0;0m▀[0m[38;2;229;0;0m[48;2;229;0;0m▀[0m[38;2;229;0;0m[48;2;229;0;0m▀[0m[38;2;229;229;229m[48;2;195;229;229m▀[0m[38;2;229;229;229m[48;2;229;229;229m▀[0m[38;2;95;103;104m[48;2;229;229;229m▀[0m[38;2;0;0;0m[48;2;96;99;96m▀[0m[38;2;0;0;0m[48;2;218;217;217m▀[0m[38;2;0;0;0m[48;2;0;0;0m▀[0m[38;2;54;57;57m[48;2;0;3;3m▀[0m[38;2;0;0;0m[48;2;3;2;2m▀[0m[38;2;9;7;10m[48;2;31;34;36m▀[0m[38;2;63;64;64m[48;2;45;46;46m▀[0m[38;2;0;0;0m[48;2;0;0;0m▀[0m[38;2;0;0;0m[48;2;0;0;0m▀[0m[38;2;229;229;229m[48;2;0;0;0m▀[0m[38;2;229;229;229m[48;2;229;229;229m▀[0m[38;2;229;229;229m[48;2;229;229;229m▀[0m[38;2;229;229;229m[48;2;229;229;229m▀[0m[38;2;229;229;229m[48;2;229;229;229m▀[0m[38;2;207;208;209m[48;2;195;194;195m▀[0m[38;2;93;94;91m[48;2;145;146;144m▀[0m
[38;2;0;0;0m[48;2;84;87;87m▀[0m[38;2;0;2;0m[48;2;0;0;0m▀[0m[38;2;137;142;137m[48;2;0;0;0m▀[0m[38;2;229;229;229m[48;2;229;229;229m▀[0m[38;2;229;229;229m[48;2;229;229;229m▀[0m[38;2;229;229;229m[48;2;229;229;229m▀[0m[38;2;229;229;229m[48;2;229;229;229m▀[0m[38;2;229;229;229m[48;2;163;166;166m▀[0m[38;2;115;117;122m[48;2;0;0;0m▀[0m[38;2;0;0;0m[48;2;0;0;0m▀[0m[38;2;0;0;0m[48;2;0;0;0m▀[0m[38;2;45;47;47m[48;2;61;59;62m▀[0m[38;2;0;0;0m[48;2;0;0;0m▀[0m[38;2;0;0;0m[48;2;0;0;0m▀[0m[38;2;0;0;0m[48;2;0;0;0m▀[0m[38;2;48;51;53m[48;2;65;69;69m▀[0m[38;2;219;228;229m[48;2;153;159;159m▀[0m[38;2;229;229;229m[48;2;229;229;229m▀[0m[38;2;229;229;229m[48;2;229;132;124m▀[0m[38;2;229;0;0m[48;2;229;0;0m▀[0m[38;2;229;0;0m[48;2;37;90;96m▀[0m[38;2;229;0;0m[48;2;124;119;121m▀[0m[38;2;229;216;216m[48;2;229;229;229m▀[0m[38;2;229;0;0m[48;2;162;0;0m▀[0m[38;2;180;0;0m[48;2;119;207;210m▀[0m[38;2;152;229;229m[48;2;118;199;199m▀[0m[38;2;201;222;223m[48;2;109;131;133m▀[0m[38;2;229;229;229m[48;2;207;212;211m▀[0m[38;2;229;229;229m[48;2;229;229;229m▀[0m[38;2;229;229;229m[48;2;79;82;83m▀[0m[38;2;51;54;54m[48;2;0;0;0m▀[0m[38;2;0;0;0m[48;2;0;0;0m▀[0m[38;2;0;0;0m[48;2;0;0;0m▀[0m[38;2;46;50;52m[48;2;54;54;54m▀[0m[38;2;31;34;34m[48;2;19;19;19m▀[0m[38;2;0;0;0m[48;2;0;0;0m▀[0m[38;2;0;0;0m[48;2;0;0;0m▀[0m[38;2;0;0;0m[48;2;0;0;0m▀[0m[38;2;1;4;1m[48;2;0;0;0m▀[0m[38;2;229;229;229m[48;2;229;229;229m▀[0m[38;2;229;229;229m[48;2;229;229;229m▀[0m[38;2;229;229;229m[48;2;229;229;229m▀[0m[38;2;122;125;122m[48;2;0;0;0m▀[0m[38;2;18;18;18m[48;2;0;0;0m▀[0m
[38;2;33;33;34m[48;2;0;0;0m▀[0m[38;2;0;0;0m[48;2;0;0;0m▀[0m[38;2;0;0;0m[48;2;0;0;0m▀[0m[38;2;224;224;224m[48;2;2;2;2m▀[0m[38;2;229;229;229m[48;2;229;229;229m▀[0m[38;2;229;229;229m[48;2;229;229;229m▀[0m[38;2;229;229;229m[48;2;85;85;87m▀[0m[38;2;0;0;0m[48;2;0;0;0m▀[0m[38;2;0;0;0m[48;2;0;0;0m▀[0m[38;2;0;0;0m[48;2;0;0;0m▀[0m[38;2;0;0;0m[48;2;0;0;0m▀[0m[38;2;25;25;25m[48;2;0;0;0m▀[0m[38;2;0;0;0m[48;2;7;7;7m▀[0m[38;2;0;0;0m[48;2;139;142;139m▀[0m[38;2;0;0;0m[48;2;87;87;87m▀[0m[38;2;21;23;23m[48;2;153;155;155m▀[0m[38;2;182;189;189m[48;2;207;217;213m▀[0m[38;2;229;229;229m[48;2;229;229;229m▀[0m[38;2;152;158;149m[48;2;124;177;173m▀[0m[38;2;49;0;0m[48;2;0;81;81m▀[0m[38;2;7;88;92m[48;2;155;0;0m▀[0m[38;2;90;191;200m[48;2;229;72;71m▀[0m[38;2;229;79;78m[48;2;229;63;66m▀[0m[38;2;229;229;229m[48;2;229;229;229m▀[0m[38;2;99;99;89m[48;2;222;192;184m▀[0m[38;2;1;0;0m[48;2;195;0;0m▀[0m[38;2;47;66;71m[48;2;63;48;50m▀[0m[38;2;161;168;166m[48;2;173;186;185m▀[0m[38;2;229;229;229m[48;2;229;229;229m▀[0m[38;2;164;166;168m[48;2;229;229;229m▀[0m[38;2;0;0;0m[48;2;162;162;162m▀[0m[38;2;0;0;0m[48;2;133;135;133m▀[0m[38;2;0;0;0m[48;2;0;0;0m▀[0m[38;2;22;22;22m[48;2;55;57;57m▀[0m[38;2;0;0;0m[48;2;0;0;0m▀[0m[38;2;0;0;0m[48;2;0;0;0m▀[0m[38;2;0;0;0m[48;2;0;0;0m▀[0m[38;2;0;0;0m[48;2;0;0;0m▀[0m[38;2;0;0;0m[48;2;0;0;0m▀[0m[38;2;186;185;185m[48;2;229;229;229m▀[0m[38;2;229;229;229m[48;2;229;229;229m▀[0m[38;2;229;229;229m[48;2;17;20;17m▀[0m[38;2;0;0;0m[48;2;0;0;0m▀[0m[38;2;0;0;0m[48;2;0;0;0m▀[0m
[38;2;0;0;0m[48;2;36;40;40m▀[0m[38;2;82;85;87m[48;2;114;117;121m▀[0m[38;2;0;0;0m[48;2;0;0;0m▀[0m[38;2;0;0;0m[48;2;0;0;0m▀[0m[38;2;164;170;164m[48;2;0;0;0m▀[0m[38;2;229;229;229m[48;2;131;134;134m▀[0m[38;2;229;229;229m[48;2;229;229;229m▀[0m[38;2;0;0;0m[48;2;158;161;157m▀[0m[38;2;0;0;0m[48;2;0;0;0m▀[0m[38;2;0;0;0m[48;2;0;0;0m▀[0m[38;2;0;0;0m[48;2;99;100;99m▀[0m[38;2;229;229;229m[48;2;229;229;229m▀[0m[38;2;130;130;127m[48;2;229;229;229m▀[0m[38;2;0;0;0m[48;2;0;0;0m▀[0m[38;2;52;54;55m[48;2;0;0;0m▀[0m[38;2;215;218;215m[48;2;229;229;229m▀[0m[38;2;217;223;221m[48;2;212;217;216m▀[0m[38;2;229;229;229m[48;2;166;174;173m▀[0m[38;2;170;228;227m[48;2;229;229;229m▀[0m[38;2;229;40;36m[48;2;201;3;3m▀[0m[38;2;229;0;0m[48;2;229;148;146m▀[0m[38;2;229;184;186m[48;2;229;229;229m▀[0m[38;2;200;229;229m[48;2;148;149;144m▀[0m[38;2;229;229;229m[48;2;222;213;212m▀[0m[38;2;229;229;229m[48;2;229;229;229m▀[0m[38;2;229;229;229m[48;2;229;229;229m▀[0m[38;2;229;229;229m[48;2;147;151;152m▀[0m[38;2;229;229;229m[48;2;229;229;229m▀[0m[38;2;229;229;229m[48;2;133;133;133m▀[0m[38;2;227;227;227m[48;2;229;229;229m▀[0m[38;2;229;229;229m[48;2;229;229;229m▀[0m[38;2;29;29;29m[48;2;0;0;0m▀[0m[38;2;0;0;0m[48;2;53;53;53m▀[0m[38;2;229;229;229m[48;2;229;229;229m▀[0m[38;2;22;24;24m[48;2;229;229;229m▀[0m[38;2;0;0;0m[48;2;0;0;0m▀[0m[38;2;0;0;0m[48;2;0;0;0m▀[0m[38;2;0;0;0m[48;2;51;54;51m▀[0m[38;2;27;27;30m[48;2;229;229;229m▀[0m[38;2;229;229;229m[48;2;190;192;192m▀[0m[38;2;229;229;229m[48;2;0;0;0m▀[0m[38;2;0;0;0m[48;2;0;0;0m▀[0m[38;2;0;0;0m[48;2;0;0;0m▀[0m[38;2;66;70;70m[48;2;18;21;18m▀[0m
[38;2;1;4;4m[48;2;0;0;0m▀[0m[38;2;0;0;0m[48;2;0;0;0m▀[0m[38;2;0;0;0m[48;2;0;0;0m▀[0m[38;2;0;0;0m[48;2;0;0;0m▀[0m[38;2;0;0;0m[48;2;0;0;0m▀[0m[38;2;30;30;32m[48;2;141;144;144m▀[0m[38;2;4;3;3m[48;2;70;70;70m▀[0m[38;2;176;176;174m[48;2;213;213;211m▀[0m[38;2;151;151;151m[48;2;229;229;229m▀[0m[38;2;26;26;23m[48;2;229;229;229m▀[0m[38;2;127;130;130m[48;2;170;171;170m▀[0m[38;2;229;229;229m[48;2;229;229;229m▀[0m[38;2;229;229;229m[48;2;108;111;111m▀[0m[38;2;0;0;0m[48;2;0;0;0m▀[0m[38;2;0;0;0m[48;2;0;0;0m▀[0m[38;2;229;229;229m[48;2;24;27;27m▀[0m[38;2;229;229;229m[48;2;104;104;107m▀[0m[38;2;18;27;27m[48;2;141;146;144m▀[0m[38;2;103;123;124m[48;2;45;51;52m▀[0m[38;2;99;158;158m[48;2;0;42;45m▀[0m[38;2;229;219;212m[48;2;229;161;151m▀[0m[38;2;229;229;229m[48;2;229;229;229m▀[0m[38;2;180;172;166m[48;2;229;229;229m▀[0m[38;2;229;199;198m[48;2;229;229;229m▀[0m[38;2;229;229;229m[48;2;229;229;229m▀[0m[38;2;229;229;229m[48;2;188;193;191m▀[0m[38;2;142;144;142m[48;2;0;0;0m▀[0m[38;2;44;44;41m[48;2;0;0;0m▀[0m[38;2;76;80;81m[48;2;63;67;69m▀[0m[38;2;229;229;229m[48;2;63;65;65m▀[0m[38;2;169;171;171m[48;2;0;0;0m▀[0m[38;2;0;0;0m[48;2;0;0;0m▀[0m[38;2;222;225;223m[48;2;0;0;0m▀[0m[38;2;229;229;229m[48;2;229;229;229m▀[0m[38;2;229;229;229m[48;2;229;229;229m▀[0m[38;2;63;62;62m[48;2;203;203;203m▀[0m[38;2;229;229;229m[48;2;229;229;229m▀[0m[38;2;211;211;211m[48;2;224;224;224m▀[0m[38;2;23;26;26m[48;2;129;125;125m▀[0m[38;2;82;84;84m[48;2;171;172;173m▀[0m[38;2;0;0;0m[48;2;0;0;0m▀[0m[38;2;0;0;0m[48;2;0;0;0m▀[0m[38;2;0;0;0m[48;2;0;0;0m▀[0m[38;2;0;0;0m[48;2;0;0;0m▀[0m
[38;2;0;0;0m[48;2;69;66;69m▀[0m[38;2;0;0;0m[48;2;5;5;5m▀[0m[38;2;0;0;0m[48;2;0;0;0m▀[0m[38;2;0;0;0m[48;2;0;0;0m▀[0m[38;2;0;0;0m[48;2;8;8;8m▀[0m[38;2;175;179;175m[48;2;35;35;35m▀[0m[38;2;0;0;0m[48;2;69;72;72m▀[0m[38;2;102;105;105m[48;2;229;229;229m▀[0m[38;2;229;229;229m[48;2;229;229;229m▀[0m[38;2;229;229;229m[48;2;229;229;229m▀[0m[38;2;229;229;229m[48;2;229;229;229m▀[0m[38;2;229;229;229m[48;2;229;229;229m▀[0m[38;2;0;0;0m[48;2;229;229;229m▀[0m[38;2;0;0;0m[48;2;0;0;0m▀[0m[38;2;0;0;0m[48;2;0;0;0m▀[0m[38;2;0;0;0m[48;2;203;206;201m▀[0m[38;2;180;182;182m[48;2;229;229;229m▀[0m[38;2;229;229;229m[48;2;229;229;229m▀[0m[38;2;229;229;229m[48;2;229;229;229m▀[0m[38;2;60;81;84m[48;2;229;229;229m▀[0m[38;2;0;0;0m[48;2;229;229;229m▀[0m[38;2;63;0;0m[48;2;31;40;40m▀[0m[38;2;159;171;174m[48;2;0;0;0m▀[0m[38;2;154;158;162m[48;2;10;15;12m▀[0m[38;2;30;35;36m[48;2;167;170;170m▀[0m[38;2;0;0;0m[48;2;229;229;229m▀[0m[38;2;153;153;153m[48;2;229;229;229m▀[0m[38;2;229;229;229m[48;2;229;229;229m▀[0m[38;2;229;229;229m[48;2;229;229;229m▀[0m[38;2;154;156;158m[48;2;229;229;229m▀[0m[38;2;0;0;0m[48;2;60;62;62m▀[0m[38;2;0;0;0m[48;2;0;0;0m▀[0m[38;2;0;0;0m[48;2;219;218;218m▀[0m[38;2;229;229;229m[48;2;229;229;229m▀[0m[38;2;229;229;229m[48;2;229;229;229m▀[0m[38;2;229;229;229m[48;2;229;229;229m▀[0m[38;2;229;229;229m[48;2;229;229;229m▀[0m[38;2;134;134;135m[48;2;229;229;229m▀[0m[38;2;0;0;0m[48;2;182;182;182m▀[0m[38;2;149;148;149m[48;2;0;0;0m▀[0m[38;2;31;34;31m[48;2;121;121;121m▀[0m[38;2;0;0;0m[48;2;0;0;0m▀[0m[38;2;0;0;0m[48;2;0;0;0m▀[0m[38;2;0;0;0m[48;2;14;16;16m▀[0m
[38;2;22;25;25m[48;2;229;229;229m▀[0m[38;2;0;2;0m[48;2;63;63;64m▀[0m[38;2;0;0;0m[48;2;0;0;0m▀[0m[38;2;0;0;0m[48;2;0;0;0m▀[0m[38;2;24;24;24m[48;2;45;47;47m▀[0m[38;2;63;65;65m[48;2;229;229;229m▀[0m[38;2;229;229;229m[48;2;229;229;229m▀[0m[38;2;229;229;229m[48;2;229;229;229m▀[0m[38;2;229;229;229m[48;2;229;229;229m▀[0m[38;2;229;229;229m[48;2;229;229;229m▀[0m[38;2;229;229;229m[48;2;229;229;229m▀[0m[38;2;229;229;229m[48;2;229;229;229m▀[0m[38;2;229;229;229m[48;2;229;229;229m▀[0m[38;2;191;190;190m[48;2;229;229;229m▀[0m[38;2;0;0;0m[48;2;189;189;185m▀[0m[38;2;229;229;229m[48;2;199;201;201m▀[0m[38;2;229;229;229m[48;2;229;229;229m▀[0m[38;2;229;229;229m[48;2;229;229;229m▀[0m[38;2;229;229;229m[48;2;198;199;199m▀[0m[38;2;229;229;229m[48;2;211;218;213m▀[0m[38;2;229;229;229m[48;2;229;229;229m▀[0m[38;2;229;229;229m[48;2;162;164;160m▀[0m[38;2;229;229;229m[48;2;189;191;187m▀[0m[38;2;229;229;229m[48;2;229;229;229m▀[0m[38;2;229;229;229m[48;2;229;229;229m▀[0m[38;2;229;229;229m[48;2;218;220;220m▀[0m[38;2;229;229;229m[48;2;179;180;180m▀[0m[38;2;229;229;229m[48;2;229;229;229m▀[0m[38;2;229;229;229m[48;2;229;229;229m▀[0m[38;2;229;229;229m[48;2;229;229;229m▀[0m[38;2;181;183;181m[48;2;138;139;135m▀[0m[38;2;134;135;130m[48;2;229;229;229m▀[0m[38;2;229;229;229m[48;2;229;229;229m▀[0m[38;2;229;229;229m[48;2;229;229;229m▀[0m[38;2;229;229;229m[48;2;229;229;229m▀[0m[38;2;229;229;229m[48;2;229;229;229m▀[0m[38;2;229;229;229m[48;2;229;229;229m▀[0m[38;2;229;229;229m[48;2;229;229;229m▀[0m[38;2;229;229;229m[48;2;229;229;229m▀[0m[38;2;163;163;161m[48;2;229;229;229m▀[0m[38;2;32;32;32m[48;2;99;95;95m▀[0m[38;2;0;0;0m[48;2;9;9;9m▀[0m[38;2;0;0;0m[48;2;0;0;0m▀[0m[38;2;42;42;43m[48;2;0;0;0m▀[0m
[38;2;14;16;17m[48;2;0;0;0m▀[0m[38;2;42;42;43m[48;2;17;20;24m▀[0m[38;2;0;0;0m[48;2;0;0;0m▀[0m[38;2;0;0;0m[48;2;90;96;94m▀[0m[38;2;207;219;219m[48;2;229;229;229m▀[0m[38;2;229;229;229m[48;2;229;229;229m▀[0m[38;2;229;229;229m[48;2;220;177;180m▀[0m[38;2;229;229;229m[48;2;184;131;127m▀[0m[38;2;216;186;180m[48;2;229;223;218m▀[0m[38;2;219;189;186m[48;2;229;229;229m▀[0m[38;2;229;213;212m[48;2;229;229;229m▀[0m[38;2;229;229;229m[48;2;229;229;229m▀[0m[38;2;229;210;211m[48;2;229;229;229m▀[0m[38;2;215;186;186m[48;2;229;229;229m▀[0m[38;2;229;229;229m[48;2;229;229;229m▀[0m[38;2;139;141;141m[48;2;229;229;229m▀[0m[38;2;17;17;18m[48;2;0;0;0m▀[0m[38;2;91;95;96m[48;2;220;225;225m▀[0m[38;2;208;213;213m[48;2;229;229;229m▀[0m[38;2;229;229;229m[48;2;229;229;229m▀[0m[38;2;229;229;229m[48;2;122;130;134m▀[0m[38;2;229;229;229m[48;2;209;211;211m▀[0m[38;2;148;148;144m[48;2;203;208;203m▀[0m[38;2;200;203;200m[48;2;229;229;229m▀[0m[38;2;229;229;229m[48;2;178;176;174m▀[0m[38;2;229;229;229m[48;2;171;174;171m▀[0m[38;2;229;229;229m[48;2;229;229;229m▀[0m[38;2;119;121;121m[48;2;229;229;229m▀[0m[38;2;21;22;19m[48;2;0;0;0m▀[0m[38;2;35;36;36m[48;2;96;99;95m▀[0m[38;2;225;225;225m[48;2;229;229;229m▀[0m[38;2;229;229;229m[48;2;229;229;229m▀[0m[38;2;229;229;229m[48;2;229;229;229m▀[0m[38;2;229;229;229m[48;2;229;229;229m▀[0m[38;2;229;229;229m[48;2;229;229;229m▀[0m[38;2;229;229;229m[48;2;229;229;229m▀[0m[38;2;229;229;229m[48;2;229;229;229m▀[0m[38;2;229;229;229m[48;2;229;229;229m▀[0m[38;2;229;229;229m[48;2;229;229;229m▀[0m[38;2;229;229;229m[48;2;229;229;229m▀[0m[38;2;229;229;229m[48;2;229;229;229m▀[0m[38;2;74;74;74m[48;2;229;229;229m▀[0m[38;2;0;0;0m[48;2;0;0;0m▀[0m[38;2;36;36;36m[48;2;0;0;0m▀[0m
[38;2;14;16;17m[48;2;85;85;90m▀[0m[38;2;0;0;0m[48;2;0;0;0m▀[0m[38;2;0;0;0m[48;2;45;49;49m▀[0m[38;2;229;229;229m[48;2;229;229;229m▀[0m[38;2;229;229;229m[48;2;229;188;184m▀[0m[38;2;187;66;69m[48;2;181;22;21m▀[0m[38;2;196;148;152m[48;2;229;229;229m▀[0m[38;2;229;229;229m[48;2;229;229;229m▀[0m[38;2;229;229;229m[48;2;229;229;229m▀[0m[38;2;229;229;229m[48;2;229;229;229m▀[0m[38;2;229;229;229m[48;2;229;229;229m▀[0m[38;2;229;229;229m[48;2;229;229;229m▀[0m[38;2;229;229;229m[48;2;229;229;229m▀[0m[38;2;229;229;229m[48;2;229;229;229m▀[0m[38;2;229;229;229m[48;2;229;229;229m▀[0m[38;2;229;229;229m[48;2;229;229;229m▀[0m[38;2;229;229;229m[48;2;229;229;229m▀[0m[38;2;172;173;171m[48;2;153;159;159m▀[0m[38;2;229;229;229m[48;2;83;90;93m▀[0m[38;2;200;207;208m[48;2;212;216;216m▀[0m[38;2;228;228;229m[48;2;220;220;221m▀[0m[38;2;152;153;154m[48;2;155;159;159m▀[0m[38;2;158;161;158m[48;2;200;200;198m▀[0m[38;2;217;220;220m[48;2;221;220;218m▀[0m[38;2;198;195;198m[48;2;120;119;120m▀[0m[38;2;190;190;191m[48;2;202;204;208m▀[0m[38;2;213;213;213m[48;2;182;184;184m▀[0m[38;2;214;213;214m[48;2;68;70;68m▀[0m[38;2;169;169;165m[48;2;229;229;229m▀[0m[38;2;229;229;229m[48;2;229;229;229m▀[0m[38;2;229;229;229m[48;2;229;229;229m▀[0m[38;2;229;229;229m[48;2;229;229;229m▀[0m[38;2;229;229;229m[48;2;229;229;229m▀[0m[38;2;229;229;229m[48;2;229;229;229m▀[0m[38;2;229;229;229m[48;2;229;229;229m▀[0m[38;2;229;229;229m[48;2;229;229;229m▀[0m[38;2;229;229;229m[48;2;229;229;229m▀[0m[38;2;229;229;229m[48;2;229;229;229m▀[0m[38;2;229;229;229m[48;2;229;229;229m▀[0m[38;2;229;229;229m[48;2;229;229;229m▀[0m[38;2;229;229;229m[48;2;229;229;229m▀[0m[38;2;229;229;229m[48;2;229;229;229m▀[0m[38;2;121;121;121m[48;2;229;229;229m▀[0m[38;2;0;0;0m[48;2;0;0;0m▀[0m
[38;2;0;0;0m[48;2;0;0;0m▀[0m[38;2;0;0;0m[48;2;0;0;0m▀[0m[38;2;229;229;229m[48;2;229;229;229m▀[0m[38;2;229;229;229m[48;2;229;210;206m▀[0m[38;2;216;175;170m[48;2;229;229;229m▀[0m[38;2;229;229;229m[48;2;229;229;229m▀[0m[38;2;201;144;139m[48;2;209;182;180m▀[0m[38;2;229;229;229m[48;2;229;229;229m▀[0m[38;2;229;229;229m[48;2;229;229;229m▀[0m[38;2;229;229;229m[48;2;229;229;229m▀[0m[38;2;229;229;229m[48;2;229;229;229m▀[0m[38;2;229;229;229m[48;2;229;229;229m▀[0m[38;2;229;229;229m[48;2;229;229;229m▀[0m[38;2;229;229;229m[48;2;229;229;229m▀[0m[38;2;229;229;229m[48;2;229;229;229m▀[0m[38;2;229;229;229m[48;2;229;229;229m▀[0m[38;2;229;229;229m[48;2;229;229;229m▀[0m[38;2;229;229;229m[48;2;229;229;229m▀[0m[38;2;96;99;96m[48;2;128;128;128m▀[0m[38;2;229;229;229m[48;2;229;229;229m▀[0m[38;2;218;220;218m[48;2;229;229;229m▀[0m[38;2;204;206;204m[48;2;229;229;229m▀[0m[38;2;204;204;201m[48;2;229;229;229m▀[0m[38;2;218;218;218m[48;2;229;229;229m▀[0m[38;2;218;220;223m[48;2;229;229;229m▀[0m[38;2;229;229;229m[48;2;229;229;229m▀[0m[38;2;229;229;229m[48;2;171;172;173m▀[0m[38;2;133;132;133m[48;2;185;188;185m▀[0m[38;2;229;229;229m[48;2;229;229;229m▀[0m[38;2;229;229;229m[48;2;229;229;229m▀[0m[38;2;229;229;229m[48;2;229;229;229m▀[0m[38;2;229;229;229m[48;2;229;229;229m▀[0m[38;2;229;229;229m[48;2;229;229;229m▀[0m[38;2;229;229;229m[48;2;229;229;229m▀[0m[38;2;229;229;229m[48;2;229;229;229m▀[0m[38;2;229;229;229m[48;2;229;229;229m▀[0m[38;2;229;229;229m[48;2;229;229;229m▀[0m[38;2;229;229;229m[48;2;229;229;229m▀[0m[38;2;229;229;229m[48;2;229;229;229m▀[0m[38;2;229;229;229m[48;2;229;229;229m▀[0m[38;2;229;229;229m[48;2;229;229;229m▀[0m[38;2;229;229;229m[48;2;229;229;229m▀[0m[38;2;229;229;229m[48;2;229;229;229m▀[0m[38;2;72;72;72m[48;2;229;229;229m▀[0m
