[38;2;128;128;128m[48;2;36;36;36m▀[0m[38;2;51;51;53m[48;2;97;93;97m▀[0m[38;2;84;84;82m[48;2;163;163;161m▀[0m[38;2;107;107;107m[48;2;18;21;18m▀[0m[38;2;0;0;0m[48;2;0;0;0m▀[0m[38;2;0;0;0m[48;2;0;0;0m▀[0m[38;2;0;1;1m[48;2;0;1;0m▀[0m[38;2;0;1;1m[48;2;0;1;1m▀[0m[38;2;0;0;0m[48;2;0;0;0m▀[0m[38;2;0;0;0m[48;2;0;0;0m▀[0m[38;2;25;25;23m[48;2;0;0;0m▀[0m[38;2;11;11;12m[48;2;31;30;30m▀[0m[38;2;0;0;0m[48;2;18;18;18m▀[0m[38;2;1;3;3m[48;2;19;16;16m▀[0m[38;2;0;0;0m[48;2;0;0;0m▀[0m[38;2;0;0;0m[48;2;0;0;0m▀[0m[38;2;117;117;117m[48;2;0;0;0m▀[0m[38;2;248;248;248m[48;2;255;255;255m▀[0m[38;2;255;255;255m[48;2;255;255;255m▀[0m[38;2;0;0;0m[48;2;104;107;107m▀[0m[38;2;255;255;255m[48;2;151;154;154m▀[0m[38;2;255;255;255m[48;2;255;255;255m▀[0m[38;2;0;0;0m[48;2;51;51;51m▀[0m[38;2;0;0;0m[48;2;0;0;0m▀[0m[38;2;0;0;0m[48;2;0;0;0m▀[0m[38;2;0;0;0m[48;2;0;0;0m▀[0m[38;2;0;0;0m[48;2;0;0;0m▀[0m[38;2;0;0;0m[48;2;45;45;45m▀[0m[38;2;255;255;255m[48;2;255;255;255m▀[0m[38;2;39;39;39m[48;2;0;0;0m▀[0m[38;2;0;0;2m[48;2;17;17;19m▀[0m[38;2;39;39;39m[48;2;18;18;18m▀[0m[38;2;98;97;97m[48;2;0;0;0m▀[0m[38;2;54;56;57m[48;2;109;113;113m▀[0m[38;2;219;219;219m[48;2;255;255;255m▀[0m[38;2;169;172;169m[48;2;120;120;120m▀[0m
[38;2;165;167;167m[48;2;129;132;132m▀[0m[38;2;255;255;255m[48;2;109;112;112m▀[0m[38;2;188;188;188m[48;2;37;40;40m▀[0m[38;2;0;0;0m[48;2;1;1;1m▀[0m[38;2;0;0;0m[48;2;0;0;0m▀[0m[38;2;0;0;0m[48;2;0;0;0m▀[0m[38;2;0;0;0m[48;2;0;0;0m▀[0m[38;2;0;0;0m[48;2;0;0;0m▀[0m[38;2;0;0;0m[48;2;0;0;0m▀[0m[38;2;0;0;0m[48;2;0;0;0m▀[0m[38;2;0;0;0m[48;2;98;101;101m▀[0m[38;2;114;114;114m[48;2;29;29;29m▀[0m[38;2;0;0;0m[48;2;0;0;0m▀[0m[38;2;36;37;34m[48;2;45;44;44m▀[0m[38;2;3;3;3m[48;2;29;32;29m▀[0m[38;2;0;0;0m[48;2;0;0;0m▀[0m[38;2;0;0;0m[48;2;0;0;0m▀[0m[38;2;25;25;23m[48;2;0;0;0m▀[0m[38;2;255;255;255m[48;2;112;115;115m▀[0m[38;2;255;255;255m[48;2;220;223;223m▀[0m[38;2;225;225;225m[48;2;49;49;49m▀[0m[38;2;78;82;81m[48;2;0;0;0m▀[0m[38;2;68;70;71m[48;2;37;36;37m▀[0m[38;2;0;0;0m[48;2;78;78;78m▀[0m[38;2;0;0;0m[48;2;0;0;0m▀[0m[38;2;0;0;0m[48;2;0;0;0m▀[0m[38;2;0;0;0m[48;2;22;22;20m▀[0m[38;2;193;196;196m[48;2;255;255;255m▀[0m[38;2;80;80;81m[48;2;0;0;0m▀[0m[38;2;0;0;0m[48;2;0;0;0m▀[0m[38;2;31;31;31m[48;2;33;33;33m▀[0m[38;2;0;0;0m[48;2;4;7;9m▀[0m[38;2;0;0;0m[48;2;37;37;37m▀[0m[38;2;90;86;88m[48;2;86;86;83m▀[0m[38;2;255;255;255m[48;2;194;196;194m▀[0m[38;2;170;170;166m[48;2;255;255;255m▀[0m
[38;2;13;15;15m[48;2;42;45;42m▀[0m[38;2;0;0;0m[48;2;0;0;0m▀[0m[38;2;255;255;255m[48;2;255;255;255m▀[0m[38;2;11;11;13m[48;2;23;23;23m▀[0m[38;2;0;0;0m[48;2;0;0;0m▀[0m[38;2;0;0;0m[48;2;0;0;0m▀[0m[38;2;0;0;0m[48;2;7;7;9m▀[0m[38;2;0;0;0m[48;2;17;17;17m▀[0m[38;2;0;0;0m[48;2;101;101;101m▀[0m[38;2;83;86;86m[48;2;106;105;105m▀[0m[38;2;35;35;35m[48;2;0;0;0m▀[0m[38;2;44;44;45m[48;2;101;101;102m▀[0m[38;2;40;40;40m[48;2;0;0;0m▀[0m[38;2;35;35;35m[48;2;0;0;0m▀[0m[38;2;54;57;57m[48;2;81;78;81m▀[0m[38;2;19;19;19m[48;2;38;38;38m▀[0m[38;2;0;0;0m[48;2;11;11;11m▀[0m[38;2;0;0;0m[48;2;0;0;0m▀[0m[38;2;0;0;0m[48;2;0;0;0m▀[0m[38;2;58;58;58m[48;2;0;0;0m▀[0m[38;2;0;0;0m[48;2;15;14;14m▀[0m[38;2;0;0;0m[48;2;0;0;0m▀[0m[38;2;0;0;0m[48;2;0;0;0m▀[0m[38;2;127;126;124m[48;2;0;0;0m▀[0m[38;2;22;22;22m[48;2;154;154;154m▀[0m[38;2;0;0;0m[48;2;0;0;0m▀[0m[38;2;229;229;230m[48;2;255;255;255m▀[0m[38;2;114;114;112m[48;2;0;0;0m▀[0m[38;2;0;0;0m[48;2;0;0;0m▀[0m[38;2;0;0;0m[48;2;0;0;0m▀[0m[38;2;35;38;38m[48;2;33;33;35m▀[0m[38;2;19;19;19m[48;2;30;32;32m▀[0m[38;2;0;0;0m[48;2;0;0;0m▀[0m[38;2;82;82;82m[48;2;52;52;49m▀[0m[38;2;151;153;151m[48;2;146;146;146m▀[0m[38;2;255;255;253m[48;2;228;230;231m▀[0m
[38;2;6;6;6m[48;2;0;0;0m▀[0m[38;2;0;0;0m[48;2;0;0;0m▀[0m[38;2;221;219;222m[48;2;255;255;255m▀[0m[38;2;11;11;11m[48;2;108;111;111m▀[0m[38;2;0;0;0m[48;2;44;44;44m▀[0m[38;2;15;18;18m[48;2;0;0;0m▀[0m[38;2;29;29;29m[48;2;0;0;0m▀[0m[38;2;17;16;16m[48;2;0;0;0m▀[0m[38;2;123;126;126m[48;2;0;0;0m▀[0m[38;2;6;6;6m[48;2;46;46;46m▀[0m[38;2;0;0;0m[48;2;7;6;6m▀[0m[38;2;255;255;255m[48;2;226;226;227m▀[0m[38;2;152;152;152m[48;2;255;255;255m▀[0m[38;2;0;0;0m[48;2;89;89;89m▀[0m[38;2;0;0;0m[48;2;0;0;0m▀[0m[38;2;62;62;62m[48;2;0;0;0m▀[0m[38;2;23;23;23m[48;2;62;62;62m▀[0m[38;2;0;0;0m[48;2;11;14;11m▀[0m[38;2;0;0;0m[48;2;0;0;0m▀[0m[38;2;0;0;0m[48;2;0;0;0m▀[0m[38;2;5;7;7m[48;2;38;38;38m▀[0m[38;2;0;0;0m[48;2;0;0;0m▀[0m[38;2;6;9;9m[48;2;93;93;93m▀[0m[38;2;74;71;74m[48;2;255;255;255m▀[0m[38;2;0;0;0m[48;2;18;18;18m▀[0m[38;2;255;255;255m[48;2;255;255;255m▀[0m[38;2;70;70;70m[48;2;127;129;129m▀[0m[38;2;0;0;0m[48;2;0;0;0m▀[0m[38;2;0;0;0m[48;2;0;0;0m▀[0m[38;2;0;0;0m[48;2;0;0;0m▀[0m[38;2;17;17;18m[48;2;0;0;0m▀[0m[38;2;40;40;40m[48;2;42;42;44m▀[0m[38;2;8;11;11m[48;2;28;28;26m▀[0m[38;2;5;5;5m[48;2;0;0;0m▀[0m[38;2;121;123;121m[48;2;86;86;86m▀[0m[38;2;224;226;224m[48;2;198;197;198m▀[0m
[38;2;2;1;1m[48;2;0;0;0m▀[0m[38;2;0;0;0m[48;2;0;0;0m▀[0m[38;2;195;195;197m[48;2;255;255;255m▀[0m[38;2;18;16;19m[48;2;0;1;3m▀[0m[38;2;0;0;0m[48;2;121;121;121m▀[0m[38;2;0;0;0m[48;2;132;132;132m▀[0m[38;2;33;36;36m[48;2;159;159;159m▀[0m[38;2;0;0;0m[48;2;249;252;252m▀[0m[38;2;0;0;0m[48;2;134;134;134m▀[0m[38;2;177;179;179m[48;2;0;0;0m▀[0m[38;2;255;255;255m[48;2;171;174;176m▀[0m[38;2;57;60;60m[48;2;255;255;255m▀[0m[38;2;120;120;120m[48;2;0;0;0m▀[0m[38;2;255;255;255m[48;2;167;170;169m▀[0m[38;2;255;255;255m[48;2;255;255;255m▀[0m[38;2;255;255;255m[48;2;255;255;255m▀[0m[38;2;255;255;255m[48;2;255;255;255m▀[0m[38;2;255;255;255m[48;2;255;255;255m▀[0m[38;2;131;131;131m[48;2;255;255;255m▀[0m[38;2;0;0;0m[48;2;255;255;255m▀[0m[38;2;61;61;57m[48;2;0;0;0m▀[0m[38;2;0;0;0m[48;2;0;0;0m▀[0m[38;2;57;57;57m[48;2;34;34;34m▀[0m[38;2;197;199;197m[48;2;255;255;255m▀[0m[38;2;185;184;184m[48;2;238;237;237m▀[0m[38;2;132;132;134m[48;2;0;0;0m▀[0m[38;2;117;117;117m[48;2;129;128;128m▀[0m[38;2;0;0;0m[48;2;22;22;22m▀[0m[38;2;0;0;0m[48;2;0;0;0m▀[0m[38;2;0;0;0m[48;2;0;0;0m▀[0m[38;2;0;0;0m[48;2;0;0;0m▀[0m[38;2;36;34;37m[48;2;14;16;16m▀[0m[38;2;34;34;34m[48;2;44;44;45m▀[0m[38;2;0;0;0m[48;2;14;14;14m▀[0m[38;2;36;35;36m[48;2;4;4;4m▀[0m[38;2;162;164;165m[48;2;135;135;135m▀[0m
[38;2;23;25;23m[48;2;242;241;242m▀[0m[38;2;255;255;255m[48;2;248;248;248m▀[0m[38;2;150;150;150m[48;2;0;0;0m▀[0m[38;2;0;0;0m[48;2;0;0;0m▀[0m[38;2;26;26;28m[48;2;27;27;27m▀[0m[38;2;0;0;0m[48;2;0;0;0m▀[0m[38;2;0;0;0m[48;2;0;0;0m▀[0m[38;2;6;9;9m[48;2;0;0;0m▀[0m[38;2;255;255;255m[48;2;234;236;236m▀[0m[38;2;241;241;242m[48;2;255;255;255m▀[0m[38;2;0;0;0m[48;2;137;140;140m▀[0m[38;2;255;255;255m[48;2;79;82;82m▀[0m[38;2;112;112;114m[48;2;255;255;255m▀[0m[38;2;0;0;0m[48;2;0;0;0m▀[0m[38;2;0;0;0m[48;2;56;56;56m▀[0m[38;2;94;94;94m[48;2;0;0;0m▀[0m[38;2;231;230;230m[48;2;0;0;0m▀[0m[38;2;255;255;255m[48;2;110;110;110m▀[0m[38;2;255;255;255m[48;2;220;220;220m▀[0m[38;2;255;255;255m[48;2;255;255;255m▀[0m[38;2;46;46;47m[48;2;13;13;13m▀[0m[38;2;0;0;0m[48;2;0;0;0m▀[0m[38;2;0;0;0m[48;2;75;75;78m▀[0m[38;2;255;255;255m[48;2;238;241;238m▀[0m[38;2;0;0;0m[48;2;0;0;0m▀[0m[38;2;30;29;29m[48;2;48;49;46m▀[0m[38;2;202;202;202m[48;2;0;0;0m▀[0m[38;2;55;55;55m[48;2;158;158;158m▀[0m[38;2;0;0;0m[48;2;0;0;0m▀[0m[38;2;0;0;0m[48;2;0;0;0m▀[0m[38;2;0;0;0m[48;2;0;0;0m▀[0m[38;2;0;0;0m[48;2;0;0;0m▀[0m[38;2;48;51;51m[48;2;37;40;39m▀[0m[38;2;27;26;26m[48;2;31;35;35m▀[0m[38;2;3;3;5m[48;2;21;20;20m▀[0m[38;2;104;104;104m[48;2;53;53;53m▀[0m
[38;2;255;255;255m[48;2;203;206;205m▀[0m[38;2;46;46;46m[48;2;0;0;0m▀[0m[38;2;0;0;0m[48;2;0;0;0m▀[0m[38;2;0;0;0m[48;2;0;0;0m▀[0m[38;2;1;1;3m[48;2;0;0;0m▀[0m[38;2;0;0;0m[48;2;0;0;0m▀[0m[38;2;24;24;24m[48;2;22;22;23m▀[0m[38;2;144;144;144m[48;2;0;0;0m▀[0m[38;2;128;130;130m[48;2;0;0;0m▀[0m[38;2;119;119;119m[48;2;0;0;0m▀[0m[38;2;255;255;255m[48;2;147;147;147m▀[0m[38;2;11;11;11m[48;2;159;159;159m▀[0m[38;2;255;255;255m[48;2;0;0;0m▀[0m[38;2;233;236;236m[48;2;0;0;0m▀[0m[38;2;114;114;116m[48;2;0;0;0m▀[0m[38;2;0;0;0m[48;2;0;0;0m▀[0m[38;2;0;0;0m[48;2;0;0;0m▀[0m[38;2;0;0;0m[48;2;0;0;0m▀[0m[38;2;11;11;11m[48;2;0;0;0m▀[0m[38;2;192;194;194m[48;2;255;255;255m▀[0m[38;2;18;21;20m[48;2;135;138;138m▀[0m[38;2;0;0;0m[48;2;74;78;75m▀[0m[38;2;242;245;245m[48;2;230;230;232m▀[0m[38;2;0;0;0m[48;2;0;0;0m▀[0m[38;2;0;0;0m[48;2;5;5;5m▀[0m[38;2;31;31;31m[48;2;0;0;0m▀[0m[38;2;0;0;0m[48;2;0;0;0m▀[0m[38;2;219;219;221m[48;2;117;120;120m▀[0m[38;2;255;255;255m[48;2;255;255;255m▀[0m[38;2;0;0;0m[48;2;176;176;176m▀[0m[38;2;0;0;0m[48;2;0;0;0m▀[0m[38;2;0;0;0m[48;2;0;0;0m▀[0m[38;2;13;13;13m[48;2;0;0;0m▀[0m[38;2;44;47;46m[48;2;52;52;50m▀[0m[38;2;34;34;35m[48;2;28;28;28m▀[0m[38;2;14;14;14m[48;2;51;51;53m▀[0m
[38;2;244;246;246m[48;2;255;255;255m▀[0m[38;2;0;0;0m[48;2;0;0;0m▀[0m[38;2;0;0;0m[48;2;0;0;0m▀[0m[38;2;0;0;0m[48;2;9;6;10m▀[0m[38;2;0;0;0m[48;2;0;0;0m▀[0m[38;2;0;0;0m[48;2;0;0;0m▀[0m[38;2;0;0;0m[48;2;0;0;0m▀[0m[38;2;0;0;0m[48;2;0;0;0m▀[0m[38;2;18;17;17m[48;2;0;0;0m▀[0m[38;2;0;0;0m[48;2;28;31;31m▀[0m[38;2;0;0;0m[48;2;0;0;0m▀[0m[38;2;184;184;184m[48;2;58;58;55m▀[0m[38;2;77;79;79m[48;2;255;255;255m▀[0m[38;2;217;219;219m[48;2;255;255;255m▀[0m[38;2;169;165;167m[48;2;12;11;9m▀[0m[38;2;0;0;0m[48;2;0;0;0m▀[0m[38;2;0;0;0m[48;2;0;0;0m▀[0m[38;2;0;0;0m[48;2;0;0;0m▀[0m[38;2;0;0;0m[48;2;0;0;0m▀[0m[38;2;0;0;0m[48;2;0;0;0m▀[0m[38;2;0;0;0m[48;2;0;0;0m▀[0m[38;2;238;238;236m[48;2;255;255;255m▀[0m[38;2;24;24;24m[48;2;0;0;0m▀[0m[38;2;0;0;0m[48;2;0;0;0m▀[0m[38;2;10;10;12m[48;2;162;165;165m▀[0m[38;2;84;84;84m[48;2;252;252;253m▀[0m[38;2;58;58;59m[48;2;92;92;94m▀[0m[38;2;117;120;117m[48;2;162;161;161m▀[0m[38;2;255;255;255m[48;2;255;255;255m▀[0m[38;2;255;255;255m[48;2;255;255;255m▀[0m[38;2;0;0;0m[48;2;0;0;0m▀[0m[38;2;0;0;0m[48;2;0;0;0m▀[0m[38;2;0;0;0m[48;2;0;0;0m▀[0m[38;2;37;37;39m[48;2;8;11;11m▀[0m[38;2;30;30;33m[48;2;51;51;51m▀[0m[38;2;55;55;55m[48;2;28;28;28m▀[0m
[38;2;142;144;144m[48;2;74;74;72m▀[0m[38;2;0;0;0m[48;2;22;22;24m▀[0m[38;2;0;0;0m[48;2;0;0;0m▀[0m[38;2;11;8;12m[48;2;12;10;13m▀[0m[38;2;0;0;0m[48;2;0;0;0m▀[0m[38;2;0;0;0m[48;2;0;0;0m▀[0m[38;2;2;4;4m[48;2;10;8;11m▀[0m[38;2;16;19;19m[48;2;43;43;43m▀[0m[38;2;0;0;0m[48;2;78;78;78m▀[0m[38;2;0;0;0m[48;2;73;73;73m▀[0m[38;2;17;17;17m[48;2;46;46;46m▀[0m[38;2;0;0;0m[48;2;44;44;44m▀[0m[38;2;132;132;132m[48;2;77;77;77m▀[0m[38;2;159;162;162m[48;2;51;53;55m▀[0m[38;2;0;0;0m[48;2;4;6;4m▀[0m[38;2;0;0;0m[48;2;0;0;0m▀[0m[38;2;0;0;0m[48;2;69;71;71m▀[0m[38;2;0;0;0m[48;2;0;0;0m▀[0m[38;2;0;0;0m[48;2;0;0;0m▀[0m[38;2;0;0;0m[48;2;0;0;0m▀[0m[38;2;0;0;0m[48;2;0;0;0m▀[0m[38;2;255;255;255m[48;2;255;255;255m▀[0m[38;2;0;0;0m[48;2;0;0;0m▀[0m[38;2;0;0;0m[48;2;0;0;0m▀[0m[38;2;255;255;255m[48;2;255;255;255m▀[0m[38;2;209;209;207m[48;2;104;107;107m▀[0m[38;2;0;0;0m[48;2;161;161;161m▀[0m[38;2;226;225;225m[48;2;255;255;255m▀[0m[38;2;122;122;122m[48;2;0;0;0m▀[0m[38;2;255;255;255m[48;2;121;121;122m▀[0m[38;2;236;236;236m[48;2;255;255;255m▀[0m[38;2;0;0;0m[48;2;123;123;125m▀[0m[38;2;0;0;0m[48;2;0;0;0m▀[0m[38;2;0;0;0m[48;2;0;0;0m▀[0m[38;2;54;54;54m[48;2;34;34;34m▀[0m[38;2;19;19;21m[48;2;35;35;35m▀[0m
[38;2;255;255;255m[48;2;242;242;240m▀[0m[38;2;181;181;183m[48;2;100;100;100m▀[0m[38;2;0;0;0m[48;2;0;0;0m▀[0m[38;2;10;10;8m[48;2;0;0;0m▀[0m[38;2;5;5;5m[48;2;0;0;0m▀[0m[38;2;0;0;0m[48;2;0;0;0m▀[0m[38;2;27;27;27m[48;2;0;0;0m▀[0m[38;2;77;77;79m[48;2;0;0;0m▀[0m[38;2;203;205;203m[48;2;128;131;128m▀[0m[38;2;236;236;236m[48;2;152;155;155m▀[0m[38;2;89;89;89m[48;2;0;0;0m▀[0m[38;2;58;58;58m[48;2;0;0;0m▀[0m[38;2;135;137;137m[48;2;75;77;79m▀[0m[38;2;212;214;214m[48;2;255;255;255m▀[0m[38;2;255;255;255m[48;2;255;255;255m▀[0m[38;2;255;255;255m[48;2;255;255;255m▀[0m[38;2;255;255;255m[48;2;255;255;255m▀[0m[38;2;254;251;251m[48;2;255;255;255m▀[0m[38;2;0;0;0m[48;2;143;143;143m▀[0m[38;2;0;0;0m[48;2;0;0;0m▀[0m[38;2;0;0;0m[48;2;44;44;44m▀[0m[38;2;165;167;167m[48;2;255;255;255m▀[0m[38;2;47;47;47m[48;2;0;0;0m▀[0m[38;2;0;0;0m[48;2;0;0;0m▀[0m[38;2;255;255;255m[48;2;255;255;255m▀[0m[38;2;197;197;197m[48;2;243;243;243m▀[0m[38;2;202;202;202m[48;2;173;173;173m▀[0m[38;2;255;255;255m[48;2;255;255;255m▀[0m[38;2;0;0;0m[48;2;0;0;0m▀[0m[38;2;97;99;99m[48;2;29;31;31m▀[0m[38;2;128;126;129m[48;2;26;25;25m▀[0m[38;2;255;255;255m[48;2;202;201;201m▀[0m[38;2;0;0;0m[48;2;158;158;158m▀[0m[38;2;0;0;0m[48;2;0;0;0m▀[0m[38;2;6;6;6m[48;2;0;0;0m▀[0m[38;2;55;58;58m[48;2;60;58;61m▀[0m
[38;2;0;0;0m[48;2;0;0;0m▀[0m[38;2;13;15;15m[48;2;15;18;18m▀[0m[38;2;0;0;0m[48;2;39;42;42m▀[0m[38;2;0;0;0m[48;2;81;84;85m▀[0m[38;2;15;24;24m[48;2;147;111;102m▀[0m[38;2;22;25;25m[48;2;0;0;0m▀[0m[38;2;63;66;66m[48;2;13;17;17m▀[0m[38;2;216;216;216m[48;2;156;159;159m▀[0m[38;2;255;255;255m[48;2;255;255;255m▀[0m[38;2;255;255;255m[48;2;255;255;255m▀[0m[38;2;227;227;227m[48;2;255;255;255m▀[0m[38;2;70;71;68m[48;2;255;255;255m▀[0m[38;2;255;255;255m[48;2;116;111;111m▀[0m[38;2;255;255;255m[48;2;211;215;215m▀[0m[38;2;255;204;201m[48;2;255;255;255m▀[0m[38;2;255;223;223m[48;2;255;222;222m▀[0m[38;2;255;255;255m[48;2;255;255;255m▀[0m[38;2;255;255;255m[48;2;255;255;255m▀[0m[38;2;255;255;255m[48;2;247;247;247m▀[0m[38;2;205;205;205m[48;2;0;0;0m▀[0m[38;2;189;189;189m[48;2;0;0;0m▀[0m[38;2;103;102;102m[48;2;0;0;0m▀[0m[38;2;0;0;0m[48;2;46;46;48m▀[0m[38;2;0;0;0m[48;2;0;0;0m▀[0m[38;2;134;134;134m[48;2;127;127;127m▀[0m[38;2;255;255;255m[48;2;255;255;255m▀[0m[38;2;255;255;255m[48;2;181;183;183m▀[0m[38;2;255;255;255m[48;2;201;200;200m▀[0m[38;2;0;0;0m[48;2;0;0;0m▀[0m[38;2;0;0;0m[48;2;0;0;0m▀[0m[38;2;34;36;36m[48;2;0;0;0m▀[0m[38;2;15;15;15m[48;2;0;0;0m▀[0m[38;2;255;255;255m[48;2;230;233;233m▀[0m[38;2;0;0;0m[48;2;72;73;70m▀[0m[38;2;0;0;0m[48;2;0;0;0m▀[0m[38;2;24;24;24m[48;2;0;0;0m▀[0m
[38;2;0;0;0m[48;2;168;168;168m▀[0m[38;2;255;255;255m[48;2;255;255;255m▀[0m[38;2;255;255;255m[48;2;255;255;255m▀[0m[38;2;255;255;255m[48;2;255;255;255m▀[0m[38;2;255;255;255m[48;2;255;255;255m▀[0m[38;2;165;173;174m[48;2;227;230;231m▀[0m[38;2;0;0;0m[48;2;41;45;45m▀[0m[38;2;70;70;72m[48;2;255;255;255m▀[0m[38;2;41;44;44m[48;2;188;188;188m▀[0m[38;2;180;184;181m[48;2;168;170;170m▀[0m[38;2;247;249;249m[48;2;255;242;239m▀[0m[38;2;255;255;255m[48;2;255;255;255m▀[0m[38;2;159;163;164m[48;2;255;255;255m▀[0m[38;2;69;72;69m[48;2;210;209;209m▀[0m[38;2;192;200;200m[48;2;118;118;118m▀[0m[38;2;255;255;255m[48;2;219;218;218m▀[0m[38;2;255;255;255m[48;2;255;255;255m▀[0m[38;2;207;210;210m[48;2;203;203;203m▀[0m[38;2;229;229;229m[48;2;152;154;154m▀[0m[38;2;18;17;17m[48;2;64;63;63m▀[0m[38;2;0;0;0m[48;2;0;0;0m▀[0m[38;2;0;0;0m[48;2;0;0;0m▀[0m[38;2;50;50;50m[48;2;54;54;56m▀[0m[38;2;0;0;0m[48;2;0;0;0m▀[0m[38;2;160;160;160m[48;2;42;41;42m▀[0m[38;2;255;255;255m[48;2;158;159;156m▀[0m[38;2;253;251;254m[48;2;255;255;255m▀[0m[38;2;249;250;247m[48;2;255;255;255m▀[0m[38;2;0;0;0m[48;2;17;16;16m▀[0m[38;2;0;0;0m[48;2;0;0;0m▀[0m[38;2;0;0;0m[48;2;0;0;0m▀[0m[38;2;0;0;0m[48;2;0;0;0m▀[0m[38;2;50;50;50m[48;2;0;0;0m▀[0m[38;2;191;190;190m[48;2;155;157;157m▀[0m[38;2;0;0;0m[48;2;5;5;5m▀[0m[38;2;0;0;0m[48;2;0;0;0m▀[0m
