[38;2;1;0;0m[48;2;0;0;0m▀[0m[38;2;0;0;0m[48;2;0;0;0m▀[0m[38;2;0;0;0m[48;2;0;0;0m▀[0m[38;2;0;0;0m[48;2;1;0;0m▀[0m[38;2;0;0;0m[48;2;17;19;17m▀[0m[38;2;0;0;0m[48;2;7;11;7m▀[0m[38;2;96;83;80m[48;2;125;131;140m▀[0m[38;2;237;46;42m[48;2;76;68;76m▀[0m[38;2;0;0;0m[48;2;0;21;29m▀[0m[38;2;0;0;0m[48;2;54;79;92m▀[0m[38;2;35;45;48m[48;2;70;82;90m▀[0m[38;2;2;7;9m[48;2;31;32;28m▀[0m[38;2;0;0;0m[48;2;15;20;21m▀[0m[38;2;0;0;0m[48;2;0;0;0m▀[0m[38;2;0;0;0m[48;2;0;0;0m▀[0m[38;2;105;120;123m[48;2;255;255;255m▀[0m[38;2;32;46;50m[48;2;177;145;140m▀[0m[38;2;0;0;0m[48;2;131;135;132m▀[0m[38;2;52;57;59m[48;2;255;255;255m▀[0m[38;2;199;203;204m[48;2;255;255;255m▀[0m[38;2;255;255;255m[48;2;108;115;119m▀[0m[38;2;250;252;252m[48;2;148;153;152m▀[0m[38;2;0;0;0m[48;2;88;95;96m▀[0m[38;2;33;33;34m[48;2;0;0;0m▀[0m[38;2;180;181;178m[48;2;77;78;75m▀[0m[38;2;227;227;224m[48;2;222;221;215m▀[0m[38;2;104;106;107m[48;2;145;145;143m▀[0m[38;2;168;168;162m[48;2;232;227;226m▀[0m[38;2;47;51;56m[48;2;157;161;163m▀[0m[38;2;192;190;187m[48;2;84;106;117m▀[0m[38;2;238;229;222m[48;2;250;248;242m▀[0m[38;2;213;211;205m[48;2;157;149;144m▀[0m[38;2;56;64;64m[48;2;0;0;0m▀[0m[38;2;235;239;239m[48;2;39;73;82m▀[0m[38;2;234;231;225m[48;2;166;170;170m▀[0m[38;2;150;148;146m[48;2;69;74;79m▀[0m
[38;2;0;0;0m[48;2;0;0;0m▀[0m[38;2;0;0;0m[48;2;37;40;35m▀[0m[38;2;62;58;57m[48;2;55;81;90m▀[0m[38;2;80;85;85m[48;2;29;66;86m▀[0m[38;2;0;0;0m[48;2;218;225;229m▀[0m[38;2;78;88;93m[48;2;252;251;248m▀[0m[38;2;34;54;62m[48;2;103;101;99m▀[0m[38;2;0;0;0m[48;2;99;114;122m▀[0m[38;2;0;0;0m[48;2;1;10;13m▀[0m[38;2;0;0;0m[48;2;45;44;42m▀[0m[38;2;68;77;84m[48;2;102;104;105m▀[0m[38;2;42;45;44m[48;2;121;121;115m▀[0m[38;2;0;0;0m[48;2;1;6;7m▀[0m[38;2;0;0;0m[48;2;0;0;0m▀[0m[38;2;36;0;0m[48;2;11;8;11m▀[0m[38;2;255;208;200m[48;2;255;255;255m▀[0m[38;2;255;255;255m[48;2;255;255;255m▀[0m[38;2;255;255;255m[48;2;191;196;197m▀[0m[38;2;255;255;255m[48;2;197;200;200m▀[0m[38;2;255;255;255m[48;2;250;249;249m▀[0m[38;2;132;136;141m[48;2;255;255;255m▀[0m[38;2;0;0;0m[48;2;255;255;255m▀[0m[38;2;135;142;146m[48;2;49;57;58m▀[0m[38;2;0;0;0m[48;2;0;0;0m▀[0m[38;2;0;0;0m[48;2;0;0;0m▀[0m[38;2;211;210;204m[48;2;136;137;134m▀[0m[38;2;200;202;202m[48;2;238;237;235m▀[0m[38;2;182;186;186m[48;2;181;186;188m▀[0m[38;2;235;230;226m[48;2;94;100;99m▀[0m[38;2;52;70;75m[48;2;23;22;19m▀[0m[38;2;52;100;126m[48;2;0;0;0m▀[0m[38;2;11;35;49m[48;2;35;48;55m▀[0m[38;2;0;0;0m[48;2;172;171;171m▀[0m[38;2;20;23;23m[48;2;197;193;193m▀[0m[38;2;115;129;132m[48;2;195;193;190m▀[0m[38;2;226;214;211m[48;2;252;182;177m▀[0m
[38;2;0;0;0m[48;2;0;0;0m▀[0m[38;2;41;60;76m[48;2;55;99;122m▀[0m[38;2;30;68;88m[48;2;75;91;102m▀[0m[38;2;30;60;77m[48;2;144;144;142m▀[0m[38;2;255;255;255m[48;2;255;255;255m▀[0m[38;2;255;255;255m[48;2;255;255;255m▀[0m[38;2;208;207;204m[48;2;255;255;255m▀[0m[38;2;39;39;36m[48;2;188;188;186m▀[0m[38;2;40;49;54m[48;2;3;5;6m▀[0m[38;2;240;244;245m[48;2;0;0;0m▀[0m[38;2;255;255;255m[48;2;5;3;0m▀[0m[38;2;152;152;155m[48;2;61;66;67m▀[0m[38;2;0;0;0m[48;2;106;109;111m▀[0m[38;2;44;49;51m[48;2;232;234;232m▀[0m[38;2;31;42;41m[48;2;175;174;171m▀[0m[38;2;255;255;255m[48;2;140;143;142m▀[0m[38;2;137;140;141m[48;2;103;106;105m▀[0m[38;2;18;22;22m[48;2;100;103;102m▀[0m[38;2;154;157;156m[48;2;75;77;75m▀[0m[38;2;145;144;144m[48;2;119;120;117m▀[0m[38;2;80;90;90m[48;2;64;77;84m▀[0m[38;2;255;255;255m[48;2;255;255;255m▀[0m[38;2;105;48;49m[48;2;101;94;94m▀[0m[38;2;0;0;0m[48;2;0;0;0m▀[0m[38;2;9;11;11m[48;2;28;40;44m▀[0m[38;2;141;145;141m[48;2;38;46;45m▀[0m[38;2;194;192;189m[48;2;123;123;121m▀[0m[38;2;253;248;248m[48;2;242;241;235m▀[0m[38;2;187;191;191m[48;2;198;203;203m▀[0m[38;2;0;0;0m[48;2;0;0;0m▀[0m[38;2;0;0;0m[48;2;89;89;85m▀[0m[38;2;179;179;173m[48;2;172;175;175m▀[0m[38;2;154;155;152m[48;2;117;118;115m▀[0m[38;2;222;222;219m[48;2;231;230;228m▀[0m[38;2;204;204;204m[48;2;85;85;85m▀[0m[38;2;136;141;141m[48;2;8;13;14m▀[0m
[38;2;0;8;12m[48;2;0;0;0m▀[0m[38;2;29;74;91m[48;2;14;53;73m▀[0m[38;2;144;162;167m[48;2;48;70;81m▀[0m[38;2;255;255;255m[48;2;255;255;255m▀[0m[38;2;255;255;255m[48;2;255;255;255m▀[0m[38;2;255;255;255m[48;2;255;255;255m▀[0m[38;2;210;212;214m[48;2;82;84;84m▀[0m[38;2;51;50;50m[48;2;114;114;112m▀[0m[38;2;57;61;60m[48;2;0;0;0m▀[0m[38;2;0;0;0m[48;2;0;0;0m▀[0m[38;2;46;76;83m[48;2;3;26;33m▀[0m[38;2;27;56;70m[48;2;20;46;55m▀[0m[38;2;94;90;86m[48;2;125;118;117m▀[0m[38;2;120;123;122m[48;2;161;160;157m▀[0m[38;2;231;227;226m[48;2;161;163;161m▀[0m[38;2;157;157;155m[48;2;107;110;109m▀[0m[38;2;152;152;150m[48;2;183;182;180m▀[0m[38;2;216;215;213m[48;2;212;210;206m▀[0m[38;2;210;209;207m[48;2;139;141;139m▀[0m[38;2;167;168;165m[48;2;118;121;121m▀[0m[38;2;49;59;64m[48;2;133;134;131m▀[0m[38;2;69;77;78m[48;2;111;107;109m▀[0m[38;2;0;0;0m[48;2;94;98;95m▀[0m[38;2;0;16;22m[48;2;46;61;57m▀[0m[38;2;0;0;0m[48;2;5;1;4m▀[0m[38;2;0;0;0m[48;2;1;23;30m▀[0m[38;2;211;211;207m[48;2;27;57;58m▀[0m[38;2;195;205;210m[48;2;0;0;0m▀[0m[38;2;0;0;0m[48;2;0;0;0m▀[0m[38;2;0;0;0m[48;2;0;2;0m▀[0m[38;2;103;106;103m[48;2;101;106;105m▀[0m[38;2;113;115;115m[48;2;196;196;193m▀[0m[38;2;74;77;74m[48;2;168;171;170m▀[0m[38;2;131;130;131m[48;2;185;185;183m▀[0m[38;2;54;57;57m[48;2;197;205;203m▀[0m[38;2;36;49;52m[48;2;187;163;163m▀[0m
[38;2;0;0;0m[48;2;34;68;73m▀[0m[38;2;0;0;0m[48;2;0;0;0m▀[0m[38;2;0;0;0m[48;2;131;130;131m▀[0m[38;2;255;255;255m[48;2;255;255;255m▀[0m[38;2;255;255;255m[48;2;255;255;255m▀[0m[38;2;55;72;76m[48;2;0;0;0m▀[0m[38;2;27;30;27m[48;2;89;111;120m▀[0m[38;2;142;143;140m[48;2;180;175;174m▀[0m[38;2;47;54;55m[48;2;133;147;151m▀[0m[38;2;144;156;159m[48;2;174;169;167m▀[0m[38;2;0;0;0m[48;2;0;0;0m▀[0m[38;2;39;59;69m[48;2;2;37;52m▀[0m[38;2;158;157;155m[48;2;112;107;107m▀[0m[38;2;210;206;206m[48;2;106;108;106m▀[0m[38;2;212;205;205m[48;2;147;148;145m▀[0m[38;2;158;155;157m[48;2;119;118;116m▀[0m[38;2;127;131;131m[48;2;134;136;134m▀[0m[38;2;102;105;102m[48;2;170;162;157m▀[0m[38;2;174;174;171m[48;2;133;137;137m▀[0m[38;2;250;247;247m[48;2;165;167;165m▀[0m[38;2;255;255;255m[48;2;222;214;209m▀[0m[38;2;210;210;206m[48;2;193;189;187m▀[0m[38;2;195;193;191m[48;2;98;101;100m▀[0m[38;2;234;253;248m[48;2;174;179;176m▀[0m[38;2;238;197;192m[48;2;191;228;227m▀[0m[38;2;255;0;0m[48;2;231;160;156m▀[0m[38;2;184;53;55m[48;2;247;170;168m▀[0m[38;2;43;79;83m[48;2;186;186;184m▀[0m[38;2;79;89;93m[48;2;189;192;188m▀[0m[38;2;127;137;135m[48;2;195;107;100m▀[0m[38;2;167;185;189m[48;2;170;99;88m▀[0m[38;2;120;125;126m[48;2;136;140;137m▀[0m[38;2;121;125;124m[48;2;180;183;180m▀[0m[38;2;161;161;158m[48;2;226;219;210m▀[0m[38;2;220;222;222m[48;2;140;135;134m▀[0m[38;2;251;246;245m[48;2;171;169;173m▀[0m
[38;2;0;0;0m[48;2;44;47;50m▀[0m[38;2;0;0;0m[48;2;128;131;130m▀[0m[38;2;255;255;255m[48;2;255;255;255m▀[0m[38;2;255;255;255m[48;2;255;255;255m▀[0m[38;2;255;255;255m[48;2;167;167;165m▀[0m[38;2;0;0;0m[48;2;0;0;0m▀[0m[38;2;21;55;69m[48;2;0;0;0m▀[0m[38;2;49;69;77m[48;2;0;0;0m▀[0m[38;2;113;128;134m[48;2;178;188;189m▀[0m[38;2;213;210;204m[48;2;255;238;230m▀[0m[38;2;123;115;110m[48;2;181;172;164m▀[0m[38;2;5;8;8m[48;2;105;123;129m▀[0m[38;2;80;89;94m[48;2;4;29;43m▀[0m[38;2;236;234;230m[48;2;112;111;111m▀[0m[38;2;180;181;178m[48;2;137;140;139m▀[0m[38;2;207;204;198m[48;2;199;195;194m▀[0m[38;2;72;97;106m[48;2;225;227;228m▀[0m[38;2;119;141;148m[48;2;173;183;186m▀[0m[38;2;15;29;40m[48;2;12;41;57m▀[0m[38;2;51;90;108m[48;2;91;116;128m▀[0m[38;2;147;162;169m[48;2;212;225;227m▀[0m[38;2;172;177;179m[48;2;183;184;181m▀[0m[38;2;122;121;118m[48;2;192;183;175m▀[0m[38;2;105;110;105m[48;2;194;197;193m▀[0m[38;2;162;167;163m[48;2;106;110;111m▀[0m[38;2;220;246;241m[48;2;153;159;157m▀[0m[38;2;197;195;192m[48;2;234;245;244m▀[0m[38;2;212;147;146m[48;2;231;235;234m▀[0m[38;2;202;177;173m[48;2;221;220;218m▀[0m[38;2;186;191;190m[48;2;234;245;245m▀[0m[38;2;187;131;121m[48;2;138;153;149m▀[0m[38;2;231;166;163m[48;2;135;140;144m▀[0m[38;2;133;151;152m[48;2;142;156;167m▀[0m[38;2;128;150;158m[48;2;3;46;67m▀[0m[38;2;152;164;168m[48;2;0;8;25m▀[0m[38;2;170;168;166m[48;2;32;59;73m▀[0m
[38;2;118;122;122m[48;2;96;99;99m▀[0m[38;2;217;219;217m[48;2;255;255;255m▀[0m[38;2;255;255;255m[48;2;255;255;255m▀[0m[38;2;255;255;255m[48;2;255;255;255m▀[0m[38;2;54;57;58m[48;2;10;15;19m▀[0m[38;2;0;0;0m[48;2;0;0;0m▀[0m[38;2;0;0;0m[48;2;35;32;32m▀[0m[38;2;40;49;52m[48;2;104;107;106m▀[0m[38;2;255;250;246m[48;2;145;166;175m▀[0m[38;2;202;198;198m[48;2;71;112;138m▀[0m[38;2;43;70;84m[48;2;90;117;135m▀[0m[38;2;148;156;156m[48;2;60;63;64m▀[0m[38;2;88;106;116m[48;2;144;146;147m▀[0m[38;2;0;0;0m[48;2;91;118;131m▀[0m[38;2;0;0;0m[48;2;47;80;100m▀[0m[38;2;0;0;0m[48;2;7;25;35m▀[0m[38;2;26;34;37m[48;2;0;0;0m▀[0m[38;2;12;19;20m[48;2;0;0;0m▀[0m[38;2;0;0;0m[48;2;0;0;0m▀[0m[38;2;0;11;18m[48;2;0;0;0m▀[0m[38;2;29;50;59m[48;2;0;0;0m▀[0m[38;2;87;102;115m[48;2;0;0;0m▀[0m[38;2;114;137;146m[48;2;0;0;0m▀[0m[38;2;184;193;193m[48;2;110;123;127m▀[0m[38;2;221;220;213m[48;2;218;220;222m▀[0m[38;2;76;76;73m[48;2;171;171;168m▀[0m[38;2;67;70;70m[48;2;84;83;79m▀[0m[38;2;158;162;157m[48;2;116;113;107m▀[0m[38;2;150;153;152m[48;2;114;118;114m▀[0m[38;2;104;108;105m[48;2;162;165;164m▀[0m[38;2;87;90;85m[48;2;196;192;188m▀[0m[38;2;75;90;97m[48;2;224;214;205m▀[0m[38;2;74;93;105m[48;2;209;199;194m▀[0m[38;2;75;98;105m[48;2;212;202;195m▀[0m[38;2;0;0;0m[48;2;192;191;191m▀[0m[38;2;0;0;0m[48;2;135;128;124m▀[0m
[38;2;206;208;209m[48;2;197;197;198m▀[0m[38;2;255;255;255m[48;2;154;157;158m▀[0m[38;2;255;255;255m[48;2;169;172;173m▀[0m[38;2;255;255;255m[48;2;145;148;147m▀[0m[38;2;23;26;29m[48;2;137;140;141m▀[0m[38;2;58;62;61m[48;2;175;178;178m▀[0m[38;2;228;223;222m[48;2;250;242;238m▀[0m[38;2;92;102;107m[48;2;163;162;162m▀[0m[38;2;45;100;127m[48;2;9;42;52m▀[0m[38;2;75;125;145m[48;2;3;22;34m▀[0m[38;2;65;97;118m[48;2;10;34;48m▀[0m[38;2;25;52;69m[48;2;0;26;44m▀[0m[38;2;67;62;61m[48;2;0;0;0m▀[0m[38;2;143;151;150m[48;2;33;26;22m▀[0m[38;2;83;117;130m[48;2;42;47;48m▀[0m[38;2;57;95;112m[48;2;1;33;50m▀[0m[38;2;0;28;39m[48;2;25;29;39m▀[0m[38;2;0;0;0m[48;2;236;175;168m▀[0m[38;2;47;51;52m[48;2;255;255;255m▀[0m[38;2;124;120;119m[48;2;151;160;163m▀[0m[38;2;134;133;130m[48;2;250;253;253m▀[0m[38;2;42;49;50m[48;2;255;255;255m▀[0m[38;2;0;0;0m[48;2;147;139;136m▀[0m[38;2;0;0;0m[48;2;0;0;0m▀[0m[38;2;14;45;61m[48;2;0;0;0m▀[0m[38;2;57;96;109m[48;2;2;29;39m▀[0m[38;2;101;110;113m[48;2;27;52;62m▀[0m[38;2;238;231;226m[48;2;35;66;77m▀[0m[38;2;238;225;219m[48;2;105;123;128m▀[0m[38;2;151;142;137m[48;2;180;182;184m▀[0m[38;2;104;106;104m[48;2;108;107;103m▀[0m[38;2;136;151;158m[48;2;36;58;69m▀[0m[38;2;179;182;183m[48;2;78;116;128m▀[0m[38;2;205;198;197m[48;2;68;94;101m▀[0m[38;2;215;207;206m[48;2;47;72;82m▀[0m[38;2;206;205;206m[48;2;56;77;88m▀[0m
[38;2;100;105;105m[48;2;194;191;191m▀[0m[38;2;82;84;85m[48;2;172;170;168m▀[0m[38;2;83;86;85m[48;2;95;98;99m▀[0m[38;2;147;152;148m[48;2;179;180;177m▀[0m[38;2;139;138;139m[48;2;114;112;109m▀[0m[38;2;128;127;124m[48;2;149;147;144m▀[0m[38;2;221;215;219m[48;2;94;134;151m▀[0m[38;2;58;89;105m[48;2;42;90;116m▀[0m[38;2;0;0;0m[48;2;0;0;0m▀[0m[38;2;0;0;0m[48;2;78;76;74m▀[0m[38;2;0;0;0m[48;2;255;255;255m▀[0m[38;2;4;2;0m[48;2;255;255;255m▀[0m[38;2;8;15;17m[48;2;255;255;255m▀[0m[38;2;0;0;0m[48;2;216;225;229m▀[0m[38;2;0;0;0m[48;2;80;87;91m▀[0m[38;2;0;3;8m[48;2;219;214;213m▀[0m[38;2;255;255;255m[48;2;216;222;221m▀[0m[38;2;255;255;255m[48;2;223;233;234m▀[0m[38;2;198;207;208m[48;2;255;255;255m▀[0m[38;2;133;136;137m[48;2;255;255;255m▀[0m[38;2;166;170;175m[48;2;255;255;255m▀[0m[38;2;255;255;255m[48;2;180;180;177m▀[0m[38;2;255;255;255m[48;2;255;255;255m▀[0m[38;2;34;44;43m[48;2;113;123;128m▀[0m[38;2;0;0;0m[48;2;28;35;39m▀[0m[38;2;17;36;51m[48;2;0;0;0m▀[0m[38;2;130;150;159m[48;2;10;20;28m▀[0m[38;2;76;86;90m[48;2;84;91;93m▀[0m[38;2;63;89;98m[48;2;193;202;206m▀[0m[38;2;60;104;127m[48;2;130;163;182m▀[0m[38;2;63;98;111m[48;2;42;71;89m▀[0m[38;2;57;79;92m[48;2;3;18;28m▀[0m[38;2;108;124;136m[48;2;0;8;20m▀[0m[38;2;168;180;188m[48;2;21;48;65m▀[0m[38;2;193;193;193m[48;2;48;69;82m▀[0m[38;2;236;224;220m[48;2;84;94;99m▀[0m
[38;2;176;188;199m[48;2;0;11;32m▀[0m[38;2;118;133;141m[48;2;39;48;52m▀[0m[38;2;139;141;139m[48;2;211;208;210m▀[0m[38;2;175;175;169m[48;2;130;122;114m▀[0m[38;2;104;99;94m[48;2;67;79;83m▀[0m[38;2;105;127;136m[48;2;52;98;124m▀[0m[38;2;13;61;89m[48;2;0;0;0m▀[0m[38;2;27;39;44m[48;2;0;0;0m▀[0m[38;2;197;192;194m[48;2;255;255;255m▀[0m[38;2;255;255;255m[48;2;255;255;255m▀[0m[38;2;255;255;255m[48;2;255;255;255m▀[0m[38;2;255;255;255m[48;2;252;249;252m▀[0m[38;2;204;206;206m[48;2;236;238;240m▀[0m[38;2;255;255;255m[48;2;233;235;235m▀[0m[38;2;255;255;255m[48;2;218;217;215m▀[0m[38;2;98;98;96m[48;2;116;116;118m▀[0m[38;2;81;85;85m[48;2;122;126;127m▀[0m[38;2;144;146;144m[48;2;103;107;108m▀[0m[38;2;144;146;147m[48;2;96;99;100m▀[0m[38;2;169;173;172m[48;2;96;101;102m▀[0m[38;2;200;202;203m[48;2;93;97;98m▀[0m[38;2;200;200;197m[48;2;79;84;86m▀[0m[38;2;249;253;249m[48;2;134;138;140m▀[0m[38;2;98;112;121m[48;2;117;133;144m▀[0m[38;2;155;174;187m[48;2;119;132;136m▀[0m[38;2;0;0;0m[48;2;0;0;0m▀[0m[38;2;0;0;0m[48;2;0;0;0m▀[0m[38;2;0;0;0m[48;2;0;4;5m▀[0m[38;2;6;19;27m[48;2;8;15;23m▀[0m[38;2;47;76;96m[48;2;9;12;17m▀[0m[38;2;64;105;128m[48;2;48;52;51m▀[0m[38;2;51;81;101m[48;2;13;16;19m▀[0m[38;2;0;0;0m[48;2;41;62;68m▀[0m[38;2;0;0;0m[48;2;56;83;87m▀[0m[38;2;0;0;0m[48;2;88;130;144m▀[0m[38;2;0;0;0m[48;2;107;160;174m▀[0m
[38;2;0;0;0m[48;2;137;139;137m▀[0m[38;2;186;185;186m[48;2;182;179;181m▀[0m[38;2;175;172;166m[48;2;57;57;62m▀[0m[38;2;33;43;47m[48;2;47;88;108m▀[0m[38;2;29;72;98m[48;2;68;117;147m▀[0m[38;2;39;72;89m[48;2;38;67;84m▀[0m[38;2;0;0;0m[48;2;0;0;0m▀[0m[38;2;36;61;69m[48;2;59;98;108m▀[0m[38;2;175;185;192m[48;2;135;182;202m▀[0m[38;2;221;216;216m[48;2;58;79;92m▀[0m[38;2;204;207;209m[48;2;68;84;95m▀[0m[38;2;187;191;193m[48;2;220;224;224m▀[0m[38;2;231;231;231m[48;2;236;239;235m▀[0m[38;2;222;222;220m[48;2;135;140;140m▀[0m[38;2;226;224;228m[48;2;194;196;198m▀[0m[38;2;250;252;255m[48;2;255;255;255m▀[0m[38;2;217;221;222m[48;2;224;223;224m▀[0m[38;2;203;205;203m[48;2;242;244;245m▀[0m[38;2;194;194;195m[48;2;255;255;255m▀[0m[38;2;167;171;172m[48;2;247;249;250m▀[0m[38;2;147;150;151m[48;2;254;254;255m▀[0m[38;2;127;131;133m[48;2;255;255;255m▀[0m[38;2;242;242;244m[48;2;255;255;255m▀[0m[38;2;140;156;164m[48;2;55;65;73m▀[0m[38;2;10;10;7m[48;2;0;0;0m▀[0m[38;2;0;0;0m[48;2;0;0;0m▀[0m[38;2;0;0;0m[48;2;0;0;0m▀[0m[38;2;0;0;0m[48;2;49;75;87m▀[0m[38;2;0;0;0m[48;2;0;0;0m▀[0m[38;2;0;0;0m[48;2;0;0;0m▀[0m[38;2;53;52;48m[48;2;0;0;0m▀[0m[38;2;3;1;4m[48;2;0;0;0m▀[0m[38;2;7;12;12m[48;2;0;0;0m▀[0m[38;2;0;2;0m[48;2;0;0;0m▀[0m[38;2;0;0;0m[48;2;0;0;0m▀[0m[38;2;0;0;0m[48;2;0;0;0m▀[0m
[38;2;43;75;91m[48;2;38;67;81m▀[0m[38;2;34;48;56m[48;2;32;67;87m▀[0m[38;2;45;87;109m[48;2;67;113;138m▀[0m[38;2;77;127;153m[48;2;39;66;82m▀[0m[38;2;47;82;97m[48;2;10;19;23m▀[0m[38;2;0;3;5m[48;2;28;43;51m▀[0m[38;2;0;0;0m[48;2;0;0;0m▀[0m[38;2;0;0;0m[48;2;0;0;0m▀[0m[38;2;63;92;108m[48;2;0;0;0m▀[0m[38;2;38;54;60m[48;2;149;158;161m▀[0m[38;2;226;228;229m[48;2;255;255;255m▀[0m[38;2;255;255;255m[48;2;244;241;241m▀[0m[38;2;190;190;192m[48;2;173;178;180m▀[0m[38;2;40;60;70m[48;2;3;30;46m▀[0m[38;2;175;174;174m[48;2;172;179;181m▀[0m[38;2;243;243;241m[48;2;212;212;212m▀[0m[38;2;222;222;219m[48;2;235;232;235m▀[0m[38;2;249;251;249m[48;2;229;231;229m▀[0m[38;2;213;215;216m[48;2;210;212;217m▀[0m[38;2;222;224;225m[48;2;204;204;207m▀[0m[38;2;233;233;236m[48;2;185;185;186m▀[0m[38;2;255;255;255m[48;2;247;247;248m▀[0m[38;2;252;255;255m[48;2;136;152;164m▀[0m[38;2;0;0;2m[48;2;0;0;0m▀[0m[38;2;0;0;0m[48;2;0;0;0m▀[0m[38;2;0;0;0m[48;2;0;0;0m▀[0m[38;2;72;109;127m[48;2;90;136;159m▀[0m[38;2;102;150;175m[48;2;90;131;155m▀[0m[38;2;81;126;147m[48;2;87;134;159m▀[0m[38;2;41;62;72m[48;2;74;113;133m▀[0m[38;2;0;0;0m[48;2;21;35;42m▀[0m[38;2;33;58;67m[48;2;41;65;78m▀[0m[38;2;23;33;38m[48;2;95;144;172m▀[0m[38;2;0;0;0m[48;2;93;145;169m▀[0m[38;2;0;0;0m[48;2;19;31;38m▀[0m[38;2;0;0;0m[48;2;0;0;0m▀[0m
