[38;2;124;174;183m[48;2;95;142;155m▀[0m[38;2;21;37;44m[48;2;1;1;2m▀[0m[38;2;8;9;5m[48;2;15;19;18m▀[0m[38;2;58;79;83m[48;2;32;45;49m▀[0m[38;2;47;61;61m[48;2;58;75;76m▀[0m[38;2;100;128;132m[48;2;102;129;132m▀[0m[38;2;82;104;105m[48;2;82;102;106m▀[0m[38;2;89;107;115m[48;2;86;107;111m▀[0m[38;2;73;95;98m[48;2;63;84;85m▀[0m[38;2;87;114;118m[48;2;60;80;84m▀[0m[38;2;99;129;135m[48;2;16;19;19m▀[0m[38;2;84;107;112m[48;2;0;0;0m▀[0m[38;2;29;40;42m[48;2;0;0;0m▀[0m[38;2;0;2;1m[48;2;29;30;27m▀[0m[38;2;4;6;6m[48;2;30;35;36m▀[0m[38;2;28;30;31m[48;2;58;72;74m▀[0m[38;2;42;57;60m[48;2;63;74;76m▀[0m[38;2;74;100;104m[48;2;47;56;59m▀[0m[38;2;80;103;107m[48;2;53;62;67m▀[0m[38;2;76;92;98m[48;2;55;68;75m▀[0m[38;2;46;59;62m[48;2;38;48;51m▀[0m[38;2;39;50;50m[48;2;28;36;36m▀[0m[38;2;84;107;110m[48;2;80;101;106m▀[0m[38;2;90;115;119m[48;2;89;114;118m▀[0m[38;2;73;94;99m[48;2;79;102;105m▀[0m[38;2;31;36;38m[48;2;29;37;38m▀[0m[38;2;64;78;84m[48;2;49;56;61m▀[0m[38;2;81;103;108m[48;2;65;75;79m▀[0m[38;2;76;96;100m[48;2;72;87;91m▀[0m[38;2;59;76;80m[48;2;58;75;77m▀[0m[38;2;58;76;78m[48;2;58;74;81m▀[0m[38;2;46;74;77m[48;2;40;57;59m▀[0m[38;2;173;190;192m[48;2;63;95;100m▀[0m[38;2;255;255;255m[48;2;243;245;243m▀[0m[38;2;211;214;215m[48;2;255;255;255m▀[0m[38;2;181;185;187m[48;2;144;151;157m▀[0m
[38;2;100;143;154m[48;2;95;130;135m▀[0m[38;2;0;0;0m[48;2;0;0;0m▀[0m[38;2;20;24;25m[48;2;19;23;24m▀[0m[38;2;14;21;22m[48;2;19;27;28m▀[0m[38;2;73;98;101m[48;2;96;126;132m▀[0m[38;2;99;122;127m[48;2;113;140;149m▀[0m[38;2;85;105;109m[48;2;102;125;130m▀[0m[38;2;85;106;111m[48;2;88;110;115m▀[0m[38;2;83;105;109m[48;2;87;108;112m▀[0m[38;2;71;89;93m[48;2;92;118;124m▀[0m[38;2;60;69;72m[48;2;80;105;108m▀[0m[38;2;36;35;32m[48;2;46;48;48m▀[0m[38;2;55;60;57m[48;2;38;34;34m▀[0m[38;2;21;23;23m[48;2;44;54;57m▀[0m[38;2;86;117;126m[48;2;41;56;59m▀[0m[38;2;103;133;142m[48;2;9;18;19m▀[0m[38;2;93;121;124m[48;2;0;0;0m▀[0m[38;2;64;82;84m[48;2;0;0;0m▀[0m[38;2;12;19;20m[48;2;10;27;28m▀[0m[38;2;12;9;11m[48;2;0;0;0m▀[0m[38;2;0;0;0m[48;2;0;0;0m▀[0m[38;2;0;0;0m[48;2;16;21;21m▀[0m[38;2;71;93;98m[48;2;55;70;73m▀[0m[38;2;92;117;122m[48;2;95;123;126m▀[0m[38;2;80;106;109m[48;2;75;101;107m▀[0m[38;2;49;67;69m[48;2;56;73;75m▀[0m[38;2;38;48;53m[48;2;50;62;66m▀[0m[38;2;38;46;47m[48;2;41;53;57m▀[0m[38;2;27;36;36m[48;2;33;45;50m▀[0m[38;2;37;45;46m[48;2;0;0;0m▀[0m[38;2;41;57;57m[48;2;0;0;0m▀[0m[38;2;52;73;76m[48;2;14;38;38m▀[0m[38;2;19;46;49m[48;2;18;48;52m▀[0m[38;2;161;183;186m[48;2;91;117;123m▀[0m[38;2;255;255;255m[48;2;247;251;250m▀[0m[38;2;169;169;170m[48;2;0;0;0m▀[0m
[38;2;50;77;83m[48;2;36;58;59m▀[0m[38;2;0;0;0m[48;2;0;0;0m▀[0m[38;2;16;22;21m[48;2;17;20;21m▀[0m[38;2;22;30;30m[48;2;10;12;12m▀[0m[38;2;97;125;134m[48;2;17;22;21m▀[0m[38;2;24;33;34m[48;2;0;0;0m▀[0m[38;2;56;69;75m[48;2;0;0;0m▀[0m[38;2;99;125;131m[48;2;22;29;30m▀[0m[38;2;92;115;119m[48;2;97;122;129m▀[0m[38;2;87;110;113m[48;2;86;111;116m▀[0m[38;2;93;116;121m[48;2;84;111;114m▀[0m[38;2;88;111;116m[48;2;88;116;120m▀[0m[38;2;77;100;103m[48;2;97;133;138m▀[0m[38;2;37;51;54m[48;2;67;93;99m▀[0m[38;2;0;0;0m[48;2;51;64;68m▀[0m[38;2;0;0;0m[48;2;44;58;60m▀[0m[38;2;0;0;0m[48;2;86;94;95m▀[0m[38;2;48;62;64m[48;2;87;89;90m▀[0m[38;2;80;108;112m[48;2;80;72;73m▀[0m[38;2;26;31;30m[48;2;102;92;93m▀[0m[38;2;95;102;106m[48;2;100;90;94m▀[0m[38;2;91;100;101m[48;2;77;68;71m▀[0m[38;2;27;35;33m[48;2;22;15;15m▀[0m[38;2;83;109;112m[48;2;67;89;93m▀[0m[38;2;77;102;105m[48;2;75;98;103m▀[0m[38;2;60;80;82m[48;2;87;112;115m▀[0m[38;2;34;44;49m[48;2;24;32;35m▀[0m[38;2;29;36;38m[48;2;0;0;0m▀[0m[38;2;0;0;0m[48;2;1;0;0m▀[0m[38;2;13;8;8m[48;2;116;88;85m▀[0m[38;2;132;102;102m[48;2;0;0;0m▀[0m[38;2;205;186;182m[48;2;0;0;0m▀[0m[38;2;106;132;136m[48;2;190;171;170m▀[0m[38;2;70;111;119m[48;2;50;76;80m▀[0m[38;2;18;27;26m[48;2;0;0;0m▀[0m[38;2;0;0;0m[48;2;0;0;0m▀[0m
[38;2;53;76;81m[48;2;35;55;59m▀[0m[38;2;0;0;0m[48;2;7;9;14m▀[0m[38;2;13;17;13m[48;2;14;18;22m▀[0m[38;2;1;2;0m[48;2;0;0;0m▀[0m[38;2;48;51;47m[48;2;49;53;52m▀[0m[38;2;63;74;76m[48;2;60;82;86m▀[0m[38;2;108;141;150m[48;2;23;36;38m▀[0m[38;2;54;72;76m[48;2;0;6;5m▀[0m[38;2;52;64;68m[48;2;27;30;31m▀[0m[38;2;97;112;118m[48;2;91;106;109m▀[0m[38;2;79;101;104m[48;2;82;99;101m▀[0m[38;2;82;103;106m[48;2;82;94;97m▀[0m[38;2;84;102;103m[48;2;80;92;95m▀[0m[38;2;90;103;106m[48;2;82;87;89m▀[0m[38;2;76;80;82m[48;2;91;83;84m▀[0m[38;2;87;84;87m[48;2;88;78;79m▀[0m[38;2;97;87;91m[48;2;81;72;71m▀[0m[38;2;89;78;79m[48;2;81;71;72m▀[0m[38;2;90;71;71m[48;2;81;71;70m▀[0m[38;2;99;91;92m[48;2;81;71;72m▀[0m[38;2;89;78;79m[48;2;77;72;70m▀[0m[38;2;70;65;67m[48;2;77;76;76m▀[0m[38;2;43;36;35m[48;2;70;73;72m▀[0m[38;2;58;78;80m[48;2;58;78;82m▀[0m[38;2;78;99;104m[48;2;73;99;103m▀[0m[38;2;95;121;127m[48;2;87;113;119m▀[0m[38;2;41;59;61m[48;2;40;60;62m▀[0m[38;2;9;14;11m[48;2;65;70;71m▀[0m[38;2;105;100;104m[48;2;103;107;108m▀[0m[38;2;24;16;16m[48;2;0;0;0m▀[0m[38;2;89;62;59m[48;2;45;26;24m▀[0m[38;2;124;84;79m[48;2;170;120;119m▀[0m[38;2;81;53;46m[48;2;66;46;44m▀[0m[38;2;10;15;11m[48;2;0;0;0m▀[0m[38;2;0;0;0m[48;2;0;0;0m▀[0m[38;2;0;0;0m[48;2;0;0;0m▀[0m
[38;2;28;44;50m[48;2;104;143;152m▀[0m[38;2;36;40;45m[48;2;47;55;58m▀[0m[38;2;45;53;57m[48;2;118;128;131m▀[0m[38;2;44;39;37m[48;2;22;18;18m▀[0m[38;2;27;24;24m[48;2;150;152;154m▀[0m[38;2;0;3;3m[48;2;0;0;0m▀[0m[38;2;0;0;0m[48;2;62;77;79m▀[0m[38;2;0;0;0m[48;2;97;106;110m▀[0m[38;2;66;47;46m[48;2;90;94;94m▀[0m[38;2;75;78;79m[48;2;86;100;103m▀[0m[38;2;81;101;105m[48;2;82;102;107m▀[0m[38;2;81;94;97m[48;2;80;95;99m▀[0m[38;2;82;92;95m[48;2;81;94;98m▀[0m[38;2;81;88;90m[48;2;83;93;96m▀[0m[38;2;85;85;83m[48;2;84;91;92m▀[0m[38;2;85;77;81m[48;2;84;88;89m▀[0m[38;2;83;77;78m[48;2;83;86;87m▀[0m[38;2;82;79;79m[48;2;84;86;87m▀[0m[38;2;82;78;80m[48;2;80;82;80m▀[0m[38;2;88;80;83m[48;2;89;88;89m▀[0m[38;2;75;72;74m[48;2;76;80;81m▀[0m[38;2;86;84;88m[48;2;84;88;89m▀[0m[38;2;77;77;78m[48;2;64;74;75m▀[0m[38;2;46;73;80m[48;2;14;34;36m▀[0m[38;2;76;101;105m[48;2;69;91;92m▀[0m[38;2;78;106;109m[48;2;80;105;108m▀[0m[38;2;59;82;85m[48;2;53;73;75m▀[0m[38;2;64;73;73m[48;2;49;60;62m▀[0m[38;2;119;124;124m[48;2;106;127;130m▀[0m[38;2;32;32;30m[48;2;1;3;1m▀[0m[38;2;11;11;11m[48;2;83;100;102m▀[0m[38;2;53;48;48m[48;2;57;74;76m▀[0m[38;2;57;56;53m[48;2;0;0;0m▀[0m[38;2;0;0;0m[48;2;0;0;0m▀[0m[38;2;0;0;0m[48;2;0;0;0m▀[0m[38;2;1;1;0m[48;2;1;1;0m▀[0m
[38;2;126;166;174m[48;2;102;138;144m▀[0m[38;2;18;25;29m[48;2;89;117;125m▀[0m[38;2;162;166;171m[48;2;35;25;25m▀[0m[38;2;29;31;34m[48;2;56;48;51m▀[0m[38;2;37;41;43m[48;2;0;0;0m▀[0m[38;2;35;30;30m[48;2;63;56;56m▀[0m[38;2;61;47;48m[48;2;108;82;80m▀[0m[38;2;77;93;103m[48;2;3;0;0m▀[0m[38;2;101;121;126m[48;2;68;86;90m▀[0m[38;2;70;84;91m[48;2;77;99;103m▀[0m[38;2;80;100;105m[48;2;78;103;107m▀[0m[38;2;82;99;103m[48;2;84;105;109m▀[0m[38;2;81;99;103m[48;2;81;104;108m▀[0m[38;2;82;97;100m[48;2;81;104;107m▀[0m[38;2;83;95;98m[48;2;82;100;102m▀[0m[38;2;84;93;96m[48;2;81;98;102m▀[0m[38;2;84;92;95m[48;2;81;98;100m▀[0m[38;2;84;93;94m[48;2;82;97;100m▀[0m[38;2;79;88;89m[48;2;81;99;101m▀[0m[38;2;78;86;89m[48;2;81;98;100m▀[0m[38;2;72;85;87m[48;2;94;124;126m▀[0m[38;2;75;82;86m[48;2;51;68;72m▀[0m[38;2;60;65;67m[48;2;24;32;32m▀[0m[38;2;7;15;15m[48;2;22;35;35m▀[0m[38;2;71;98;100m[48;2;75;101;107m▀[0m[38;2;69;89;91m[48;2;73;96;99m▀[0m[38;2;55;70;73m[48;2;60;83;87m▀[0m[38;2;76;97;101m[48;2;82;107;111m▀[0m[38;2;63;83;85m[48;2;86;103;107m▀[0m[38;2;0;0;0m[48;2;35;34;32m▀[0m[38;2;93;124;132m[48;2;61;54;53m▀[0m[38;2;28;33;33m[48;2;41;39;36m▀[0m[38;2;0;0;0m[48;2;0;0;0m▀[0m[38;2;0;0;0m[48;2;0;0;0m▀[0m[38;2;1;1;0m[48;2;1;1;0m▀[0m[38;2;1;2;0m[48;2;1;1;0m▀[0m
[38;2;105;136;147m[48;2;113;157;170m▀[0m[38;2;145;187;201m[48;2;88;122;131m▀[0m[38;2;147;159;166m[48;2;218;239;244m▀[0m[38;2;109;108;104m[48;2;240;240;237m▀[0m[38;2;0;0;0m[48;2;0;0;0m▀[0m[38;2;64;56;57m[48;2;61;54;53m▀[0m[38;2;110;101;104m[48;2;107;109;114m▀[0m[38;2;83;93;93m[48;2;95;115;120m▀[0m[38;2;72;90;92m[48;2;91;125;129m▀[0m[38;2;90;123;127m[48;2;95;115;123m▀[0m[38;2;87;121;125m[48;2;74;76;77m▀[0m[38;2;89;119;123m[48;2;65;76;75m▀[0m[38;2;88;114;116m[48;2;74;97;101m▀[0m[38;2;84;107;112m[48;2;86;118;120m▀[0m[38;2;80;105;110m[48;2;89;117;123m▀[0m[38;2;81;106;109m[48;2;83;109;115m▀[0m[38;2;81;104;107m[48;2;80;105;110m▀[0m[38;2;81;107;109m[48;2;82;105;108m▀[0m[38;2;78;99;102m[48;2;83;107;109m▀[0m[38;2;76;93;94m[48;2;66;92;92m▀[0m[38;2;92;124;126m[48;2;85;110;115m▀[0m[38;2;48;65;67m[48;2;39;54;57m▀[0m[38;2;47;62;65m[48;2;53;70;72m▀[0m[38;2;41;54;57m[48;2;47;58;58m▀[0m[38;2;60;78;82m[48;2;38;52;55m▀[0m[38;2;78;99;104m[48;2;74;94;96m▀[0m[38;2;84;110;116m[48;2;88;116;122m▀[0m[38;2;83;111;114m[48;2;56;81;84m▀[0m[38;2;75;96;99m[48;2;20;29;32m▀[0m[38;2;45;47;48m[48;2;49;70;71m▀[0m[38;2;6;4;2m[48;2;6;8;8m▀[0m[38;2;0;0;0m[48;2;0;0;0m▀[0m[38;2;0;0;0m[48;2;0;0;0m▀[0m[38;2;1;1;0m[48;2;1;1;0m▀[0m[38;2;0;1;0m[48;2;1;1;0m▀[0m[38;2;1;1;0m[48;2;1;1;0m▀[0m
[38;2;131;183;197m[48;2;122;171;184m▀[0m[38;2;113;149;158m[48;2;135;178;190m▀[0m[38;2;154;189;198m[48;2;177;233;251m▀[0m[38;2;134;143;147m[48;2;129;145;151m▀[0m[38;2;0;0;0m[48;2;0;0;0m▀[0m[38;2;40;44;45m[48;2;86;83;87m▀[0m[38;2;104;117;123m[48;2;81;107;111m▀[0m[38;2;92;124;129m[48;2;95;128;130m▀[0m[38;2;56;64;67m[48;2;58;67;68m▀[0m[38;2;28;17;17m[48;2;0;0;0m▀[0m[38;2;49;58;66m[48;2;59;63;68m▀[0m[38;2;79;94;101m[48;2;85;74;72m▀[0m[38;2;91;87;87m[48;2;119;102;100m▀[0m[38;2;44;39;39m[48;2;75;67;70m▀[0m[38;2;20;18;21m[48;2;76;86;89m▀[0m[38;2;79;97;99m[48;2;80;102;106m▀[0m[38;2;83;108;113m[48;2;84;108;110m▀[0m[38;2;84;107;110m[48;2;78;99;103m▀[0m[38;2;90;113;117m[48;2;69;87;91m▀[0m[38;2;93;116;120m[48;2;50;65;67m▀[0m[38;2;52;66;68m[48;2;78;100;104m▀[0m[38;2;74;96;101m[48;2;83;106;107m▀[0m[38;2;63;80;81m[48;2;63;80;82m▀[0m[38;2;38;49;49m[48;2;40;54;57m▀[0m[38;2;52;69;73m[48;2;35;57;57m▀[0m[38;2;56;78;81m[48;2;93;113;121m▀[0m[38;2;160;181;184m[48;2;255;255;255m▀[0m[38;2;69;80;80m[48;2;80;102;107m▀[0m[38;2;1;9;9m[48;2;57;83;86m▀[0m[38;2;0;0;0m[48;2;0;0;0m▀[0m[38;2;0;0;0m[48;2;0;0;0m▀[0m[38;2;15;20;20m[48;2;8;11;11m▀[0m[38;2;0;0;0m[48;2;0;0;0m▀[0m[38;2;1;1;0m[48;2;0;0;0m▀[0m[38;2;1;1;0m[48;2;1;1;0m▀[0m[38;2;0;1;0m[48;2;1;1;0m▀[0m
[38;2;126;173;186m[48;2;126;171;184m▀[0m[38;2;129;172;181m[48;2;134;175;184m▀[0m[38;2;173;224;239m[48;2;176;228;243m▀[0m[38;2;89;104;110m[48;2;58;58;55m▀[0m[38;2;0;0;0m[48;2;0;0;0m▀[0m[38;2;102;105;105m[48;2;104;108;109m▀[0m[38;2;59;84;87m[48;2;183;178;180m▀[0m[38;2;87;112;120m[48;2;39;66;72m▀[0m[38;2;88;114;120m[48;2;85;108;113m▀[0m[38;2;65;69;69m[48;2;92;120;126m▀[0m[38;2;70;49;50m[48;2;41;54;57m▀[0m[38;2;63;60;65m[48;2;6;14;14m▀[0m[38;2;72;87;91m[48;2;69;94;101m▀[0m[38;2;86;112;118m[48;2;86;112;118m▀[0m[38;2;86;112;118m[48;2;82;105;108m▀[0m[38;2;84;106;110m[48;2;82;103;107m▀[0m[38;2;85;107;108m[48;2;82;103;107m▀[0m[38;2;70;90;94m[48;2;85;107;111m▀[0m[38;2;63;78;80m[48;2;90;111;115m▀[0m[38;2;84;106;110m[48;2;89;111;115m▀[0m[38;2;102;127;132m[48;2;80;98;103m▀[0m[38;2;61;76;78m[48;2;45;60;63m▀[0m[38;2;47;62;65m[48;2;100;126;133m▀[0m[38;2;78;108;112m[48;2;46;72;75m▀[0m[38;2;2;28;31m[48;2;109;123;123m▀[0m[38;2;245;250;250m[48;2;255;255;255m▀[0m[38;2;227;234;234m[48;2;73;101;107m▀[0m[38;2;50;86;94m[48;2;77;111;115m▀[0m[38;2;62;80;84m[48;2;113;128;131m▀[0m[38;2;0;4;5m[48;2;0;0;0m▀[0m[38;2;14;21;23m[48;2;48;66;71m▀[0m[38;2;20;23;23m[48;2;95;98;95m▀[0m[38;2;11;11;9m[48;2;10;8;6m▀[0m[38;2;0;0;0m[48;2;0;0;0m▀[0m[38;2;1;1;0m[48;2;1;1;0m▀[0m[38;2;1;1;0m[48;2;1;1;0m▀[0m
[38;2;130;177;190m[48;2;133;175;188m▀[0m[38;2;139;183;195m[48;2;153;197;209m▀[0m[38;2;158;208;218m[48;2;103;152;158m▀[0m[38;2;0;0;0m[48;2;0;0;0m▀[0m[38;2;0;5;9m[48;2;37;63;70m▀[0m[38;2;30;39;40m[48;2;8;34;40m▀[0m[38;2;255;255;255m[48;2;255;255;255m▀[0m[38;2;119;129;133m[48;2;205;196;195m▀[0m[38;2;64;97;104m[48;2;0;16;20m▀[0m[38;2;86;111;116m[48;2;94;127;133m▀[0m[38;2;89;115;118m[48;2;87;109;113m▀[0m[38;2;91;119;121m[48;2;84;105;109m▀[0m[38;2;87;112;117m[48;2;81;102;106m▀[0m[38;2;82;105;108m[48;2;82;103;106m▀[0m[38;2;82;103;107m[48;2;82;103;107m▀[0m[38;2;82;103;107m[48;2;82;103;107m▀[0m[38;2;81;102;106m[48;2;83;106;107m▀[0m[38;2;81;102;105m[48;2;83;108;111m▀[0m[38;2;88;110;114m[48;2;91;114;117m▀[0m[38;2;81;103;107m[48;2;115;143;149m▀[0m[38;2;79;102;107m[48;2;61;76;80m▀[0m[38;2;86;112;116m[48;2;0;0;0m▀[0m[38;2;84;114;120m[48;2;31;31;29m▀[0m[38;2;69;94;98m[48;2;51;54;53m▀[0m[38;2;173;173;171m[48;2;0;0;0m▀[0m[38;2;62;66;66m[48;2;28;43;47m▀[0m[38;2;39;69;77m[48;2;86;125;131m▀[0m[38;2;134;155;160m[48;2;225;240;247m▀[0m[38;2;255;255;255m[48;2;255;255;255m▀[0m[38;2;0;0;0m[48;2;41;36;36m▀[0m[38;2;102;109;109m[48;2;0;0;0m▀[0m[38;2;11;9;6m[48;2;0;0;0m▀[0m[38;2;0;0;0m[48;2;0;0;0m▀[0m[38;2;0;0;0m[48;2;1;1;0m▀[0m[38;2;0;0;0m[48;2;1;1;0m▀[0m[38;2;1;1;0m[48;2;1;1;0m▀[0m
[38;2;135;177;190m[48;2;138;181;197m▀[0m[38;2;153;198;210m[48;2;133;183;192m▀[0m[38;2;71;102;110m[48;2;82;104;112m▀[0m[38;2;49;64;70m[48;2;124;152;163m▀[0m[38;2;37;67;73m[48;2;24;62;68m▀[0m[38;2;112;140;148m[48;2;163;184;189m▀[0m[38;2;243;241;238m[48;2;118;106;103m▀[0m[38;2;130;123;122m[48;2;255;255;255m▀[0m[38;2;0;0;0m[48;2;0;0;0m▀[0m[38;2;79;107;113m[48;2;0;0;0m▀[0m[38;2;91;117;123m[48;2;107;140;144m▀[0m[38;2;86;108;112m[48;2;92;115;119m▀[0m[38;2;85;106;111m[48;2;90;113;118m▀[0m[38;2;85;105;110m[48;2;93;115;120m▀[0m[38;2;83;105;109m[48;2;100;126;132m▀[0m[38;2;86;108;112m[48;2;108;135;143m▀[0m[38;2;89;115;119m[48;2;108;135;141m▀[0m[38;2;105;132;135m[48;2;77;98;102m▀[0m[38;2;121;153;158m[48;2;22;29;29m▀[0m[38;2;50;67;67m[48;2;0;0;0m▀[0m[38;2;0;0;0m[48;2;0;0;0m▀[0m[38;2;0;0;0m[48;2;0;0;0m▀[0m[38;2;155;150;148m[48;2;136;135;133m▀[0m[38;2;0;0;0m[48;2;0;0;0m▀[0m[38;2;0;5;6m[48;2;61;82;86m▀[0m[38;2;99;133;138m[48;2;46;58;61m▀[0m[38;2;102;120;126m[48;2;0;0;0m▀[0m[38;2;98;100;98m[48;2;0;0;0m▀[0m[38;2;0;0;0m[48;2;0;0;0m▀[0m[38;2;0;0;0m[48;2;0;0;0m▀[0m[38;2;0;0;0m[48;2;0;0;0m▀[0m[38;2;0;0;0m[48;2;0;0;0m▀[0m[38;2;1;0;0m[48;2;0;1;0m▀[0m[38;2;1;1;0m[48;2;0;1;0m▀[0m[38;2;0;1;0m[48;2;1;1;0m▀[0m[38;2;0;1;0m[48;2;0;1;0m▀[0m
[38;2;140;185;198m[48;2;143;188;201m▀[0m[38;2;121;161;174m[48;2;119;160;169m▀[0m[38;2;111;134;142m[48;2;122;148;156m▀[0m[38;2;160;194;205m[48;2;182;219;230m▀[0m[38;2;14;53;62m[48;2;6;46;55m▀[0m[38;2;185;206;210m[48;2;192;214;215m▀[0m[38;2;161;149;146m[48;2;226;214;211m▀[0m[38;2;255;255;255m[48;2;255;255;255m▀[0m[38;2;73;71;68m[48;2;255;255;255m▀[0m[38;2;0;0;0m[48;2;0;0;0m▀[0m[38;2;60;78;80m[48;2;0;0;0m▀[0m[38;2;116;149;154m[48;2;9;9;10m▀[0m[38;2;109;137;144m[48;2;11;18;19m▀[0m[38;2;106;136;137m[48;2;0;0;0m▀[0m[38;2;76;98;102m[48;2;0;0;0m▀[0m[38;2;79;91;95m[48;2;0;0;0m▀[0m[38;2;42;46;45m[48;2;4;0;0m▀[0m[38;2;0;0;0m[48;2;0;0;0m▀[0m[38;2;0;0;0m[48;2;0;0;0m▀[0m[38;2;18;29;31m[48;2;0;6;6m▀[0m[38;2;0;0;0m[48;2;0;0;0m▀[0m[38;2;151;143;140m[48;2;82;82;82m▀[0m[38;2;177;182;183m[48;2;86;109;116m▀[0m[38;2;2;15;17m[48;2;35;44;51m▀[0m[38;2;62;80;86m[48;2;57;79;82m▀[0m[38;2;76;100;100m[48;2;131;169;173m▀[0m[38;2;0;0;0m[48;2;41;50;51m▀[0m[38;2;0;0;0m[48;2;0;0;0m▀[0m[38;2;0;0;0m[48;2;0;0;0m▀[0m[38;2;0;0;0m[48;2;1;1;0m▀[0m[38;2;1;1;0m[48;2;1;1;0m▀[0m[38;2;1;1;0m[48;2;0;1;0m▀[0m[38;2;1;1;0m[48;2;0;1;0m▀[0m[38;2;1;1;0m[48;2;1;1;0m▀[0m[38;2;0;1;0m[48;2;1;1;0m▀[0m[38;2;1;1;0m[48;2;1;1;0m▀[0m
