[38;2;207;204;191m[48;2;206;204;192m▀[0m[38;2;208;203;190m[48;2;206;204;191m▀[0m[38;2;206;203;190m[48;2;206;204;192m▀[0m[38;2;207;204;191m[48;2;207;204;191m▀[0m[38;2;207;204;191m[48;2;207;204;192m▀[0m[38;2;207;204;192m[48;2;207;204;192m▀[0m[38;2;207;204;192m[48;2;207;204;191m▀[0m[38;2;207;204;192m[48;2;207;204;191m▀[0m[38;2;208;205;192m[48;2;208;203;191m▀[0m[38;2;206;204;192m[48;2;205;202;190m▀[0m[38;2;207;204;192m[48;2;205;202;190m▀[0m[38;2;207;204;192m[48;2;205;202;190m▀[0m[38;2;206;203;190m[48;2;204;202;189m▀[0m[38;2;205;203;190m[48;2;205;202;190m▀[0m[38;2;211;208;192m[48;2;212;207;195m▀[0m[38;2;238;233;220m[48;2;231;226;213m▀[0m[38;2;206;203;190m[48;2;231;228;216m▀[0m[38;2;0;0;0m[48;2;0;0;0m▀[0m[38;2;163;181;176m[48;2;177;177;168m▀[0m[38;2;19;0;0m[48;2;171;188;180m▀[0m[38;2;59;0;0m[48;2;15;5;4m▀[0m[38;2;0;0;0m[48;2;8;0;0m▀[0m[38;2;31;53;56m[48;2;0;0;0m▀[0m[38;2;22;31;32m[48;2;10;20;24m▀[0m[38;2;0;0;0m[48;2;13;10;12m▀[0m[38;2;0;0;0m[48;2;0;0;0m▀[0m[38;2;12;15;15m[48;2;0;0;0m▀[0m[38;2;117;117;118m[48;2;0;0;0m▀[0m[38;2;245;245;247m[48;2;0;0;0m▀[0m[38;2;11;14;11m[48;2;47;49;47m▀[0m[38;2;101;103;101m[48;2;141;141;142m▀[0m[38;2;140;142;140m[48;2;0;0;0m▀[0m[38;2;0;0;0m[48;2;54;53;50m▀[0m[38;2;0;0;0m[48;2;197;196;197m▀[0m[38;2;0;0;0m[48;2;255;255;255m▀[0m[38;2;0;0;0m[48;2;170;172;170m▀[0m
[38;2;206;204;191m[48;2;205;202;189m▀[0m[38;2;207;204;191m[48;2;205;202;189m▀[0m[38;2;206;203;191m[48;2;204;202;190m▀[0m[38;2;206;203;190m[48;2;205;202;190m▀[0m[38;2;205;203;190m[48;2;205;202;190m▀[0m[38;2;205;203;191m[48;2;205;202;190m▀[0m[38;2;205;202;190m[48;2;205;202;189m▀[0m[38;2;205;202;189m[48;2;205;202;189m▀[0m[38;2;205;202;190m[48;2;205;202;189m▀[0m[38;2;205;202;190m[48;2;205;202;187m▀[0m[38;2;205;202;189m[48;2;205;202;189m▀[0m[38;2;205;202;189m[48;2;204;202;189m▀[0m[38;2;205;202;189m[48;2;206;201;189m▀[0m[38;2;205;202;190m[48;2;204;201;189m▀[0m[38;2;210;205;193m[48;2;209;204;192m▀[0m[38;2;231;226;210m[48;2;227;222;210m▀[0m[38;2;222;221;207m[48;2;224;221;206m▀[0m[38;2;0;3;5m[48;2;0;0;0m▀[0m[38;2;234;234;220m[48;2;237;236;220m▀[0m[38;2;206;203;190m[48;2;205;204;190m▀[0m[38;2;231;244;243m[48;2;194;195;188m▀[0m[38;2;72;72;73m[48;2;255;255;255m▀[0m[38;2;0;0;0m[48;2;115;115;113m▀[0m[38;2;0;0;0m[48;2;146;131;128m▀[0m[38;2;0;0;0m[48;2;0;0;0m▀[0m[38;2;37;0;0m[48;2;0;0;0m▀[0m[38;2;40;20;18m[48;2;0;0;0m▀[0m[38;2;0;0;0m[48;2;0;0;0m▀[0m[38;2;0;0;0m[48;2;0;0;0m▀[0m[38;2;0;0;0m[48;2;13;24;23m▀[0m[38;2;21;26;26m[48;2;6;23;24m▀[0m[38;2;188;195;196m[48;2;0;0;0m▀[0m[38;2;70;73;70m[48;2;93;97;97m▀[0m[38;2;24;26;26m[48;2;13;13;10m▀[0m[38;2;205;207;207m[48;2;19;22;21m▀[0m[38;2;255;255;255m[48;2;185;188;188m▀[0m
[38;2;204;202;189m[48;2;206;201;188m▀[0m[38;2;205;202;189m[48;2;205;202;189m▀[0m[38;2;205;202;189m[48;2;206;201;189m▀[0m[38;2;205;202;189m[48;2;204;201;188m▀[0m[38;2;205;202;189m[48;2;203;201;189m▀[0m[38;2;205;202;190m[48;2;204;201;188m▀[0m[38;2;204;201;188m[48;2;205;200;188m▀[0m[38;2;206;201;188m[48;2;204;201;188m▀[0m[38;2;206;201;188m[48;2;202;201;188m▀[0m[38;2;204;201;189m[48;2;202;201;188m▀[0m[38;2;204;201;188m[48;2;203;201;188m▀[0m[38;2;203;201;188m[48;2;202;201;188m▀[0m[38;2;203;201;188m[48;2;202;201;188m▀[0m[38;2;203;201;188m[48;2;202;201;188m▀[0m[38;2;204;204;190m[48;2;204;202;190m▀[0m[38;2;236;236;220m[48;2;226;224;212m▀[0m[38;2;159;156;149m[48;2;193;190;179m▀[0m[38;2;0;0;0m[48;2;0;0;0m▀[0m[38;2;238;235;222m[48;2;212;212;199m▀[0m[38;2;225;222;207m[48;2;250;250;237m▀[0m[38;2;64;67;64m[48;2;0;0;0m▀[0m[38;2;255;255;255m[48;2;154;159;163m▀[0m[38;2;255;255;255m[48;2;255;255;255m▀[0m[38;2;255;255;255m[48;2;194;207;206m▀[0m[38;2;255;255;255m[48;2;98;108;111m▀[0m[38;2;100;92;93m[48;2;159;180;184m▀[0m[38;2;4;0;0m[48;2;85;84;82m▀[0m[38;2;75;35;36m[48;2;87;79;78m▀[0m[38;2;82;0;0m[48;2;28;31;32m▀[0m[38;2;30;26;26m[48;2;0;3;3m▀[0m[38;2;28;1;0m[48;2;83;0;0m▀[0m[38;2;0;0;0m[48;2;31;0;0m▀[0m[38;2;0;0;0m[48;2;0;0;0m▀[0m[38;2;5;8;5m[48;2;0;0;0m▀[0m[38;2;0;0;0m[48;2;14;17;18m▀[0m[38;2;0;0;0m[48;2;23;28;28m▀[0m
[38;2;203;200;188m[48;2;203;201;188m▀[0m[38;2;205;200;188m[48;2;202;200;188m▀[0m[38;2;203;201;188m[48;2;201;201;188m▀[0m[38;2;203;200;188m[48;2;202;201;188m▀[0m[38;2;203;200;188m[48;2;201;200;187m▀[0m[38;2;203;201;188m[48;2;201;201;188m▀[0m[38;2;203;201;188m[48;2;201;200;187m▀[0m[38;2;203;201;188m[48;2;201;199;187m▀[0m[38;2;201;200;187m[48;2;202;200;187m▀[0m[38;2;201;200;187m[48;2;202;200;187m▀[0m[38;2;201;200;188m[48;2;202;200;187m▀[0m[38;2;201;200;187m[48;2;202;200;187m▀[0m[38;2;202;200;188m[48;2;202;200;187m▀[0m[38;2;203;200;187m[48;2;201;199;187m▀[0m[38;2;205;203;189m[48;2;201;201;185m▀[0m[38;2;210;208;194m[48;2;205;204;191m▀[0m[38;2;247;246;230m[48;2;234;231;218m▀[0m[38;2;48;48;46m[48;2;77;80;79m▀[0m[38;2;191;191;182m[48;2;186;186;173m▀[0m[38;2;255;255;255m[48;2;250;249;237m▀[0m[38;2;0;0;0m[48;2;124;122;110m▀[0m[38;2;99;73;73m[48;2;255;255;255m▀[0m[38;2;255;255;255m[48;2;201;168;168m▀[0m[38;2;68;78;79m[48;2;74;0;0m▀[0m[38;2;0;0;0m[48;2;210;0;0m▀[0m[38;2;0;0;0m[48;2;0;0;0m▀[0m[38;2;0;0;0m[48;2;0;0;0m▀[0m[38;2;164;0;0m[48;2;149;0;0m▀[0m[38;2;107;0;0m[48;2;62;0;0m▀[0m[38;2;0;13;10m[48;2;0;0;0m▀[0m[38;2;11;36;40m[48;2;14;22;26m▀[0m[38;2;38;24;24m[48;2;18;28;28m▀[0m[38;2;1;0;0m[48;2;35;40;39m▀[0m[38;2;0;0;0m[48;2;0;0;0m▀[0m[38;2;0;0;1m[48;2;42;46;45m▀[0m[38;2;145;145;143m[48;2;203;203;196m▀[0m
[38;2;201;200;187m[48;2;202;200;187m▀[0m[38;2;201;200;187m[48;2;201;200;186m▀[0m[38;2;202;200;188m[48;2;202;200;187m▀[0m[38;2;202;200;187m[48;2;201;199;187m▀[0m[38;2;201;200;187m[48;2;201;199;187m▀[0m[38;2;201;200;187m[48;2;201;199;187m▀[0m[38;2;202;200;187m[48;2;201;198;186m▀[0m[38;2;202;199;187m[48;2;200;198;186m▀[0m[38;2;202;200;188m[48;2;200;198;187m▀[0m[38;2;202;200;187m[48;2;200;198;186m▀[0m[38;2;201;199;187m[48;2;200;197;186m▀[0m[38;2;201;199;187m[48;2;201;198;186m▀[0m[38;2;201;199;186m[48;2;200;198;186m▀[0m[38;2;200;198;186m[48;2;201;198;186m▀[0m[38;2;200;197;186m[48;2;201;198;186m▀[0m[38;2;205;200;190m[48;2;203;200;189m▀[0m[38;2;234;228;215m[48;2;233;227;214m▀[0m[38;2;85;90;85m[48;2;91;96;91m▀[0m[38;2;184;181;171m[48;2;179;177;169m▀[0m[38;2;228;226;210m[48;2;217;217;199m▀[0m[38;2;246;252;239m[48;2;251;255;252m▀[0m[38;2;255;255;255m[48;2;138;114;115m▀[0m[38;2;44;0;0m[48;2;0;0;0m▀[0m[38;2;0;0;0m[48;2;0;0;0m▀[0m[38;2;141;0;0m[48;2;2;0;0m▀[0m[38;2;44;0;0m[48;2;0;0;0m▀[0m[38;2;0;0;0m[48;2;0;0;0m▀[0m[38;2;223;0;0m[48;2;86;0;0m▀[0m[38;2;0;0;0m[48;2;31;0;0m▀[0m[38;2;15;41;43m[48;2;0;10;12m▀[0m[38;2;255;255;255m[48;2;59;62;65m▀[0m[38;2;63;65;63m[48;2;187;189;190m▀[0m[38;2;0;0;0m[48;2;130;133;132m▀[0m[38;2;18;21;17m[48;2;0;0;0m▀[0m[38;2;0;0;0m[48;2;30;30;27m▀[0m[38;2;241;240;232m[48;2;255;255;255m▀[0m
[38;2;202;199;187m[48;2;200;197;186m▀[0m[38;2;201;199;186m[48;2;200;198;186m▀[0m[38;2;200;198;186m[48;2;200;198;186m▀[0m[38;2;200;198;186m[48;2;201;198;187m▀[0m[38;2;201;198;187m[48;2;201;198;187m▀[0m[38;2;200;197;186m[48;2;201;198;187m▀[0m[38;2;201;198;186m[48;2;201;198;186m▀[0m[38;2;201;198;186m[48;2;201;198;186m▀[0m[38;2;203;198;187m[48;2;201;198;187m▀[0m[38;2;202;199;187m[48;2;201;198;186m▀[0m[38;2;201;198;186m[48;2;202;197;186m▀[0m[38;2;201;198;186m[48;2;200;197;186m▀[0m[38;2;201;198;186m[48;2;200;198;186m▀[0m[38;2;201;198;186m[48;2;199;198;185m▀[0m[38;2;204;197;189m[48;2;199;200;185m▀[0m[38;2;203;198;187m[48;2;201;199;186m▀[0m[38;2;231;225;212m[48;2;227;224;213m▀[0m[38;2;92;95;92m[48;2;89;94;89m▀[0m[38;2;174;173;163m[48;2;172;172;160m▀[0m[38;2;219;214;198m[48;2;212;212;199m▀[0m[38;2;255;255;255m[48;2;255;255;255m▀[0m[38;2;255;250;254m[48;2;236;255;255m▀[0m[38;2;47;0;0m[48;2;4;0;0m▀[0m[38;2;0;0;0m[48;2;0;0;0m▀[0m[38;2;33;29;29m[48;2;0;0;0m▀[0m[38;2;0;14;16m[48;2;25;12;6m▀[0m[38;2;72;0;0m[48;2;255;0;0m▀[0m[38;2;9;0;0m[48;2;73;0;0m▀[0m[38;2;0;0;0m[48;2;29;21;21m▀[0m[38;2;0;0;0m[48;2;0;0;0m▀[0m[38;2;30;34;33m[48;2;90;93;92m▀[0m[38;2;0;0;0m[48;2;98;101;97m▀[0m[38;2;171;173;173m[48;2;0;0;0m▀[0m[38;2;19;22;23m[48;2;87;89;89m▀[0m[38;2;159;157;154m[48;2;209;207;200m▀[0m[38;2;255;255;255m[48;2;255;255;255m▀[0m
[38;2;201;198;186m[48;2;200;198;186m▀[0m[38;2;201;198;186m[48;2;200;197;184m▀[0m[38;2;200;198;186m[48;2;200;197;184m▀[0m[38;2;201;198;186m[48;2;200;197;185m▀[0m[38;2;201;198;186m[48;2;199;197;185m▀[0m[38;2;201;198;186m[48;2;198;197;185m▀[0m[38;2;200;198;186m[48;2;199;197;184m▀[0m[38;2;200;197;185m[48;2;199;197;185m▀[0m[38;2;200;198;185m[48;2;198;197;185m▀[0m[38;2;200;198;185m[48;2;198;196;185m▀[0m[38;2;199;198;186m[48;2;198;196;185m▀[0m[38;2;199;197;185m[48;2;198;195;185m▀[0m[38;2;200;197;185m[48;2;198;195;184m▀[0m[38;2;198;197;185m[48;2;197;195;185m▀[0m[38;2;197;195;185m[48;2;197;195;185m▀[0m[38;2;198;196;188m[48;2;200;197;189m▀[0m[38;2;229;226;214m[48;2;231;230;218m▀[0m[38;2;86;89;88m[48;2;81;86;85m▀[0m[38;2;171;171;162m[48;2;171;171;162m▀[0m[38;2;220;217;202m[48;2;231;223;209m▀[0m[38;2;255;255;255m[48;2;255;255;255m▀[0m[38;2;123;133;136m[48;2;78;82;86m▀[0m[38;2;0;0;0m[48;2;0;0;0m▀[0m[38;2;12;0;0m[48;2;71;57;58m▀[0m[38;2;0;0;0m[48;2;0;0;0m▀[0m[38;2;0;0;0m[48;2;0;0;0m▀[0m[38;2;138;0;0m[48;2;35;2;0m▀[0m[38;2;0;0;0m[48;2;0;0;0m▀[0m[38;2;0;14;15m[48;2;54;64;63m▀[0m[38;2;0;7;5m[48;2;28;33;32m▀[0m[38;2;219;214;209m[48;2;67;67;65m▀[0m[38;2;255;255;255m[48;2;79;78;75m▀[0m[38;2;140;140;138m[48;2;50;50;52m▀[0m[38;2;35;37;38m[48;2;0;1;2m▀[0m[38;2;58;57;55m[48;2;14;18;15m▀[0m[38;2;19;21;26m[48;2;0;0;0m▀[0m
[38;2;199;197;185m[48;2;198;195;185m▀[0m[38;2;198;196;185m[48;2;198;196;185m▀[0m[38;2;198;196;184m[48;2;197;195;185m▀[0m[38;2;198;196;185m[48;2;197;196;185m▀[0m[38;2;197;195;184m[48;2;198;196;185m▀[0m[38;2;197;195;184m[48;2;197;195;185m▀[0m[38;2;198;196;185m[48;2;198;196;185m▀[0m[38;2;198;195;185m[48;2;197;195;184m▀[0m[38;2;197;195;184m[48;2;197;195;184m▀[0m[38;2;197;196;185m[48;2;197;195;184m▀[0m[38;2;197;195;185m[48;2;197;195;184m▀[0m[38;2;198;196;185m[48;2;197;196;185m▀[0m[38;2;197;196;185m[48;2;197;195;183m▀[0m[38;2;197;196;185m[48;2;197;195;183m▀[0m[38;2;200;198;187m[48;2;199;197;184m▀[0m[38;2;199;198;185m[48;2;198;197;186m▀[0m[38;2;236;235;221m[48;2;238;237;224m▀[0m[38;2;51;54;49m[48;2;22;25;22m▀[0m[38;2;164;164;156m[48;2;160;159;152m▀[0m[38;2;233;231;219m[48;2;248;250;238m▀[0m[38;2;255;255;255m[48;2;238;241;240m▀[0m[38;2;27;30;30m[48;2;0;0;0m▀[0m[38;2;0;0;0m[48;2;0;0;0m▀[0m[38;2;79;89;90m[48;2;37;22;20m▀[0m[38;2;0;0;0m[48;2;24;0;0m▀[0m[38;2;13;0;0m[48;2;0;0;0m▀[0m[38;2;115;1;0m[48;2;19;0;0m▀[0m[38;2;0;0;0m[48;2;0;6;6m▀[0m[38;2;42;47;46m[48;2;49;53;54m▀[0m[38;2;13;19;17m[48;2;35;37;37m▀[0m[38;2;0;0;0m[48;2;9;10;7m▀[0m[38;2;0;0;0m[48;2;33;35;33m▀[0m[38;2;0;0;0m[48;2;10;13;10m▀[0m[38;2;0;0;0m[48;2;0;0;0m▀[0m[38;2;64;66;66m[48;2;82;84;86m▀[0m[38;2;22;24;22m[48;2;18;17;15m▀[0m
[38;2;197;196;184m[48;2;196;194;183m▀[0m[38;2;197;195;184m[48;2;196;194;183m▀[0m[38;2;197;195;184m[48;2;196;194;183m▀[0m[38;2;197;195;184m[48;2;196;194;183m▀[0m[38;2;197;195;183m[48;2;196;195;184m▀[0m[38;2;197;194;183m[48;2;196;194;183m▀[0m[38;2;197;194;183m[48;2;197;195;184m▀[0m[38;2;197;194;182m[48;2;197;195;184m▀[0m[38;2;196;194;183m[48;2;197;196;184m▀[0m[38;2;196;194;183m[48;2;196;196;184m▀[0m[38;2;196;194;183m[48;2;196;195;184m▀[0m[38;2;196;194;184m[48;2;197;195;184m▀[0m[38;2;196;195;184m[48;2;197;195;184m▀[0m[38;2;196;195;184m[48;2;197;195;184m▀[0m[38;2;196;197;184m[48;2;196;194;184m▀[0m[38;2;202;200;190m[48;2;201;198;186m▀[0m[38;2;229;228;216m[48;2;225;222;212m▀[0m[38;2;33;33;35m[48;2;11;11;12m▀[0m[38;2;162;162;150m[48;2;157;156;150m▀[0m[38;2;240;245;236m[48;2;205;210;204m▀[0m[38;2;114;116;116m[48;2;40;44;45m▀[0m[38;2;0;0;1m[48;2;73;78;77m▀[0m[38;2;24;34;33m[48;2;115;125;126m▀[0m[38;2;27;12;8m[48;2;0;0;0m▀[0m[38;2;32;9;5m[48;2;16;31;28m▀[0m[38;2;0;0;0m[48;2;0;0;0m▀[0m[38;2;0;1;1m[48;2;4;9;6m▀[0m[38;2;9;13;15m[48;2;0;0;0m▀[0m[38;2;79;82;83m[48;2;39;42;42m▀[0m[38;2;75;79;78m[48;2;47;51;50m▀[0m[38;2;20;22;20m[48;2;87;90;89m▀[0m[38;2;0;0;0m[48;2;0;0;0m▀[0m[38;2;46;47;43m[48;2;0;1;0m▀[0m[38;2;0;0;0m[48;2;0;0;0m▀[0m[38;2;90;94;95m[48;2;21;28;28m▀[0m[38;2;61;60;61m[48;2;103;106;105m▀[0m
[38;2;197;195;184m[48;2;198;195;184m▀[0m[38;2;196;195;184m[48;2;198;195;184m▀[0m[38;2;197;195;184m[48;2;197;195;183m▀[0m[38;2;197;196;184m[48;2;197;195;183m▀[0m[38;2;198;195;184m[48;2;197;195;184m▀[0m[38;2;198;196;184m[48;2;198;195;184m▀[0m[38;2;198;196;184m[48;2;197;195;184m▀[0m[38;2;198;196;184m[48;2;197;195;184m▀[0m[38;2;197;195;183m[48;2;195;194;184m▀[0m[38;2;197;195;184m[48;2;196;194;183m▀[0m[38;2;197;195;184m[48;2;196;194;183m▀[0m[38;2;197;195;184m[48;2;195;193;183m▀[0m[38;2;196;194;183m[48;2;195;193;185m▀[0m[38;2;195;193;185m[48;2;195;193;185m▀[0m[38;2;196;194;184m[48;2;196;194;184m▀[0m[38;2;200;198;186m[48;2;199;196;188m▀[0m[38;2;210;207;196m[48;2;201;199;191m▀[0m[38;2;190;188;180m[48;2;226;227;215m▀[0m[38;2;223;223;212m[48;2;223;228;220m▀[0m[38;2;187;191;192m[48;2;255;255;255m▀[0m[38;2;32;40;41m[48;2;14;33;32m▀[0m[38;2;87;93;89m[48;2;0;0;0m▀[0m[38;2;201;218;219m[48;2;111;189;189m▀[0m[38;2;0;0;0m[48;2;5;18;18m▀[0m[38;2;81;3;0m[48;2;0;0;0m▀[0m[38;2;0;0;0m[48;2;66;82;80m▀[0m[38;2;0;25;26m[48;2;255;222;207m▀[0m[38;2;0;0;0m[48;2;210;255;255m▀[0m[38;2;25;34;33m[48;2;63;130;140m▀[0m[38;2;2;8;7m[48;2;0;31;31m▀[0m[38;2;30;35;36m[48;2;0;0;0m▀[0m[38;2;10;10;10m[48;2;89;106;107m▀[0m[38;2;75;74;70m[48;2;255;250;244m▀[0m[38;2;96;89;85m[48;2;255;255;255m▀[0m[38;2;0;1;0m[48;2;250;229;220m▀[0m[38;2;86;94;95m[48;2;10;18;19m▀[0m
[38;2;196;195;184m[48;2;196;194;184m▀[0m[38;2;196;194;184m[48;2;196;194;184m▀[0m[38;2;196;194;183m[48;2;196;194;184m▀[0m[38;2;196;194;184m[48;2;196;194;183m▀[0m[38;2;196;194;183m[48;2;195;193;183m▀[0m[38;2;196;194;184m[48;2;195;193;183m▀[0m[38;2;196;194;184m[48;2;195;193;183m▀[0m[38;2;196;194;183m[48;2;194;193;183m▀[0m[38;2;196;194;184m[48;2;195;193;183m▀[0m[38;2;196;193;183m[48;2;195;193;183m▀[0m[38;2;195;194;184m[48;2;194;193;183m▀[0m[38;2;195;193;183m[48;2;194;193;183m▀[0m[38;2;195;193;182m[48;2;194;193;183m▀[0m[38;2;195;193;183m[48;2;194;193;182m▀[0m[38;2;195;193;183m[48;2;194;193;181m▀[0m[38;2;194;192;188m[48;2;192;197;183m▀[0m[38;2;204;208;198m[48;2;208;221;204m▀[0m[38;2;174;184;175m[48;2;147;179;168m▀[0m[38;2;197;213;205m[48;2;8;102;104m▀[0m[38;2;59;123;131m[48;2;15;0;0m▀[0m[38;2;0;26;28m[48;2;255;17;2m▀[0m[38;2;0;4;6m[48;2;255;100;96m▀[0m[38;2;180;0;0m[48;2;202;0;0m▀[0m[38;2;255;103;97m[48;2;133;45;41m▀[0m[38;2;224;77;75m[48;2;255;75;65m▀[0m[38;2;255;104;99m[48;2;255;0;0m▀[0m[38;2;255;139;131m[48;2;255;183;181m▀[0m[38;2;255;212;208m[48;2;255;102;97m▀[0m[38;2;249;161;157m[48;2;255;20;19m▀[0m[38;2;255;255;255m[48;2;255;158;150m▀[0m[38;2;191;176;169m[48;2;255;255;255m▀[0m[38;2;200;168;165m[48;2;255;199;191m▀[0m[38;2;255;255;255m[48;2;255;255;255m▀[0m[38;2;255;255;255m[48;2;255;255;252m▀[0m[38;2;255;255;255m[48;2;255;255;255m▀[0m[38;2;37;38;35m[48;2;83;82;76m▀[0m
[38;2;195;194;183m[48;2;194;192;182m▀[0m[38;2;195;193;183m[48;2;194;193;183m▀[0m[38;2;195;193;183m[48;2;194;193;183m▀[0m[38;2;195;193;182m[48;2;195;193;183m▀[0m[38;2;195;193;183m[48;2;195;193;183m▀[0m[38;2;195;193;183m[48;2;194;193;182m▀[0m[38;2;195;193;183m[48;2;195;193;183m▀[0m[38;2;194;192;184m[48;2;195;193;182m▀[0m[38;2;194;193;183m[48;2;195;194;182m▀[0m[38;2;194;193;183m[48;2;195;194;181m▀[0m[38;2;195;194;182m[48;2;194;194;182m▀[0m[38;2;195;194;182m[48;2;194;194;181m▀[0m[38;2;194;194;181m[48;2;193;192;181m▀[0m[38;2;194;194;181m[48;2;197;192;186m▀[0m[38;2;196;200;185m[48;2;184;188;180m▀[0m[38;2;191;206;195m[48;2;168;167;163m▀[0m[38;2;176;208;197m[48;2;209;197;189m▀[0m[38;2;175;206;198m[48;2;255;78;73m▀[0m[38;2;154;0;0m[48;2;255;0;0m▀[0m[38;2;255;93;80m[48;2;255;255;255m▀[0m[38;2;180;180;180m[48;2;102;204;201m▀[0m[38;2;74;0;0m[48;2;146;0;0m▀[0m[38;2;110;0;0m[48;2;255;189;174m▀[0m[38;2;253;31;14m[48;2;53;134;139m▀[0m[38;2;185;42;32m[48;2;0;90;100m▀[0m[38;2;187;66;61m[48;2;81;195;195m▀[0m[38;2;255;183;171m[48;2;209;102;93m▀[0m[38;2;255;255;255m[48;2;255;87;75m▀[0m[38;2;255;234;228m[48;2;250;255;255m▀[0m[38;2;255;99;92m[48;2;249;247;240m▀[0m[38;2;255;255;255m[48;2;253;227;223m▀[0m[38;2;255;255;255m[48;2;205;227;223m▀[0m[38;2;255;248;244m[48;2;250;248;242m▀[0m[38;2;255;253;246m[48;2;255;247;243m▀[0m[38;2;255;255;255m[48;2;255;255;255m▀[0m[38;2;160;156;155m[48;2;225;218;213m▀[0m
