[38;2;0;2;2m[48;2;0;1;1m▀[0m[38;2;0;2;2m[48;2;0;2;2m▀[0m[38;2;1;1;1m[48;2;0;18;15m▀[0m[38;2;0;2;2m[48;2;1;0;0m▀[0m[38;2;1;1;1m[48;2;0;3;3m▀[0m[38;2;1;1;1m[48;2;1;1;1m▀[0m[38;2;0;1;1m[48;2;0;2;2m▀[0m[38;2;0;0;2m[48;2;0;0;0m▀[0m[38;2;0;0;0m[48;2;14;13;10m▀[0m[38;2;71;13;0m[48;2;62;6;0m▀[0m[38;2;0;0;0m[48;2;10;0;0m▀[0m[38;2;33;38;39m[48;2;0;0;0m▀[0m[38;2;102;109;110m[48;2;72;78;77m▀[0m[38;2;56;62;61m[48;2;114;118;117m▀[0m[38;2;0;0;0m[48;2;58;62;59m▀[0m[38;2;0;0;0m[48;2;5;9;9m▀[0m[38;2;0;0;0m[48;2;24;31;31m▀[0m[38;2;9;9;10m[48;2;96;96;96m▀[0m[38;2;24;26;26m[48;2;136;140;140m▀[0m[38;2;0;0;0m[48;2;0;0;0m▀[0m[38;2;13;16;17m[48;2;0;0;0m▀[0m[38;2;0;0;0m[48;2;16;19;18m▀[0m[38;2;13;16;16m[48;2;77;80;77m▀[0m[38;2;109;117;117m[48;2;58;61;63m▀[0m[38;2;53;58;60m[48;2;1;10;18m▀[0m[38;2;0;0;0m[48;2;0;0;0m▀[0m[38;2;34;1;0m[48;2;87;30;6m▀[0m[38;2;15;1;0m[48;2;45;31;22m▀[0m[38;2;0;0;0m[48;2;0;0;0m▀[0m[38;2;0;2;1m[48;2;0;2;1m▀[0m[38;2;1;1;1m[48;2;1;1;1m▀[0m[38;2;0;2;2m[48;2;1;1;1m▀[0m[38;2;1;1;1m[48;2;0;2;0m▀[0m[38;2;2;2;2m[48;2;2;2;0m▀[0m[38;2;0;2;2m[48;2;0;2;2m▀[0m[38;2;1;1;1m[48;2;0;2;2m▀[0m
[38;2;1;0;0m[48;2;31;7;0m▀[0m[38;2;0;1;3m[48;2;0;0;2m▀[0m[38;2;0;29;29m[48;2;0;37;35m▀[0m[38;2;1;0;0m[48;2;1;0;0m▀[0m[38;2;0;10;9m[48;2;0;14;13m▀[0m[38;2;1;0;0m[48;2;1;0;0m▀[0m[38;2;0;0;2m[48;2;0;0;0m▀[0m[38;2;0;0;0m[48;2;0;0;0m▀[0m[38;2;63;27;14m[48;2;0;0;0m▀[0m[38;2;134;105;92m[48;2;129;62;29m▀[0m[38;2;102;13;0m[48;2;164;146;135m▀[0m[38;2;0;0;0m[48;2;4;0;0m▀[0m[38;2;16;20;21m[48;2;0;0;0m▀[0m[38;2;95;101;100m[48;2;88;92;91m▀[0m[38;2;116;122;120m[48;2;122;122;120m▀[0m[38;2;63;67;67m[48;2;64;69;66m▀[0m[38;2;90;97;97m[48;2;138;143;143m▀[0m[38;2;78;78;78m[48;2;16;16;16m▀[0m[38;2;32;32;32m[48;2;70;72;72m▀[0m[38;2;38;40;42m[48;2;109;113;112m▀[0m[38;2;48;48;49m[48;2;107;110;109m▀[0m[38;2;101;104;100m[48;2;110;113;110m▀[0m[38;2;114;117;113m[48;2;114;118;117m▀[0m[38;2;48;51;50m[48;2;0;0;0m▀[0m[38;2;0;0;0m[48;2;0;0;0m▀[0m[38;2;58;16;2m[48;2;150;148;141m▀[0m[38;2;172;117;88m[48;2;62;18;0m▀[0m[38;2;37;12;0m[48;2;0;0;0m▀[0m[38;2;0;0;0m[48;2;0;0;1m▀[0m[38;2;0;2;1m[48;2;0;1;2m▀[0m[38;2;1;1;1m[48;2;1;1;1m▀[0m[38;2;1;1;1m[48;2;1;1;1m▀[0m[38;2;1;1;2m[48;2;1;1;1m▀[0m[38;2;2;2;2m[48;2;0;1;1m▀[0m[38;2;1;1;2m[48;2;0;0;2m▀[0m[38;2;2;1;1m[48;2;0;0;1m▀[0m
[38;2;95;17;0m[48;2;103;17;0m▀[0m[38;2;0;0;0m[48;2;0;0;3m▀[0m[38;2;0;34;37m[48;2;0;42;51m▀[0m[38;2;0;0;0m[48;2;0;0;0m▀[0m[38;2;0;30;27m[48;2;0;26;24m▀[0m[38;2;0;0;0m[48;2;0;0;0m▀[0m[38;2;0;0;0m[48;2;0;0;0m▀[0m[38;2;0;0;0m[48;2;0;0;0m▀[0m[38;2;0;0;0m[48;2;0;0;0m▀[0m[38;2;30;0;0m[48;2;0;0;0m▀[0m[38;2;175;137;117m[48;2;194;81;33m▀[0m[38;2;128;156;163m[48;2;75;93;101m▀[0m[38;2;0;0;0m[48;2;0;0;0m▀[0m[38;2;45;50;49m[48;2;0;0;0m▀[0m[38;2;141;145;142m[48;2;109;115;113m▀[0m[38;2;51;54;51m[48;2;67;68;65m▀[0m[38;2;135;138;138m[48;2;112;116;116m▀[0m[38;2;77;77;77m[48;2;183;186;188m▀[0m[38;2;28;30;32m[48;2;162;167;167m▀[0m[38;2;153;157;157m[48;2;111;118;118m▀[0m[38;2;78;81;80m[48;2;27;30;27m▀[0m[38;2;115;119;118m[48;2;124;127;127m▀[0m[38;2;57;60;60m[48;2;0;0;0m▀[0m[38;2;0;0;0m[48;2;0;2;4m▀[0m[38;2;129;149;158m[48;2;122;144;152m▀[0m[38;2;150;120;105m[48;2;195;120;89m▀[0m[38;2;0;0;0m[48;2;0;0;0m▀[0m[38;2;0;0;0m[48;2;0;0;0m▀[0m[38;2;0;0;0m[48;2;0;0;0m▀[0m[38;2;0;0;0m[48;2;0;0;0m▀[0m[38;2;0;1;1m[48;2;0;0;0m▀[0m[38;2;1;1;1m[48;2;0;0;0m▀[0m[38;2;1;1;1m[48;2;0;2;1m▀[0m[38;2;0;2;1m[48;2;0;0;2m▀[0m[38;2;0;0;1m[48;2;0;0;1m▀[0m[38;2;28;8;0m[48;2;146;43;0m▀[0m
[38;2;144;20;0m[48;2;218;36;0m▀[0m[38;2;2;42;41m[48;2;157;64;22m▀[0m[38;2;0;87;106m[48;2;0;92;101m▀[0m[38;2;0;0;0m[48;2;0;0;0m▀[0m[38;2;0;23;20m[48;2;0;0;6m▀[0m[38;2;0;0;0m[48;2;0;0;0m▀[0m[38;2;8;0;0m[48;2;255;135;74m▀[0m[38;2;25;0;0m[48;2;255;255;255m▀[0m[38;2;0;0;0m[48;2;255;255;255m▀[0m[38;2;0;0;0m[48;2;219;144;117m▀[0m[38;2;36;0;0m[48;2;147;53;15m▀[0m[38;2;80;89;90m[48;2;85;85;83m▀[0m[38;2;12;21;22m[48;2;13;23;26m▀[0m[38;2;0;0;0m[48;2;16;28;31m▀[0m[38;2;12;21;20m[48;2;0;0;0m▀[0m[38;2;121;132;132m[48;2;145;130;124m▀[0m[38;2;1;0;1m[48;2;84;95;97m▀[0m[38;2;159;164;165m[48;2;55;57;58m▀[0m[38;2;174;181;182m[48;2;51;54;55m▀[0m[38;2;0;0;0m[48;2;65;75;73m▀[0m[38;2;91;101;100m[48;2;140;136;134m▀[0m[38;2;65;83;87m[48;2;15;0;0m▀[0m[38;2;0;0;0m[48;2;0;0;0m▀[0m[38;2;0;0;0m[48;2;62;70;71m▀[0m[38;2;39;44;43m[48;2;48;61;65m▀[0m[38;2;105;27;0m[48;2;109;23;0m▀[0m[38;2;0;0;0m[48;2;220;113;63m▀[0m[38;2;0;0;0m[48;2;255;255;255m▀[0m[38;2;3;0;0m[48;2;255;255;255m▀[0m[38;2;0;0;0m[48;2;255;200;156m▀[0m[38;2;0;0;0m[48;2;0;0;0m▀[0m[38;2;0;0;0m[48;2;0;0;0m▀[0m[38;2;0;0;0m[48;2;0;0;0m▀[0m[38;2;0;0;1m[48;2;0;0;0m▀[0m[38;2;0;0;2m[48;2;133;36;0m▀[0m[38;2;228;62;0m[48;2;99;24;0m▀[0m
[38;2;90;17;0m[48;2;0;0;0m▀[0m[38;2;127;14;0m[48;2;137;28;0m▀[0m[38;2;129;39;3m[48;2;210;37;0m▀[0m[38;2;0;0;0m[48;2;105;20;0m▀[0m[38;2;0;0;0m[48;2;87;1;0m▀[0m[38;2;92;20;0m[48;2;203;121;86m▀[0m[38;2;219;198;189m[48;2;255;255;255m▀[0m[38;2;61;105;121m[48;2;193;203;202m▀[0m[38;2;114;142;151m[48;2;251;255;255m▀[0m[38;2;192;215;220m[48;2;243;248;252m▀[0m[38;2;2;9;11m[48;2;0;0;0m▀[0m[38;2;0;0;0m[48;2;0;0;0m▀[0m[38;2;8;12;12m[48;2;50;55;55m▀[0m[38;2;32;46;46m[48;2;39;43;42m▀[0m[38;2;0;0;0m[48;2;42;55;57m▀[0m[38;2;76;0;0m[48;2;34;47;49m▀[0m[38;2;23;43;47m[48;2;0;0;0m▀[0m[38;2;0;0;0m[48;2;45;55;56m▀[0m[38;2;0;0;0m[48;2;71;79;78m▀[0m[38;2;29;63;63m[48;2;0;0;0m▀[0m[38;2;99;0;0m[48;2;0;0;0m▀[0m[38;2;127;0;0m[48;2;48;69;75m▀[0m[38;2;25;57;59m[48;2;39;43;45m▀[0m[38;2;0;0;0m[48;2;0;0;0m▀[0m[38;2;0;0;0m[48;2;0;0;0m▀[0m[38;2;0;0;0m[48;2;0;0;0m▀[0m[38;2;208;229;238m[48;2;172;181;184m▀[0m[38;2;108;138;147m[48;2;255;255;255m▀[0m[38;2;98;143;159m[48;2;154;163;167m▀[0m[38;2;159;138;128m[48;2;255;255;255m▀[0m[38;2;128;17;0m[48;2;242;147;103m▀[0m[38;2;0;0;0m[48;2;62;0;0m▀[0m[38;2;0;0;0m[48;2;87;11;0m▀[0m[38;2;35;7;0m[48;2;132;11;0m▀[0m[38;2;222;55;0m[48;2;78;8;0m▀[0m[38;2;99;30;0m[48;2;0;0;0m▀[0m
[38;2;139;3;0m[48;2;161;81;50m▀[0m[38;2;18;0;0m[48;2;159;171;179m▀[0m[38;2;121;41;16m[48;2;131;180;202m▀[0m[38;2;204;69;8m[48;2;90;20;3m▀[0m[38;2;208;41;0m[48;2;0;0;0m▀[0m[38;2;0;0;0m[48;2;36;0;0m▀[0m[38;2;100;0;0m[48;2;7;0;0m▀[0m[38;2;181;210;224m[48;2;0;0;0m▀[0m[38;2;253;255;255m[48;2;0;0;0m▀[0m[38;2;13;17;18m[48;2;0;0;0m▀[0m[38;2;0;0;0m[48;2;179;183;183m▀[0m[38;2;12;17;19m[48;2;134;136;136m▀[0m[38;2;40;43;45m[48;2;0;0;0m▀[0m[38;2;199;202;203m[48;2;88;91;94m▀[0m[38;2;129;136;136m[48;2;111;102;99m▀[0m[38;2;166;173;174m[48;2;139;144;141m▀[0m[38;2;169;176;177m[48;2;255;255;255m▀[0m[38;2;93;98;98m[48;2;202;207;206m▀[0m[38;2;89;94;94m[48;2;183;191;189m▀[0m[38;2;141;145;146m[48;2;234;239;239m▀[0m[38;2;108;118;118m[48;2;137;144;146m▀[0m[38;2;123;128;132m[48;2;121;125;126m▀[0m[38;2;176;181;181m[48;2;103;107;107m▀[0m[38;2;22;22;22m[48;2;0;0;0m▀[0m[38;2;7;24;21m[48;2;92;100;103m▀[0m[38;2;0;0;0m[48;2;174;178;178m▀[0m[38;2;0;0;0m[48;2;0;0;0m▀[0m[38;2;182;197;199m[48;2;0;0;0m▀[0m[38;2;219;234;240m[48;2;0;0;0m▀[0m[38;2;179;47;8m[48;2;77;0;0m▀[0m[38;2;0;0;0m[48;2;0;0;0m▀[0m[38;2;96;2;0m[48;2;0;0;0m▀[0m[38;2;169;53;0m[48;2;64;7;0m▀[0m[38;2;255;104;45m[48;2;164;192;198m▀[0m[38;2;116;37;11m[48;2;125;135;139m▀[0m[38;2;21;0;0m[48;2;112;84;79m▀[0m
[38;2;0;0;7m[48;2;9;13;17m▀[0m[38;2;0;0;6m[48;2;45;52;53m▀[0m[38;2;0;0;0m[48;2;5;15;16m▀[0m[38;2;0;0;0m[48;2;0;0;0m▀[0m[38;2;71;24;0m[48;2;198;164;148m▀[0m[38;2;160;182;191m[48;2;255;255;255m▀[0m[38;2;21;0;0m[48;2;137;147;151m▀[0m[38;2;32;0;0m[48;2;0;0;0m▀[0m[38;2;55;25;17m[48;2;28;36;36m▀[0m[38;2;175;192;196m[48;2;137;140;141m▀[0m[38;2;255;255;255m[48;2;126;131;131m▀[0m[38;2;0;0;0m[48;2;90;94;94m▀[0m[38;2;0;0;0m[48;2;42;45;46m▀[0m[38;2;0;0;0m[48;2;45;52;53m▀[0m[38;2;32;2;0m[48;2;0;0;0m▀[0m[38;2;176;120;94m[48;2;54;32;27m▀[0m[38;2;209;230;235m[48;2;255;255;255m▀[0m[38;2;255;255;255m[48;2;246;250;251m▀[0m[38;2;255;255;255m[48;2;209;213;213m▀[0m[38;2;193;210;214m[48;2;255;255;255m▀[0m[38;2;181;128;105m[48;2;94;67;63m▀[0m[38;2;78;23;6m[48;2;0;0;0m▀[0m[38;2;0;0;0m[48;2;0;4;8m▀[0m[38;2;0;0;0m[48;2;3;3;3m▀[0m[38;2;0;0;0m[48;2;59;61;61m▀[0m[38;2;161;165;165m[48;2;132;134;134m▀[0m[38;2;94;101;105m[48;2;177;181;180m▀[0m[38;2;38;37;37m[48;2;34;50;56m▀[0m[38;2;83;8;0m[48;2;0;0;0m▀[0m[38;2;12;0;0m[48;2;113;101;91m▀[0m[38;2;166;171;172m[48;2;255;255;255m▀[0m[38;2;111;90;84m[48;2;244;254;255m▀[0m[38;2;0;0;0m[48;2;0;0;0m▀[0m[38;2;0;0;0m[48;2;9;14;15m▀[0m[38;2;0;0;0m[48;2;25;32;33m▀[0m[38;2;0;0;0m[48;2;57;69;73m▀[0m
[38;2;47;55;56m[48;2;45;49;48m▀[0m[38;2;60;62;64m[48;2;112;117;117m▀[0m[38;2;118;130;133m[48;2;248;255;255m▀[0m[38;2;199;176;167m[48;2;250;207;192m▀[0m[38;2;255;255;255m[48;2;255;255;255m▀[0m[38;2;255;255;255m[48;2;231;241;241m▀[0m[38;2;27;34;35m[48;2;168;172;173m▀[0m[38;2;68;80;83m[48;2;199;207;206m▀[0m[38;2;0;0;0m[48;2;70;74;73m▀[0m[38;2;0;0;0m[48;2;222;227;223m▀[0m[38;2;248;254;252m[48;2;255;255;255m▀[0m[38;2;250;252;252m[48;2;255;255;255m▀[0m[38;2;116;118;116m[48;2;208;209;206m▀[0m[38;2;27;27;27m[48;2;0;0;0m▀[0m[38;2;0;14;14m[48;2;64;68;70m▀[0m[38;2;135;96;92m[48;2;162;160;157m▀[0m[38;2;33;16;14m[48;2;0;0;0m▀[0m[38;2;0;0;0m[48;2;0;0;0m▀[0m[38;2;0;0;0m[48;2;0;0;0m▀[0m[38;2;0;0;0m[48;2;0;0;0m▀[0m[38;2;63;58;62m[48;2;45;50;52m▀[0m[38;2;0;0;0m[48;2;98;102;107m▀[0m[38;2;100;99;96m[48;2;97;99;104m▀[0m[38;2;65;67;65m[48;2;161;165;164m▀[0m[38;2;215;218;215m[48;2;229;233;232m▀[0m[38;2;255;255;255m[48;2;246;246;243m▀[0m[38;2;135;140;141m[48;2;255;255;255m▀[0m[38;2;0;0;0m[48;2;133;135;135m▀[0m[38;2;0;0;0m[48;2;50;47;51m▀[0m[38;2;0;0;0m[48;2;0;0;0m▀[0m[38;2;255;255;255m[48;2;218;211;209m▀[0m[38;2;255;255;255m[48;2;255;255;255m▀[0m[38;2;206;194;189m[48;2;212;195;186m▀[0m[38;2;163;167;167m[48;2;255;255;255m▀[0m[38;2;91;94;93m[48;2;155;160;159m▀[0m[38;2;90;94;94m[48;2;35;34;35m▀[0m
[38;2;73;73;74m[48;2;122;126;127m▀[0m[38;2;221;229;228m[48;2;255;255;255m▀[0m[38;2;248;240;237m[48;2;229;199;191m▀[0m[38;2;236;197;189m[48;2;251;231;225m▀[0m[38;2;255;255;255m[48;2;255;255;255m▀[0m[38;2;234;227;227m[48;2;216;186;181m▀[0m[38;2;214;213;211m[48;2;0;0;0m▀[0m[38;2;124;128;127m[48;2;173;182;181m▀[0m[38;2;227;231;230m[48;2;222;227;226m▀[0m[38;2;241;244;243m[48;2;192;195;194m▀[0m[38;2;255;255;255m[48;2;215;219;216m▀[0m[38;2;212;215;215m[48;2;160;163;163m▀[0m[38;2;26;26;26m[48;2;0;0;0m▀[0m[38;2;27;30;30m[48;2;0;0;0m▀[0m[38;2;9;14;14m[48;2;0;0;0m▀[0m[38;2;0;0;0m[48;2;143;157;157m▀[0m[38;2;0;0;0m[48;2;255;255;255m▀[0m[38;2;0;0;1m[48;2;255;255;255m▀[0m[38;2;56;56;53m[48;2;255;255;255m▀[0m[38;2;0;0;0m[48;2;255;160;154m▀[0m[38;2;0;0;0m[48;2;127;164;164m▀[0m[38;2;30;34;39m[48;2;0;0;0m▀[0m[38;2;192;192;193m[48;2;200;202;203m▀[0m[38;2;168;172;169m[48;2;201;205;205m▀[0m[38;2;181;186;183m[48;2;255;255;255m▀[0m[38;2;235;238;237m[48;2;230;233;232m▀[0m[38;2;242;246;243m[48;2;218;221;221m▀[0m[38;2;255;255;255m[48;2;212;215;216m▀[0m[38;2;193;195;193m[48;2;255;255;255m▀[0m[38;2;0;0;0m[48;2;0;0;0m▀[0m[38;2;142;125;116m[48;2;102;77;68m▀[0m[38;2;255;255;255m[48;2;255;255;255m▀[0m[38;2;221;213;210m[48;2;248;252;252m▀[0m[38;2;210;190;185m[48;2;201;181;174m▀[0m[38;2;255;255;255m[48;2;255;255;255m▀[0m[38;2;98;101;100m[48;2;221;226;225m▀[0m
[38;2;183;189;188m[48;2;27;32;34m▀[0m[38;2;145;155;158m[48;2;0;0;0m▀[0m[38;2;86;48;38m[48;2;130;90;77m▀[0m[38;2;255;255;255m[48;2;255;255;255m▀[0m[38;2;255;255;255m[48;2;255;255;255m▀[0m[38;2;100;100;97m[48;2;75;66;56m▀[0m[38;2;0;0;0m[48;2;0;0;0m▀[0m[38;2;152;160;159m[48;2;175;180;181m▀[0m[38;2;186;189;185m[48;2;255;255;255m▀[0m[38;2;211;214;213m[48;2;246;250;247m▀[0m[38;2;231;234;235m[48;2;238;240;240m▀[0m[38;2;231;234;234m[48;2;255;255;255m▀[0m[38;2;55;55;57m[48;2;23;25;26m▀[0m[38;2;20;20;22m[48;2;119;122;122m▀[0m[38;2;239;242;241m[48;2;161;164;163m▀[0m[38;2;255;255;255m[48;2;255;255;255m▀[0m[38;2;255;255;255m[48;2;255;234;234m▀[0m[38;2;255;255;255m[48;2;0;0;0m▀[0m[38;2;255;255;255m[48;2;0;0;0m▀[0m[38;2;255;238;232m[48;2;255;141;135m▀[0m[38;2;255;255;255m[48;2;255;255;255m▀[0m[38;2;149;145;145m[48;2;95;97;97m▀[0m[38;2;183;188;188m[48;2;175;178;178m▀[0m[38;2;0;0;0m[48;2;0;0;0m▀[0m[38;2;188;189;186m[48;2;207;211;208m▀[0m[38;2;240;243;240m[48;2;244;244;245m▀[0m[38;2;225;230;227m[48;2;231;234;231m▀[0m[38;2;170;170;171m[48;2;246;251;250m▀[0m[38;2;158;163;167m[48;2;217;225;226m▀[0m[38;2;59;63;64m[48;2;0;0;0m▀[0m[38;2;113;80;71m[48;2;26;1;0m▀[0m[38;2;255;255;255m[48;2;255;255;255m▀[0m[38;2;255;255;255m[48;2;255;255;255m▀[0m[38;2;159;133;128m[48;2;223;184;169m▀[0m[38;2;93;98;100m[48;2;0;0;0m▀[0m[38;2;247;255;255m[48;2;0;0;0m▀[0m
[38;2;0;5;5m[48;2;103;115;119m▀[0m[38;2;0;0;0m[48;2;92;83;75m▀[0m[38;2;255;255;251m[48;2;231;187;171m▀[0m[38;2;255;253;247m[48;2;255;255;255m▀[0m[38;2;255;255;255m[48;2;255;255;255m▀[0m[38;2;211;185;169m[48;2;255;255;255m▀[0m[38;2;0;0;0m[48;2;255;255;255m▀[0m[38;2;0;0;0m[48;2;71;60;58m▀[0m[38;2;153;155;156m[48;2;0;0;0m▀[0m[38;2;255;255;255m[48;2;23;23;23m▀[0m[38;2;255;255;255m[48;2;116;118;118m▀[0m[38;2;214;218;220m[48;2;206;210;210m▀[0m[38;2;40;43;43m[48;2;124;126;126m▀[0m[38;2;230;233;233m[48;2;216;221;218m▀[0m[38;2;177;184;185m[48;2;154;158;155m▀[0m[38;2;255;255;255m[48;2;0;0;0m▀[0m[38;2;0;0;0m[48;2;37;0;0m▀[0m[38;2;0;0;0m[48;2;172;167;167m▀[0m[38;2;0;0;0m[48;2;10;0;0m▀[0m[38;2;0;0;0m[48;2;68;8;7m▀[0m[38;2;242;252;252m[48;2;0;0;0m▀[0m[38;2;186;194;197m[48;2;62;67;67m▀[0m[38;2;229;232;232m[48;2;255;255;255m▀[0m[38;2;81;83;83m[48;2;115;119;119m▀[0m[38;2;178;179;176m[48;2;135;137;135m▀[0m[38;2;255;255;255m[48;2;186;190;192m▀[0m[38;2;255;255;255m[48;2;113;121;122m▀[0m[38;2;255;255;255m[48;2;0;4;5m▀[0m[38;2;134;141;141m[48;2;12;17;17m▀[0m[38;2;0;0;0m[48;2;223;227;226m▀[0m[38;2;149;152;151m[48;2;255;255;255m▀[0m[38;2;255;255;255m[48;2;255;255;255m▀[0m[38;2;255;235;234m[48;2;255;255;255m▀[0m[38;2;255;255;255m[48;2;255;232;224m▀[0m[38;2;1;0;0m[48;2;130;104;99m▀[0m[38;2;0;0;0m[48;2;101;114;114m▀[0m
[38;2;81;83;83m[48;2;108;110;111m▀[0m[38;2;186;198;202m[48;2;201;206;207m▀[0m[38;2;7;0;0m[48;2;75;89;88m▀[0m[38;2;115;82;76m[48;2;0;0;0m▀[0m[38;2;255;255;255m[48;2;80;34;26m▀[0m[38;2;255;255;255m[48;2;255;255;255m▀[0m[38;2;255;255;255m[48;2;255;255;255m▀[0m[38;2;255;255;255m[48;2;255;245;241m▀[0m[38;2;255;255;255m[48;2;255;255;255m▀[0m[38;2;73;72;72m[48;2;255;255;255m▀[0m[38;2;0;0;0m[48;2;255;255;255m▀[0m[38;2;0;0;0m[48;2;210;212;212m▀[0m[38;2;0;0;0m[48;2;130;130;127m▀[0m[38;2;44;45;42m[48;2;0;0;0m▀[0m[38;2;206;219;216m[48;2;78;82;82m▀[0m[38;2;0;0;0m[48;2;0;2;7m▀[0m[38;2;255;190;183m[48;2;248;185;179m▀[0m[38;2;255;255;255m[48;2;255;255;255m▀[0m[38;2;255;255;255m[48;2;255;255;255m▀[0m[38;2;255;255;255m[48;2;255;251;247m▀[0m[38;2;0;0;0m[48;2;0;1;0m▀[0m[38;2;86;95;93m[48;2;55;65;65m▀[0m[38;2;189;194;194m[48;2;25;28;28m▀[0m[38;2;0;0;0m[48;2;71;73;73m▀[0m[38;2;0;0;0m[48;2;188;190;192m▀[0m[38;2;3;8;8m[48;2;220;224;224m▀[0m[38;2;0;0;0m[48;2;255;255;255m▀[0m[38;2;173;156;152m[48;2;255;217;213m▀[0m[38;2;255;255;255m[48;2;255;255;255m▀[0m[38;2;255;255;255m[48;2;255;255;255m▀[0m[38;2;255;255;255m[48;2;255;255;255m▀[0m[38;2;255;255;255m[48;2;148;111;96m▀[0m[38;2;203;177;171m[48;2;0;0;0m▀[0m[38;2;0;0;0m[48;2;21;36;42m▀[0m[38;2;162;175;175m[48;2;130;133;134m▀[0m[38;2;151;155;156m[48;2;175;182;182m▀[0m
