wide,49,22,255,171,163
wide,38,34,255,255,255
wide,38,23,255,255,255
wide,37,37,255,255,255
wide,37,19,255,255,255
wide,24,28,255,208,12
wide,47,12,249,218,216
wide,38,11,228,227,227
wide,42,21,250,243,243
punch,42,24,251,199,194
punch,43,8,250,169,168
punch,32,24,236,196,198
punch,38,31,255,255,255
punch,38,28,255,255,255
punch,38,16,255,255,255
punch,48,8,255,223,215
punch,39,11,255,255,255
punch,40,46,255,255,255
strip,27,3,255,243,240
strip,33,6,255,253,248
strip,34,11,255,254,251
strip,24,9,253,249,251
strip,19,10,234,226,223
strip,34,9,255,255,255
