[38;2;87;127;148m[48;2;33;50;63m▀[0m[38;2;26;38;38m[48;2;0;0;0m▀[0m[38;2;255;255;255m[48;2;219;252;255m▀[0m[38;2;255;255;255m[48;2;255;255;255m▀[0m[38;2;255;255;255m[48;2;255;255;255m▀[0m[38;2;163;160;160m[48;2;255;255;255m▀[0m[38;2;0;0;0m[48;2;63;61;59m▀[0m[38;2;208;230;231m[48;2;25;49;54m▀[0m[38;2;255;255;255m[48;2;255;255;255m▀[0m[38;2;255;255;255m[48;2;255;255;255m▀[0m[38;2;199;199;200m[48;2;243;252;255m▀[0m[38;2;0;0;0m[48;2;0;0;0m▀[0m[38;2;0;0;0m[48;2;0;0;0m▀[0m[38;2;0;0;0m[48;2;0;0;0m▀[0m[38;2;0;0;0m[48;2;0;0;0m▀[0m[38;2;0;0;0m[48;2;0;0;0m▀[0m[38;2;0;0;0m[48;2;0;0;0m▀[0m[38;2;0;0;0m[48;2;0;0;0m▀[0m[38;2;0;0;0m[48;2;0;0;0m▀[0m[38;2;111;116;118m[48;2;28;30;30m▀[0m[38;2;105;113;114m[48;2;157;166;165m▀[0m[38;2;0;0;0m[48;2;0;0;0m▀[0m[38;2;0;0;0m[48;2;0;0;0m▀[0m[38;2;180;111;111m[48;2;15;26;26m▀[0m[38;2;161;27;28m[48;2;239;42;44m▀[0m[38;2;0;0;0m[48;2;0;19;20m▀[0m[38;2;0;0;0m[48;2;0;0;0m▀[0m[38;2;0;0;0m[48;2;0;0;0m▀[0m[38;2;0;0;0m[48;2;0;0;0m▀[0m[38;2;0;2;2m[48;2;0;0;0m▀[0m[38;2;124;92;92m[48;2;0;18;18m▀[0m[38;2;136;0;0m[48;2;157;5;5m▀[0m[38;2;0;0;0m[48;2;0;0;0m▀[0m[38;2;0;0;0m[48;2;0;0;0m▀[0m[38;2;0;0;0m[48;2;8;27;28m▀[0m[38;2;219;155;154m[48;2;255;255;255m▀[0m[38;2;255;255;255m[48;2;255;255;255m▀[0m[38;2;255;255;255m[48;2;255;255;255m▀[0m[38;2;163;203;208m[48;2;178;195;201m▀[0m[38;2;0;6;12m[48;2;46;46;43m▀[0m[38;2;226;230;228m[48;2;214;254;255m▀[0m[38;2;255;255;255m[48;2;255;255;255m▀[0m[38;2;255;255;255m[48;2;255;255;255m▀[0m[38;2;0;0;0m[48;2;0;0;0m▀[0m
[38;2;0;0;0m[48;2;0;0;0m▀[0m[38;2;0;0;0m[48;2;0;0;0m▀[0m[38;2;235;255;255m[48;2;234;255;255m▀[0m[38;2;255;255;255m[48;2;255;255;255m▀[0m[38;2;255;255;255m[48;2;255;255;255m▀[0m[38;2;255;255;255m[48;2;165;175;180m▀[0m[38;2;89;100;102m[48;2;0;0;0m▀[0m[38;2;0;0;0m[48;2;0;0;0m▀[0m[38;2;255;255;255m[48;2;92;124;124m▀[0m[38;2;255;255;255m[48;2;255;255;255m▀[0m[38;2;242;255;255m[48;2;255;255;255m▀[0m[38;2;255;255;255m[48;2;255;255;255m▀[0m[38;2;255;253;255m[48;2;255;255;255m▀[0m[38;2;108;110;108m[48;2;255;255;255m▀[0m[38;2;0;0;0m[48;2;255;255;255m▀[0m[38;2;0;0;0m[48;2;221;224;226m▀[0m[38;2;0;0;0m[48;2;18;18;15m▀[0m[38;2;0;0;0m[48;2;0;0;0m▀[0m[38;2;0;0;0m[48;2;0;0;0m▀[0m[38;2;0;0;0m[48;2;0;0;0m▀[0m[38;2;133;133;133m[48;2;121;121;121m▀[0m[38;2;0;0;0m[48;2;5;8;8m▀[0m[38;2;0;0;0m[48;2;0;0;0m▀[0m[38;2;0;0;0m[48;2;0;0;0m▀[0m[38;2;178;0;0m[48;2;134;0;0m▀[0m[38;2;28;25;32m[48;2;0;0;0m▀[0m[38;2;0;7;10m[48;2;0;0;0m▀[0m[38;2;0;0;0m[48;2;20;44;48m▀[0m[38;2;0;0;0m[48;2;129;139;143m▀[0m[38;2;0;0;0m[48;2;210;218;222m▀[0m[38;2;0;0;0m[48;2;192;248;248m▀[0m[38;2;0;0;0m[48;2;125;180;180m▀[0m[38;2;0;0;0m[48;2;0;0;0m▀[0m[38;2;0;0;0m[48;2;0;56;58m▀[0m[38;2;227;255;255m[48;2;255;255;255m▀[0m[38;2;255;255;255m[48;2;255;255;255m▀[0m[38;2;254;255;255m[48;2;255;255;255m▀[0m[38;2;255;255;255m[48;2;255;255;255m▀[0m[38;2;240;235;233m[48;2;177;179;182m▀[0m[38;2;0;0;0m[48;2;0;0;0m▀[0m[38;2;97;168;182m[48;2;0;7;12m▀[0m[38;2;219;245;253m[48;2;37;73;79m▀[0m[38;2;134;181;195m[48;2;82;118;128m▀[0m[38;2;0;0;0m[48;2;0;0;0m▀[0m
[38;2;0;0;0m[48;2;0;0;0m▀[0m[38;2;0;0;0m[48;2;0;0;0m▀[0m[38;2;200;235;239m[48;2;167;197;203m▀[0m[38;2;255;255;255m[48;2;255;255;255m▀[0m[38;2;255;255;255m[48;2;255;255;255m▀[0m[38;2;255;255;255m[48;2;255;255;255m▀[0m[38;2;0;0;0m[48;2;0;0;0m▀[0m[38;2;0;0;0m[48;2;0;0;0m▀[0m[38;2;0;5;9m[48;2;0;0;0m▀[0m[38;2;255;255;255m[48;2;255;255;255m▀[0m[38;2;255;255;255m[48;2;255;255;255m▀[0m[38;2;255;255;255m[48;2;255;255;255m▀[0m[38;2;99;104;101m[48;2;0;0;0m▀[0m[38;2;255;255;255m[48;2;0;0;0m▀[0m[38;2;255;255;255m[48;2;5;28;36m▀[0m[38;2;255;255;255m[48;2;201;238;254m▀[0m[38;2;143;142;139m[48;2;73;75;73m▀[0m[38;2;0;0;0m[48;2;0;0;0m▀[0m[38;2;0;0;0m[48;2;0;0;0m▀[0m[38;2;0;0;0m[48;2;0;0;0m▀[0m[38;2;155;155;155m[48;2;51;54;54m▀[0m[38;2;109;114;114m[48;2;193;201;201m▀[0m[38;2;0;0;0m[48;2;0;0;0m▀[0m[38;2;0;0;0m[48;2;4;15;13m▀[0m[38;2;0;0;0m[48;2;255;255;255m▀[0m[38;2;198;97;98m[48;2;255;255;255m▀[0m[38;2;255;255;255m[48;2;255;255;255m▀[0m[38;2;255;255;255m[48;2;255;255;255m▀[0m[38;2;255;255;255m[48;2;255;255;255m▀[0m[38;2;255;255;255m[48;2;255;244;239m▀[0m[38;2;255;255;245m[48;2;255;0;0m▀[0m[38;2;255;224;219m[48;2;255;0;0m▀[0m[38;2;255;64;60m[48;2;255;0;0m▀[0m[38;2;173;191;191m[48;2;84;34;40m▀[0m[38;2;255;255;255m[48;2;255;85;85m▀[0m[38;2;255;255;255m[48;2;255;165;163m▀[0m[38;2;255;255;255m[48;2;255;255;255m▀[0m[38;2;255;255;255m[48;2;178;33;54m▀[0m[38;2;1;0;2m[48;2;0;28;25m▀[0m[38;2;0;0;0m[48;2;0;0;0m▀[0m[38;2;127;153;156m[48;2;0;0;0m▀[0m[38;2;40;83;86m[48;2;0;0;0m▀[0m[38;2;19;43;46m[48;2;28;47;51m▀[0m[38;2;0;0;0m[48;2;10;13;14m▀[0m
[38;2;0;0;0m[48;2;0;0;0m▀[0m[38;2;0;0;0m[48;2;0;0;0m▀[0m[38;2;114;142;144m[48;2;33;55;61m▀[0m[38;2;255;255;255m[48;2;255;255;255m▀[0m[38;2;255;255;255m[48;2;255;255;255m▀[0m[38;2;255;255;255m[48;2;255;250;244m▀[0m[38;2;114;63;62m[48;2;251;240;235m▀[0m[38;2;0;0;0m[48;2;0;0;0m▀[0m[38;2;0;0;0m[48;2;0;0;0m▀[0m[38;2;255;255;255m[48;2;221;236;239m▀[0m[38;2;255;255;255m[48;2;255;255;255m▀[0m[38;2;255;255;255m[48;2;255;255;255m▀[0m[38;2;255;253;253m[48;2;255;255;255m▀[0m[38;2;0;0;0m[48;2;1;0;0m▀[0m[38;2;0;0;0m[48;2;0;0;0m▀[0m[38;2;0;0;0m[48;2;0;0;0m▀[0m[38;2;0;0;0m[48;2;0;0;0m▀[0m[38;2;0;0;0m[48;2;0;0;0m▀[0m[38;2;0;0;0m[48;2;0;0;0m▀[0m[38;2;0;0;0m[48;2;0;0;0m▀[0m[38;2;0;0;0m[48;2;0;0;0m▀[0m[38;2;34;39;41m[48;2;223;230;227m▀[0m[38;2;170;181;179m[48;2;255;255;255m▀[0m[38;2;255;255;255m[48;2;255;255;255m▀[0m[38;2;255;255;255m[48;2;255;255;255m▀[0m[38;2;255;255;255m[48;2;255;219;210m▀[0m[38;2;255;255;255m[48;2;255;255;255m▀[0m[38;2;255;255;255m[48;2;255;255;255m▀[0m[38;2;255;255;255m[48;2;255;255;255m▀[0m[38;2;255;213;208m[48;2;255;255;255m▀[0m[38;2;255;172;171m[48;2;255;255;255m▀[0m[38;2;255;255;255m[48;2;255;255;255m▀[0m[38;2;255;103;91m[48;2;255;255;255m▀[0m[38;2;130;62;69m[48;2;255;255;255m▀[0m[38;2;227;0;0m[48;2;195;52;56m▀[0m[38;2;255;181;192m[48;2;100;0;0m▀[0m[38;2;134;0;0m[48;2;84;5;11m▀[0m[38;2;157;6;8m[48;2;255;162;164m▀[0m[38;2;255;255;255m[48;2;255;255;255m▀[0m[38;2;76;94;89m[48;2;255;255;255m▀[0m[38;2;0;0;0m[48;2;69;107;108m▀[0m[38;2;0;0;0m[48;2;0;0;0m▀[0m[38;2;0;0;0m[48;2;0;0;0m▀[0m[38;2;0;0;0m[48;2;0;0;0m▀[0m
[38;2;0;0;0m[48;2;0;0;0m▀[0m[38;2;0;0;0m[48;2;0;0;0m▀[0m[38;2;0;0;0m[48;2;0;0;0m▀[0m[38;2;255;255;255m[48;2;248;255;255m▀[0m[38;2;255;255;255m[48;2;255;255;255m▀[0m[38;2;255;255;255m[48;2;255;255;255m▀[0m[38;2;255;255;255m[48;2;255;255;255m▀[0m[38;2;0;0;0m[48;2;0;0;0m▀[0m[38;2;0;0;0m[48;2;0;0;0m▀[0m[38;2;55;78;77m[48;2;0;0;0m▀[0m[38;2;255;255;255m[48;2;246;255;255m▀[0m[38;2;255;255;255m[48;2;255;255;255m▀[0m[38;2;255;255;255m[48;2;255;255;255m▀[0m[38;2;210;201;201m[48;2;255;255;255m▀[0m[38;2;0;0;0m[48;2;0;0;0m▀[0m[38;2;0;0;0m[48;2;0;0;0m▀[0m[38;2;0;0;0m[48;2;0;0;0m▀[0m[38;2;0;0;0m[48;2;0;0;0m▀[0m[38;2;0;0;0m[48;2;0;0;0m▀[0m[38;2;0;0;0m[48;2;110;119;117m▀[0m[38;2;226;235;234m[48;2;255;255;255m▀[0m[38;2;255;255;255m[48;2;255;255;255m▀[0m[38;2;255;255;255m[48;2;255;255;255m▀[0m[38;2;255;255;255m[48;2;255;255;255m▀[0m[38;2;255;255;255m[48;2;255;255;255m▀[0m[38;2;255;255;255m[48;2;255;255;255m▀[0m[38;2;255;255;255m[48;2;255;255;255m▀[0m[38;2;255;205;193m[48;2;255;154;142m▀[0m[38;2;255;154;140m[48;2;255;255;255m▀[0m[38;2;255;255;255m[48;2;255;255;255m▀[0m[38;2;255;255;255m[48;2;255;224;222m▀[0m[38;2;255;255;255m[48;2;255;255;255m▀[0m[38;2;255;255;255m[48;2;255;255;255m▀[0m[38;2;255;255;255m[48;2;209;185;179m▀[0m[38;2;235;255;253m[48;2;255;80;66m▀[0m[38;2;224;255;255m[48;2;255;0;0m▀[0m[38;2;255;255;255m[48;2;246;0;0m▀[0m[38;2;207;223;225m[48;2;255;255;255m▀[0m[38;2;243;252;253m[48;2;255;255;255m▀[0m[38;2;255;255;255m[48;2;255;255;255m▀[0m[38;2;255;182;168m[48;2;255;255;251m▀[0m[38;2;7;8;5m[48;2;255;255;255m▀[0m[38;2;0;0;0m[48;2;0;0;0m▀[0m[38;2;0;0;0m[48;2;0;0;0m▀[0m
[38;2;0;0;0m[48;2;0;0;0m▀[0m[38;2;0;0;0m[48;2;0;0;0m▀[0m[38;2;0;0;0m[48;2;0;0;0m▀[0m[38;2;157;191;205m[48;2;115;150;155m▀[0m[38;2;255;255;255m[48;2;255;255;255m▀[0m[38;2;255;255;255m[48;2;255;255;255m▀[0m[38;2;255;255;255m[48;2;255;255;255m▀[0m[38;2;14;18;18m[48;2;255;255;255m▀[0m[38;2;0;0;0m[48;2;255;255;255m▀[0m[38;2;0;0;0m[48;2;162;154;153m▀[0m[38;2;68;110;120m[48;2;62;73;80m▀[0m[38;2;226;255;255m[48;2;44;91;107m▀[0m[38;2;255;255;255m[48;2;129;178;179m▀[0m[38;2;255;255;255m[48;2;255;255;255m▀[0m[38;2;78;81;81m[48;2;255;255;255m▀[0m[38;2;0;0;0m[48;2;0;0;0m▀[0m[38;2;0;0;0m[48;2;0;0;0m▀[0m[38;2;0;0;0m[48;2;0;0;0m▀[0m[38;2;0;0;0m[48;2;77;82;78m▀[0m[38;2;255;255;255m[48;2;255;255;255m▀[0m[38;2;255;255;255m[48;2;255;255;255m▀[0m[38;2;255;255;255m[48;2;255;255;255m▀[0m[38;2;255;255;255m[48;2;255;255;255m▀[0m[38;2;255;255;255m[48;2;255;255;255m▀[0m[38;2;255;255;255m[48;2;255;255;255m▀[0m[38;2;255;255;255m[48;2;255;255;255m▀[0m[38;2;255;244;241m[48;2;255;255;255m▀[0m[38;2;255;189;181m[48;2;255;255;255m▀[0m[38;2;255;255;255m[48;2;255;255;255m▀[0m[38;2;255;255;255m[48;2;255;255;255m▀[0m[38;2;255;255;255m[48;2;255;255;255m▀[0m[38;2;255;255;255m[48;2;163;204;223m▀[0m[38;2;195;224;231m[48;2;100;146;158m▀[0m[38;2;192;150;140m[48;2;255;255;255m▀[0m[38;2;246;255;255m[48;2;59;1;0m▀[0m[38;2;255;158;150m[48;2;199;201;199m▀[0m[38;2;255;210;206m[48;2;255;255;255m▀[0m[38;2;216;0;0m[48;2;255;128;122m▀[0m[38;2;255;255;255m[48;2;191;242;239m▀[0m[38;2;255;255;255m[48;2;255;255;255m▀[0m[38;2;255;255;255m[48;2;255;255;255m▀[0m[38;2;255;255;255m[48;2;255;255;255m▀[0m[38;2;37;51;54m[48;2;255;255;255m▀[0m[38;2;0;0;0m[48;2;0;0;0m▀[0m
[38;2;0;0;0m[48;2;0;0;0m▀[0m[38;2;0;0;0m[48;2;0;0;0m▀[0m[38;2;0;0;0m[48;2;0;0;0m▀[0m[38;2;155;182;189m[48;2;140;169;172m▀[0m[38;2;215;251;255m[48;2;216;255;255m▀[0m[38;2;255;255;255m[48;2;235;252;255m▀[0m[38;2;255;255;255m[48;2;255;255;255m▀[0m[38;2;192;219;224m[48;2;72;114;124m▀[0m[38;2;255;255;255m[48;2;255;255;255m▀[0m[38;2;255;255;255m[48;2;255;255;255m▀[0m[38;2;255;255;255m[48;2;255;255;255m▀[0m[38;2;193;204;213m[48;2;255;255;255m▀[0m[38;2;92;133;147m[48;2;255;255;255m▀[0m[38;2;223;237;239m[48;2;255;255;255m▀[0m[38;2;255;255;255m[48;2;255;255;255m▀[0m[38;2;150;161;161m[48;2;255;255;255m▀[0m[38;2;0;0;0m[48;2;255;255;255m▀[0m[38;2;0;0;0m[48;2;120;126;128m▀[0m[38;2;162;175;175m[48;2;197;213;224m▀[0m[38;2;255;255;255m[48;2;255;255;255m▀[0m[38;2;255;255;255m[48;2;255;255;255m▀[0m[38;2;255;255;255m[48;2;255;255;255m▀[0m[38;2;255;255;255m[48;2;255;255;255m▀[0m[38;2;255;255;255m[48;2;255;255;255m▀[0m[38;2;255;255;255m[48;2;255;255;255m▀[0m[38;2;255;255;255m[48;2;255;255;255m▀[0m[38;2;255;255;255m[48;2;255;255;255m▀[0m[38;2;255;255;255m[48;2;255;217;213m▀[0m[38;2;255;255;255m[48;2;255;223;223m▀[0m[38;2;255;255;255m[48;2;255;255;255m▀[0m[38;2;193;222;231m[48;2;172;209;227m▀[0m[38;2;79;148;160m[48;2;201;239;245m▀[0m[38;2;255;255;255m[48;2;255;255;255m▀[0m[38;2;255;255;255m[48;2;255;236;230m▀[0m[38;2;149;55;43m[48;2;227;67;67m▀[0m[38;2;240;178;182m[48;2;255;158;161m▀[0m[38;2;255;255;255m[48;2;255;255;255m▀[0m[38;2;255;255;255m[48;2;255;255;255m▀[0m[38;2;214;241;241m[48;2;245;255;255m▀[0m[38;2;255;255;255m[48;2;206;211;201m▀[0m[38;2;255;255;255m[48;2;255;255;255m▀[0m[38;2;255;255;255m[48;2;255;255;255m▀[0m[38;2;255;255;255m[48;2;255;255;255m▀[0m[38;2;0;0;0m[48;2;130;133;135m▀[0m
[38;2;0;0;0m[48;2;71;73;73m▀[0m[38;2;0;0;0m[48;2;0;0;0m▀[0m[38;2;0;0;0m[48;2;0;0;0m▀[0m[38;2;69;87;92m[48;2;0;0;0m▀[0m[38;2;255;255;255m[48;2;188;236;255m▀[0m[38;2;185;216;234m[48;2;225;255;255m▀[0m[38;2;189;211;221m[48;2;164;195;217m▀[0m[38;2;105;138;148m[48;2;95;127;139m▀[0m[38;2;219;238;243m[48;2;157;190;204m▀[0m[38;2;255;255;255m[48;2;255;255;255m▀[0m[38;2;255;255;255m[48;2;255;255;255m▀[0m[38;2;255;255;255m[48;2;255;255;255m▀[0m[38;2;255;255;255m[48;2;255;255;255m▀[0m[38;2;255;244;239m[48;2;255;239;242m▀[0m[38;2;255;252;251m[48;2;255;255;255m▀[0m[38;2;255;255;255m[48;2;255;255;255m▀[0m[38;2;255;255;255m[48;2;185;204;215m▀[0m[38;2;76;108;116m[48;2;13;47;63m▀[0m[38;2;214;226;236m[48;2;223;236;243m▀[0m[38;2;255;255;255m[48;2;255;255;255m▀[0m[38;2;255;255;255m[48;2;255;255;255m▀[0m[38;2;255;255;255m[48;2;255;255;255m▀[0m[38;2;255;255;255m[48;2;255;255;255m▀[0m[38;2;255;255;255m[48;2;255;255;255m▀[0m[38;2;255;255;255m[48;2;255;223;220m▀[0m[38;2;254;236;236m[48;2;128;0;0m▀[0m[38;2;191;71;67m[48;2;250;218;218m▀[0m[38;2;255;242;239m[48;2;255;255;255m▀[0m[38;2;255;255;255m[48;2;255;255;255m▀[0m[38;2;255;255;255m[48;2;255;255;255m▀[0m[38;2;255;255;255m[48;2;255;255;255m▀[0m[38;2;181;187;186m[48;2;155;157;157m▀[0m[38;2;255;255;255m[48;2;255;245;246m▀[0m[38;2;255;174;162m[48;2;199;79;65m▀[0m[38;2;204;153;142m[48;2;255;255;255m▀[0m[38;2;184;140;143m[48;2;218;252;249m▀[0m[38;2;237;255;255m[48;2;253;255;255m▀[0m[38;2;255;255;255m[48;2;255;255;255m▀[0m[38;2;246;246;246m[48;2;255;255;255m▀[0m[38;2;188;200;190m[48;2;182;154;134m▀[0m[38;2;255;255;255m[48;2;255;255;255m▀[0m[38;2;255;255;255m[48;2;255;255;255m▀[0m[38;2;255;255;255m[48;2;255;255;255m▀[0m[38;2;255;255;255m[48;2;255;255;255m▀[0m
[38;2;255;255;255m[48;2;94;118;184m▀[0m[38;2;133;139;149m[48;2;255;255;255m▀[0m[38;2;0;0;0m[48;2;179;180;165m▀[0m[38;2;0;0;0m[48;2;190;112;0m▀[0m[38;2;0;0;0m[48;2;235;134;0m▀[0m[38;2;173;215;255m[48;2;198;127;0m▀[0m[38;2;208;252;255m[48;2;140;184;230m▀[0m[38;2;118;152;170m[48;2;197;240;255m▀[0m[38;2;119;153;167m[48;2;163;193;207m▀[0m[38;2;187;215;222m[48;2;149;181;190m▀[0m[38;2;255;255;255m[48;2;203;224;231m▀[0m[38;2;255;255;255m[48;2;255;255;255m▀[0m[38;2;255;255;255m[48;2;255;255;255m▀[0m[38;2;255;255;255m[48;2;255;255;255m▀[0m[38;2;255;255;255m[48;2;255;255;255m▀[0m[38;2;255;255;255m[48;2;225;249;253m▀[0m[38;2;84;121;137m[48;2;101;134;150m▀[0m[38;2;55;86;99m[48;2;67;96;105m▀[0m[38;2;205;227;231m[48;2;190;220;224m▀[0m[38;2;255;255;255m[48;2;255;255;255m▀[0m[38;2;255;255;255m[48;2;255;255;255m▀[0m[38;2;255;255;255m[48;2;255;255;255m▀[0m[38;2;255;255;255m[48;2;240;249;249m▀[0m[38;2;255;226;221m[48;2;255;255;255m▀[0m[38;2;255;244;242m[48;2;255;255;255m▀[0m[38;2;255;172;175m[48;2;255;255;255m▀[0m[38;2;255;255;255m[48;2;255;255;255m▀[0m[38;2;255;255;255m[48;2;255;255;255m▀[0m[38;2;255;255;255m[48;2;255;255;255m▀[0m[38;2;255;255;255m[48;2;255;255;255m▀[0m[38;2;255;255;255m[48;2;255;255;255m▀[0m[38;2;173;183;183m[48;2;198;210;216m▀[0m[38;2;191;60;69m[48;2;131;94;110m▀[0m[38;2;155;19;3m[48;2;169;148;126m▀[0m[38;2;255;255;255m[48;2;255;255;255m▀[0m[38;2;255;255;255m[48;2;200;203;182m▀[0m[38;2;251;255;255m[48;2;255;255;255m▀[0m[38;2;255;255;255m[48;2;255;255;255m▀[0m[38;2;255;248;245m[48;2;255;234;236m▀[0m[38;2;255;158;145m[48;2;255;222;226m▀[0m[38;2;255;255;255m[48;2;255;255;255m▀[0m[38;2;255;255;255m[48;2;255;255;255m▀[0m[38;2;255;255;255m[48;2;255;255;255m▀[0m[38;2;255;255;255m[48;2;255;255;255m▀[0m
[38;2;13;0;0m[48;2;255;217;0m▀[0m[38;2;185;204;245m[48;2;244;203;83m▀[0m[38;2;200;226;255m[48;2;65;108;210m▀[0m[38;2;93;93;95m[48;2;153;177;227m▀[0m[38;2;0;0;0m[48;2;255;248;73m▀[0m[38;2;255;191;0m[48;2;255;213;0m▀[0m[38;2;66;46;0m[48;2;153;118;0m▀[0m[38;2;132;189;249m[48;2;73;125;196m▀[0m[38;2;191;224;237m[48;2;170;199;214m▀[0m[38;2;172;201;210m[48;2;177;208;221m▀[0m[38;2;150;183;192m[48;2;151;188;196m▀[0m[38;2;162;191;198m[48;2;134;170;182m▀[0m[38;2;218;233;237m[48;2;148;178;186m▀[0m[38;2;226;241;249m[48;2;147;183;189m▀[0m[38;2;255;255;255m[48;2;160;188;199m▀[0m[38;2;223;240;248m[48;2;174;203;210m▀[0m[38;2;146;182;189m[48;2;173;205;214m▀[0m[38;2;81;115;119m[48;2;104;133;139m▀[0m[38;2;173;203;210m[48;2;157;193;204m▀[0m[38;2;255;255;255m[48;2;255;255;255m▀[0m[38;2;255;255;255m[48;2;255;211;207m▀[0m[38;2;252;255;255m[48;2;255;255;255m▀[0m[38;2;255;255;255m[48;2;255;255;255m▀[0m[38;2;255;255;255m[48;2;255;255;255m▀[0m[38;2;255;255;255m[48;2;255;255;255m▀[0m[38;2;255;255;255m[48;2;255;255;255m▀[0m[38;2;255;255;255m[48;2;255;255;255m▀[0m[38;2;255;255;255m[48;2;255;255;255m▀[0m[38;2;255;255;255m[48;2;255;255;255m▀[0m[38;2;255;255;255m[48;2;255;255;255m▀[0m[38;2;255;255;255m[48;2;255;255;255m▀[0m[38;2;0;9;18m[48;2;0;0;0m▀[0m[38;2;0;0;7m[48;2;0;0;0m▀[0m[38;2;251;255;255m[48;2;255;255;255m▀[0m[38;2;255;255;255m[48;2;255;255;255m▀[0m[38;2;189;199;193m[48;2;240;249;244m▀[0m[38;2;255;255;255m[48;2;255;255;255m▀[0m[38;2;255;255;255m[48;2;255;255;255m▀[0m[38;2;255;246;246m[48;2;255;249;243m▀[0m[38;2;255;244;239m[48;2;255;255;255m▀[0m[38;2;255;255;255m[48;2;255;255;255m▀[0m[38;2;255;255;255m[48;2;255;255;255m▀[0m[38;2;255;255;255m[48;2;255;255;255m▀[0m[38;2;254;255;255m[48;2;196;215;225m▀[0m
[38;2;255;224;0m[48;2;255;255;174m▀[0m[38;2;255;188;0m[48;2;255;178;0m▀[0m[38;2;242;255;255m[48;2;255;240;191m▀[0m[38;2;255;255;255m[48;2;255;255;242m▀[0m[38;2;255;255;255m[48;2;255;255;255m▀[0m[38;2;255;255;167m[48;2;255;223;125m▀[0m[38;2;255;255;220m[48;2;255;251;248m▀[0m[38;2;117;139;191m[48;2;255;255;255m▀[0m[38;2;21;38;45m[48;2;165;178;181m▀[0m[38;2;182;216;230m[48;2;153;183;191m▀[0m[38;2;243;253;255m[48;2;255;255;255m▀[0m[38;2;230;242;251m[48;2;255;255;255m▀[0m[38;2;131;166;173m[48;2;255;255;255m▀[0m[38;2;161;192;202m[48;2;117;145;157m▀[0m[38;2;168;200;207m[48;2;178;211;218m▀[0m[38;2;174;204;213m[48;2;195;222;232m▀[0m[38;2;179;203;208m[48;2;178;206;214m▀[0m[38;2;118;140;146m[48;2;126;145;150m▀[0m[38;2;152;196;205m[48;2;156;197;206m▀[0m[38;2;255;255;255m[48;2;225;238;242m▀[0m[38;2;255;255;255m[48;2;255;255;255m▀[0m[38;2;255;255;255m[48;2;255;255;255m▀[0m[38;2;255;255;255m[48;2;255;255;255m▀[0m[38;2;255;255;255m[48;2;255;255;255m▀[0m[38;2;255;251;250m[48;2;255;161;142m▀[0m[38;2;255;255;255m[48;2;255;255;255m▀[0m[38;2;255;255;255m[48;2;255;255;255m▀[0m[38;2;255;255;255m[48;2;255;255;255m▀[0m[38;2;255;255;255m[48;2;255;255;255m▀[0m[38;2;255;255;255m[48;2;255;255;246m▀[0m[38;2;160;151;150m[48;2;0;0;0m▀[0m[38;2;0;0;0m[48;2;0;0;0m▀[0m[38;2;118;124;120m[48;2;87;82;77m▀[0m[38;2;255;255;255m[48;2;255;252;223m▀[0m[38;2;222;221;206m[48;2;239;245;237m▀[0m[38;2;225;228;220m[48;2;218;218;210m▀[0m[38;2;255;255;255m[48;2;255;255;255m▀[0m[38;2;255;255;255m[48;2;255;255;255m▀[0m[38;2;255;245;238m[48;2;255;171;160m▀[0m[38;2;255;255;255m[48;2;255;255;255m▀[0m[38;2;255;255;255m[48;2;255;255;255m▀[0m[38;2;255;255;255m[48;2;255;255;255m▀[0m[38;2;255;255;255m[48;2;238;255;255m▀[0m[38;2;118;154;164m[48;2;63;97;102m▀[0m
[38;2;255;173;0m[48;2;255;160;0m▀[0m[38;2;255;213;41m[48;2;255;255;255m▀[0m[38;2;255;255;255m[48;2;51;60;119m▀[0m[38;2;215;184;201m[48;2;197;54;81m▀[0m[38;2;193;189;146m[48;2;180;188;248m▀[0m[38;2;171;199;217m[48;2;201;252;255m▀[0m[38;2;172;234;255m[48;2;14;29;32m▀[0m[38;2;171;211;232m[48;2;0;0;0m▀[0m[38;2;174;211;222m[48;2;130;161;180m▀[0m[38;2;150;185;190m[48;2;137;174;180m▀[0m[38;2;255;255;255m[48;2;241;255;255m▀[0m[38;2;255;255;255m[48;2;255;255;255m▀[0m[38;2;255;255;255m[48;2;255;255;255m▀[0m[38;2;241;246;251m[48;2;255;255;255m▀[0m[38;2;111;146;148m[48;2;179;207;215m▀[0m[38;2;179;205;215m[48;2;95;118;127m▀[0m[38;2;178;204;214m[48;2;0;0;0m▀[0m[38;2;127;149;153m[48;2;129;145;151m▀[0m[38;2;174;211;218m[48;2;191;224;233m▀[0m[38;2;178;199;208m[48;2;149;178;191m▀[0m[38;2;255;255;255m[48;2;255;255;255m▀[0m[38;2;255;255;255m[48;2;255;255;255m▀[0m[38;2;255;255;255m[48;2;255;255;255m▀[0m[38;2;255;255;255m[48;2;255;255;255m▀[0m[38;2;255;154;139m[48;2;255;255;255m▀[0m[38;2;255;255;255m[48;2;255;255;255m▀[0m[38;2;255;255;255m[48;2;255;255;255m▀[0m[38;2;255;255;255m[48;2;255;255;255m▀[0m[38;2;255;255;255m[48;2;255;149;131m▀[0m[38;2;255;42;19m[48;2;134;38;26m▀[0m[38;2;45;105;109m[48;2;0;15;16m▀[0m[38;2;0;0;0m[48;2;0;0;0m▀[0m[38;2;61;74;78m[48;2;127;147;160m▀[0m[38;2;239;244;238m[48;2;225;243;236m▀[0m[38;2;255;255;255m[48;2;255;255;255m▀[0m[38;2;231;231;226m[48;2;241;235;222m▀[0m[38;2;255;255;255m[48;2;255;255;255m▀[0m[38;2;255;255;255m[48;2;255;255;255m▀[0m[38;2;255;238;232m[48;2;255;255;255m▀[0m[38;2;255;255;255m[48;2;255;255;255m▀[0m[38;2;255;255;255m[48;2;255;255;255m▀[0m[38;2;255;255;255m[48;2;181;210;222m▀[0m[38;2;190;230;245m[48;2;207;241;255m▀[0m[38;2;25;39;45m[48;2;0;0;0m▀[0m
[38;2;237;197;105m[48;2;255;255;225m▀[0m[38;2;255;255;255m[48;2;255;255;255m▀[0m[38;2;172;211;233m[48;2;190;226;255m▀[0m[38;2;25;0;3m[48;2;167;218;243m▀[0m[38;2;198;198;220m[48;2;202;255;255m▀[0m[38;2;222;255;255m[48;2;186;156;167m▀[0m[38;2;168;179;177m[48;2;255;218;235m▀[0m[38;2;155;178;187m[48;2;230;255;255m▀[0m[38;2;162;193;211m[48;2;0;0;0m▀[0m[38;2;0;0;0m[48;2;0;0;0m▀[0m[38;2;221;255;255m[48;2;75;94;83m▀[0m[38;2;249;255;255m[48;2;190;235;255m▀[0m[38;2;255;255;255m[48;2;242;255;255m▀[0m[38;2;231;248;255m[48;2;255;255;255m▀[0m[38;2;223;254;255m[48;2;187;214;224m▀[0m[38;2;145;164;178m[48;2;143;164;169m▀[0m[38;2;129;148;149m[48;2;205;235;241m▀[0m[38;2;160;182;186m[48;2;153;168;180m▀[0m[38;2;195;224;231m[48;2;196;227;239m▀[0m[38;2;154;183;193m[48;2;170;200;209m▀[0m[38;2;183;200;210m[48;2;146;178;191m▀[0m[38;2;255;255;255m[48;2;216;231;237m▀[0m[38;2;255;255;255m[48;2;255;255;255m▀[0m[38;2;255;255;255m[48;2;255;255;255m▀[0m[38;2;255;255;255m[48;2;255;255;255m▀[0m[38;2;255;255;255m[48;2;255;255;255m▀[0m[38;2;255;255;255m[48;2;234;254;255m▀[0m[38;2;255;255;255m[48;2;205;214;227m▀[0m[38;2;224;177;177m[48;2;71;84;83m▀[0m[38;2;206;237;237m[48;2;74;78;82m▀[0m[38;2;0;0;0m[48;2;0;0;0m▀[0m[38;2;0;0;0m[48;2;0;0;0m▀[0m[38;2;148;181;199m[48;2;135;167;181m▀[0m[38;2;251;255;255m[48;2;255;255;255m▀[0m[38;2;244;248;246m[48;2;183;198;201m▀[0m[38;2;235;231;211m[48;2;161;177;171m▀[0m[38;2;255;255;255m[48;2;255;255;255m▀[0m[38;2;255;255;255m[48;2;255;255;255m▀[0m[38;2;255;255;255m[48;2;255;255;255m▀[0m[38;2;255;255;255m[48;2;161;189;206m▀[0m[38;2;173;202;209m[48;2;157;191;207m▀[0m[38;2;199;237;246m[48;2;255;255;255m▀[0m[38;2;179;205;216m[48;2;90;102;116m▀[0m[38;2;0;0;0m[48;2;0;0;0m▀[0m
[38;2;197;172;76m[48;2;202;131;0m▀[0m[38;2;182;255;255m[48;2;107;144;185m▀[0m[38;2;188;209;248m[48;2;124;164;225m▀[0m[38;2;230;255;255m[48;2;147;191;224m▀[0m[38;2;202;255;255m[48;2;80;115;142m▀[0m[38;2;107;124;130m[48;2;0;0;1m▀[0m[38;2;42;4;16m[48;2;9;0;0m▀[0m[38;2;0;20;27m[48;2;0;14;36m▀[0m[38;2;0;0;0m[48;2;0;0;0m▀[0m[38;2;58;23;0m[48;2;102;60;0m▀[0m[38;2;0;0;0m[48;2;0;0;0m▀[0m[38;2;81;115;142m[48;2;0;16;33m▀[0m[38;2;101;129;139m[48;2;0;0;0m▀[0m[38;2;101;122;131m[48;2;0;0;0m▀[0m[38;2;0;0;0m[48;2;0;0;0m▀[0m[38;2;16;25;26m[48;2;0;0;0m▀[0m[38;2;227;255;255m[48;2;19;27;28m▀[0m[38;2;172;196;201m[48;2;200;232;238m▀[0m[38;2;205;234;240m[48;2;207;239;248m▀[0m[38;2;179;206;213m[48;2;184;210;219m▀[0m[38;2;166;195;202m[48;2;175;203;209m▀[0m[38;2;149;178;186m[48;2;172;197;206m▀[0m[38;2;204;221;228m[48;2;154;188;193m▀[0m[38;2;255;255;255m[48;2;160;187;196m▀[0m[38;2;242;255;255m[48;2;161;192;199m▀[0m[38;2;197;219;233m[48;2;197;237;250m▀[0m[38;2;152;192;210m[48;2;140;178;182m▀[0m[38;2;255;255;255m[48;2;89;86;80m▀[0m[38;2;13;16;12m[48;2;0;0;0m▀[0m[38;2;2;1;2m[48;2;13;12;12m▀[0m[38;2;0;0;0m[48;2;19;23;19m▀[0m[38;2;0;0;0m[48;2;0;0;0m▀[0m[38;2;114;149;166m[48;2;135;158;174m▀[0m[38;2;255;255;255m[48;2;255;255;255m▀[0m[38;2;230;242;245m[48;2;255;255;255m▀[0m[38;2;129;150;152m[48;2;167;168;163m▀[0m[38;2;226;234;235m[48;2;180;196;200m▀[0m[38;2;214;239;250m[48;2;153;193;206m▀[0m[38;2;148;179;193m[48;2;171;203;210m▀[0m[38;2;167;196;215m[48;2;191;233;242m▀[0m[38;2;204;242;252m[48;2;233;246;255m▀[0m[38;2;253;255;255m[48;2;166;156;172m▀[0m[38;2;0;0;0m[48;2;0;0;0m▀[0m[38;2;0;0;0m[48;2;0;0;0m▀[0m
[38;2;255;167;0m[48;2;255;197;0m▀[0m[38;2;255;162;0m[48;2;255;216;0m▀[0m[38;2;0;0;0m[48;2;210;146;0m▀[0m[38;2;0;0;0m[48;2;0;0;0m▀[0m[38;2;0;0;0m[48;2;14;12;0m▀[0m[38;2;0;0;0m[48;2;3;0;0m▀[0m[38;2;156;110;0m[48;2;185;133;0m▀[0m[38;2;0;0;10m[48;2;0;0;0m▀[0m[38;2;0;0;0m[48;2;0;0;0m▀[0m[38;2;198;133;0m[48;2;255;192;0m▀[0m[38;2;29;16;0m[48;2;54;30;0m▀[0m[38;2;0;0;0m[48;2;0;0;0m▀[0m[38;2;0;0;0m[48;2;0;0;0m▀[0m[38;2;7;7;8m[48;2;0;0;0m▀[0m[38;2;0;0;0m[48;2;0;0;0m▀[0m[38;2;0;0;0m[48;2;0;0;0m▀[0m[38;2;0;0;0m[48;2;0;0;0m▀[0m[38;2;216;245;250m[48;2;235;255;255m▀[0m[38;2;211;241;253m[48;2;211;239;245m▀[0m[38;2;185;213;221m[48;2;186;214;220m▀[0m[38;2;182;206;215m[48;2;182;206;215m▀[0m[38;2;177;202;214m[48;2;182;206;214m▀[0m[38;2;178;206;215m[48;2;181;210;213m▀[0m[38;2;182;210;219m[48;2;189;214;222m▀[0m[38;2;200;228;238m[48;2;232;255;255m▀[0m[38;2;205;239;255m[48;2;155;184;193m▀[0m[38;2;111;114;116m[48;2;0;0;0m▀[0m[38;2;19;13;12m[48;2;78;75;77m▀[0m[38;2;0;0;0m[48;2;167;167;167m▀[0m[38;2;89;87;87m[48;2;113;116;116m▀[0m[38;2;29;29;27m[48;2;0;0;0m▀[0m[38;2;0;0;0m[48;2;0;0;0m▀[0m[38;2;168;149;157m[48;2;189;124;132m▀[0m[38;2;255;255;255m[48;2;255;255;255m▀[0m[38;2;196;218;218m[48;2;164;196;202m▀[0m[38;2;142;135;121m[48;2;148;184;191m▀[0m[38;2;179;193;200m[48;2;172;200;207m▀[0m[38;2;181;217;226m[48;2;196;233;243m▀[0m[38;2;196;249;255m[48;2;169;145;151m▀[0m[38;2;191;200;208m[48;2;189;138;142m▀[0m[38;2;239;201;210m[48;2;218;255;255m▀[0m[38;2;45;63;67m[48;2;0;0;0m▀[0m[38;2;0;0;0m[48;2;0;0;0m▀[0m[38;2;0;0;0m[48;2;0;0;0m▀[0m
[38;2;255;189;0m[48;2;255;230;0m▀[0m[38;2;114;82;0m[48;2;31;26;3m▀[0m[38;2;255;188;0m[48;2;255;200;0m▀[0m[38;2;8;6;0m[48;2;0;0;0m▀[0m[38;2;192;136;0m[48;2;250;183;0m▀[0m[38;2;31;18;3m[48;2;51;39;0m▀[0m[38;2;207;149;0m[48;2;210;145;0m▀[0m[38;2;0;0;0m[48;2;0;0;6m▀[0m[38;2;0;0;5m[48;2;0;0;6m▀[0m[38;2;255;255;0m[48;2;255;255;0m▀[0m[38;2;69;55;0m[48;2;109;81;0m▀[0m[38;2;0;0;0m[48;2;0;0;0m▀[0m[38;2;0;0;2m[48;2;0;0;1m▀[0m[38;2;8;8;13m[48;2;0;1;6m▀[0m[38;2;0;0;0m[48;2;0;0;0m▀[0m[38;2;0;0;0m[48;2;0;0;0m▀[0m[38;2;0;0;0m[48;2;0;1;1m▀[0m[38;2;246;255;255m[48;2;253;255;255m▀[0m[38;2;205;232;241m[48;2;199;228;238m▀[0m[38;2;187;211;220m[48;2;184;210;219m▀[0m[38;2;179;205;214m[48;2;179;205;213m▀[0m[38;2;182;205;214m[48;2;179;205;213m▀[0m[38;2;187;210;219m[48;2;183;210;218m▀[0m[38;2;193;222;231m[48;2;211;238;245m▀[0m[38;2;248;255;255m[48;2;209;241;254m▀[0m[38;2;29;37;42m[48;2;0;0;0m▀[0m[38;2;0;0;0m[48;2;0;0;0m▀[0m[38;2;0;0;0m[48;2;0;0;0m▀[0m[38;2;19;18;18m[48;2;0;0;0m▀[0m[38;2;31;36;37m[48;2;26;29;29m▀[0m[38;2;0;0;0m[48;2;0;0;0m▀[0m[38;2;0;0;0m[48;2;0;0;0m▀[0m[38;2;197;218;224m[48;2;204;235;235m▀[0m[38;2;255;255;255m[48;2;255;255;255m▀[0m[38;2;172;196;207m[48;2;160;197;203m▀[0m[38;2;192;227;237m[48;2;181;208;218m▀[0m[38;2;175;201;216m[48;2;175;199;204m▀[0m[38;2;162;172;182m[48;2;189;218;227m▀[0m[38;2;124;95;95m[48;2;205;249;255m▀[0m[38;2;248;255;255m[48;2;238;255;255m▀[0m[38;2;92;111;116m[48;2;0;0;0m▀[0m[38;2;0;0;0m[48;2;0;0;0m▀[0m[38;2;0;0;0m[48;2;0;0;0m▀[0m[38;2;0;0;0m[48;2;0;0;0m▀[0m
