[38;2;101;146;170m[48;2;39;58;73m▀[0m[38;2;30;43;43m[48;2;0;0;0m▀[0m[38;2;255;255;255m[48;2;252;255;255m▀[0m[38;2;255;255;255m[48;2;255;255;255m▀[0m[38;2;255;255;255m[48;2;255;255;255m▀[0m[38;2;187;184;184m[48;2;255;255;255m▀[0m[38;2;0;0;0m[48;2;73;70;68m▀[0m[38;2;240;255;255m[48;2;29;57;62m▀[0m[38;2;255;255;255m[48;2;255;255;255m▀[0m[38;2;255;255;255m[48;2;255;255;255m▀[0m[38;2;229;229;230m[48;2;255;255;255m▀[0m[38;2;0;0;0m[48;2;0;0;0m▀[0m[38;2;0;0;0m[48;2;0;0;0m▀[0m[38;2;0;0;0m[48;2;0;0;0m▀[0m[38;2;0;0;0m[48;2;0;0;0m▀[0m[38;2;0;0;0m[48;2;0;0;0m▀[0m[38;2;0;0;0m[48;2;0;0;0m▀[0m[38;2;0;0;0m[48;2;0;0;0m▀[0m[38;2;0;0;0m[48;2;0;0;0m▀[0m[38;2;128;134;136m[48;2;32;35;35m▀[0m[38;2;122;130;131m[48;2;181;191;190m▀[0m[38;2;0;0;0m[48;2;0;0;0m▀[0m[38;2;0;0;0m[48;2;0;0;0m▀[0m[38;2;207;128;128m[48;2;18;30;30m▀[0m[38;2;185;31;32m[48;2;255;48;51m▀[0m[38;2;0;0;0m[48;2;0;21;23m▀[0m[38;2;0;0;0m[48;2;0;0;0m▀[0m[38;2;0;0;0m[48;2;0;0;0m▀[0m[38;2;0;0;0m[48;2;0;0;0m▀[0m[38;2;0;2;2m[48;2;0;0;0m▀[0m[38;2;142;106;106m[48;2;0;20;20m▀[0m[38;2;157;0;0m[48;2;181;6;6m▀[0m[38;2;0;0;0m[48;2;0;0;0m▀[0m[38;2;0;0;0m[48;2;0;0;0m▀[0m[38;2;0;0;0m[48;2;9;31;32m▀[0m[38;2;252;179;178m[48;2;255;255;255m▀[0m[38;2;255;255;255m[48;2;255;255;255m▀[0m[38;2;255;255;255m[48;2;255;255;255m▀[0m[38;2;187;234;240m[48;2;204;224;231m▀[0m[38;2;0;7;14m[48;2;53;53;50m▀[0m[38;2;255;255;255m[48;2;246;255;255m▀[0m[38;2;255;255;255m[48;2;255;255;255m▀[0m[38;2;255;255;255m[48;2;255;255;255m▀[0m[38;2;0;0;0m[48;2;0;0;0m▀[0m
[38;2;0;0;0m[48;2;0;0;0m▀[0m[38;2;0;0;0m[48;2;0;0;0m▀[0m[38;2;255;255;255m[48;2;255;255;255m▀[0m[38;2;255;255;255m[48;2;255;255;255m▀[0m[38;2;255;255;255m[48;2;255;255;255m▀[0m[38;2;255;255;255m[48;2;190;202;207m▀[0m[38;2;102;115;118m[48;2;0;0;0m▀[0m[38;2;0;0;0m[48;2;0;0;0m▀[0m[38;2;255;255;255m[48;2;106;142;142m▀[0m[38;2;255;255;255m[48;2;255;255;255m▀[0m[38;2;255;255;255m[48;2;255;255;255m▀[0m[38;2;255;255;255m[48;2;255;255;255m▀[0m[38;2;255;255;255m[48;2;255;255;255m▀[0m[38;2;124;126;124m[48;2;255;255;255m▀[0m[38;2;0;0;0m[48;2;255;255;255m▀[0m[38;2;0;0;0m[48;2;254;255;255m▀[0m[38;2;0;0;0m[48;2;20;20;18m▀[0m[38;2;0;0;0m[48;2;0;0;0m▀[0m[38;2;0;0;0m[48;2;0;0;0m▀[0m[38;2;0;0;0m[48;2;0;0;0m▀[0m[38;2;153;153;153m[48;2;140;140;140m▀[0m[38;2;0;0;0m[48;2;6;9;9m▀[0m[38;2;0;0;0m[48;2;0;0;0m▀[0m[38;2;0;0;0m[48;2;0;0;0m▀[0m[38;2;204;0;0m[48;2;154;0;0m▀[0m[38;2;32;29;37m[48;2;0;0;0m▀[0m[38;2;0;8;12m[48;2;0;0;0m▀[0m[38;2;0;0;0m[48;2;23;51;56m▀[0m[38;2;0;0;0m[48;2;148;161;164m▀[0m[38;2;0;0;0m[48;2;242;251;255m▀[0m[38;2;0;0;0m[48;2;222;255;255m▀[0m[38;2;0;0;0m[48;2;143;207;207m▀[0m[38;2;0;0;0m[48;2;0;0;0m▀[0m[38;2;0;0;0m[48;2;0;64;67m▀[0m[38;2;255;255;255m[48;2;255;255;255m▀[0m[38;2;255;255;255m[48;2;255;255;255m▀[0m[38;2;255;255;255m[48;2;255;255;255m▀[0m[38;2;255;255;255m[48;2;255;255;255m▀[0m[38;2;255;255;255m[48;2;203;206;209m▀[0m[38;2;0;0;0m[48;2;0;0;0m▀[0m[38;2;112;193;209m[48;2;0;8;14m▀[0m[38;2;252;255;255m[48;2;42;84;91m▀[0m[38;2;154;208;224m[48;2;95;136;147m▀[0m[38;2;0;0;0m[48;2;0;0;0m▀[0m
[38;2;0;0;0m[48;2;0;0;0m▀[0m[38;2;0;0;0m[48;2;0;0;0m▀[0m[38;2;230;255;255m[48;2;192;226;234m▀[0m[38;2;255;255;255m[48;2;255;255;255m▀[0m[38;2;255;255;255m[48;2;255;255;255m▀[0m[38;2;255;255;255m[48;2;255;255;255m▀[0m[38;2;0;0;0m[48;2;0;0;0m▀[0m[38;2;0;0;0m[48;2;0;0;0m▀[0m[38;2;0;6;10m[48;2;0;0;0m▀[0m[38;2;255;255;255m[48;2;255;255;255m▀[0m[38;2;255;255;255m[48;2;255;255;255m▀[0m[38;2;255;255;255m[48;2;255;255;255m▀[0m[38;2;114;120;117m[48;2;0;0;0m▀[0m[38;2;255;255;255m[48;2;0;0;0m▀[0m[38;2;255;255;255m[48;2;6;32;41m▀[0m[38;2;255;255;255m[48;2;231;255;255m▀[0m[38;2;164;163;161m[48;2;84;86;84m▀[0m[38;2;0;0;0m[48;2;0;0;0m▀[0m[38;2;0;0;0m[48;2;0;0;0m▀[0m[38;2;0;0;0m[48;2;0;0;0m▀[0m[38;2;179;179;179m[48;2;59;62;62m▀[0m[38;2;125;131;131m[48;2;223;231;231m▀[0m[38;2;0;0;0m[48;2;0;0;0m▀[0m[38;2;0;0;0m[48;2;4;18;15m▀[0m[38;2;0;0;0m[48;2;255;255;255m▀[0m[38;2;228;112;113m[48;2;255;255;255m▀[0m[38;2;255;255;255m[48;2;255;255;255m▀[0m[38;2;255;255;255m[48;2;255;255;255m▀[0m[38;2;255;255;255m[48;2;255;255;255m▀[0m[38;2;255;255;255m[48;2;255;255;255m▀[0m[38;2;255;255;255m[48;2;255;0;0m▀[0m[38;2;255;255;252m[48;2;255;0;0m▀[0m[38;2;255;74;69m[48;2;255;0;0m▀[0m[38;2;200;220;220m[48;2;97;40;46m▀[0m[38;2;255;255;255m[48;2;255;98;98m▀[0m[38;2;255;255;255m[48;2;255;190;187m▀[0m[38;2;255;255;255m[48;2;255;255;255m▀[0m[38;2;255;255;255m[48;2;204;39;62m▀[0m[38;2;1;0;2m[48;2;0;32;29m▀[0m[38;2;0;0;0m[48;2;0;0;0m▀[0m[38;2;146;176;180m[48;2;0;0;0m▀[0m[38;2;46;96;100m[48;2;0;0;0m▀[0m[38;2;21;50;53m[48;2;32;54;59m▀[0m[38;2;0;0;0m[48;2;12;15;17m▀[0m
[38;2;0;0;0m[48;2;0;0;0m▀[0m[38;2;0;0;0m[48;2;0;0;0m▀[0m[38;2;131;163;165m[48;2;39;63;70m▀[0m[38;2;255;255;255m[48;2;255;255;255m▀[0m[38;2;255;255;255m[48;2;255;255;255m▀[0m[38;2;255;255;255m[48;2;255;255;255m▀[0m[38;2;131;73;71m[48;2;255;255;255m▀[0m[38;2;0;0;0m[48;2;0;0;0m▀[0m[38;2;0;0;0m[48;2;0;0;0m▀[0m[38;2;255;255;255m[48;2;254;255;255m▀[0m[38;2;255;255;255m[48;2;255;255;255m▀[0m[38;2;255;255;255m[48;2;255;255;255m▀[0m[38;2;255;255;255m[48;2;255;255;255m▀[0m[38;2;0;0;0m[48;2;1;0;0m▀[0m[38;2;0;0;0m[48;2;0;0;0m▀[0m[38;2;0;0;0m[48;2;0;0;0m▀[0m[38;2;0;0;0m[48;2;0;0;0m▀[0m[38;2;0;0;0m[48;2;0;0;0m▀[0m[38;2;0;0;0m[48;2;0;0;0m▀[0m[38;2;0;0;0m[48;2;0;0;0m▀[0m[38;2;0;0;0m[48;2;0;0;0m▀[0m[38;2;40;45;47m[48;2;255;255;255m▀[0m[38;2;196;208;206m[48;2;255;255;255m▀[0m[38;2;255;255;255m[48;2;255;255;255m▀[0m[38;2;255;255;255m[48;2;255;255;255m▀[0m[38;2;255;255;255m[48;2;255;252;242m▀[0m[38;2;255;255;255m[48;2;255;255;255m▀[0m[38;2;255;255;255m[48;2;255;255;255m▀[0m[38;2;255;255;255m[48;2;255;255;255m▀[0m[38;2;255;245;240m[48;2;255;255;255m▀[0m[38;2;255;198;197m[48;2;255;255;255m▀[0m[38;2;255;255;255m[48;2;255;255;255m▀[0m[38;2;255;119;104m[48;2;255;255;255m▀[0m[38;2;150;71;80m[48;2;255;255;255m▀[0m[38;2;255;0;0m[48;2;224;61;64m▀[0m[38;2;255;208;222m[48;2;115;0;0m▀[0m[38;2;154;0;0m[48;2;97;6;13m▀[0m[38;2;181;7;9m[48;2;255;186;189m▀[0m[38;2;255;255;255m[48;2;255;255;255m▀[0m[38;2;87;108;102m[48;2;255;255;255m▀[0m[38;2;0;0;0m[48;2;80;123;124m▀[0m[38;2;0;0;0m[48;2;0;0;0m▀[0m[38;2;0;0;0m[48;2;0;0;0m▀[0m[38;2;0;0;0m[48;2;0;0;0m▀[0m
[38;2;0;0;0m[48;2;0;0;0m▀[0m[38;2;0;0;0m[48;2;0;0;0m▀[0m[38;2;0;0;0m[48;2;0;0;0m▀[0m[38;2;255;255;255m[48;2;255;255;255m▀[0m[38;2;255;255;255m[48;2;255;255;255m▀[0m[38;2;255;255;255m[48;2;255;255;255m▀[0m[38;2;255;255;255m[48;2;255;255;255m▀[0m[38;2;0;0;0m[48;2;0;0;0m▀[0m[38;2;0;0;0m[48;2;0;0;0m▀[0m[38;2;63;90;89m[48;2;0;0;0m▀[0m[38;2;255;255;255m[48;2;255;255;255m▀[0m[38;2;255;255;255m[48;2;255;255;255m▀[0m[38;2;255;255;255m[48;2;255;255;255m▀[0m[38;2;242;231;231m[48;2;255;255;255m▀[0m[38;2;0;0;0m[48;2;0;0;0m▀[0m[38;2;0;0;0m[48;2;0;0;0m▀[0m[38;2;0;0;0m[48;2;0;0;0m▀[0m[38;2;0;0;0m[48;2;0;0;0m▀[0m[38;2;0;0;0m[48;2;0;0;0m▀[0m[38;2;0;0;0m[48;2;126;137;135m▀[0m[38;2;255;255;255m[48;2;255;255;255m▀[0m[38;2;255;255;255m[48;2;255;255;255m▀[0m[38;2;255;255;255m[48;2;255;255;255m▀[0m[38;2;255;255;255m[48;2;255;255;255m▀[0m[38;2;255;255;255m[48;2;255;255;255m▀[0m[38;2;255;255;255m[48;2;255;255;255m▀[0m[38;2;255;255;255m[48;2;255;255;255m▀[0m[38;2;255;236;223m[48;2;255;178;163m▀[0m[38;2;255;178;162m[48;2;255;255;255m▀[0m[38;2;255;255;255m[48;2;255;255;255m▀[0m[38;2;255;255;255m[48;2;255;255;255m▀[0m[38;2;255;255;255m[48;2;255;255;255m▀[0m[38;2;255;255;255m[48;2;255;255;255m▀[0m[38;2;255;255;255m[48;2;241;213;206m▀[0m[38;2;255;255;255m[48;2;255;92;76m▀[0m[38;2;255;255;255m[48;2;255;0;0m▀[0m[38;2;255;255;255m[48;2;255;0;0m▀[0m[38;2;239;255;255m[48;2;255;255;255m▀[0m[38;2;255;255;255m[48;2;255;255;255m▀[0m[38;2;255;255;255m[48;2;255;255;255m▀[0m[38;2;255;209;193m[48;2;255;255;255m▀[0m[38;2;8;9;6m[48;2;255;255;255m▀[0m[38;2;0;0;0m[48;2;0;0;0m▀[0m[38;2;0;0;0m[48;2;0;0;0m▀[0m
[38;2;0;0;0m[48;2;0;0;0m▀[0m[38;2;0;0;0m[48;2;0;0;0m▀[0m[38;2;0;0;0m[48;2;0;0;0m▀[0m[38;2;181;220;236m[48;2;132;173;179m▀[0m[38;2;255;255;255m[48;2;255;255;255m▀[0m[38;2;255;255;255m[48;2;255;255;255m▀[0m[38;2;255;255;255m[48;2;255;255;255m▀[0m[38;2;17;20;20m[48;2;255;255;255m▀[0m[38;2;0;0;0m[48;2;255;255;255m▀[0m[38;2;0;0;0m[48;2;186;178;176m▀[0m[38;2;79;126;139m[48;2;71;84;92m▀[0m[38;2;255;255;255m[48;2;51;104;123m▀[0m[38;2;255;255;255m[48;2;148;204;206m▀[0m[38;2;255;255;255m[48;2;255;255;255m▀[0m[38;2;90;93;93m[48;2;255;255;255m▀[0m[38;2;0;0;0m[48;2;0;0;0m▀[0m[38;2;0;0;0m[48;2;0;0;0m▀[0m[38;2;0;0;0m[48;2;0;0;0m▀[0m[38;2;0;0;0m[48;2;89;95;90m▀[0m[38;2;255;255;255m[48;2;255;255;255m▀[0m[38;2;255;255;255m[48;2;255;255;255m▀[0m[38;2;255;255;255m[48;2;255;255;255m▀[0m[38;2;255;255;255m[48;2;255;255;255m▀[0m[38;2;255;255;255m[48;2;255;255;255m▀[0m[38;2;255;255;255m[48;2;255;255;255m▀[0m[38;2;255;255;255m[48;2;255;255;255m▀[0m[38;2;255;255;255m[48;2;255;255;255m▀[0m[38;2;255;218;208m[48;2;255;255;255m▀[0m[38;2;255;255;255m[48;2;255;255;255m▀[0m[38;2;255;255;255m[48;2;255;255;255m▀[0m[38;2;255;255;255m[48;2;255;255;255m▀[0m[38;2;255;255;255m[48;2;187;235;255m▀[0m[38;2;224;255;255m[48;2;115;168;183m▀[0m[38;2;222;173;162m[48;2;255;255;255m▀[0m[38;2;255;255;255m[48;2;68;1;0m▀[0m[38;2;255;183;173m[48;2;229;231;229m▀[0m[38;2;255;242;237m[48;2;255;255;255m▀[0m[38;2;248;0;0m[48;2;255;147;141m▀[0m[38;2;255;255;255m[48;2;220;255;255m▀[0m[38;2;255;255;255m[48;2;255;255;255m▀[0m[38;2;255;255;255m[48;2;255;255;255m▀[0m[38;2;255;255;255m[48;2;255;255;255m▀[0m[38;2;42;59;62m[48;2;255;255;255m▀[0m[38;2;0;0;0m[48;2;0;0;0m▀[0m
[38;2;0;0;0m[48;2;0;0;0m▀[0m[38;2;0;0;0m[48;2;0;0;0m▀[0m[38;2;0;0;0m[48;2;0;0;0m▀[0m[38;2;179;209;218m[48;2;162;195;198m▀[0m[38;2;247;255;255m[48;2;248;255;255m▀[0m[38;2;255;255;255m[48;2;255;255;255m▀[0m[38;2;255;255;255m[48;2;255;255;255m▀[0m[38;2;222;252;255m[48;2;82;131;142m▀[0m[38;2;255;255;255m[48;2;255;255;255m▀[0m[38;2;255;255;255m[48;2;255;255;255m▀[0m[38;2;255;255;255m[48;2;255;255;255m▀[0m[38;2;223;235;245m[48;2;255;255;255m▀[0m[38;2;106;153;169m[48;2;255;255;255m▀[0m[38;2;255;255;255m[48;2;255;255;255m▀[0m[38;2;255;255;255m[48;2;255;255;255m▀[0m[38;2;173;185;185m[48;2;255;255;255m▀[0m[38;2;0;0;0m[48;2;255;255;255m▀[0m[38;2;0;0;0m[48;2;139;145;147m▀[0m[38;2;186;202;202m[48;2;226;245;255m▀[0m[38;2;255;255;255m[48;2;255;255;255m▀[0m[38;2;255;255;255m[48;2;255;255;255m▀[0m[38;2;255;255;255m[48;2;255;255;255m▀[0m[38;2;255;255;255m[48;2;255;255;255m▀[0m[38;2;255;255;255m[48;2;255;255;255m▀[0m[38;2;255;255;255m[48;2;255;255;255m▀[0m[38;2;255;255;255m[48;2;255;255;255m▀[0m[38;2;255;255;255m[48;2;255;255;255m▀[0m[38;2;255;255;255m[48;2;255;250;245m▀[0m[38;2;255;255;255m[48;2;255;255;255m▀[0m[38;2;255;255;255m[48;2;255;255;255m▀[0m[38;2;223;255;255m[48;2;198;241;255m▀[0m[38;2;91;170;184m[48;2;231;255;255m▀[0m[38;2;255;255;255m[48;2;255;255;255m▀[0m[38;2;255;255;255m[48;2;255;255;255m▀[0m[38;2;172;63;50m[48;2;255;78;78m▀[0m[38;2;255;204;209m[48;2;255;183;185m▀[0m[38;2;255;255;255m[48;2;255;255;255m▀[0m[38;2;255;255;255m[48;2;255;255;255m▀[0m[38;2;246;255;255m[48;2;255;255;255m▀[0m[38;2;255;255;255m[48;2;237;244;231m▀[0m[38;2;255;255;255m[48;2;255;255;255m▀[0m[38;2;255;255;255m[48;2;255;255;255m▀[0m[38;2;255;255;255m[48;2;255;255;255m▀[0m[38;2;0;0;0m[48;2;150;153;156m▀[0m
[38;2;0;0;0m[48;2;81;84;84m▀[0m[38;2;0;0;0m[48;2;0;0;0m▀[0m[38;2;0;0;0m[48;2;0;0;0m▀[0m[38;2;80;101;106m[48;2;0;0;0m▀[0m[38;2;255;255;255m[48;2;217;255;255m▀[0m[38;2;213;248;255m[48;2;255;255;255m▀[0m[38;2;218;244;254m[48;2;189;224;250m▀[0m[38;2;122;159;170m[48;2;109;146;161m▀[0m[38;2;252;255;255m[48;2;181;219;235m▀[0m[38;2;255;255;255m[48;2;255;255;255m▀[0m[38;2;255;255;255m[48;2;255;255;255m▀[0m[38;2;255;255;255m[48;2;255;255;255m▀[0m[38;2;255;255;255m[48;2;255;255;255m▀[0m[38;2;255;255;255m[48;2;255;255;255m▀[0m[38;2;255;255;255m[48;2;255;255;255m▀[0m[38;2;255;255;255m[48;2;255;255;255m▀[0m[38;2;255;255;255m[48;2;213;235;247m▀[0m[38;2;87;124;134m[48;2;15;54;73m▀[0m[38;2;246;255;255m[48;2;255;255;255m▀[0m[38;2;255;255;255m[48;2;255;255;255m▀[0m[38;2;255;255;255m[48;2;255;255;255m▀[0m[38;2;255;255;255m[48;2;255;255;255m▀[0m[38;2;255;255;255m[48;2;255;255;255m▀[0m[38;2;255;255;255m[48;2;255;255;255m▀[0m[38;2;255;255;255m[48;2;255;255;253m▀[0m[38;2;255;255;255m[48;2;147;0;0m▀[0m[38;2;220;81;78m[48;2;255;251;251m▀[0m[38;2;255;255;255m[48;2;255;255;255m▀[0m[38;2;255;255;255m[48;2;255;255;255m▀[0m[38;2;255;255;255m[48;2;255;255;255m▀[0m[38;2;255;255;255m[48;2;255;255;255m▀[0m[38;2;208;215;214m[48;2;179;181;181m▀[0m[38;2;255;255;255m[48;2;255;255;255m▀[0m[38;2;255;201;186m[48;2;229;91;75m▀[0m[38;2;235;176;163m[48;2;255;255;255m▀[0m[38;2;212;162;164m[48;2;251;255;255m▀[0m[38;2;255;255;255m[48;2;255;255;255m▀[0m[38;2;255;255;255m[48;2;255;255;255m▀[0m[38;2;255;255;255m[48;2;255;255;255m▀[0m[38;2;217;230;219m[48;2;209;178;154m▀[0m[38;2;255;255;255m[48;2;255;255;255m▀[0m[38;2;255;255;255m[48;2;255;255;255m▀[0m[38;2;255;255;255m[48;2;255;255;255m▀[0m[38;2;255;255;255m[48;2;255;255;255m▀[0m
[38;2;255;255;255m[48;2;108;136;212m▀[0m[38;2;153;161;172m[48;2;255;255;255m▀[0m[38;2;0;0;0m[48;2;206;207;190m▀[0m[38;2;0;0;0m[48;2;219;129;0m▀[0m[38;2;0;0;0m[48;2;255;154;0m▀[0m[38;2;200;247;255m[48;2;228;146;0m▀[0m[38;2;240;255;255m[48;2;162;212;255m▀[0m[38;2;136;175;196m[48;2;226;255;255m▀[0m[38;2;137;176;192m[48;2;187;223;239m▀[0m[38;2;215;247;255m[48;2;172;208;219m▀[0m[38;2;255;255;255m[48;2;234;255;255m▀[0m[38;2;255;255;255m[48;2;255;255;255m▀[0m[38;2;255;255;255m[48;2;255;255;255m▀[0m[38;2;255;255;255m[48;2;255;255;255m▀[0m[38;2;255;255;255m[48;2;255;255;255m▀[0m[38;2;255;255;255m[48;2;255;255;255m▀[0m[38;2;97;140;158m[48;2;117;154;173m▀[0m[38;2;63;100;114m[48;2;78;111;122m▀[0m[38;2;236;255;255m[48;2;219;253;255m▀[0m[38;2;255;255;255m[48;2;255;255;255m▀[0m[38;2;255;255;255m[48;2;255;255;255m▀[0m[38;2;255;255;255m[48;2;255;255;255m▀[0m[38;2;255;255;255m[48;2;255;255;255m▀[0m[38;2;255;255;254m[48;2;255;255;255m▀[0m[38;2;255;255;255m[48;2;255;255;255m▀[0m[38;2;255;198;202m[48;2;255;255;255m▀[0m[38;2;255;255;255m[48;2;255;255;255m▀[0m[38;2;255;255;255m[48;2;255;255;255m▀[0m[38;2;255;255;255m[48;2;255;255;255m▀[0m[38;2;255;255;255m[48;2;255;255;255m▀[0m[38;2;255;255;255m[48;2;255;255;255m▀[0m[38;2;200;211;211m[48;2;228;242;248m▀[0m[38;2;220;69;80m[48;2;151;108;126m▀[0m[38;2;179;21;3m[48;2;195;170;145m▀[0m[38;2;255;255;255m[48;2;255;255;255m▀[0m[38;2;255;255;255m[48;2;230;234;209m▀[0m[38;2;255;255;255m[48;2;255;255;255m▀[0m[38;2;255;255;255m[48;2;255;255;255m▀[0m[38;2;255;255;255m[48;2;255;255;255m▀[0m[38;2;255;183;167m[48;2;255;255;255m▀[0m[38;2;255;255;255m[48;2;255;255;255m▀[0m[38;2;255;255;255m[48;2;255;255;255m▀[0m[38;2;255;255;255m[48;2;255;255;255m▀[0m[38;2;255;255;255m[48;2;255;255;255m▀[0m
[38;2;15;0;0m[48;2;255;250;0m▀[0m[38;2;213;235;255m[48;2;255;234;96m▀[0m[38;2;230;255;255m[48;2;75;124;242m▀[0m[38;2;107;107;109m[48;2;176;203;255m▀[0m[38;2;0;0;0m[48;2;255;255;84m▀[0m[38;2;255;220;0m[48;2;255;245;0m▀[0m[38;2;76;53;0m[48;2;176;136;0m▀[0m[38;2;152;218;255m[48;2;84;143;225m▀[0m[38;2;220;255;255m[48;2;196;229;246m▀[0m[38;2;198;231;242m[48;2;203;240;254m▀[0m[38;2;173;211;222m[48;2;174;217;225m▀[0m[38;2;186;220;228m[48;2;154;196;209m▀[0m[38;2;251;255;255m[48;2;170;204;214m▀[0m[38;2;255;255;255m[48;2;169;211;218m▀[0m[38;2;255;255;255m[48;2;184;217;229m▀[0m[38;2;255;255;255m[48;2;201;234;242m▀[0m[38;2;168;209;218m[48;2;200;236;246m▀[0m[38;2;93;132;137m[48;2;120;153;161m▀[0m[38;2;200;234;242m[48;2;181;223;235m▀[0m[38;2;255;255;255m[48;2;255;255;255m▀[0m[38;2;255;255;255m[48;2;255;244;239m▀[0m[38;2;255;255;255m[48;2;255;255;255m▀[0m[38;2;255;255;255m[48;2;255;255;255m▀[0m[38;2;255;255;255m[48;2;255;255;255m▀[0m[38;2;255;255;255m[48;2;255;255;255m▀[0m[38;2;255;255;255m[48;2;255;255;255m▀[0m[38;2;255;255;255m[48;2;255;255;255m▀[0m[38;2;255;255;255m[48;2;255;255;255m▀[0m[38;2;255;255;255m[48;2;255;255;255m▀[0m[38;2;255;255;255m[48;2;255;255;255m▀[0m[38;2;255;255;255m[48;2;255;255;255m▀[0m[38;2;0;10;20m[48;2;0;0;0m▀[0m[38;2;0;0;8m[48;2;0;0;0m▀[0m[38;2;255;255;255m[48;2;255;255;255m▀[0m[38;2;255;255;255m[48;2;255;255;255m▀[0m[38;2;218;229;223m[48;2;255;255;255m▀[0m[38;2;255;255;255m[48;2;255;255;255m▀[0m[38;2;255;255;255m[48;2;255;255;255m▀[0m[38;2;255;255;255m[48;2;255;255;255m▀[0m[38;2;255;255;255m[48;2;255;255;255m▀[0m[38;2;255;255;255m[48;2;255;255;255m▀[0m[38;2;255;255;255m[48;2;255;255;255m▀[0m[38;2;255;255;255m[48;2;255;255;255m▀[0m[38;2;255;255;255m[48;2;225;247;255m▀[0m
[38;2;255;255;0m[48;2;255;255;201m▀[0m[38;2;255;217;0m[48;2;255;204;0m▀[0m[38;2;255;255;255m[48;2;255;255;220m▀[0m[38;2;255;255;255m[48;2;255;255;255m▀[0m[38;2;255;255;255m[48;2;255;255;255m▀[0m[38;2;255;255;192m[48;2;255;255;143m▀[0m[38;2;255;255;253m[48;2;255;255;255m▀[0m[38;2;135;161;220m[48;2;255;255;255m▀[0m[38;2;24;43;52m[48;2;190;204;208m▀[0m[38;2;209;248;255m[48;2;176;211;220m▀[0m[38;2;255;255;255m[48;2;255;255;255m▀[0m[38;2;255;255;255m[48;2;255;255;255m▀[0m[38;2;151;191;200m[48;2;255;255;255m▀[0m[38;2;185;222;233m[48;2;135;167;181m▀[0m[38;2;193;230;239m[48;2;204;244;251m▀[0m[38;2;201;235;245m[48;2;224;255;255m▀[0m[38;2;206;234;240m[48;2;204;237;246m▀[0m[38;2;136;162;168m[48;2;145;167;173m▀[0m[38;2;175;225;236m[48;2;180;226;237m▀[0m[38;2;255;255;255m[48;2;255;255;255m▀[0m[38;2;255;255;255m[48;2;255;255;255m▀[0m[38;2;255;255;255m[48;2;255;255;255m▀[0m[38;2;255;255;255m[48;2;255;255;255m▀[0m[38;2;255;255;255m[48;2;255;255;255m▀[0m[38;2;255;255;255m[48;2;255;185;163m▀[0m[38;2;255;255;255m[48;2;255;255;255m▀[0m[38;2;255;255;255m[48;2;255;255;255m▀[0m[38;2;255;255;255m[48;2;255;255;255m▀[0m[38;2;255;255;255m[48;2;255;255;255m▀[0m[38;2;255;255;255m[48;2;255;255;255m▀[0m[38;2;184;174;173m[48;2;0;0;0m▀[0m[38;2;0;0;0m[48;2;0;0;0m▀[0m[38;2;136;142;139m[48;2;101;95;89m▀[0m[38;2;255;255;255m[48;2;255;255;255m▀[0m[38;2;255;254;237m[48;2;255;255;255m▀[0m[38;2;255;255;253m[48;2;251;251;242m▀[0m[38;2;255;255;255m[48;2;255;255;255m▀[0m[38;2;255;255;255m[48;2;255;255;255m▀[0m[38;2;255;255;255m[48;2;255;197;184m▀[0m[38;2;255;255;255m[48;2;255;255;255m▀[0m[38;2;255;255;255m[48;2;255;255;255m▀[0m[38;2;255;255;255m[48;2;255;255;255m▀[0m[38;2;255;255;255m[48;2;255;255;255m▀[0m[38;2;136;178;189m[48;2;73;112;118m▀[0m
[38;2;255;200;0m[48;2;255;184;0m▀[0m[38;2;255;245;47m[48;2;255;255;255m▀[0m[38;2;255;255;255m[48;2;59;69;137m▀[0m[38;2;247;212;231m[48;2;226;62;93m▀[0m[38;2;223;218;168m[48;2;207;217;255m▀[0m[38;2;197;229;250m[48;2;231;255;255m▀[0m[38;2;198;255;255m[48;2;17;34;37m▀[0m[38;2;197;244;255m[48;2;0;0;0m▀[0m[38;2;201;244;255m[48;2;150;185;207m▀[0m[38;2;173;213;219m[48;2;158;201;207m▀[0m[38;2;255;255;255m[48;2;255;255;255m▀[0m[38;2;255;255;255m[48;2;255;255;255m▀[0m[38;2;255;255;255m[48;2;255;255;255m▀[0m[38;2;255;255;255m[48;2;255;255;255m▀[0m[38;2;128;168;170m[48;2;206;239;247m▀[0m[38;2;206;236;247m[48;2;109;136;146m▀[0m[38;2;204;235;246m[48;2;0;0;0m▀[0m[38;2;146;172;176m[48;2;148;167;174m▀[0m[38;2;201;244;251m[48;2;220;255;255m▀[0m[38;2;204;229;240m[48;2;172;204;220m▀[0m[38;2;255;255;255m[48;2;255;255;255m▀[0m[38;2;255;255;255m[48;2;255;255;255m▀[0m[38;2;255;255;255m[48;2;255;255;255m▀[0m[38;2;255;255;255m[48;2;255;255;255m▀[0m[38;2;255;178;161m[48;2;255;255;255m▀[0m[38;2;255;255;255m[48;2;255;255;255m▀[0m[38;2;255;255;255m[48;2;255;255;255m▀[0m[38;2;255;255;255m[48;2;255;255;255m▀[0m[38;2;255;255;255m[48;2;255;172;151m▀[0m[38;2;255;48;21m[48;2;154;43;30m▀[0m[38;2;52;122;125m[48;2;0;18;19m▀[0m[38;2;0;0;0m[48;2;0;0;0m▀[0m[38;2;70;85;90m[48;2;146;169;184m▀[0m[38;2;255;255;255m[48;2;255;255;255m▀[0m[38;2;255;255;255m[48;2;255;255;255m▀[0m[38;2;255;255;255m[48;2;255;255;255m▀[0m[38;2;255;255;255m[48;2;255;255;255m▀[0m[38;2;255;255;255m[48;2;255;255;255m▀[0m[38;2;255;255;255m[48;2;255;255;255m▀[0m[38;2;255;255;255m[48;2;255;255;255m▀[0m[38;2;255;255;255m[48;2;255;255;255m▀[0m[38;2;255;255;255m[48;2;208;242;255m▀[0m[38;2;219;255;255m[48;2;239;255;255m▀[0m[38;2;29;45;52m[48;2;0;0;0m▀[0m
[38;2;255;226;122m[48;2;255;255;255m▀[0m[38;2;255;255;255m[48;2;255;255;255m▀[0m[38;2;198;244;255m[48;2;219;255;255m▀[0m[38;2;29;0;3m[48;2;192;251;255m▀[0m[38;2;228;228;253m[48;2;233;255;255m▀[0m[38;2;255;255;255m[48;2;214;180;192m▀[0m[38;2;193;206;203m[48;2;255;251;255m▀[0m[38;2;179;204;215m[48;2;255;255;255m▀[0m[38;2;186;223;244m[48;2;0;0;0m▀[0m[38;2;0;0;0m[48;2;0;0;0m▀[0m[38;2;254;255;255m[48;2;86;108;96m▀[0m[38;2;255;255;255m[48;2;219;255;255m▀[0m[38;2;255;255;255m[48;2;255;255;255m▀[0m[38;2;255;255;255m[48;2;255;255;255m▀[0m[38;2;255;255;255m[48;2;215;246;255m▀[0m[38;2;167;189;204m[48;2;164;189;195m▀[0m[38;2;148;170;172m[48;2;236;255;255m▀[0m[38;2;184;209;214m[48;2;176;193;207m▀[0m[38;2;224;255;255m[48;2;225;255;255m▀[0m[38;2;178;211;223m[48;2;196;230;241m▀[0m[38;2;211;230;242m[48;2;168;204;220m▀[0m[38;2;255;255;255m[48;2;248;255;255m▀[0m[38;2;255;255;255m[48;2;255;255;255m▀[0m[38;2;255;255;255m[48;2;255;255;255m▀[0m[38;2;255;255;255m[48;2;255;255;255m▀[0m[38;2;255;255;255m[48;2;255;255;255m▀[0m[38;2;255;255;255m[48;2;255;255;255m▀[0m[38;2;255;255;255m[48;2;236;246;255m▀[0m[38;2;255;203;203m[48;2;81;97;96m▀[0m[38;2;237;255;255m[48;2;85;90;95m▀[0m[38;2;0;0;0m[48;2;0;0;0m▀[0m[38;2;0;0;0m[48;2;0;0;0m▀[0m[38;2;170;208;229m[48;2;156;192;208m▀[0m[38;2;255;255;255m[48;2;255;255;255m▀[0m[38;2;255;255;255m[48;2;211;228;231m▀[0m[38;2;255;255;244m[48;2;185;203;197m▀[0m[38;2;255;255;255m[48;2;255;255;255m▀[0m[38;2;255;255;255m[48;2;255;255;255m▀[0m[38;2;255;255;255m[48;2;255;255;255m▀[0m[38;2;255;255;255m[48;2;185;218;237m▀[0m[38;2;200;233;241m[48;2;181;220;239m▀[0m[38;2;229;255;255m[48;2;255;255;255m▀[0m[38;2;206;236;248m[48;2;103;118;134m▀[0m[38;2;0;0;0m[48;2;0;0;0m▀[0m
[38;2;226;198;87m[48;2;233;151;0m▀[0m[38;2;209;255;255m[48;2;123;165;213m▀[0m[38;2;217;241;255m[48;2;142;189;255m▀[0m[38;2;255;255;255m[48;2;169;220;255m▀[0m[38;2;233;255;255m[48;2;92;132;163m▀[0m[38;2;123;142;150m[48;2;0;0;1m▀[0m[38;2;48;4;19m[48;2;10;0;0m▀[0m[38;2;0;23;31m[48;2;0;17;41m▀[0m[38;2;0;0;0m[48;2;0;0;0m▀[0m[38;2;67;26;0m[48;2;118;69;0m▀[0m[38;2;0;0;0m[48;2;0;0;0m▀[0m[38;2;93;132;163m[48;2;0;19;39m▀[0m[38;2;117;148;161m[48;2;0;0;0m▀[0m[38;2;117;141;151m[48;2;0;0;0m▀[0m[38;2;0;0;0m[48;2;0;0;0m▀[0m[38;2;19;29;30m[48;2;0;0;0m▀[0m[38;2;255;255;255m[48;2;21;31;32m▀[0m[38;2;198;225;231m[48;2;230;255;255m▀[0m[38;2;236;255;255m[48;2;239;255;255m▀[0m[38;2;206;237;245m[48;2;212;242;252m▀[0m[38;2;191;224;233m[48;2;202;234;241m▀[0m[38;2;172;204;214m[48;2;198;226;237m▀[0m[38;2;235;254;255m[48;2;178;217;223m▀[0m[38;2;255;255;255m[48;2;184;215;225m▀[0m[38;2;255;255;255m[48;2;185;222;229m▀[0m[38;2;226;252;255m[48;2;226;255;255m▀[0m[38;2;175;222;242m[48;2;162;204;209m▀[0m[38;2;255;255;255m[48;2;102;100;92m▀[0m[38;2;15;19;14m[48;2;0;0;0m▀[0m[38;2;2;1;2m[48;2;15;14;14m▀[0m[38;2;0;0;0m[48;2;21;26;21m▀[0m[38;2;0;0;0m[48;2;0;0;0m▀[0m[38;2;131;172;191m[48;2;156;183;201m▀[0m[38;2;255;255;255m[48;2;255;255;255m▀[0m[38;2;255;255;255m[48;2;255;255;255m▀[0m[38;2;148;173;175m[48;2;192;193;187m▀[0m[38;2;255;255;255m[48;2;207;225;230m▀[0m[38;2;246;255;255m[48;2;176;223;237m▀[0m[38;2;170;206;223m[48;2;197;234;242m▀[0m[38;2;192;225;247m[48;2;220;255;255m▀[0m[38;2;235;255;255m[48;2;255;255;255m▀[0m[38;2;255;255;255m[48;2;191;180;198m▀[0m[38;2;0;0;0m[48;2;0;0;0m▀[0m[38;2;0;0;0m[48;2;0;0;0m▀[0m
[38;2;255;192;0m[48;2;255;226;0m▀[0m[38;2;255;186;0m[48;2;255;248;0m▀[0m[38;2;0;0;0m[48;2;242;168;0m▀[0m[38;2;0;0;0m[48;2;0;0;0m▀[0m[38;2;0;0;0m[48;2;17;14;0m▀[0m[38;2;0;0;0m[48;2;3;0;0m▀[0m[38;2;180;126;0m[48;2;213;153;0m▀[0m[38;2;0;0;12m[48;2;0;0;0m▀[0m[38;2;0;0;0m[48;2;0;0;0m▀[0m[38;2;228;153;0m[48;2;255;222;0m▀[0m[38;2;34;19;0m[48;2;62;35;0m▀[0m[38;2;0;0;0m[48;2;0;0;0m▀[0m[38;2;0;0;0m[48;2;0;0;0m▀[0m[38;2;8;8;9m[48;2;0;0;0m▀[0m[38;2;0;0;0m[48;2;0;0;0m▀[0m[38;2;0;0;0m[48;2;0;0;0m▀[0m[38;2;0;0;0m[48;2;0;0;0m▀[0m[38;2;248;255;255m[48;2;255;255;255m▀[0m[38;2;244;255;255m[48;2;244;255;255m▀[0m[38;2;213;245;254m[48;2;214;246;253m▀[0m[38;2;209;237;247m[48;2;209;237;247m▀[0m[38;2;203;233;246m[48;2;209;237;246m▀[0m[38;2;204;237;247m[48;2;208;242;245m▀[0m[38;2;209;242;252m[48;2;218;246;255m▀[0m[38;2;230;255;255m[48;2;255;255;255m▀[0m[38;2;236;255;255m[48;2;179;212;223m▀[0m[38;2;128;131;134m[48;2;0;0;0m▀[0m[38;2;21;15;14m[48;2;90;86;89m▀[0m[38;2;0;0;0m[48;2;192;192;192m▀[0m[38;2;102;101;101m[48;2;130;134;134m▀[0m[38;2;34;34;31m[48;2;0;0;0m▀[0m[38;2;0;0;0m[48;2;0;0;0m▀[0m[38;2;193;172;181m[48;2;218;142;152m▀[0m[38;2;255;255;255m[48;2;255;255;255m▀[0m[38;2;225;251;251m[48;2;189;225;233m▀[0m[38;2;163;156;140m[48;2;170;212;220m▀[0m[38;2;206;223;230m[48;2;198;230;239m▀[0m[38;2;208;250;255m[48;2;225;255;255m▀[0m[38;2;225;255;255m[48;2;195;167;174m▀[0m[38;2;220;230;240m[48;2;218;159;163m▀[0m[38;2;255;231;242m[48;2;251;255;255m▀[0m[38;2;52;73;78m[48;2;0;0;0m▀[0m[38;2;0;0;0m[48;2;0;0;0m▀[0m[38;2;0;0;0m[48;2;0;0;0m▀[0m
[38;2;255;218;0m[48;2;255;255;0m▀[0m[38;2;131;95;0m[48;2;36;30;3m▀[0m[38;2;255;217;0m[48;2;255;230;0m▀[0m[38;2;9;7;0m[48;2;0;0;0m▀[0m[38;2;222;157;0m[48;2;255;211;0m▀[0m[38;2;36;20;3m[48;2;59;45;0m▀[0m[38;2;239;172;0m[48;2;242;167;0m▀[0m[38;2;0;0;0m[48;2;0;0;7m▀[0m[38;2;0;0;6m[48;2;0;0;7m▀[0m[38;2;255;255;0m[48;2;255;255;0m▀[0m[38;2;80;63;0m[48;2;125;93;0m▀[0m[38;2;0;0;0m[48;2;0;0;0m▀[0m[38;2;0;0;2m[48;2;0;0;1m▀[0m[38;2;9;9;15m[48;2;0;1;7m▀[0m[38;2;0;0;0m[48;2;0;0;0m▀[0m[38;2;0;0;0m[48;2;0;0;0m▀[0m[38;2;0;0;0m[48;2;0;1;1m▀[0m[38;2;255;255;255m[48;2;255;255;255m▀[0m[38;2;236;255;255m[48;2;229;255;255m▀[0m[38;2;215;244;253m[48;2;212;242;252m▀[0m[38;2;206;236;246m[48;2;206;236;245m▀[0m[38;2;209;236;246m[48;2;206;236;245m▀[0m[38;2;215;242;252m[48;2;211;242;251m▀[0m[38;2;223;255;255m[48;2;244;255;255m▀[0m[38;2;255;255;255m[48;2;241;255;255m▀[0m[38;2;34;42;48m[48;2;0;0;0m▀[0m[38;2;0;0;0m[48;2;0;0;0m▀[0m[38;2;0;0;0m[48;2;0;0;0m▀[0m[38;2;21;20;20m[48;2;0;0;0m▀[0m[38;2;36;41;42m[48;2;30;34;34m▀[0m[38;2;0;0;0m[48;2;0;0;0m▀[0m[38;2;0;0;0m[48;2;0;0;0m▀[0m[38;2;226;251;255m[48;2;235;255;255m▀[0m[38;2;255;255;255m[48;2;255;255;255m▀[0m[38;2;198;225;239m[48;2;184;226;234m▀[0m[38;2;222;255;255m[48;2;208;240;251m▀[0m[38;2;202;231;248m[48;2;202;229;235m▀[0m[38;2;186;198;209m[48;2;218;251;255m▀[0m[38;2;142;109;109m[48;2;236;255;255m▀[0m[38;2;255;255;255m[48;2;255;255;255m▀[0m[38;2;106;128;134m[48;2;0;0;0m▀[0m[38;2;0;0;0m[48;2;0;0;0m▀[0m[38;2;0;0;0m[48;2;0;0;0m▀[0m[38;2;0;0;0m[48;2;0;0;0m▀[0m
