[38;2;74;108;126m[48;2;28;43;54m▀[0m[38;2;22;32;32m[48;2;0;0;0m▀[0m[38;2;229;229;229m[48;2;186;214;225m▀[0m[38;2;229;229;229m[48;2;229;229;229m▀[0m[38;2;229;229;229m[48;2;229;229;229m▀[0m[38;2;138;135;135m[48;2;229;229;229m▀[0m[38;2;0;0;0m[48;2;54;52;50m▀[0m[38;2;177;195;196m[48;2;21;42;45m▀[0m[38;2;229;229;229m[48;2;229;229;229m▀[0m[38;2;229;229;229m[48;2;229;229;229m▀[0m[38;2;169;169;170m[48;2;207;214;221m▀[0m[38;2;0;0;0m[48;2;0;0;0m▀[0m[38;2;0;0;0m[48;2;0;0;0m▀[0m[38;2;0;0;0m[48;2;0;0;0m▀[0m[38;2;0;0;0m[48;2;0;0;0m▀[0m[38;2;0;0;0m[48;2;0;0;0m▀[0m[38;2;0;0;0m[48;2;0;0;0m▀[0m[38;2;0;0;0m[48;2;0;0;0m▀[0m[38;2;0;0;0m[48;2;0;0;0m▀[0m[38;2;94;99;100m[48;2;24;26;26m▀[0m[38;2;90;96;97m[48;2;134;141;140m▀[0m[38;2;0;0;0m[48;2;0;0;0m▀[0m[38;2;0;0;0m[48;2;0;0;0m▀[0m[38;2;153;94;94m[48;2;13;22;22m▀[0m[38;2;136;23;24m[48;2;203;36;37m▀[0m[38;2;0;0;0m[48;2;0;16;17m▀[0m[38;2;0;0;0m[48;2;0;0;0m▀[0m[38;2;0;0;0m[48;2;0;0;0m▀[0m[38;2;0;0;0m[48;2;0;0;0m▀[0m[38;2;0;1;1m[48;2;0;0;0m▀[0m[38;2;105;78;78m[48;2;0;15;15m▀[0m[38;2;116;0;0m[48;2;134;4;4m▀[0m[38;2;0;0;0m[48;2;0;0;0m▀[0m[38;2;0;0;0m[48;2;0;0;0m▀[0m[38;2;0;0;0m[48;2;7;23;24m▀[0m[38;2;186;132;131m[48;2;229;229;229m▀[0m[38;2;229;229;229m[48;2;229;229;229m▀[0m[38;2;229;229;229m[48;2;229;229;229m▀[0m[38;2;138;172;177m[48;2;151;165;171m▀[0m[38;2;0;5;10m[48;2;39;39;36m▀[0m[38;2;192;195;194m[48;2;181;216;225m▀[0m[38;2;229;229;229m[48;2;229;229;229m▀[0m[38;2;229;229;229m[48;2;229;229;229m▀[0m[38;2;0;0;0m[48;2;0;0;0m▀[0m
[38;2;0;0;0m[48;2;0;0;0m▀[0m[38;2;0;0;0m[48;2;0;0;0m▀[0m[38;2;199;224;229m[48;2;198;223;225m▀[0m[38;2;229;229;229m[48;2;229;229;229m▀[0m[38;2;229;229;229m[48;2;229;229;229m▀[0m[38;2;223;229;229m[48;2;140;149;153m▀[0m[38;2;75;85;87m[48;2;0;0;0m▀[0m[38;2;0;0;0m[48;2;0;0;0m▀[0m[38;2;229;229;229m[48;2;78;105;105m▀[0m[38;2;229;229;229m[48;2;229;229;229m▀[0m[38;2;206;219;222m[48;2;229;229;229m▀[0m[38;2;229;229;229m[48;2;229;229;229m▀[0m[38;2;217;215;218m[48;2;229;229;229m▀[0m[38;2;91;93;91m[48;2;229;229;229m▀[0m[38;2;0;0;0m[48;2;229;229;229m▀[0m[38;2;0;0;0m[48;2;188;190;192m▀[0m[38;2;0;0;0m[48;2;15;15;13m▀[0m[38;2;0;0;0m[48;2;0;0;0m▀[0m[38;2;0;0;0m[48;2;0;0;0m▀[0m[38;2;0;0;0m[48;2;0;0;0m▀[0m[38;2;113;113;113m[48;2;103;103;103m▀[0m[38;2;0;0;0m[48;2;4;7;7m▀[0m[38;2;0;0;0m[48;2;0;0;0m▀[0m[38;2;0;0;0m[48;2;0;0;0m▀[0m[38;2;151;0;0m[48;2;114;0;0m▀[0m[38;2;24;21;27m[48;2;0;0;0m▀[0m[38;2;0;6;9m[48;2;0;0;0m▀[0m[38;2;0;0;0m[48;2;17;37;41m▀[0m[38;2;0;0;0m[48;2;109;118;121m▀[0m[38;2;0;0;0m[48;2;179;185;189m▀[0m[38;2;0;0;0m[48;2;163;210;210m▀[0m[38;2;0;0;0m[48;2;106;153;153m▀[0m[38;2;0;0;0m[48;2;0;0;0m▀[0m[38;2;0;0;0m[48;2;0;47;49m▀[0m[38;2;193;220;221m[48;2;229;229;229m▀[0m[38;2;229;229;229m[48;2;229;229;229m▀[0m[38;2;216;224;225m[48;2;225;229;229m▀[0m[38;2;219;229;229m[48;2;229;229;229m▀[0m[38;2;204;199;198m[48;2;150;152;154m▀[0m[38;2;0;0;0m[48;2;0;0;0m▀[0m[38;2;82;143;154m[48;2;0;6;10m▀[0m[38;2;186;208;215m[48;2;31;62;67m▀[0m[38;2;114;153;165m[48;2;70;100;108m▀[0m[38;2;0;0;0m[48;2;0;0;0m▀[0m
[38;2;0;0;0m[48;2;0;0;0m▀[0m[38;2;0;0;0m[48;2;0;0;0m▀[0m[38;2;170;199;203m[48;2;142;167;172m▀[0m[38;2;229;229;229m[48;2;229;229;229m▀[0m[38;2;229;229;229m[48;2;229;229;229m▀[0m[38;2;229;229;229m[48;2;229;229;229m▀[0m[38;2;0;0;0m[48;2;0;0;0m▀[0m[38;2;0;0;0m[48;2;0;0;0m▀[0m[38;2;0;4;8m[48;2;0;0;0m▀[0m[38;2;229;229;229m[48;2;229;229;229m▀[0m[38;2;229;229;229m[48;2;229;229;229m▀[0m[38;2;223;223;223m[48;2;229;229;229m▀[0m[38;2;84;89;86m[48;2;0;0;0m▀[0m[38;2;229;229;229m[48;2;0;0;0m▀[0m[38;2;229;229;229m[48;2;4;24;30m▀[0m[38;2;229;229;229m[48;2;171;202;216m▀[0m[38;2;121;120;118m[48;2;62;63;62m▀[0m[38;2;0;0;0m[48;2;0;0;0m▀[0m[38;2;0;0;0m[48;2;0;0;0m▀[0m[38;2;0;0;0m[48;2;0;0;0m▀[0m[38;2;132;132;132m[48;2;44;45;45m▀[0m[38;2;92;97;97m[48;2;164;171;171m▀[0m[38;2;0;0;0m[48;2;0;0;0m▀[0m[38;2;0;0;0m[48;2;3;13;11m▀[0m[38;2;0;0;0m[48;2;229;229;229m▀[0m[38;2;168;82;83m[48;2;229;229;229m▀[0m[38;2;229;228;225m[48;2;229;229;229m▀[0m[38;2;229;229;229m[48;2;229;229;229m▀[0m[38;2;229;229;229m[48;2;229;229;229m▀[0m[38;2;229;229;229m[48;2;229;207;203m▀[0m[38;2;229;216;208m[48;2;229;0;0m▀[0m[38;2;229;190;186m[48;2;229;0;0m▀[0m[38;2;229;54;51m[48;2;229;0;0m▀[0m[38;2;147;162;162m[48;2;72;29;34m▀[0m[38;2;229;229;229m[48;2;227;72;72m▀[0m[38;2;229;224;222m[48;2;229;140;138m▀[0m[38;2;229;229;229m[48;2;229;229;229m▀[0m[38;2;229;229;229m[48;2;151;28;45m▀[0m[38;2;0;0;1m[48;2;0;24;21m▀[0m[38;2;0;0;0m[48;2;0;0;0m▀[0m[38;2;108;130;133m[48;2;0;0;0m▀[0m[38;2;34;71;73m[48;2;0;0;0m▀[0m[38;2;16;36;39m[48;2;24;40;44m▀[0m[38;2;0;0;0m[48;2;9;11;12m▀[0m
[38;2;0;0;0m[48;2;0;0;0m▀[0m[38;2;0;0;0m[48;2;0;0;0m▀[0m[38;2;97;120;122m[48;2;28;46;52m▀[0m[38;2;229;229;229m[48;2;229;229;229m▀[0m[38;2;229;229;229m[48;2;229;229;229m▀[0m[38;2;229;229;229m[48;2;229;212;207m▀[0m[38;2;97;54;53m[48;2;213;204;199m▀[0m[38;2;0;0;0m[48;2;0;0;0m▀[0m[38;2;0;0;0m[48;2;0;0;0m▀[0m[38;2;229;229;229m[48;2;188;200;203m▀[0m[38;2;229;229;229m[48;2;229;229;229m▀[0m[38;2;229;229;229m[48;2;229;229;229m▀[0m[38;2;227;215;215m[48;2;229;229;229m▀[0m[38;2;0;0;0m[48;2;0;0;0m▀[0m[38;2;0;0;0m[48;2;0;0;0m▀[0m[38;2;0;0;0m[48;2;0;0;0m▀[0m[38;2;0;0;0m[48;2;0;0;0m▀[0m[38;2;0;0;0m[48;2;0;0;0m▀[0m[38;2;0;0;0m[48;2;0;0;0m▀[0m[38;2;0;0;0m[48;2;0;0;0m▀[0m[38;2;0;0;0m[48;2;0;0;0m▀[0m[38;2;29;33;35m[48;2;189;195;193m▀[0m[38;2;144;153;152m[48;2;229;229;229m▀[0m[38;2;229;229;229m[48;2;229;229;229m▀[0m[38;2;229;229;229m[48;2;229;229;229m▀[0m[38;2;229;229;229m[48;2;229;186;179m▀[0m[38;2;229;229;229m[48;2;229;229;229m▀[0m[38;2;229;229;229m[48;2;229;229;229m▀[0m[38;2;229;229;229m[48;2;229;228;218m▀[0m[38;2;229;180;177m[48;2;229;229;229m▀[0m[38;2;229;146;145m[48;2;229;229;229m▀[0m[38;2;229;229;229m[48;2;229;229;229m▀[0m[38;2;229;88;77m[48;2;229;229;229m▀[0m[38;2;110;53;59m[48;2;227;229;229m▀[0m[38;2;193;0;0m[48;2;165;45;47m▀[0m[38;2;229;153;163m[48;2;85;0;0m▀[0m[38;2;114;0;0m[48;2;72;4;9m▀[0m[38;2;134;5;7m[48;2;229;137;139m▀[0m[38;2;229;229;229m[48;2;229;228;229m▀[0m[38;2;64;80;75m[48;2;229;229;229m▀[0m[38;2;0;0;0m[48;2;59;90;91m▀[0m[38;2;0;0;0m[48;2;0;0;0m▀[0m[38;2;0;0;0m[48;2;0;0;0m▀[0m[38;2;0;0;0m[48;2;0;0;0m▀[0m
[38;2;0;0;0m[48;2;0;0;0m▀[0m[38;2;0;0;0m[48;2;0;0;0m▀[0m[38;2;0;0;0m[48;2;0;0;0m▀[0m[38;2;229;229;229m[48;2;210;224;229m▀[0m[38;2;229;229;229m[48;2;229;229;229m▀[0m[38;2;229;229;229m[48;2;229;229;229m▀[0m[38;2;229;229;229m[48;2;229;229;229m▀[0m[38;2;0;0;0m[48;2;0;0;0m▀[0m[38;2;0;0;0m[48;2;0;0;0m▀[0m[38;2;46;66;65m[48;2;0;0;0m▀[0m[38;2;229;229;229m[48;2;209;229;229m▀[0m[38;2;229;229;229m[48;2;229;229;229m▀[0m[38;2;229;229;229m[48;2;229;229;229m▀[0m[38;2;179;171;171m[48;2;229;229;229m▀[0m[38;2;0;0;0m[48;2;0;0;0m▀[0m[38;2;0;0;0m[48;2;0;0;0m▀[0m[38;2;0;0;0m[48;2;0;0;0m▀[0m[38;2;0;0;0m[48;2;0;0;0m▀[0m[38;2;0;0;0m[48;2;0;0;0m▀[0m[38;2;0;0;0m[48;2;93;101;99m▀[0m[38;2;192;199;198m[48;2;229;229;229m▀[0m[38;2;229;229;229m[48;2;229;229;229m▀[0m[38;2;229;229;229m[48;2;229;229;229m▀[0m[38;2;229;229;229m[48;2;229;229;229m▀[0m[38;2;229;229;226m[48;2;229;229;229m▀[0m[38;2;229;229;227m[48;2;229;229;229m▀[0m[38;2;229;229;229m[48;2;229;229;229m▀[0m[38;2;229;174;164m[48;2;229;131;120m▀[0m[38;2;229;131;119m[48;2;229;229;229m▀[0m[38;2;229;229;229m[48;2;229;229;229m▀[0m[38;2;229;222;219m[48;2;229;190;189m▀[0m[38;2;229;229;229m[48;2;229;229;229m▀[0m[38;2;229;229;229m[48;2;229;229;229m▀[0m[38;2;229;229;229m[48;2;178;157;152m▀[0m[38;2;199;225;215m[48;2;217;68;56m▀[0m[38;2;190;223;222m[48;2;229;0;0m▀[0m[38;2;229;229;229m[48;2;209;0;0m▀[0m[38;2;176;189;191m[48;2;223;229;229m▀[0m[38;2;207;214;215m[48;2;229;229;229m▀[0m[38;2;229;229;229m[48;2;229;229;229m▀[0m[38;2;229;154;143m[48;2;229;222;213m▀[0m[38;2;6;7;4m[48;2;229;229;229m▀[0m[38;2;0;0;0m[48;2;0;0;0m▀[0m[38;2;0;0;0m[48;2;0;0;0m▀[0m
[38;2;0;0;0m[48;2;0;0;0m▀[0m[38;2;0;0;0m[48;2;0;0;0m▀[0m[38;2;0;0;0m[48;2;0;0;0m▀[0m[38;2;134;162;174m[48;2;98;127;132m▀[0m[38;2;229;229;229m[48;2;229;229;229m▀[0m[38;2;229;229;229m[48;2;229;229;229m▀[0m[38;2;229;229;229m[48;2;229;229;229m▀[0m[38;2;12;15;15m[48;2;229;229;229m▀[0m[38;2;0;0;0m[48;2;229;229;229m▀[0m[38;2;0;0;0m[48;2;137;131;130m▀[0m[38;2;58;93;102m[48;2;53;62;68m▀[0m[38;2;192;229;229m[48;2;37;77;90m▀[0m[38;2;229;229;229m[48;2;109;151;152m▀[0m[38;2;229;229;229m[48;2;229;229;229m▀[0m[38;2;66;69;69m[48;2;229;229;229m▀[0m[38;2;0;0;0m[48;2;0;0;0m▀[0m[38;2;0;0;0m[48;2;0;0;0m▀[0m[38;2;0;0;0m[48;2;0;0;0m▀[0m[38;2;0;0;0m[48;2;65;70;66m▀[0m[38;2;229;229;229m[48;2;229;229;229m▀[0m[38;2;229;229;229m[48;2;229;229;229m▀[0m[38;2;229;229;229m[48;2;229;229;229m▀[0m[38;2;229;229;229m[48;2;229;229;229m▀[0m[38;2;229;229;229m[48;2;229;229;229m▀[0m[38;2;229;229;229m[48;2;229;229;229m▀[0m[38;2;229;229;229m[48;2;229;229;229m▀[0m[38;2;229;207;205m[48;2;229;229;229m▀[0m[38;2;229;161;153m[48;2;229;229;229m▀[0m[38;2;229;229;229m[48;2;229;229;229m▀[0m[38;2;229;229;229m[48;2;229;229;229m▀[0m[38;2;229;229;229m[48;2;229;229;229m▀[0m[38;2;229;229;229m[48;2;138;173;189m▀[0m[38;2;165;190;196m[48;2;85;124;135m▀[0m[38;2;163;127;119m[48;2;229;229;229m▀[0m[38;2;209;225;221m[48;2;50;0;0m▀[0m[38;2;226;135;127m[48;2;169;171;169m▀[0m[38;2;229;179;175m[48;2;229;229;229m▀[0m[38;2;183;0;0m[48;2;229;108;104m▀[0m[38;2;229;229;229m[48;2;162;206;203m▀[0m[38;2;229;229;229m[48;2;229;229;229m▀[0m[38;2;229;229;229m[48;2;229;229;229m▀[0m[38;2;229;229;229m[48;2;229;229;229m▀[0m[38;2;31;44;45m[48;2;229;229;229m▀[0m[38;2;0;0;0m[48;2;0;0;0m▀[0m
[38;2;0;0;0m[48;2;0;0;0m▀[0m[38;2;0;0;0m[48;2;0;0;0m▀[0m[38;2;0;0;0m[48;2;0;0;0m▀[0m[38;2;132;154;161m[48;2;119;144;146m▀[0m[38;2;182;213;223m[48;2;183;216;226m▀[0m[38;2;229;229;229m[48;2;199;214;220m▀[0m[38;2;229;229;229m[48;2;229;229;229m▀[0m[38;2;163;186;190m[48;2;61;97;105m▀[0m[38;2;229;229;229m[48;2;229;229;229m▀[0m[38;2;229;229;229m[48;2;229;229;229m▀[0m[38;2;229;229;229m[48;2;229;229;229m▀[0m[38;2;164;173;180m[48;2;229;229;229m▀[0m[38;2;78;113;125m[48;2;229;229;229m▀[0m[38;2;189;201;203m[48;2;229;229;229m▀[0m[38;2;229;229;229m[48;2;229;229;229m▀[0m[38;2;127;136;136m[48;2;229;229;229m▀[0m[38;2;0;0;0m[48;2;229;229;229m▀[0m[38;2;0;0;0m[48;2;102;107;108m▀[0m[38;2;137;149;149m[48;2;167;180;190m▀[0m[38;2;229;229;229m[48;2;229;229;229m▀[0m[38;2;229;229;229m[48;2;229;229;229m▀[0m[38;2;229;229;229m[48;2;229;229;229m▀[0m[38;2;229;229;229m[48;2;229;229;229m▀[0m[38;2;229;229;229m[48;2;229;229;229m▀[0m[38;2;229;229;229m[48;2;229;229;229m▀[0m[38;2;229;229;229m[48;2;229;229;229m▀[0m[38;2;229;229;229m[48;2;229;229;229m▀[0m[38;2;229;229;229m[48;2;229;184;180m▀[0m[38;2;229;229;229m[48;2;229;189;189m▀[0m[38;2;229;229;229m[48;2;229;229;229m▀[0m[38;2;164;189;196m[48;2;146;178;193m▀[0m[38;2;67;126;135m[48;2;171;203;208m▀[0m[38;2;229;229;229m[48;2;229;229;229m▀[0m[38;2;229;229;229m[48;2;229;200;195m▀[0m[38;2;126;46;36m[48;2;193;57;57m▀[0m[38;2;204;151;154m[48;2;216;135;136m▀[0m[38;2;229;229;229m[48;2;229;229;229m▀[0m[38;2;229;229;229m[48;2;229;229;229m▀[0m[38;2;181;205;205m[48;2;208;218;217m▀[0m[38;2;229;229;229m[48;2;175;180;171m▀[0m[38;2;229;229;229m[48;2;229;229;229m▀[0m[38;2;229;229;229m[48;2;229;229;229m▀[0m[38;2;229;229;229m[48;2;229;229;229m▀[0m[38;2;0;0;0m[48;2;110;113;115m▀[0m
[38;2;0;0;0m[48;2;60;62;62m▀[0m[38;2;0;0;0m[48;2;0;0;0m▀[0m[38;2;0;0;0m[48;2;0;0;0m▀[0m[38;2;59;74;78m[48;2;0;0;0m▀[0m[38;2;219;229;229m[48;2;160;200;229m▀[0m[38;2;157;183;198m[48;2;191;225;229m▀[0m[38;2;161;180;188m[48;2;139;165;184m▀[0m[38;2;90;117;126m[48;2;81;108;118m▀[0m[38;2;186;202;207m[48;2;134;162;173m▀[0m[38;2;229;229;229m[48;2;229;229;229m▀[0m[38;2;229;229;229m[48;2;229;229;229m▀[0m[38;2;229;229;229m[48;2;229;229;229m▀[0m[38;2;229;229;229m[48;2;229;229;229m▀[0m[38;2;229;207;203m[48;2;229;203;206m▀[0m[38;2;229;214;213m[48;2;229;229;229m▀[0m[38;2;229;229;229m[48;2;229;229;229m▀[0m[38;2;229;229;229m[48;2;157;173;182m▀[0m[38;2;64;91;99m[48;2;11;40;54m▀[0m[38;2;181;192;200m[48;2;189;200;207m▀[0m[38;2;229;229;229m[48;2;229;229;229m▀[0m[38;2;229;229;229m[48;2;229;229;229m▀[0m[38;2;229;229;229m[48;2;229;229;229m▀[0m[38;2;229;229;229m[48;2;229;229;229m▀[0m[38;2;229;229;229m[48;2;229;229;229m▀[0m[38;2;229;229;229m[48;2;229;189;187m▀[0m[38;2;216;200;200m[48;2;108;0;0m▀[0m[38;2;162;60;57m[48;2;212;185;185m▀[0m[38;2;229;206;203m[48;2;229;229;229m▀[0m[38;2;229;229;229m[48;2;229;229;229m▀[0m[38;2;229;229;229m[48;2;229;229;229m▀[0m[38;2;229;229;229m[48;2;229;229;229m▀[0m[38;2;153;159;158m[48;2;132;134;134m▀[0m[38;2;229;229;229m[48;2;229;208;209m▀[0m[38;2;226;148;137m[48;2;169;67;55m▀[0m[38;2;173;130;120m[48;2;229;229;229m▀[0m[38;2;156;119;121m[48;2;185;214;211m▀[0m[38;2;201;225;226m[48;2;215;229;229m▀[0m[38;2;229;228;228m[48;2;229;229;229m▀[0m[38;2;209;209;209m[48;2;229;220;217m▀[0m[38;2;160;170;162m[48;2;154;131;114m▀[0m[38;2;229;229;229m[48;2;229;229;229m▀[0m[38;2;229;229;229m[48;2;229;229;229m▀[0m[38;2;229;229;229m[48;2;229;229;229m▀[0m[38;2;225;229;229m[48;2;229;229;229m▀[0m
[38;2;229;229;229m[48;2;80;100;156m▀[0m[38;2;113;118;126m[48;2;229;229;229m▀[0m[38;2;0;0;0m[48;2;152;153;140m▀[0m[38;2;0;0;0m[48;2;162;95;0m▀[0m[38;2;0;0;0m[48;2;199;114;0m▀[0m[38;2;147;182;225m[48;2;168;108;0m▀[0m[38;2;177;214;229m[48;2;119;156;195m▀[0m[38;2;100;129;144m[48;2;167;204;227m▀[0m[38;2;101;130;142m[48;2;138;164;176m▀[0m[38;2;159;182;189m[48;2;126;153;162m▀[0m[38;2;229;229;229m[48;2;172;190;196m▀[0m[38;2;229;229;229m[48;2;229;229;229m▀[0m[38;2;229;229;229m[48;2;229;229;229m▀[0m[38;2;229;229;229m[48;2;229;229;229m▀[0m[38;2;229;229;229m[48;2;229;229;229m▀[0m[38;2;229;229;229m[48;2;191;211;215m▀[0m[38;2;72;103;117m[48;2;86;114;127m▀[0m[38;2;46;73;84m[48;2;57;81;90m▀[0m[38;2;174;193;196m[48;2;162;187;190m▀[0m[38;2;229;229;229m[48;2;229;229;229m▀[0m[38;2;229;229;229m[48;2;229;229;229m▀[0m[38;2;229;229;229m[48;2;229;229;229m▀[0m[38;2;229;229;229m[48;2;204;211;211m▀[0m[38;2;223;192;188m[48;2;229;229;229m▀[0m[38;2;229;207;206m[48;2;229;229;229m▀[0m[38;2;229;146;149m[48;2;229;218;218m▀[0m[38;2;229;229;229m[48;2;229;229;229m▀[0m[38;2;229;229;229m[48;2;229;229;229m▀[0m[38;2;229;229;229m[48;2;229;229;229m▀[0m[38;2;229;229;229m[48;2;229;229;229m▀[0m[38;2;229;229;229m[48;2;229;229;229m▀[0m[38;2;147;155;155m[48;2;168;179;183m▀[0m[38;2;162;51;59m[48;2;111;80;93m▀[0m[38;2;132;16;2m[48;2;144;126;107m▀[0m[38;2;229;229;229m[48;2;229;229;229m▀[0m[38;2;229;229;229m[48;2;170;172;154m▀[0m[38;2;213;224;226m[48;2;229;229;229m▀[0m[38;2;229;229;229m[48;2;229;229;229m▀[0m[38;2;229;210;208m[48;2;229;198;200m▀[0m[38;2;224;135;123m[48;2;229;189;192m▀[0m[38;2;229;229;229m[48;2;229;229;229m▀[0m[38;2;229;229;229m[48;2;229;229;229m▀[0m[38;2;229;229;229m[48;2;229;229;229m▀[0m[38;2;229;229;229m[48;2;229;229;229m▀[0m
[38;2;11;0;0m[48;2;229;184;0m▀[0m[38;2;157;173;208m[48;2;207;172;71m▀[0m[38;2;170;192;229m[48;2;55;91;179m▀[0m[38;2;79;79;81m[48;2;130;150;193m▀[0m[38;2;0;0;0m[48;2;229;210;62m▀[0m[38;2;229;162;0m[48;2;229;180;0m▀[0m[38;2;56;39;0m[48;2;130;100;0m▀[0m[38;2;112;161;211m[48;2;62;106;166m▀[0m[38;2;162;190;201m[48;2;144;169;181m▀[0m[38;2;146;171;179m[48;2;150;177;188m▀[0m[38;2;127;155;163m[48;2;128;160;166m▀[0m[38;2;137;162;168m[48;2;114;144;154m▀[0m[38;2;185;198;201m[48;2;126;151;158m▀[0m[38;2;192;205;211m[48;2;125;155;161m▀[0m[38;2;229;229;229m[48;2;135;160;169m▀[0m[38;2;189;204;210m[48;2;148;172;179m▀[0m[38;2;124;154;161m[48;2;147;174;181m▀[0m[38;2;69;98;101m[48;2;89;113;118m▀[0m[38;2;147;172;179m[48;2;134;164;173m▀[0m[38;2;229;229;229m[48;2;229;229;229m▀[0m[38;2;229;229;229m[48;2;229;180;176m▀[0m[38;2;214;223;223m[48;2;229;229;229m▀[0m[38;2;229;229;229m[48;2;229;229;229m▀[0m[38;2;229;229;229m[48;2;229;229;229m▀[0m[38;2;229;229;229m[48;2;229;229;229m▀[0m[38;2;229;229;229m[48;2;229;229;229m▀[0m[38;2;229;229;229m[48;2;229;229;229m▀[0m[38;2;229;229;229m[48;2;229;229;229m▀[0m[38;2;229;229;229m[48;2;229;229;229m▀[0m[38;2;229;229;229m[48;2;229;229;229m▀[0m[38;2;229;229;229m[48;2;229;229;229m▀[0m[38;2;0;8;15m[48;2;0;0;0m▀[0m[38;2;0;0;6m[48;2;0;0;0m▀[0m[38;2;213;226;216m[48;2;229;229;229m▀[0m[38;2;229;229;229m[48;2;229;229;229m▀[0m[38;2;161;169;164m[48;2;204;211;207m▀[0m[38;2;229;229;229m[48;2;229;229;229m▀[0m[38;2;229;229;229m[48;2;229;229;229m▀[0m[38;2;229;209;209m[48;2;229;211;207m▀[0m[38;2;229;207;203m[48;2;229;224;218m▀[0m[38;2;229;229;229m[48;2;229;229;229m▀[0m[38;2;229;229;229m[48;2;229;229;229m▀[0m[38;2;229;229;229m[48;2;229;229;229m▀[0m[38;2;216;222;225m[48;2;166;182;191m▀[0m
[38;2;229;190;0m[48;2;229;229;148m▀[0m[38;2;229;160;0m[48;2;219;151;0m▀[0m[38;2;206;225;229m[48;2;229;204;162m▀[0m[38;2;229;229;229m[48;2;229;229;206m▀[0m[38;2;229;229;229m[48;2;229;229;223m▀[0m[38;2;229;223;142m[48;2;229;189;106m▀[0m[38;2;229;229;187m[48;2;229;213;210m▀[0m[38;2;99;118;162m[48;2;229;229;229m▀[0m[38;2;18;32;38m[48;2;140;151;153m▀[0m[38;2;154;183;195m[48;2;130;155;162m▀[0m[38;2;207;215;221m[48;2;229;229;229m▀[0m[38;2;195;206;213m[48;2;229;229;229m▀[0m[38;2;111;141;147m[48;2;217;222;224m▀[0m[38;2;136;163;171m[48;2;99;123;134m▀[0m[38;2;143;170;176m[48;2;151;180;185m▀[0m[38;2;148;173;180m[48;2;165;189;197m▀[0m[38;2;152;172;177m[48;2;151;175;181m▀[0m[38;2;100;119;124m[48;2;107;123;127m▀[0m[38;2;129;166;174m[48;2;133;167;175m▀[0m[38;2;229;222;218m[48;2;191;202;206m▀[0m[38;2;229;229;229m[48;2;229;229;229m▀[0m[38;2;229;229;229m[48;2;229;229;229m▀[0m[38;2;229;229;229m[48;2;229;229;229m▀[0m[38;2;229;229;229m[48;2;229;229;229m▀[0m[38;2;229;213;212m[48;2;229;136;120m▀[0m[38;2;229;229;229m[48;2;229;229;229m▀[0m[38;2;229;229;229m[48;2;229;229;229m▀[0m[38;2;229;229;229m[48;2;229;229;229m▀[0m[38;2;229;229;229m[48;2;229;229;229m▀[0m[38;2;229;229;229m[48;2;229;218;209m▀[0m[38;2;135;128;127m[48;2;0;0;0m▀[0m[38;2;0;0;0m[48;2;0;0;0m▀[0m[38;2;100;105;102m[48;2;74;70;65m▀[0m[38;2;229;229;229m[48;2;229;214;189m▀[0m[38;2;189;188;175m[48;2;203;208;201m▀[0m[38;2;191;194;187m[48;2;185;185;179m▀[0m[38;2;229;229;229m[48;2;229;229;229m▀[0m[38;2;229;229;229m[48;2;229;229;229m▀[0m[38;2;229;208;202m[48;2;229;145;135m▀[0m[38;2;229;229;229m[48;2;229;229;229m▀[0m[38;2;229;229;229m[48;2;229;229;229m▀[0m[38;2;229;229;229m[48;2;229;229;229m▀[0m[38;2;229;229;229m[48;2;202;220;228m▀[0m[38;2;100;131;139m[48;2;54;82;87m▀[0m
[38;2;229;147;0m[48;2;229;135;0m▀[0m[38;2;229;180;35m[48;2;229;229;229m▀[0m[38;2;223;219;229m[48;2;44;51;101m▀[0m[38;2;182;156;171m[48;2;167;45;69m▀[0m[38;2;164;161;124m[48;2;153;160;210m▀[0m[38;2;145;169;184m[48;2;171;214;229m▀[0m[38;2;146;198;228m[48;2;12;25;27m▀[0m[38;2;145;180;197m[48;2;0;0;0m▀[0m[38;2;148;180;189m[48;2;110;136;153m▀[0m[38;2;127;157;162m[48;2;117;148;153m▀[0m[38;2;229;229;229m[48;2;205;225;229m▀[0m[38;2;229;229;229m[48;2;229;229;229m▀[0m[38;2;229;229;229m[48;2;229;229;229m▀[0m[38;2;205;209;213m[48;2;229;229;229m▀[0m[38;2;94;124;126m[48;2;152;176;182m▀[0m[38;2;152;174;182m[48;2;81;100;108m▀[0m[38;2;151;173;181m[48;2;0;0;0m▀[0m[38;2;108;126;130m[48;2;109;123;128m▀[0m[38;2;148;180;185m[48;2;162;190;198m▀[0m[38;2;151;169;177m[48;2;126;151;162m▀[0m[38;2;229;229;229m[48;2;229;229;229m▀[0m[38;2;229;229;229m[48;2;229;229;229m▀[0m[38;2;229;229;229m[48;2;229;229;229m▀[0m[38;2;229;229;229m[48;2;229;229;229m▀[0m[38;2;229;131;118m[48;2;229;229;229m▀[0m[38;2;229;229;229m[48;2;229;229;229m▀[0m[38;2;229;229;229m[48;2;229;229;229m▀[0m[38;2;229;229;229m[48;2;229;229;229m▀[0m[38;2;229;229;229m[48;2;229;126;111m▀[0m[38;2;229;36;16m[48;2;114;32;22m▀[0m[38;2;38;90;92m[48;2;0;13;14m▀[0m[38;2;0;0;0m[48;2;0;0;0m▀[0m[38;2;52;63;66m[48;2;108;125;135m▀[0m[38;2;203;207;202m[48;2;191;207;200m▀[0m[38;2;229;229;229m[48;2;229;229;229m▀[0m[38;2;196;196;192m[48;2;205;199;189m▀[0m[38;2;224;225;229m[48;2;219;219;217m▀[0m[38;2;229;229;229m[48;2;229;229;229m▀[0m[38;2;229;202;197m[48;2;229;229;229m▀[0m[38;2;229;229;229m[48;2;229;229;229m▀[0m[38;2;229;229;229m[48;2;229;229;229m▀[0m[38;2;229;229;229m[48;2;153;179;189m▀[0m[38;2;162;195;208m[48;2;176;205;216m▀[0m[38;2;21;33;38m[48;2;0;0;0m▀[0m
[38;2;201;167;90m[48;2;229;229;191m▀[0m[38;2;229;229;229m[48;2;229;229;229m▀[0m[38;2;146;180;198m[48;2;162;192;218m▀[0m[38;2;21;0;2m[48;2;142;185;207m▀[0m[38;2;168;168;187m[48;2;171;218;227m▀[0m[38;2;189;229;229m[48;2;158;133;142m▀[0m[38;2;143;152;150m[48;2;227;185;199m▀[0m[38;2;132;151;159m[48;2;195;220;227m▀[0m[38;2;137;164;180m[48;2;0;0;0m▀[0m[38;2;0;0;0m[48;2;0;0;0m▀[0m[38;2;188;224;229m[48;2;63;80;71m▀[0m[38;2;211;229;229m[48;2;162;199;216m▀[0m[38;2;229;229;229m[48;2;206;226;229m▀[0m[38;2;196;210;216m[48;2;216;229;229m▀[0m[38;2;189;216;227m[48;2;159;181;190m▀[0m[38;2;123;139;151m[48;2;121;139;144m▀[0m[38;2;109;126;126m[48;2;174;199;205m▀[0m[38;2;135;154;158m[48;2;130;143;153m▀[0m[38;2;165;190;196m[48;2;166;193;203m▀[0m[38;2;131;155;164m[48;2;144;170;178m▀[0m[38;2;155;170;179m[48;2;124;151;162m▀[0m[38;2;229;229;229m[48;2;183;196;201m▀[0m[38;2;229;229;229m[48;2;229;229;229m▀[0m[38;2;229;229;229m[48;2;229;229;229m▀[0m[38;2;229;229;229m[48;2;229;229;229m▀[0m[38;2;229;229;229m[48;2;229;229;229m▀[0m[38;2;229;229;229m[48;2;198;216;226m▀[0m[38;2;229;229;229m[48;2;174;181;193m▀[0m[38;2;190;150;150m[48;2;60;72;71m▀[0m[38;2;175;201;201m[48;2;63;66;70m▀[0m[38;2;0;0;0m[48;2;0;0;0m▀[0m[38;2;0;0;0m[48;2;0;0;0m▀[0m[38;2;126;153;169m[48;2;115;142;153m▀[0m[38;2;213;228;229m[48;2;229;229;229m▀[0m[38;2;207;210;209m[48;2;155;168;171m▀[0m[38;2;199;196;180m[48;2;136;150;145m▀[0m[38;2;229;229;229m[48;2;229;229;229m▀[0m[38;2;229;229;229m[48;2;229;229;229m▀[0m[38;2;229;229;229m[48;2;227;229;229m▀[0m[38;2;229;229;229m[48;2;136;161;175m▀[0m[38;2;147;171;178m[48;2;134;162;176m▀[0m[38;2;169;201;209m[48;2;216;229;229m▀[0m[38;2;152;174;183m[48;2;76;87;99m▀[0m[38;2;0;0;0m[48;2;0;0;0m▀[0m
[38;2;167;146;64m[48;2;171;111;0m▀[0m[38;2;154;216;229m[48;2;90;122;157m▀[0m[38;2;160;178;210m[48;2;105;139;191m▀[0m[38;2;195;226;229m[48;2;125;162;190m▀[0m[38;2;171;229;229m[48;2;68;98;120m▀[0m[38;2;90;105;110m[48;2;0;0;0m▀[0m[38;2;36;3;14m[48;2;8;0;0m▀[0m[38;2;0;17;23m[48;2;0;12;30m▀[0m[38;2;0;0;0m[48;2;0;0;0m▀[0m[38;2;49;19;0m[48;2;87;51;0m▀[0m[38;2;0;0;0m[48;2;0;0;0m▀[0m[38;2;69;98;120m[48;2;0;14;28m▀[0m[38;2;86;109;118m[48;2;0;0;0m▀[0m[38;2;86;104;111m[48;2;0;0;0m▀[0m[38;2;0;0;0m[48;2;0;0;0m▀[0m[38;2;14;21;22m[48;2;0;0;0m▀[0m[38;2;193;224;229m[48;2;16;23;24m▀[0m[38;2;146;166;171m[48;2;170;197;202m▀[0m[38;2;174;198;204m[48;2;176;203;210m▀[0m[38;2;152;175;180m[48;2;156;179;186m▀[0m[38;2;141;165;171m[48;2;149;172;178m▀[0m[38;2;126;151;158m[48;2;146;167;175m▀[0m[38;2;173;188;194m[48;2;131;160;164m▀[0m[38;2;217;225;229m[48;2;135;159;166m▀[0m[38;2;206;218;221m[48;2;136;163;169m▀[0m[38;2;167;186;198m[48;2;167;201;212m▀[0m[38;2;129;163;179m[48;2;119;151;154m▀[0m[38;2;229;229;229m[48;2;75;73;68m▀[0m[38;2;11;14;10m[48;2;0;0;0m▀[0m[38;2;1;0;1m[48;2;11;10;10m▀[0m[38;2;0;0;0m[48;2;16;19;16m▀[0m[38;2;0;0;0m[48;2;0;0;0m▀[0m[38;2;97;126;141m[48;2;115;135;148m▀[0m[38;2;229;229;229m[48;2;229;229;229m▀[0m[38;2;195;206;208m[48;2;229;229;229m▀[0m[38;2;109;127;129m[48;2;142;143;138m▀[0m[38;2;192;198;199m[48;2;153;166;170m▀[0m[38;2;181;203;212m[48;2;130;164;175m▀[0m[38;2;126;152;164m[48;2;145;172;179m▀[0m[38;2;142;166;182m[48;2;162;198;206m▀[0m[38;2;173;206;214m[48;2;198;209;216m▀[0m[38;2;215;229;229m[48;2;141;133;146m▀[0m[38;2;0;0;0m[48;2;0;0;0m▀[0m[38;2;0;0;0m[48;2;0;0;0m▀[0m
[38;2;219;142;0m[48;2;229;167;0m▀[0m[38;2;219;137;0m[48;2;229;183;0m▀[0m[38;2;0;0;0m[48;2;179;124;0m▀[0m[38;2;0;0;0m[48;2;0;0;0m▀[0m[38;2;0;0;0m[48;2;12;10;0m▀[0m[38;2;0;0;0m[48;2;2;0;0m▀[0m[38;2;133;93;0m[48;2;157;113;0m▀[0m[38;2;0;0;9m[48;2;0;0;0m▀[0m[38;2;0;0;0m[48;2;0;0;0m▀[0m[38;2;168;113;0m[48;2;229;163;0m▀[0m[38;2;25;14;0m[48;2;45;26;0m▀[0m[38;2;0;0;0m[48;2;0;0;0m▀[0m[38;2;0;0;0m[48;2;0;0;0m▀[0m[38;2;6;6;7m[48;2;0;0;0m▀[0m[38;2;0;0;0m[48;2;0;0;0m▀[0m[38;2;0;0;0m[48;2;0;0;0m▀[0m[38;2;0;0;0m[48;2;0;0;0m▀[0m[38;2;183;208;212m[48;2;199;226;229m▀[0m[38;2;180;205;215m[48;2;180;203;208m▀[0m[38;2;157;180;188m[48;2;158;181;187m▀[0m[38;2;154;175;182m[48;2;154;175;182m▀[0m[38;2;150;171;181m[48;2;154;175;181m▀[0m[38;2;151;175;182m[48;2;153;179;180m▀[0m[38;2;154;179;186m[48;2;161;181;189m▀[0m[38;2;170;194;202m[48;2;197;226;229m▀[0m[38;2;174;203;216m[48;2;132;156;164m▀[0m[38;2;94;97;99m[48;2;0;0;0m▀[0m[38;2;16;11;10m[48;2;66;63;65m▀[0m[38;2;0;0;0m[48;2;142;142;142m▀[0m[38;2;75;74;74m[48;2;96;99;99m▀[0m[38;2;25;25;23m[48;2;0;0;0m▀[0m[38;2;0;0;0m[48;2;0;0;0m▀[0m[38;2;143;126;134m[48;2;161;105;112m▀[0m[38;2;229;229;229m[48;2;229;229;229m▀[0m[38;2;166;185;185m[48;2;139;166;171m▀[0m[38;2;120;115;103m[48;2;126;156;162m▀[0m[38;2;152;164;170m[48;2;146;170;176m▀[0m[38;2;153;184;192m[48;2;166;198;207m▀[0m[38;2;166;211;216m[48;2;144;123;128m▀[0m[38;2;162;170;177m[48;2;161;117;120m▀[0m[38;2;203;171;179m[48;2;185;220;227m▀[0m[38;2;38;54;57m[48;2;0;0;0m▀[0m[38;2;0;0;0m[48;2;0;0;0m▀[0m[38;2;0;0;0m[48;2;0;0;0m▀[0m
[38;2;218;161;0m[48;2;229;195;0m▀[0m[38;2;97;70;0m[48;2;27;22;2m▀[0m[38;2;222;160;0m[48;2;229;170;0m▀[0m[38;2;7;5;0m[48;2;0;0;0m▀[0m[38;2;163;116;0m[48;2;212;155;0m▀[0m[38;2;27;15;2m[48;2;44;33;0m▀[0m[38;2;176;126;0m[48;2;179;123;0m▀[0m[38;2;0;0;0m[48;2;0;0;5m▀[0m[38;2;0;0;4m[48;2;0;0;5m▀[0m[38;2;229;220;0m[48;2;229;229;0m▀[0m[38;2;59;46;0m[48;2;92;69;0m▀[0m[38;2;0;0;0m[48;2;0;0;0m▀[0m[38;2;0;0;1m[48;2;0;0;0m▀[0m[38;2;7;7;11m[48;2;0;0;5m▀[0m[38;2;0;0;0m[48;2;0;0;0m▀[0m[38;2;0;0;0m[48;2;0;0;0m▀[0m[38;2;0;0;0m[48;2;0;0;0m▀[0m[38;2;209;229;229m[48;2;215;229;229m▀[0m[38;2;174;197;205m[48;2;169;194;202m▀[0m[38;2;159;180;187m[48;2;156;179;186m▀[0m[38;2;152;174;181m[48;2;152;174;180m▀[0m[38;2;154;174;181m[48;2;152;174;180m▀[0m[38;2;159;179;186m[48;2;155;179;185m▀[0m[38;2;164;189;196m[48;2;180;202;208m▀[0m[38;2;210;229;229m[48;2;178;205;216m▀[0m[38;2;25;31;36m[48;2;0;0;0m▀[0m[38;2;0;0;0m[48;2;0;0;0m▀[0m[38;2;0;0;0m[48;2;0;0;0m▀[0m[38;2;16;15;15m[48;2;0;0;0m▀[0m[38;2;27;30;31m[48;2;22;25;25m▀[0m[38;2;0;0;0m[48;2;0;0;0m▀[0m[38;2;0;0;0m[48;2;0;0;0m▀[0m[38;2;167;185;190m[48;2;173;199;199m▀[0m[38;2;229;229;229m[48;2;229;229;229m▀[0m[38;2;146;166;176m[48;2;135;167;172m▀[0m[38;2;163;193;201m[48;2;153;177;185m▀[0m[38;2;149;171;183m[48;2;149;169;173m▀[0m[38;2;137;146;154m[48;2;161;185;193m▀[0m[38;2;105;81;81m[48;2;174;211;219m▀[0m[38;2;210;229;229m[48;2;202;229;229m▀[0m[38;2;78;94;99m[48;2;0;0;0m▀[0m[38;2;0;0;0m[48;2;0;0;0m▀[0m[38;2;0;0;0m[48;2;0;0;0m▀[0m[38;2;0;0;0m[48;2;0;0;0m▀[0m
