[38;2;82;75;21m[48;2;72;66;49m▀[0m[38;2;96;88;64m[48;2;43;44;23m▀[0m[38;2;0;3;11m[48;2;67;62;9m▀[0m[38;2;0;0;1m[48;2;0;0;1m▀[0m[38;2;0;9;9m[48;2;0;5;9m▀[0m[38;2;1;3;4m[48;2;1;4;4m▀[0m[38;2;0;2;3m[48;2;0;2;0m▀[0m[38;2;2;5;6m[48;2;2;5;6m▀[0m[38;2;2;6;8m[48;2;2;6;8m▀[0m[38;2;1;4;4m[48;2;1;4;4m▀[0m[38;2;1;2;2m[48;2;1;2;2m▀[0m[38;2;2;5;6m[48;2;2;5;10m▀[0m[38;2;1;2;3m[48;2;1;2;2m▀[0m[38;2;1;1;1m[48;2;1;1;1m▀[0m[38;2;1;1;1m[48;2;0;1;1m▀[0m[38;2;1;1;1m[48;2;1;1;1m▀[0m[38;2;0;1;1m[48;2;0;1;1m▀[0m[38;2;0;1;1m[48;2;1;1;1m▀[0m[38;2;1;1;1m[48;2;1;1;1m▀[0m[38;2;1;1;1m[48;2;1;1;1m▀[0m[38;2;1;1;1m[48;2;1;1;1m▀[0m[38;2;1;1;1m[48;2;1;1;1m▀[0m[38;2;1;1;1m[48;2;1;1;1m▀[0m[38;2;1;1;1m[48;2;1;1;1m▀[0m[38;2;1;1;1m[48;2;1;1;1m▀[0m[38;2;0;1;1m[48;2;0;1;1m▀[0m[38;2;1;1;1m[48;2;0;1;1m▀[0m[38;2;1;1;1m[48;2;0;1;1m▀[0m[38;2;1;1;1m[48;2;0;1;1m▀[0m[38;2;0;1;1m[48;2;0;1;1m▀[0m[38;2;0;1;1m[48;2;0;1;1m▀[0m[38;2;0;1;1m[48;2;0;1;1m▀[0m[38;2;133;5;2m[48;2;95;4;1m▀[0m[38;2;255;10;3m[48;2;255;6;2m▀[0m[38;2;0;2;3m[48;2;0;3;4m▀[0m[38;2;0;2;2m[48;2;0;3;3m▀[0m
[38;2;148;135;34m[48;2;255;255;11m▀[0m[38;2;19;18;51m[48;2;27;31;63m▀[0m[38;2;112;94;0m[48;2;0;0;1m▀[0m[38;2;0;0;10m[48;2;26;29;13m▀[0m[38;2;0;2;10m[48;2;0;0;9m▀[0m[38;2;0;1;1m[48;2;2;5;6m▀[0m[38;2;1;0;0m[48;2;1;5;6m▀[0m[38;2;2;5;6m[48;2;1;5;6m▀[0m[38;2;2;6;8m[48;2;2;8;9m▀[0m[38;2;1;4;4m[48;2;1;4;5m▀[0m[38;2;1;2;2m[48;2;1;2;2m▀[0m[38;2;2;10;10m[48;2;2;10;6m▀[0m[38;2;1;2;2m[48;2;1;2;3m▀[0m[38;2;1;1;1m[48;2;1;1;1m▀[0m[38;2;1;1;1m[48;2;1;1;1m▀[0m[38;2;1;1;1m[48;2;0;1;1m▀[0m[38;2;1;1;1m[48;2;1;1;1m▀[0m[38;2;1;1;1m[48;2;1;1;1m▀[0m[38;2;1;1;1m[48;2;1;1;1m▀[0m[38;2;1;1;1m[48;2;1;1;1m▀[0m[38;2;1;1;1m[48;2;1;1;1m▀[0m[38;2;1;1;1m[48;2;0;1;1m▀[0m[38;2;1;1;1m[48;2;1;1;1m▀[0m[38;2;1;1;1m[48;2;0;1;1m▀[0m[38;2;0;1;1m[48;2;0;1;1m▀[0m[38;2;0;1;1m[48;2;0;0;1m▀[0m[38;2;0;1;1m[48;2;0;0;1m▀[0m[38;2;0;1;1m[48;2;0;0;0m▀[0m[38;2;0;1;1m[48;2;0;0;0m▀[0m[38;2;0;1;1m[48;2;0;0;0m▀[0m[38;2;0;1;1m[48;2;0;0;0m▀[0m[38;2;0;1;1m[48;2;0;0;0m▀[0m[38;2;110;4;1m[48;2;186;5;0m▀[0m[38;2;255;11;2m[48;2;255;9;2m▀[0m[38;2;0;3;4m[48;2;0;3;4m▀[0m[38;2;0;3;3m[48;2;0;4;3m▀[0m
[38;2;227;211;16m[48;2;143;128;2m▀[0m[38;2;62;72;75m[48;2;0;0;63m▀[0m[38;2;0;0;5m[48;2;65;65;31m▀[0m[38;2;0;0;5m[48;2;0;0;0m▀[0m[38;2;0;0;10m[48;2;0;0;10m▀[0m[38;2;0;2;6m[48;2;0;0;6m▀[0m[38;2;1;6;8m[48;2;1;6;9m▀[0m[38;2;2;5;6m[48;2;2;6;6m▀[0m[38;2;2;8;9m[48;2;2;9;10m▀[0m[38;2;1;5;5m[48;2;1;5;5m▀[0m[38;2;1;2;2m[48;2;1;0;0m▀[0m[38;2;2;10;6m[48;2;2;11;11m▀[0m[38;2;1;2;3m[48;2;1;3;3m▀[0m[38;2;1;1;1m[48;2;1;1;1m▀[0m[38;2;1;1;1m[48;2;1;1;1m▀[0m[38;2;0;1;1m[48;2;1;1;1m▀[0m[38;2;1;1;1m[48;2;1;1;1m▀[0m[38;2;1;1;1m[48;2;1;1;1m▀[0m[38;2;1;1;1m[48;2;1;1;1m▀[0m[38;2;1;1;1m[48;2;1;1;1m▀[0m[38;2;1;1;1m[48;2;1;1;1m▀[0m[38;2;1;1;1m[48;2;1;1;1m▀[0m[38;2;0;1;1m[48;2;0;1;1m▀[0m[38;2;0;1;1m[48;2;0;0;0m▀[0m[38;2;0;0;2m[48;2;0;0;0m▀[0m[38;2;0;0;0m[48;2;255;0;0m▀[0m[38;2;228;0;0m[48;2;255;58;2m▀[0m[38;2;255;3;0m[48;2;255;33;0m▀[0m[38;2;255;4;0m[48;2;255;0;0m▀[0m[38;2;255;0;0m[48;2;255;119;115m▀[0m[38;2;204;0;0m[48;2;135;144;146m▀[0m[38;2;0;0;0m[48;2;106;0;0m▀[0m[38;2;255;4;0m[48;2;255;2;0m▀[0m[38;2;255;10;2m[48;2;111;0;0m▀[0m[38;2;0;0;4m[48;2;0;0;3m▀[0m[38;2;202;6;2m[48;2;255;10;0m▀[0m
[38;2;111;106;9m[48;2;255;255;0m▀[0m[38;2;212;198;18m[48;2;255;255;0m▀[0m[38;2;128;120;62m[48;2;198;189;49m▀[0m[38;2;0;0;0m[48;2;20;24;17m▀[0m[38;2;0;0;5m[48;2;0;0;2m▀[0m[38;2;0;0;8m[48;2;0;0;4m▀[0m[38;2;2;9;11m[48;2;2;10;16m▀[0m[38;2;1;6;8m[48;2;1;6;8m▀[0m[38;2;2;9;10m[48;2;2;9;10m▀[0m[38;2;1;5;5m[48;2;1;5;5m▀[0m[38;2;1;0;0m[48;2;1;0;0m▀[0m[38;2;2;11;13m[48;2;2;11;12m▀[0m[38;2;1;3;3m[48;2;1;3;4m▀[0m[38;2;0;1;1m[48;2;1;1;1m▀[0m[38;2;1;1;1m[48;2;0;1;1m▀[0m[38;2;0;1;1m[48;2;1;1;1m▀[0m[38;2;1;1;1m[48;2;1;1;1m▀[0m[38;2;0;1;1m[48;2;0;1;1m▀[0m[38;2;1;1;1m[48;2;1;1;1m▀[0m[38;2;1;1;1m[48;2;1;1;1m▀[0m[38;2;1;1;1m[48;2;1;1;1m▀[0m[38;2;1;1;1m[48;2;0;1;1m▀[0m[38;2;0;2;2m[48;2;0;2;2m▀[0m[38;2;0;0;0m[48;2;0;0;0m▀[0m[38;2;39;19;23m[48;2;25;47;49m▀[0m[38;2;138;59;57m[48;2;0;0;0m▀[0m[38;2;0;0;0m[48;2;54;94;96m▀[0m[38;2;0;16;24m[48;2;220;255;255m▀[0m[38;2;0;0;6m[48;2;20;133;146m▀[0m[38;2;50;180;192m[48;2;175;0;2m▀[0m[38;2;54;156;174m[48;2;255;0;0m▀[0m[38;2;228;0;0m[48;2;255;28;0m▀[0m[38;2;255;0;0m[48;2;255;0;0m▀[0m[38;2;0;66;78m[48;2;188;9;11m▀[0m[38;2;223;10;4m[48;2;255;12;0m▀[0m[38;2;255;11;0m[48;2;63;9;5m▀[0m
[38;2;255;255;5m[48;2;188;185;19m▀[0m[38;2;255;255;0m[48;2;231;213;17m▀[0m[38;2;124;118;19m[48;2;0;0;10m▀[0m[38;2;48;50;51m[48;2;80;78;73m▀[0m[38;2;0;0;0m[48;2;5;3;6m▀[0m[38;2;0;0;3m[48;2;0;0;1m▀[0m[38;2;0;5;11m[48;2;0;4;11m▀[0m[38;2;1;8;9m[48;2;2;8;9m▀[0m[38;2;2;9;11m[48;2;2;9;11m▀[0m[38;2;1;5;6m[48;2;2;6;8m▀[0m[38;2;1;0;0m[48;2;1;3;0m▀[0m[38;2;2;11;12m[48;2;2;11;12m▀[0m[38;2;1;3;4m[48;2;1;3;3m▀[0m[38;2;1;1;1m[48;2;1;1;1m▀[0m[38;2;1;1;1m[48;2;1;1;1m▀[0m[38;2;1;1;1m[48;2;1;1;1m▀[0m[38;2;1;1;1m[48;2;1;1;1m▀[0m[38;2;1;1;1m[48;2;0;1;1m▀[0m[38;2;1;1;1m[48;2;0;1;1m▀[0m[38;2;1;1;1m[48;2;0;0;1m▀[0m[38;2;1;1;1m[48;2;0;0;1m▀[0m[38;2;1;1;1m[48;2;0;0;0m▀[0m[38;2;0;0;0m[48;2;0;0;0m▀[0m[38;2;0;0;0m[48;2;0;0;0m▀[0m[38;2;0;0;0m[48;2;51;56;60m▀[0m[38;2;0;0;0m[48;2;0;0;0m▀[0m[38;2;62;77;81m[48;2;0;6;8m▀[0m[38;2;255;255;255m[48;2;251;255;255m▀[0m[38;2;186;255;255m[48;2;188;255;255m▀[0m[38;2;27;0;0m[48;2;19;0;0m▀[0m[38;2;255;190;0m[48;2;255;36;0m▀[0m[38;2;255;255;27m[48;2;255;171;0m▀[0m[38;2;255;0;0m[48;2;255;0;0m▀[0m[38;2;255;0;0m[48;2;255;0;0m▀[0m[38;2;179;0;0m[48;2;111;0;5m▀[0m[38;2;0;3;13m[48;2;255;3;0m▀[0m
[38;2;0;0;0m[48;2;0;0;65m▀[0m[38;2;157;154;24m[48;2;255;255;0m▀[0m[38;2;71;69;10m[48;2;255;255;0m▀[0m[38;2;55;54;46m[48;2;134;121;26m▀[0m[38;2;144;128;11m[48;2;14;8;3m▀[0m[38;2;0;0;0m[48;2;0;0;0m▀[0m[38;2;0;8;11m[48;2;0;1;10m▀[0m[38;2;0;8;9m[48;2;0;4;9m▀[0m[38;2;2;9;10m[48;2;0;9;10m▀[0m[38;2;2;6;8m[48;2;2;6;8m▀[0m[38;2;1;4;4m[48;2;2;1;5m▀[0m[38;2;2;8;8m[48;2;2;8;8m▀[0m[38;2;1;4;4m[48;2;1;4;4m▀[0m[38;2;0;1;1m[48;2;1;1;1m▀[0m[38;2;1;1;1m[48;2;1;1;1m▀[0m[38;2;1;1;1m[48;2;0;0;0m▀[0m[38;2;0;0;1m[48;2;0;0;0m▀[0m[38;2;0;0;0m[48;2;0;0;0m▀[0m[38;2;0;0;0m[48;2;0;0;0m▀[0m[38;2;0;0;0m[48;2;0;0;0m▀[0m[38;2;0;0;0m[48;2;0;0;0m▀[0m[38;2;0;0;0m[48;2;0;0;0m▀[0m[38;2;0;0;0m[48;2;0;0;41m▀[0m[38;2;43;43;50m[48;2;40;50;58m▀[0m[38;2;48;48;50m[48;2;0;0;0m▀[0m[38;2;36;41;52m[48;2;73;69;46m▀[0m[38;2;213;223;227m[48;2;0;0;0m▀[0m[38;2;255;255;255m[48;2;0;0;0m▀[0m[38;2;255;255;255m[48;2;255;255;255m▀[0m[38;2;0;0;0m[48;2;255;255;255m▀[0m[38;2;146;26;62m[48;2;255;255;255m▀[0m[38;2;216;0;0m[48;2;249;255;255m▀[0m[38;2;255;0;0m[48;2;184;52;51m▀[0m[38;2;255;158;5m[48;2;255;133;0m▀[0m[38;2;255;14;0m[48;2;255;0;0m▀[0m[38;2;255;1;4m[48;2;0;0;9m▀[0m
[38;2;57;62;93m[48;2;66;65;9m▀[0m[38;2;121;113;0m[48;2;33;24;0m▀[0m[38;2;197;197;83m[48;2;65;58;81m▀[0m[38;2;83;56;60m[48;2;255;255;219m▀[0m[38;2;0;0;0m[48;2;0;2;19m▀[0m[38;2;0;0;0m[48;2;0;0;0m▀[0m[38;2;0;0;3m[48;2;33;25;0m▀[0m[38;2;0;0;1m[48;2;11;9;0m▀[0m[38;2;0;0;3m[48;2;0;2;4m▀[0m[38;2;0;2;5m[48;2;0;0;2m▀[0m[38;2;0;1;6m[48;2;0;1;3m▀[0m[38;2;2;6;8m[48;2;0;6;8m▀[0m[38;2;2;4;4m[48;2;1;4;4m▀[0m[38;2;1;1;1m[48;2;1;1;1m▀[0m[38;2;1;1;1m[48;2;0;0;0m▀[0m[38;2;0;0;0m[48;2;0;0;0m▀[0m[38;2;0;0;0m[48;2;0;0;0m▀[0m[38;2;0;0;0m[48;2;103;100;86m▀[0m[38;2;112;109;95m[48;2;255;255;255m▀[0m[38;2;113;102;79m[48;2;40;48;85m▀[0m[38;2;0;0;0m[48;2;116;96;0m▀[0m[38;2;50;29;0m[48;2;255;255;29m▀[0m[38;2;186;152;0m[48;2;255;255;89m▀[0m[38;2;58;48;0m[48;2;209;151;0m▀[0m[38;2;0;0;0m[48;2;17;31;83m▀[0m[38;2;181;178;161m[48;2;255;255;255m▀[0m[38;2;138;142;147m[48;2;246;253;255m▀[0m[38;2;0;0;0m[48;2;255;255;255m▀[0m[38;2;255;255;255m[48;2;255;255;255m▀[0m[38;2;221;164;163m[48;2;255;255;255m▀[0m[38;2;66;71;74m[48;2;0;0;0m▀[0m[38;2;186;255;255m[48;2;0;0;0m▀[0m[38;2;255;0;0m[48;2;150;0;0m▀[0m[38;2;255;0;0m[48;2;8;0;0m▀[0m[38;2;0;0;0m[48;2;0;0;0m▀[0m[38;2;0;9;18m[48;2;0;10;12m▀[0m
[38;2;0;0;0m[48;2;0;0;0m▀[0m[38;2;0;0;4m[48;2;33;41;31m▀[0m[38;2;11;0;0m[48;2;133;140;147m▀[0m[38;2;70;64;49m[48;2;27;18;0m▀[0m[38;2;141;138;113m[48;2;223;208;141m▀[0m[38;2;37;6;0m[48;2;255;255;255m▀[0m[38;2;19;0;0m[48;2;0;0;16m▀[0m[38;2;190;154;75m[48;2;4;2;0m▀[0m[38;2;231;225;196m[48;2;197;190;171m▀[0m[38;2;0;0;0m[48;2;55;37;2m▀[0m[38;2;0;0;5m[48;2;0;0;0m▀[0m[38;2;0;3;8m[48;2;0;0;5m▀[0m[38;2;2;4;4m[48;2;0;1;4m▀[0m[38;2;1;0;1m[48;2;0;0;0m▀[0m[38;2;0;0;0m[48;2;0;0;0m▀[0m[38;2;0;0;0m[48;2;0;0;0m▀[0m[38;2;0;0;0m[48;2;21;25;27m▀[0m[38;2;125;124;115m[48;2;103;111;113m▀[0m[38;2;94;102;123m[48;2;255;255;255m▀[0m[38;2;207;224;255m[48;2;126;128;142m▀[0m[38;2;255;225;0m[48;2;36;8;0m▀[0m[38;2;255;255;40m[48;2;132;100;0m▀[0m[38;2;255;255;162m[48;2;58;58;67m▀[0m[38;2;80;65;0m[48;2;66;80;129m▀[0m[38;2;78;90;134m[48;2;255;255;255m▀[0m[38;2;255;255;255m[48;2;255;255;255m▀[0m[38;2;255;255;255m[48;2;255;255;255m▀[0m[38;2;255;255;255m[48;2;255;255;255m▀[0m[38;2;255;255;255m[48;2;255;255;255m▀[0m[38;2;255;255;255m[48;2;255;255;255m▀[0m[38;2;150;178;182m[48;2;255;255;255m▀[0m[38;2;0;0;0m[48;2;0;0;0m▀[0m[38;2;0;0;0m[48;2;0;0;0m▀[0m[38;2;0;0;0m[48;2;21;78;81m▀[0m[38;2;0;0;0m[48;2;118;218;221m▀[0m[38;2;123;167;170m[48;2;247;175;175m▀[0m
[38;2;0;0;9m[48;2;147;134;41m▀[0m[38;2;51;26;0m[48;2;155;141;103m▀[0m[38;2;41;32;14m[48;2;16;5;0m▀[0m[38;2;40;18;0m[48;2;13;6;0m▀[0m[38;2;255;243;139m[48;2;70;37;0m▀[0m[38;2;255;255;255m[48;2;249;189;66m▀[0m[38;2;155;140;64m[48;2;255;255;255m▀[0m[38;2;6;0;0m[48;2;230;141;0m▀[0m[38;2;0;0;20m[48;2;0;0;0m▀[0m[38;2;232;213;184m[48;2;101;94;60m▀[0m[38;2;56;40;0m[48;2;108;98;36m▀[0m[38;2;0;0;0m[48;2;0;0;0m▀[0m[38;2;0;1;4m[48;2;0;0;4m▀[0m[38;2;0;0;0m[48;2;0;0;0m▀[0m[38;2;0;0;0m[48;2;0;0;0m▀[0m[38;2;0;0;0m[48;2;0;0;0m▀[0m[38;2;0;0;0m[48;2;0;2;5m▀[0m[38;2;251;255;255m[48;2;249;255;255m▀[0m[38;2;255;255;255m[48;2;0;0;0m▀[0m[38;2;0;0;0m[48;2;141;103;0m▀[0m[38;2;0;0;0m[48;2;33;26;0m▀[0m[38;2;0;0;0m[48;2;125;138;156m▀[0m[38;2;87;94;132m[48;2;255;255;255m▀[0m[38;2;144;152;169m[48;2;194;203;213m▀[0m[38;2;255;255;255m[48;2;218;228;234m▀[0m[38;2;255;255;255m[48;2;255;255;255m▀[0m[38;2;255;255;255m[48;2;255;255;255m▀[0m[38;2;255;255;255m[48;2;165;174;178m▀[0m[38;2;255;255;255m[48;2;255;255;255m▀[0m[38;2;255;255;255m[48;2;255;255;255m▀[0m[38;2;255;255;255m[48;2;255;255;255m▀[0m[38;2;0;0;0m[48;2;5;0;0m▀[0m[38;2;0;0;0m[48;2;0;0;0m▀[0m[38;2;83;127;131m[48;2;0;0;0m▀[0m[38;2;255;116;112m[48;2;255;0;0m▀[0m[38;2;255;0;0m[48;2;255;0;0m▀[0m
[38;2;0;0;11m[48;2;0;0;0m▀[0m[38;2;65;73;80m[48;2;0;4;4m▀[0m[38;2;82;51;0m[48;2;177;154;20m▀[0m[38;2;9;0;0m[48;2;33;10;0m▀[0m[38;2;0;0;0m[48;2;2;3;0m▀[0m[38;2;204;113;0m[48;2;0;0;0m▀[0m[38;2;255;255;239m[48;2;255;158;0m▀[0m[38;2;255;255;255m[48;2;255;255;255m▀[0m[38;2;202;116;0m[48;2;255;255;255m▀[0m[38;2;35;5;0m[48;2;60;42;9m▀[0m[38;2;31;17;0m[48;2;0;0;0m▀[0m[38;2;0;0;0m[48;2;104;31;1m▀[0m[38;2;0;0;0m[48;2;72;0;0m▀[0m[38;2;0;0;0m[48;2;0;0;0m▀[0m[38;2;0;0;0m[48;2;0;0;0m▀[0m[38;2;0;0;0m[48;2;0;0;0m▀[0m[38;2;88;95;97m[48;2;27;34;39m▀[0m[38;2;27;39;64m[48;2;0;0;0m▀[0m[38;2;41;10;0m[48;2;139;124;78m▀[0m[38;2;255;254;98m[48;2;255;255;207m▀[0m[38;2;186;194;205m[48;2;146;159;180m▀[0m[38;2;255;255;255m[48;2;236;235;241m▀[0m[38;2;255;255;255m[48;2;255;255;255m▀[0m[38;2;255;255;255m[48;2;255;255;255m▀[0m[38;2;255;255;255m[48;2;255;255;255m▀[0m[38;2;255;255;255m[48;2;255;255;255m▀[0m[38;2;255;255;255m[48;2;255;255;255m▀[0m[38;2;44;49;50m[48;2;73;79;80m▀[0m[38;2;171;177;178m[48;2;13;14;16m▀[0m[38;2;255;255;255m[48;2;255;255;255m▀[0m[38;2;255;255;255m[48;2;255;255;255m▀[0m[38;2;177;192;194m[48;2;255;255;255m▀[0m[38;2;0;0;0m[48;2;0;0;0m▀[0m[38;2;0;0;0m[48;2;0;0;0m▀[0m[38;2;150;66;11m[48;2;0;69;19m▀[0m[38;2;110;96;26m[48;2;78;164;28m▀[0m
[38;2;1;14;20m[48;2;13;29;36m▀[0m[38;2;0;0;10m[48;2;0;0;11m▀[0m[38;2;83;87;34m[48;2;0;0;4m▀[0m[38;2;105;92;19m[48;2;129;128;95m▀[0m[38;2;85;63;1m[48;2;63;52;19m▀[0m[38;2;0;0;0m[48;2;51;32;0m▀[0m[38;2;11;0;0m[48;2;29;24;0m▀[0m[38;2;192;123;0m[48;2;0;0;0m▀[0m[38;2;234;242;255m[48;2;110;40;0m▀[0m[38;2;255;255;255m[48;2;255;255;255m▀[0m[38;2;27;8;0m[48;2;187;203;228m▀[0m[38;2;140;39;1m[48;2;246;195;0m▀[0m[38;2;255;161;0m[48;2;255;79;0m▀[0m[38;2;25;0;0m[48;2;253;33;0m▀[0m[38;2;0;0;0m[48;2;0;0;41m▀[0m[38;2;0;0;0m[48;2;0;0;0m▀[0m[38;2;0;0;0m[48;2;60;75;85m▀[0m[38;2;0;0;0m[48;2;230;238;243m▀[0m[38;2;141;155;165m[48;2;255;255;255m▀[0m[38;2;196;208;213m[48;2;47;52;52m▀[0m[38;2;105;113;117m[48;2;182;188;188m▀[0m[38;2;255;255;255m[48;2;238;248;249m▀[0m[38;2;255;255;255m[48;2;251;255;255m▀[0m[38;2;255;255;255m[48;2;255;255;255m▀[0m[38;2;255;255;255m[48;2;255;255;255m▀[0m[38;2;255;255;255m[48;2;255;255;255m▀[0m[38;2;255;255;255m[48;2;255;255;255m▀[0m[38;2;156;163;164m[48;2;255;255;255m▀[0m[38;2;0;0;0m[48;2;133;139;140m▀[0m[38;2;227;233;236m[48;2;0;0;0m▀[0m[38;2;255;255;255m[48;2;255;255;255m▀[0m[38;2;255;255;255m[48;2;255;255;255m▀[0m[38;2;0;23;25m[48;2;20;52;55m▀[0m[38;2;0;0;0m[48;2;243;232;235m▀[0m[38;2;255;0;0m[48;2;255;149;141m▀[0m[38;2;255;0;0m[48;2;255;0;0m▀[0m
[38;2;17;32;37m[48;2;20;33;40m▀[0m[38;2;0;4;13m[48;2;0;0;4m▀[0m[38;2;0;4;17m[48;2;0;4;14m▀[0m[38;2;0;0;17m[48;2;0;0;8m▀[0m[38;2;0;3;16m[48;2;0;0;4m▀[0m[38;2;8;9;2m[48;2;0;0;4m▀[0m[38;2;129;117;2m[48;2;0;0;0m▀[0m[38;2;0;0;0m[48;2;54;34;3m▀[0m[38;2;0;0;0m[48;2;105;57;0m▀[0m[38;2;97;36;0m[48;2;255;255;0m▀[0m[38;2;255;255;255m[48;2;255;255;216m▀[0m[38;2;255;255;117m[48;2;255;255;152m▀[0m[38;2;255;255;0m[48;2;255;255;0m▀[0m[38;2;255;180;0m[48;2;255;255;0m▀[0m[38;2;255;247;172m[48;2;255;0;0m▀[0m[38;2;255;255;255m[48;2;255;255;218m▀[0m[38;2;255;255;255m[48;2;219;213;243m▀[0m[38;2;192;203;211m[48;2;255;255;255m▀[0m[38;2;242;250;255m[48;2;255;255;255m▀[0m[38;2;255;255;255m[48;2;255;255;255m▀[0m[38;2;255;255;255m[48;2;255;255;255m▀[0m[38;2;255;255;255m[48;2;255;255;255m▀[0m[38;2;207;212;215m[48;2;255;255;255m▀[0m[38;2;186;190;194m[48;2;255;255;255m▀[0m[38;2;215;223;223m[48;2;98;103;104m▀[0m[38;2;255;255;255m[48;2;59;63;65m▀[0m[38;2;255;255;255m[48;2;201;207;209m▀[0m[38;2;255;255;255m[48;2;255;255;255m▀[0m[38;2;255;255;255m[48;2;255;255;255m▀[0m[38;2;0;0;0m[48;2;0;0;0m▀[0m[38;2;36;40;43m[48;2;0;0;0m▀[0m[38;2;96;104;109m[48;2;116;123;125m▀[0m[38;2;65;82;85m[48;2;89;104;108m▀[0m[38;2;180;242;247m[48;2;40;65;69m▀[0m[38;2;255;255;255m[48;2;253;255;255m▀[0m[38;2;141;10;4m[48;2;0;0;0m▀[0m
