[38;2;0;1;1m[48;2;0;1;0m▀[0m[38;2;0;0;0m[48;2;0;0;0m▀[0m[38;2;0;0;0m[48;2;0;0;0m▀[0m[38;2;0;0;0m[48;2;39;47;47m▀[0m[38;2;237;254;255m[48;2;255;255;255m▀[0m[38;2;255;255;255m[48;2;115;81;80m▀[0m[38;2;13;0;0m[48;2;16;0;0m▀[0m[38;2;0;0;0m[48;2;255;255;255m▀[0m[38;2;0;0;0m[48;2;131;135;135m▀[0m[38;2;0;0;0m[48;2;105;109;109m▀[0m[38;2;0;0;0m[48;2;98;98;98m▀[0m[38;2;0;0;0m[48;2;102;102;102m▀[0m[38;2;0;0;0m[48;2;104;111;112m▀[0m[38;2;0;0;0m[48;2;164;186;187m▀[0m[38;2;5;37;43m[48;2;255;234;225m▀[0m[38;2;216;255;255m[48;2;255;174;161m▀[0m[38;2;255;255;255m[48;2;229;103;94m▀[0m[38;2;255;255;255m[48;2;179;50;33m▀[0m[38;2;232;177;173m[48;2;12;0;0m▀[0m[38;2;255;255;255m[48;2;181;45;30m▀[0m[38;2;255;255;255m[48;2;241;92;76m▀[0m[38;2;166;212;217m[48;2;255;194;189m▀[0m[38;2;102;130;136m[48;2;255;255;255m▀[0m[38;2;0;0;0m[48;2;205;220;222m▀[0m[38;2;0;0;0m[48;2;226;231;230m▀[0m[38;2;0;0;0m[48;2;229;229;229m▀[0m[38;2;0;0;0m[48;2;255;255;255m▀[0m[38;2;0;0;0m[48;2;255;255;255m▀[0m[38;2;0;0;0m[48;2;255;255;255m▀[0m[38;2;137;121;121m[48;2;255;255;255m▀[0m[38;2;0;0;0m[48;2;0;0;0m▀[0m[38;2;205;197;194m[48;2;0;0;0m▀[0m[38;2;255;255;255m[48;2;255;255;255m▀[0m[38;2;0;0;0m[48;2;0;0;0m▀[0m[38;2;0;0;0m[48;2;0;0;0m▀[0m[38;2;0;0;0m[48;2;0;0;0m▀[0m
[38;2;0;1;0m[48;2;0;0;0m▀[0m[38;2;0;0;0m[48;2;0;0;0m▀[0m[38;2;0;0;0m[48;2;0;0;0m▀[0m[38;2;155;155;151m[48;2;15;23;23m▀[0m[38;2;251;171;157m[48;2;251;190;185m▀[0m[38;2;0;0;0m[48;2;0;0;0m▀[0m[38;2;0;0;0m[48;2;0;0;0m▀[0m[38;2;255;255;255m[48;2;0;0;0m▀[0m[38;2;255;255;255m[48;2;112;111;111m▀[0m[38;2;255;255;255m[48;2;170;169;166m▀[0m[38;2;255;255;255m[48;2;213;214;211m▀[0m[38;2;255;255;255m[48;2;195;190;186m▀[0m[38;2;255;255;255m[48;2;142;147;148m▀[0m[38;2;254;223;215m[48;2;27;29;31m▀[0m[38;2;139;7;0m[48;2;0;0;0m▀[0m[38;2;52;0;0m[48;2;83;31;25m▀[0m[38;2;165;40;30m[48;2;35;0;0m▀[0m[38;2;37;0;0m[48;2;0;0;0m▀[0m[38;2;0;0;0m[48;2;0;0;0m▀[0m[38;2;0;0;0m[48;2;0;0;0m▀[0m[38;2;144;21;11m[48;2;150;49;40m▀[0m[38;2;125;0;0m[48;2;71;21;17m▀[0m[38;2;113;0;0m[48;2;0;0;0m▀[0m[38;2;255;255;255m[48;2;11;20;21m▀[0m[38;2;255;255;255m[48;2;44;49;53m▀[0m[38;2;255;255;255m[48;2;29;19;16m▀[0m[38;2;255;255;255m[48;2;0;0;0m▀[0m[38;2;255;255;255m[48;2;0;0;0m▀[0m[38;2;255;255;255m[48;2;0;0;0m▀[0m[38;2;49;48;48m[48;2;0;0;0m▀[0m[38;2;0;0;0m[48;2;0;5;5m▀[0m[38;2;21;0;0m[48;2;148;144;147m▀[0m[38;2;203;169;168m[48;2;8;13;14m▀[0m[38;2;0;0;0m[48;2;0;0;0m▀[0m[38;2;0;0;0m[48;2;0;0;0m▀[0m[38;2;0;0;0m[48;2;0;0;0m▀[0m
[38;2;0;0;0m[48;2;0;0;0m▀[0m[38;2;0;0;0m[48;2;0;0;0m▀[0m[38;2;0;0;0m[48;2;0;0;0m▀[0m[38;2;0;0;0m[48;2;0;0;0m▀[0m[38;2;17;20;20m[48;2;0;0;0m▀[0m[38;2;88;78;79m[48;2;0;0;0m▀[0m[38;2;0;0;0m[48;2;73;81;82m▀[0m[38;2;0;0;0m[48;2;174;182;185m▀[0m[38;2;0;0;0m[48;2;143;111;106m▀[0m[38;2;0;0;0m[48;2;0;0;0m▀[0m[38;2;0;0;0m[48;2;48;50;50m▀[0m[38;2;0;0;0m[48;2;214;219;216m▀[0m[38;2;0;0;0m[48;2;141;146;145m▀[0m[38;2;0;0;0m[48;2;0;0;0m▀[0m[38;2;0;0;0m[48;2;199;198;198m▀[0m[38;2;255;255;255m[48;2;255;255;255m▀[0m[38;2;231;173;162m[48;2;255;255;255m▀[0m[38;2;0;0;0m[48;2;169;119;113m▀[0m[38;2;0;0;0m[48;2;21;0;0m▀[0m[38;2;0;0;0m[48;2;192;213;213m▀[0m[38;2;255;255;255m[48;2;255;255;255m▀[0m[38;2;255;255;255m[48;2;255;255;255m▀[0m[38;2;0;0;0m[48;2;189;194;195m▀[0m[38;2;0;3;3m[48;2;0;0;0m▀[0m[38;2;0;0;0m[48;2;255;191;182m▀[0m[38;2;0;0;0m[48;2;255;255;255m▀[0m[38;2;0;0;0m[48;2;150;158;161m▀[0m[38;2;0;0;0m[48;2;85;92;93m▀[0m[38;2;64;53;54m[48;2;30;2;0m▀[0m[38;2;126;136;136m[48;2;255;255;255m▀[0m[38;2;0;1;2m[48;2;255;255;255m▀[0m[38;2;0;0;0m[48;2;188;212;214m▀[0m[38;2;0;0;0m[48;2;77;97;98m▀[0m[38;2;0;0;0m[48;2;0;0;0m▀[0m[38;2;0;0;0m[48;2;0;0;0m▀[0m[38;2;0;0;0m[48;2;0;0;0m▀[0m
[38;2;0;0;0m[48;2;0;0;0m▀[0m[38;2;0;0;0m[48;2;0;0;0m▀[0m[38;2;0;0;0m[48;2;37;54;56m▀[0m[38;2;0;0;0m[48;2;255;255;255m▀[0m[38;2;255;255;255m[48;2;255;183;178m▀[0m[38;2;255;255;255m[48;2;205;134;129m▀[0m[38;2;255;255;255m[48;2;192;142;137m▀[0m[38;2;255;255;255m[48;2;243;226;225m▀[0m[38;2;0;0;0m[48;2;13;48;52m▀[0m[38;2;139;149;150m[48;2;0;14;15m▀[0m[38;2;172;177;177m[48;2;156;173;170m▀[0m[38;2;28;36;36m[48;2;132;93;90m▀[0m[38;2;0;0;0m[48;2;32;2;5m▀[0m[38;2;0;0;0m[48;2;46;76;76m▀[0m[38;2;50;24;19m[48;2;0;0;0m▀[0m[38;2;3;0;0m[48;2;160;0;0m▀[0m[38;2;243;112;94m[48;2;72;49;48m▀[0m[38;2;255;255;255m[48;2;94;127;129m▀[0m[38;2;255;166;155m[48;2;0;0;0m▀[0m[38;2;255;255;255m[48;2;45;68;71m▀[0m[38;2;255;94;73m[48;2;72;18;18m▀[0m[38;2;61;17;11m[48;2;165;0;0m▀[0m[38;2;0;7;14m[48;2;0;0;0m▀[0m[38;2;0;0;0m[48;2;93;119;123m▀[0m[38;2;0;0;0m[48;2;44;44;44m▀[0m[38;2;1;0;0m[48;2;108;83;80m▀[0m[38;2;98;102;103m[48;2;72;64;63m▀[0m[38;2;186;196;197m[48;2;0;0;0m▀[0m[38;2;0;0;0m[48;2;0;12;15m▀[0m[38;2;140;114;111m[48;2;127;123;122m▀[0m[38;2;255;255;255m[48;2;182;56;42m▀[0m[38;2;255;243;239m[48;2;132;21;10m▀[0m[38;2;248;190;187m[48;2;86;3;0m▀[0m[38;2;255;255;255m[48;2;202;87;75m▀[0m[38;2;95;116;120m[48;2;255;255;255m▀[0m[38;2;0;0;0m[48;2;70;96;98m▀[0m
[38;2;0;0;0m[48;2;0;0;0m▀[0m[38;2;0;14;18m[48;2;117;120;121m▀[0m[38;2;255;240;236m[48;2;173;125;124m▀[0m[38;2;136;65;58m[48;2;0;0;0m▀[0m[38;2;81;12;6m[48;2;102;47;40m▀[0m[38;2;74;9;0m[48;2;144;61;52m▀[0m[38;2;87;23;17m[48;2;142;58;47m▀[0m[38;2;101;90;91m[48;2;116;27;15m▀[0m[38;2;101;68;65m[48;2;227;80;63m▀[0m[38;2;38;0;0m[48;2;117;42;39m▀[0m[38;2;0;0;0m[48;2;0;0;0m▀[0m[38;2;0;0;0m[48;2;0;0;0m▀[0m[38;2;45;50;49m[48;2;40;42;42m▀[0m[38;2;138;149;148m[48;2;148;108;96m▀[0m[38;2;40;5;0m[48;2;0;0;0m▀[0m[38;2;223;0;0m[48;2;0;0;0m▀[0m[38;2;18;0;0m[48;2;94;57;52m▀[0m[38;2;35;16;14m[48;2;255;255;255m▀[0m[38;2;0;0;0m[48;2;255;255;255m▀[0m[38;2;52;47;41m[48;2;255;255;255m▀[0m[38;2;8;0;0m[48;2;226;161;151m▀[0m[38;2;164;0;0m[48;2;0;0;0m▀[0m[38;2;69;36;26m[48;2;0;0;0m▀[0m[38;2;114;84;83m[48;2;118;67;62m▀[0m[38;2;16;23;24m[48;2;0;3;2m▀[0m[38;2;0;0;0m[48;2;0;0;0m▀[0m[38;2;0;0;0m[48;2;0;0;0m▀[0m[38;2;63;22;17m[48;2;46;20;16m▀[0m[38;2;77;27;25m[48;2;222;99;86m▀[0m[38;2;0;0;0m[48;2;164;83;75m▀[0m[38;2;88;31;21m[48;2;72;29;24m▀[0m[38;2;91;34;27m[48;2;170;93;86m▀[0m[38;2;51;19;17m[48;2;239;149;136m▀[0m[38;2;40;2;1m[48;2;112;53;49m▀[0m[38;2;89;30;24m[48;2;0;0;0m▀[0m[38;2;237;225;222m[48;2;166;116;116m▀[0m
[38;2;0;0;0m[48;2;0;0;0m▀[0m[38;2;172;138;138m[48;2;188;161;161m▀[0m[38;2;0;0;0m[48;2;0;0;0m▀[0m[38;2;64;30;27m[48;2;119;67;57m▀[0m[38;2;167;78;67m[48;2;168;84;75m▀[0m[38;2;185;113;100m[48;2;87;46;39m▀[0m[38;2;70;32;28m[48;2;155;73;63m▀[0m[38;2;202;116;108m[48;2;217;115;103m▀[0m[38;2;216;100;86m[48;2;111;56;49m▀[0m[38;2;62;27;23m[48;2;0;0;0m▀[0m[38;2;0;0;0m[48;2;0;0;0m▀[0m[38;2;23;11;7m[48;2;167;80;67m▀[0m[38;2;0;0;0m[48;2;13;6;4m▀[0m[38;2;88;83;82m[48;2;0;0;0m▀[0m[38;2;8;29;32m[48;2;55;64;65m▀[0m[38;2;0;0;0m[48;2;31;30;31m▀[0m[38;2;91;53;52m[48;2;0;3;4m▀[0m[38;2;255;255;255m[48;2;0;0;0m▀[0m[38;2;255;255;255m[48;2;0;0;0m▀[0m[38;2;255;255;255m[48;2;0;0;0m▀[0m[38;2;113;106;102m[48;2;0;8;7m▀[0m[38;2;0;0;0m[48;2;1;3;5m▀[0m[38;2;4;13;14m[48;2;52;60;63m▀[0m[38;2;66;69;70m[48;2;0;0;0m▀[0m[38;2;0;0;0m[48;2;13;10;4m▀[0m[38;2;74;29;23m[48;2;255;134;110m▀[0m[38;2;23;9;5m[48;2;157;71;60m▀[0m[38;2;0;0;0m[48;2;0;0;0m▀[0m[38;2;233;117;103m[48;2;0;0;0m▀[0m[38;2;252;136;122m[48;2;123;59;50m▀[0m[38;2;174;74;66m[48;2;174;86;74m▀[0m[38;2;98;46;46m[48;2;122;64;58m▀[0m[38;2;151;81;72m[48;2;57;35;34m▀[0m[38;2;190;103;90m[48;2;150;86;76m▀[0m[38;2;15;10;8m[48;2;38;24;22m▀[0m[38;2;0;0;0m[48;2;0;0;0m▀[0m
[38;2;255;255;255m[48;2;53;33;32m▀[0m[38;2;161;159;157m[48;2;0;7;6m▀[0m[38;2;0;0;0m[48;2;0;0;0m▀[0m[38;2;131;74;68m[48;2;0;0;0m▀[0m[38;2;61;35;33m[48;2;0;0;0m▀[0m[38;2;144;76;68m[48;2;19;11;11m▀[0m[38;2;192;96;85m[48;2;27;16;18m▀[0m[38;2;101;45;41m[48;2;0;0;0m▀[0m[38;2;22;14;17m[48;2;0;0;0m▀[0m[38;2;0;0;0m[48;2;80;39;35m▀[0m[38;2;162;74;63m[48;2;129;60;54m▀[0m[38;2;178;79;67m[48;2;187;90;80m▀[0m[38;2;23;9;6m[48;2;255;140;116m▀[0m[38;2;0;0;0m[48;2;12;3;3m▀[0m[38;2;0;0;0m[48;2;0;0;0m▀[0m[38;2;36;41;40m[48;2;0;0;0m▀[0m[38;2;15;18;21m[48;2;51;54;55m▀[0m[38;2;0;0;0m[48;2;11;15;12m▀[0m[38;2;0;0;0m[48;2;41;52;52m▀[0m[38;2;0;0;0m[48;2;47;52;52m▀[0m[38;2;0;0;1m[48;2;36;40;39m▀[0m[38;2;44;52;52m[48;2;0;0;0m▀[0m[38;2;0;0;0m[48;2;0;0;0m▀[0m[38;2;0;0;0m[48;2;0;0;0m▀[0m[38;2;2;0;0m[48;2;214;101;82m▀[0m[38;2;43;17;17m[48;2;171;80;65m▀[0m[38;2;214;113;101m[48;2;4;0;0m▀[0m[38;2;171;83;73m[48;2;22;13;13m▀[0m[38;2;0;0;0m[48;2;14;8;11m▀[0m[38;2;0;0;0m[48;2;0;0;0m▀[0m[38;2;0;0;1m[48;2;0;0;0m▀[0m[38;2;0;0;0m[48;2;0;0;0m▀[0m[38;2;0;0;0m[48;2;0;0;0m▀[0m[38;2;0;0;0m[48;2;0;0;0m▀[0m[38;2;0;0;0m[48;2;0;0;0m▀[0m[38;2;0;6;10m[48;2;0;0;0m▀[0m
[38;2;24;3;0m[48;2;106;60;53m▀[0m[38;2;107;61;57m[48;2;109;64;60m▀[0m[38;2;0;0;0m[48;2;0;0;0m▀[0m[38;2;0;0;0m[48;2;54;31;30m▀[0m[38;2;0;0;0m[48;2;186;105;97m▀[0m[38;2;0;0;0m[48;2;104;64;57m▀[0m[38;2;0;0;0m[48;2;19;10;11m▀[0m[38;2;0;0;0m[48;2;0;0;0m▀[0m[38;2;0;0;0m[48;2;0;0;0m▀[0m[38;2;42;25;23m[48;2;0;0;0m▀[0m[38;2;74;35;32m[48;2;43;23;23m▀[0m[38;2;122;57;52m[48;2;84;40;37m▀[0m[38;2;112;54;46m[48;2;136;62;54m▀[0m[38;2;89;37;37m[48;2;255;116;106m▀[0m[38;2;0;0;0m[48;2;107;54;46m▀[0m[38;2;0;0;0m[48;2;0;0;0m▀[0m[38;2;1;0;0m[48;2;0;0;0m▀[0m[38;2;255;235;231m[48;2;255;170;166m▀[0m[38;2;255;255;255m[48;2;255;255;255m▀[0m[38;2;255;255;255m[48;2;255;255;255m▀[0m[38;2;132;39;37m[48;2;54;0;0m▀[0m[38;2;0;0;0m[48;2;0;0;0m▀[0m[38;2;0;0;0m[48;2;0;0;0m▀[0m[38;2;29;15;15m[48;2;72;33;29m▀[0m[38;2;196;90;78m[48;2;135;66;62m▀[0m[38;2;194;88;75m[48;2;45;25;24m▀[0m[38;2;209;97;88m[48;2;12;7;7m▀[0m[38;2;117;60;53m[48;2;34;20;21m▀[0m[38;2;25;16;15m[48;2;20;13;11m▀[0m[38;2;7;4;6m[48;2;0;0;0m▀[0m[38;2;0;0;0m[48;2;0;0;0m▀[0m[38;2;0;0;0m[48;2;59;35;33m▀[0m[38;2;114;69;65m[48;2;118;68;62m▀[0m[38;2;159;89;80m[48;2;222;114;103m▀[0m[38;2;41;27;25m[48;2;126;75;70m▀[0m[38;2;33;20;20m[48;2;96;62;60m▀[0m
[38;2;30;8;8m[48;2;255;255;255m▀[0m[38;2;62;28;25m[48;2;54;41;39m▀[0m[38;2;98;59;56m[48;2;52;24;21m▀[0m[38;2;179;110;104m[48;2;66;40;34m▀[0m[38;2;151;83;77m[48;2;90;46;43m▀[0m[38;2;148;80;74m[48;2;78;46;43m▀[0m[38;2;58;34;32m[48;2;0;0;0m▀[0m[38;2;0;0;0m[48;2;44;23;20m▀[0m[38;2;0;0;0m[48;2;33;29;28m▀[0m[38;2;0;0;0m[48;2;0;0;0m▀[0m[38;2;60;30;28m[48;2;20;12;9m▀[0m[38;2;139;68;60m[48;2;63;36;34m▀[0m[38;2;173;80;74m[48;2;108;55;52m▀[0m[38;2;150;71;63m[48;2;142;67;64m▀[0m[38;2;122;64;53m[48;2;172;85;77m▀[0m[38;2;0;0;0m[48;2;22;13;12m▀[0m[38;2;0;0;0m[48;2;0;0;0m▀[0m[38;2;149;28;28m[48;2;0;0;0m▀[0m[38;2;255;255;255m[48;2;255;0;0m▀[0m[38;2;255;181;171m[48;2;172;0;0m▀[0m[38;2;0;0;0m[48;2;0;0;0m▀[0m[38;2;0;0;0m[48;2;0;0;0m▀[0m[38;2;70;35;30m[48;2;102;56;50m▀[0m[38;2;230;113;97m[48;2;131;67;62m▀[0m[38;2;208;101;91m[48;2;72;35;35m▀[0m[38;2;149;78;70m[48;2;0;0;0m▀[0m[38;2;85;50;46m[48;2;0;0;0m▀[0m[38;2;49;26;25m[48;2;0;0;0m▀[0m[38;2;0;0;0m[48;2;0;0;0m▀[0m[38;2;0;0;0m[48;2;128;90;86m▀[0m[38;2;0;0;0m[48;2;75;30;27m▀[0m[38;2;84;50;51m[48;2;0;0;0m▀[0m[38;2;129;73;66m[48;2;41;24;22m▀[0m[38;2;124;77;75m[48;2;0;0;0m▀[0m[38;2;53;34;34m[48;2;0;0;0m▀[0m[38;2;90;55;53m[48;2;30;14;18m▀[0m
[38;2;255;255;255m[48;2;218;173;163m▀[0m[38;2;81;98;98m[48;2;237;223;217m▀[0m[38;2;0;0;0m[48;2;0;4;6m▀[0m[38;2;0;0;0m[48;2;0;0;0m▀[0m[38;2;0;0;0m[48;2;0;0;0m▀[0m[38;2;0;0;0m[48;2;0;2;2m▀[0m[38;2;0;0;0m[48;2;0;0;0m▀[0m[38;2;146;124;123m[48;2;40;54;56m▀[0m[38;2;255;255;255m[48;2;255;255;255m▀[0m[38;2;0;0;0m[48;2;2;7;8m▀[0m[38;2;0;0;0m[48;2;0;0;0m▀[0m[38;2;0;0;0m[48;2;68;31;26m▀[0m[38;2;0;0;0m[48;2;0;0;0m▀[0m[38;2;14;8;11m[48;2;0;0;0m▀[0m[38;2;74;42;41m[48;2;0;0;0m▀[0m[38;2;21;16;16m[48;2;0;0;0m▀[0m[38;2;0;0;0m[48;2;0;0;0m▀[0m[38;2;0;0;0m[48;2;0;0;0m▀[0m[38;2;172;0;0m[48;2;55;0;0m▀[0m[38;2;122;0;0m[48;2;91;0;0m▀[0m[38;2;0;0;0m[48;2;0;0;0m▀[0m[38;2;0;0;0m[48;2;0;0;0m▀[0m[38;2;11;13;13m[48;2;0;0;0m▀[0m[38;2;12;12;14m[48;2;0;0;0m▀[0m[38;2;0;0;0m[48;2;0;0;0m▀[0m[38;2;0;0;0m[48;2;0;0;0m▀[0m[38;2;5;0;0m[48;2;60;23;22m▀[0m[38;2;0;0;0m[48;2;17;15;12m▀[0m[38;2;48;59;61m[48;2;78;86;90m▀[0m[38;2;255;255;255m[48;2;216;225;226m▀[0m[38;2;9;0;0m[48;2;0;0;0m▀[0m[38;2;0;3;4m[48;2;0;0;0m▀[0m[38;2;0;0;0m[48;2;149;156;157m▀[0m[38;2;0;0;0m[48;2;255;255;253m▀[0m[38;2;106;114;115m[48;2;255;236;226m▀[0m[38;2;206;196;187m[48;2;255;217;209m▀[0m
[38;2;28;27;28m[48;2;141;102;102m▀[0m[38;2;245;204;195m[48;2;65;64;64m▀[0m[38;2;255;255;255m[48;2;245;207;202m▀[0m[38;2;104;111;113m[48;2;255;255;255m▀[0m[38;2;35;46;48m[48;2;207;198;193m▀[0m[38;2;8;13;14m[48;2;0;0;0m▀[0m[38;2;0;0;0m[48;2;0;0;0m▀[0m[38;2;0;0;0m[48;2;0;0;0m▀[0m[38;2;255;247;246m[48;2;143;132;133m▀[0m[38;2;40;18;14m[48;2;135;82;78m▀[0m[38;2;139;123;123m[48;2;170;150;149m▀[0m[38;2;0;0;0m[48;2;14;17;17m▀[0m[38;2;0;0;0m[48;2;0;0;0m▀[0m[38;2;0;0;0m[48;2;15;11;10m▀[0m[38;2;0;0;0m[48;2;41;24;20m▀[0m[38;2;0;0;0m[48;2;81;46;40m▀[0m[38;2;0;0;0m[48;2;113;65;58m▀[0m[38;2;0;0;0m[48;2;115;78;77m▀[0m[38;2;58;0;0m[48;2;77;11;10m▀[0m[38;2;108;6;3m[48;2;89;2;0m▀[0m[38;2;0;0;0m[48;2;94;74;74m▀[0m[38;2;0;0;0m[48;2;126;69;65m▀[0m[38;2;0;0;0m[48;2;85;46;42m▀[0m[38;2;0;0;0m[48;2;31;16;14m▀[0m[38;2;0;0;0m[48;2;0;0;0m▀[0m[38;2;0;0;0m[48;2;0;0;0m▀[0m[38;2;5;14;17m[48;2;82;85;85m▀[0m[38;2;127;126;127m[48;2;171;143;141m▀[0m[38;2;43;13;12m[48;2;65;37;30m▀[0m[38;2;167;162;161m[48;2;0;6;7m▀[0m[38;2;0;0;0m[48;2;0;0;0m▀[0m[38;2;56;63;65m[48;2;255;255;255m▀[0m[38;2;255;255;255m[48;2;252;218;207m▀[0m[38;2;228;191;180m[48;2;255;233;219m▀[0m[38;2;252;215;204m[48;2;106;89;83m▀[0m[38;2;93;78;74m[48;2;0;0;0m▀[0m
[38;2;17;7;6m[48;2;0;0;0m▀[0m[38;2;36;39;42m[48;2;3;0;0m▀[0m[38;2;48;51;51m[48;2;36;28;28m▀[0m[38;2;223;187;180m[48;2;16;20;17m▀[0m[38;2;255;240;231m[48;2;210;183;176m▀[0m[38;2;239;214;208m[48;2;249;219;211m▀[0m[38;2;108;105;105m[48;2;255;255;255m▀[0m[38;2;0;0;0m[48;2;255;240;231m▀[0m[38;2;0;0;0m[48;2;89;92;91m▀[0m[38;2;37;44;45m[48;2;154;162;161m▀[0m[38;2;0;0;0m[48;2;68;69;66m▀[0m[38;2;33;24;21m[48;2;0;0;0m▀[0m[38;2;0;0;0m[48;2;20;16;15m▀[0m[38;2;0;0;0m[48;2;39;28;29m▀[0m[38;2;0;0;0m[48;2;0;0;0m▀[0m[38;2;52;31;28m[48;2;0;0;0m▀[0m[38;2;108;63;59m[48;2;0;0;0m▀[0m[38;2;86;61;57m[48;2;0;0;0m▀[0m[38;2;73;9;8m[48;2;56;0;0m▀[0m[38;2;86;5;1m[48;2;77;0;0m▀[0m[38;2;76;59;58m[48;2;0;0;0m▀[0m[38;2;122;62;60m[48;2;0;0;0m▀[0m[38;2;86;47;43m[48;2;116;139;140m▀[0m[38;2;5;1;1m[48;2;47;57;56m▀[0m[38;2;0;0;0m[48;2;13;4;7m▀[0m[38;2;0;0;0m[48;2;2;4;4m▀[0m[38;2;32;22;22m[48;2;0;0;0m▀[0m[38;2;23;7;7m[48;2;36;21;19m▀[0m[38;2;5;20;23m[48;2;27;22;25m▀[0m[38;2;0;0;0m[48;2;229;228;226m▀[0m[38;2;239;237;235m[48;2;255;255;255m▀[0m[38;2;234;211;202m[48;2;189;166;157m▀[0m[38;2;128;109;107m[48;2;160;138;132m▀[0m[38;2;105;91;89m[48;2;69;77;81m▀[0m[38;2;0;0;3m[48;2;129;106;103m▀[0m[38;2;84;72;69m[48;2;51;8;3m▀[0m
