[38;2;129;128;128m[48;2;195;192;192m▀[0m[38;2;254;253;253m[48;2;0;0;0m▀[0m[38;2;255;255;255m[48;2;68;70;70m▀[0m[38;2;255;255;255m[48;2;108;108;106m▀[0m[38;2;251;248;251m[48;2;169;169;169m▀[0m[38;2;192;191;191m[48;2;43;43;43m▀[0m[38;2;0;0;0m[48;2;0;0;0m▀[0m[38;2;0;0;0m[48;2;0;0;0m▀[0m[38;2;0;0;0m[48;2;25;25;25m▀[0m[38;2;0;0;0m[48;2;61;61;61m▀[0m[38;2;4;3;4m[48;2;97;97;97m▀[0m[38;2;21;21;19m[48;2;93;93;94m▀[0m[38;2;37;40;39m[48;2;87;90;89m▀[0m[38;2;30;32;30m[48;2;103;103;104m▀[0m[38;2;34;36;34m[48;2;97;94;96m▀[0m[38;2;39;43;42m[48;2;108;106;110m▀[0m[38;2;40;40;40m[48;2;119;127;130m▀[0m[38;2;30;34;31m[48;2;5;8;9m▀[0m[38;2;45;44;45m[48;2;31;34;34m▀[0m[38;2;173;173;173m[48;2;102;105;105m▀[0m[38;2;14;17;14m[48;2;0;0;0m▀[0m[38;2;25;28;28m[48;2;75;85;88m▀[0m[38;2;10;14;14m[48;2;107;97;94m▀[0m[38;2;0;2;2m[48;2;59;59;56m▀[0m[38;2;0;0;0m[48;2;77;80;80m▀[0m[38;2;0;0;0m[48;2;67;71;71m▀[0m[38;2;0;0;0m[48;2;61;59;62m▀[0m[38;2;0;0;0m[48;2;53;50;50m▀[0m[38;2;0;0;0m[48;2;15;18;18m▀[0m[38;2;0;1;1m[48;2;0;0;0m▀[0m[38;2;0;0;0m[48;2;0;0;0m▀[0m[38;2;0;0;0m[48;2;0;0;0m▀[0m[38;2;0;0;0m[48;2;0;0;0m▀[0m[38;2;0;0;0m[48;2;2;2;0m▀[0m[38;2;38;38;38m[48;2;84;86;86m▀[0m[38;2;155;155;155m[48;2;123;123;123m▀[0m
[38;2;255;255;255m[48;2;237;237;237m▀[0m[38;2;196;196;196m[48;2;158;162;159m▀[0m[38;2;49;51;51m[48;2;131;132;129m▀[0m[38;2;145;142;144m[48;2;166;166;167m▀[0m[38;2;69;69;70m[48;2;43;45;43m▀[0m[38;2;54;50;50m[48;2;172;169;169m▀[0m[38;2;38;38;38m[48;2;173;176;173m▀[0m[38;2;7;7;8m[48;2;62;65;66m▀[0m[38;2;130;130;130m[48;2;111;113;113m▀[0m[38;2;107;107;105m[48;2;94;98;98m▀[0m[38;2;112;113;110m[48;2;122;126;126m▀[0m[38;2;115;115;115m[48;2;107;129;129m▀[0m[38;2;116;115;113m[48;2;95;135;137m▀[0m[38;2;108;111;112m[48;2;61;91;91m▀[0m[38;2;91;101;105m[48;2;37;40;43m▀[0m[38;2;87;45;41m[48;2;47;61;60m▀[0m[38;2;75;54;50m[48;2;25;22;24m▀[0m[38;2;0;1;1m[48;2;23;38;35m▀[0m[38;2;34;37;37m[48;2;39;51;54m▀[0m[38;2;95;102;102m[48;2;96;109;109m▀[0m[38;2;3;13;16m[48;2;11;36;39m▀[0m[38;2;75;28;28m[48;2;30;21;21m▀[0m[38;2;65;8;9m[48;2;17;39;39m▀[0m[38;2;109;116;116m[48;2;86;96;96m▀[0m[38;2;130;133;133m[48;2;100;106;105m▀[0m[38;2;119;121;121m[48;2;119;124;124m▀[0m[38;2;122;119;119m[48;2;114;113;113m▀[0m[38;2;128;125;125m[48;2;113;113;113m▀[0m[38;2;121;121;121m[48;2;116;115;115m▀[0m[38;2;41;41;38m[48;2;116;116;116m▀[0m[38;2;0;0;0m[48;2;23;23;23m▀[0m[38;2;0;0;0m[48;2;0;0;0m▀[0m[38;2;79;79;80m[48;2;202;202;202m▀[0m[38;2;163;163;161m[48;2;180;180;181m▀[0m[38;2;62;64;64m[48;2;84;87;86m▀[0m[38;2;199;199;201m[48;2;161;161;158m▀[0m
[38;2;131;131;133m[48;2;153;152;150m▀[0m[38;2;17;19;19m[48;2;129;131;131m▀[0m[38;2;138;137;137m[48;2;145;141;141m▀[0m[38;2;158;158;156m[48;2;149;149;150m▀[0m[38;2;163;164;161m[48;2;158;159;156m▀[0m[38;2;171;171;171m[48;2;171;174;174m▀[0m[38;2;176;180;180m[48;2;153;162;162m▀[0m[38;2;65;69;69m[48;2;34;80;80m▀[0m[38;2;98;111;111m[48;2;69;87;89m▀[0m[38;2;48;88;88m[48;2;79;0;0m▀[0m[38;2;50;78;82m[48;2;82;0;0m▀[0m[38;2;52;31;31m[48;2;59;0;0m▀[0m[38;2;130;22;21m[48;2;77;0;0m▀[0m[38;2;91;0;0m[48;2;41;17;17m▀[0m[38;2;54;0;0m[48;2;0;0;0m▀[0m[38;2;27;23;25m[48;2;0;0;0m▀[0m[38;2;0;5;7m[48;2;0;0;0m▀[0m[38;2;0;34;39m[48;2;118;0;0m▀[0m[38;2;12;49;51m[48;2;236;89;83m▀[0m[38;2;63;112;110m[48;2;244;246;247m▀[0m[38;2;31;4;4m[48;2;255;0;0m▀[0m[38;2;0;0;0m[48;2;98;0;0m▀[0m[38;2;14;24;24m[48;2;0;0;0m▀[0m[38;2;33;40;41m[48;2;22;37;41m▀[0m[38;2;16;20;19m[48;2;61;0;0m▀[0m[38;2;106;105;103m[48;2;70;0;0m▀[0m[38;2;84;110;110m[48;2;62;15;18m▀[0m[38;2;79;92;95m[48;2;69;71;73m▀[0m[38;2;84;87;89m[48;2;59;95;98m▀[0m[38;2;104;108;108m[48;2;114;132;133m▀[0m[38;2;79;79;79m[48;2;105;108;108m▀[0m[38;2;73;73;74m[48;2;78;82;81m▀[0m[38;2;194;196;196m[48;2;180;183;180m▀[0m[38;2;164;163;163m[48;2;159;159;157m▀[0m[38;2;153;153;151m[48;2;152;152;153m▀[0m[38;2;152;152;152m[48;2;148;148;148m▀[0m
[38;2;147;146;146m[48;2;152;153;150m▀[0m[38;2;153;152;152m[48;2;153;150;152m▀[0m[38;2;142;141;141m[48;2;159;159;159m▀[0m[38;2;122;120;123m[48;2;128;129;126m▀[0m[38;2;168;168;166m[48;2;119;118;116m▀[0m[38;2;196;201;201m[48;2;159;185;185m▀[0m[38;2;97;115;115m[48;2;65;0;0m▀[0m[38;2;86;0;0m[48;2;55;0;0m▀[0m[38;2;160;0;0m[48;2;0;0;0m▀[0m[38;2;77;0;0m[48;2;5;2;2m▀[0m[38;2;14;0;0m[48;2;26;35;40m▀[0m[38;2;47;32;30m[48;2;215;9;4m▀[0m[38;2;0;39;39m[48;2;35;38;38m▀[0m[38;2;11;29;31m[48;2;70;84;83m▀[0m[38;2;34;51;47m[48;2;16;24;24m▀[0m[38;2;0;0;0m[48;2;25;40;43m▀[0m[38;2;144;102;99m[48;2;255;255;255m▀[0m[38;2;255;210;206m[48;2;255;160;160m▀[0m[38;2;255;0;0m[48;2;199;5;0m▀[0m[38;2;218;22;21m[48;2;178;194;192m▀[0m[38;2;255;54;47m[48;2;229;29;25m▀[0m[38;2;255;255;255m[48;2;255;255;255m▀[0m[38;2;49;0;0m[48;2;255;255;255m▀[0m[38;2;0;32;32m[48;2;0;0;0m▀[0m[38;2;46;57;57m[48;2;24;37;37m▀[0m[38;2;55;69;71m[48;2;27;40;43m▀[0m[38;2;73;0;0m[48;2;0;7;5m▀[0m[38;2;123;0;0m[48;2;22;38;38m▀[0m[38;2;117;18;15m[48;2;57;17;16m▀[0m[38;2;104;98;99m[48;2;134;5;0m▀[0m[38;2;38;71;71m[48;2;32;0;0m▀[0m[38;2;59;72;74m[48;2;0;0;0m▀[0m[38;2;174;178;175m[48;2;165;176;175m▀[0m[38;2;168;167;167m[48;2;169;171;171m▀[0m[38;2;152;151;151m[48;2;116;115;112m▀[0m[38;2;141;141;141m[48;2;144;143;143m▀[0m
[38;2;142;146;143m[48;2;52;54;54m▀[0m[38;2;163;163;164m[48;2;171;171;172m▀[0m[38;2;153;152;152m[48;2;159;162;159m▀[0m[38;2;160;161;158m[48;2;154;157;156m▀[0m[38;2;138;141;140m[48;2;194;197;194m▀[0m[38;2;63;73;74m[48;2;100;126;126m▀[0m[38;2;0;0;0m[48;2;39;0;0m▀[0m[38;2;0;0;0m[48;2;9;0;0m▀[0m[38;2;122;0;0m[48;2;16;19;19m▀[0m[38;2;210;21;15m[48;2;201;19;14m▀[0m[38;2;19;49;46m[48;2;45;7;0m▀[0m[38;2;56;56;58m[48;2;0;0;3m▀[0m[38;2;66;73;75m[48;2;0;5;5m▀[0m[38;2;45;55;56m[48;2;52;57;57m▀[0m[38;2;0;7;7m[48;2;0;0;0m▀[0m[38;2;188;197;197m[48;2;185;190;190m▀[0m[38;2;255;255;255m[48;2;255;255;255m▀[0m[38;2;234;108;107m[48;2;181;83;84m▀[0m[38;2;202;220;218m[48;2;235;230;230m▀[0m[38;2;255;255;255m[48;2;252;255;255m▀[0m[38;2;160;43;40m[48;2;255;197;196m▀[0m[38;2;255;255;255m[48;2;247;253;252m▀[0m[38;2;255;255;255m[48;2;255;255;255m▀[0m[38;2;26;19;19m[48;2;45;65;65m▀[0m[38;2;0;8;11m[48;2;0;0;0m▀[0m[38;2;53;60;61m[48;2;13;17;17m▀[0m[38;2;49;59;64m[48;2;46;51;51m▀[0m[38;2;0;42;43m[48;2;19;24;25m▀[0m[38;2;66;34;33m[48;2;148;31;31m▀[0m[38;2;193;45;30m[48;2;159;35;22m▀[0m[38;2;4;0;0m[48;2;0;4;3m▀[0m[38;2;0;0;0m[48;2;0;0;0m▀[0m[38;2;59;71;74m[48;2;47;64;64m▀[0m[38;2;118;125;127m[48;2;177;184;185m▀[0m[38;2;146;145;145m[48;2;158;161;158m▀[0m[38;2;155;154;152m[48;2;147;149;149m▀[0m
[38;2;5;22;23m[48;2;72;66;67m▀[0m[38;2;83;103;103m[48;2;31;0;0m▀[0m[38;2;186;189;186m[48;2;168;189;189m▀[0m[38;2;156;156;157m[48;2;166;166;164m▀[0m[38;2;181;189;188m[48;2;182;189;189m▀[0m[38;2;119;127;125m[48;2;119;129;129m▀[0m[38;2;0;0;0m[48;2;4;0;0m▀[0m[38;2;70;0;0m[48;2;89;0;0m▀[0m[38;2;201;0;0m[48;2;111;122;122m▀[0m[38;2;181;48;44m[48;2;35;117;120m▀[0m[38;2;35;40;41m[48;2;0;57;60m▀[0m[38;2;13;28;31m[48;2;27;39;42m▀[0m[38;2;77;85;85m[48;2;57;62;62m▀[0m[38;2;0;1;1m[48;2;0;0;0m▀[0m[38;2;0;0;0m[48;2;164;167;167m▀[0m[38;2;221;226;223m[48;2;255;255;255m▀[0m[38;2;255;177;175m[48;2;142;156;160m▀[0m[38;2;213;176;176m[48;2;255;209;204m▀[0m[38;2;255;255;255m[48;2;255;255;255m▀[0m[38;2;245;255;255m[48;2;240;254;255m▀[0m[38;2;255;255;255m[48;2;255;255;255m▀[0m[38;2;191;188;188m[48;2;153;148;146m▀[0m[38;2;255;255;255m[48;2;182;191;191m▀[0m[38;2;37;42;39m[48;2;255;255;255m▀[0m[38;2;0;0;0m[48;2;17;17;17m▀[0m[38;2;45;47;45m[48;2;31;35;32m▀[0m[38;2;0;3;3m[48;2;38;48;45m▀[0m[38;2;38;8;3m[48;2;0;11;13m▀[0m[38;2;162;4;0m[48;2;53;74;73m▀[0m[38;2;165;18;22m[48;2;139;41;42m▀[0m[38;2;107;0;0m[48;2;117;0;0m▀[0m[38;2;67;0;0m[48;2;0;0;0m▀[0m[38;2;126;142;139m[48;2;159;180;179m▀[0m[38;2;183;187;188m[48;2;169;171;172m▀[0m[38;2;156;156;156m[48;2;167;167;167m▀[0m[38;2;157;159;157m[48;2;149;154;154m▀[0m
[38;2;119;0;0m[48;2;128;0;0m▀[0m[38;2;21;0;0m[48;2;0;0;0m▀[0m[38;2;117;144;144m[48;2;34;67;64m▀[0m[38;2;184;188;188m[48;2;130;135;136m▀[0m[38;2;184;189;189m[48;2;138;141;141m▀[0m[38;2;135;139;139m[48;2;169;180;180m▀[0m[38;2;0;0;0m[48;2;0;0;0m▀[0m[38;2;16;73;72m[48;2;70;66;66m▀[0m[38;2;79;161;165m[48;2;255;58;50m▀[0m[38;2;139;119;118m[48;2;219;0;0m▀[0m[38;2;130;5;0m[48;2;76;0;0m▀[0m[38;2;23;52;50m[48;2;9;0;0m▀[0m[38;2;20;28;31m[48;2;0;0;0m▀[0m[38;2;0;0;0m[48;2;0;1;3m▀[0m[38;2;171;173;173m[48;2;2;4;6m▀[0m[38;2;152;152;153m[48;2;0;0;0m▀[0m[38;2;8;19;19m[48;2;24;26;26m▀[0m[38;2;255;255;255m[48;2;255;255;255m▀[0m[38;2;255;255;252m[48;2;244;248;248m▀[0m[38;2;237;248;250m[48;2;239;243;242m▀[0m[38;2;255;255;255m[48;2;255;255;255m▀[0m[38;2;211;206;204m[48;2;224;226;228m▀[0m[38;2;5;9;11m[48;2;0;0;0m▀[0m[38;2;135;135;138m[48;2;0;0;0m▀[0m[38;2;0;0;0m[48;2;0;0;0m▀[0m[38;2;0;0;0m[48;2;0;0;0m▀[0m[38;2;0;0;1m[48;2;82;93;91m▀[0m[38;2;10;17;17m[48;2;155;136;136m▀[0m[38;2;0;29;30m[48;2;133;0;0m▀[0m[38;2;47;129;127m[48;2;141;88;88m▀[0m[38;2;43;9;7m[48;2;0;13;10m▀[0m[38;2;41;17;17m[48;2;114;131;132m▀[0m[38;2;185;202;203m[48;2;185;189;190m▀[0m[38;2;163;166;163m[48;2;186;190;190m▀[0m[38;2;191;195;195m[48;2;143;156;156m▀[0m[38;2;53;43;40m[48;2;0;0;0m▀[0m
[38;2;191;4;0m[48;2;47;0;0m▀[0m[38;2;0;0;0m[48;2;0;0;0m▀[0m[38;2;88;112;112m[48;2;179;197;197m▀[0m[38;2;179;179;181m[48;2;255;255;255m▀[0m[38;2;168;171;171m[48;2;255;255;255m▀[0m[38;2;135;152;149m[48;2;172;186;186m▀[0m[38;2;32;40;41m[48;2;119;122;121m▀[0m[38;2;199;0;0m[48;2;0;9;11m▀[0m[38;2;133;19;15m[48;2;60;144;148m▀[0m[38;2;0;30;34m[48;2;62;86;85m▀[0m[38;2;14;23;23m[48;2;255;255;255m▀[0m[38;2;195;134;136m[48;2;255;255;255m▀[0m[38;2;18;39;38m[48;2;255;255;255m▀[0m[38;2;0;0;0m[48;2;92;95;92m▀[0m[38;2;0;0;0m[48;2;54;58;58m▀[0m[38;2;0;0;0m[48;2;132;135;135m▀[0m[38;2;0;0;0m[48;2;219;232;232m▀[0m[38;2;255;255;255m[48;2;229;247;244m▀[0m[38;2;207;215;213m[48;2;173;191;189m▀[0m[38;2;212;220;218m[48;2;188;199;201m▀[0m[38;2;255;255;255m[48;2;236;255;255m▀[0m[38;2;190;189;189m[48;2;204;234;234m▀[0m[38;2;0;0;0m[48;2;255;255;255m▀[0m[38;2;51;54;55m[48;2;255;255;255m▀[0m[38;2;50;53;53m[48;2;255;255;255m▀[0m[38;2;170;171;168m[48;2;240;240;237m▀[0m[38;2;255;255;255m[48;2;255;255;255m▀[0m[38;2;255;255;255m[48;2;255;255;255m▀[0m[38;2;255;255;255m[48;2;255;255;255m▀[0m[38;2;197;0;0m[48;2;97;83;83m▀[0m[38;2;14;0;0m[48;2;94;87;87m▀[0m[38;2;141;161;161m[48;2;137;145;145m▀[0m[38;2;123;126;126m[48;2;223;226;226m▀[0m[38;2;125;132;132m[48;2;228;236;237m▀[0m[38;2;45;44;44m[48;2;0;0;0m▀[0m[38;2;18;0;0m[48;2;49;0;0m▀[0m
[38;2;0;0;0m[48;2;75;79;79m▀[0m[38;2;74;91;91m[48;2;152;155;156m▀[0m[38;2;255;255;255m[48;2;252;254;255m▀[0m[38;2;248;249;246m[48;2;202;206;205m▀[0m[38;2;255;255;255m[48;2;255;255;255m▀[0m[38;2;202;216;216m[48;2;148;151;151m▀[0m[38;2;0;0;0m[48;2;0;0;0m▀[0m[38;2;199;0;0m[48;2;98;0;0m▀[0m[38;2;162;0;0m[48;2;107;11;4m▀[0m[38;2;214;244;241m[48;2;255;255;255m▀[0m[38;2;255;255;255m[48;2;255;255;255m▀[0m[38;2;255;255;255m[48;2;255;255;255m▀[0m[38;2;255;255;255m[48;2;255;255;255m▀[0m[38;2;223;222;222m[48;2;255;255;255m▀[0m[38;2;255;255;255m[48;2;255;255;255m▀[0m[38;2;255;255;255m[48;2;255;255;255m▀[0m[38;2;255;255;255m[48;2;255;255;255m▀[0m[38;2;209;206;206m[48;2;255;135;136m▀[0m[38;2;167;222;225m[48;2;190;0;0m▀[0m[38;2;208;255;255m[48;2;163;0;0m▀[0m[38;2;209;239;240m[48;2;242;0;0m▀[0m[38;2;238;185;188m[48;2;255;49;52m▀[0m[38;2;255;255;255m[48;2;255;255;255m▀[0m[38;2;255;255;255m[48;2;249;252;252m▀[0m[38;2;255;255;255m[48;2;255;255;255m▀[0m[38;2;255;255;255m[48;2;255;255;255m▀[0m[38;2;255;255;255m[48;2;245;248;250m▀[0m[38;2;255;255;255m[48;2;255;255;255m▀[0m[38;2;255;255;255m[48;2;255;255;255m▀[0m[38;2;214;230;230m[48;2;255;255;255m▀[0m[38;2;0;0;0m[48;2;0;0;0m▀[0m[38;2;166;166;166m[48;2;219;223;223m▀[0m[38;2;255;255;255m[48;2;255;255;255m▀[0m[38;2;255;255;255m[48;2;255;255;255m▀[0m[38;2;42;74;76m[48;2;119;142;142m▀[0m[38;2;12;0;0m[48;2;20;0;0m▀[0m
[38;2;255;255;255m[48;2;255;255;255m▀[0m[38;2;140;142;142m[48;2;255;255;255m▀[0m[38;2;162;164;166m[48;2;101;101;101m▀[0m[38;2;215;218;217m[48;2;174;177;178m▀[0m[38;2;255;255;255m[48;2;255;255;255m▀[0m[38;2;163;170;170m[48;2;197;200;200m▀[0m[38;2;0;0;0m[48;2;22;26;26m▀[0m[38;2;40;31;30m[48;2;42;55;55m▀[0m[38;2;203;195;192m[48;2;255;255;255m▀[0m[38;2;255;255;255m[48;2;255;255;255m▀[0m[38;2;255;255;255m[48;2;255;255;255m▀[0m[38;2;255;255;255m[48;2;126;130;130m▀[0m[38;2;232;234;236m[48;2;189;189;191m▀[0m[38;2;251;254;254m[48;2;186;186;186m▀[0m[38;2;255;255;255m[48;2;149;153;148m▀[0m[38;2;255;255;255m[48;2;252;255;255m▀[0m[38;2;255;255;255m[48;2;255;255;255m▀[0m[38;2;245;253;254m[48;2;252;252;253m▀[0m[38;2;255;34;23m[48;2;255;255;255m▀[0m[38;2;255;0;0m[48;2;255;48;47m▀[0m[38;2;255;78;77m[48;2;237;184;183m▀[0m[38;2;234;255;255m[48;2;255;255;255m▀[0m[38;2;247;255;255m[48;2;255;255;255m▀[0m[38;2;255;255;255m[48;2;255;255;255m▀[0m[38;2;242;244;246m[48;2;237;239;239m▀[0m[38;2;191;191;191m[48;2;134;134;131m▀[0m[38;2;211;211;211m[48;2;165;165;162m▀[0m[38;2;144;143;144m[48;2;167;170;166m▀[0m[38;2;255;255;255m[48;2;255;255;255m▀[0m[38;2;255;255;255m[48;2;255;255;255m▀[0m[38;2;79;79;81m[48;2;216;216;216m▀[0m[38;2;232;235;235m[48;2;157;156;156m▀[0m[38;2;241;245;242m[48;2;246;246;246m▀[0m[38;2;255;255;255m[48;2;248;251;251m▀[0m[38;2;177;204;206m[48;2;216;231;235m▀[0m[38;2;54;0;0m[48;2;86;71;75m▀[0m
[38;2;255;255;255m[48;2;255;255;255m▀[0m[38;2;255;255;255m[48;2;255;255;255m▀[0m[38;2;255;255;255m[48;2;255;255;255m▀[0m[38;2;50;50;48m[48;2;224;221;221m▀[0m[38;2;243;243;243m[48;2;9;9;10m▀[0m[38;2;42;42;42m[48;2;0;0;0m▀[0m[38;2;18;20;20m[48;2;177;180;176m▀[0m[38;2;240;243;244m[48;2;255;255;255m▀[0m[38;2;255;255;255m[48;2;255;255;255m▀[0m[38;2;255;255;255m[48;2;255;255;255m▀[0m[38;2;255;255;255m[48;2;255;255;253m▀[0m[38;2;109;111;112m[48;2;34;56;57m▀[0m[38;2;232;232;233m[48;2;255;255;255m▀[0m[38;2;156;156;153m[48;2;255;255;255m▀[0m[38;2;211;211;209m[48;2;255;255;255m▀[0m[38;2;255;255;255m[48;2;255;255;255m▀[0m[38;2;255;255;255m[48;2;255;255;255m▀[0m[38;2;255;255;255m[48;2;255;255;255m▀[0m[38;2;251;250;250m[48;2;244;203;203m▀[0m[38;2;255;154;153m[48;2;255;157;159m▀[0m[38;2;244;250;249m[48;2;253;255;255m▀[0m[38;2;255;255;255m[48;2;251;255;255m▀[0m[38;2;255;255;255m[48;2;255;255;255m▀[0m[38;2;255;255;255m[48;2;255;255;255m▀[0m[38;2;255;255;255m[48;2;255;255;255m▀[0m[38;2;230;233;230m[48;2;255;255;255m▀[0m[38;2;245;245;245m[48;2;255;255;255m▀[0m[38;2;212;214;215m[48;2;201;200;201m▀[0m[38;2;235;237;235m[48;2;179;177;180m▀[0m[38;2;255;255;255m[48;2;255;255;255m▀[0m[38;2;255;255;255m[48;2;255;255;255m▀[0m[38;2;172;172;170m[48;2;255;255;255m▀[0m[38;2;174;174;174m[48;2;168;171;171m▀[0m[38;2;214;219;219m[48;2;215;213;216m▀[0m[38;2;243;247;247m[48;2;162;166;168m▀[0m[38;2;154;168;171m[48;2;10;9;9m▀[0m
[38;2;255;255;255m[48;2;252;252;252m▀[0m[38;2;255;255;255m[48;2;255;255;255m▀[0m[38;2;255;255;255m[48;2;255;255;255m▀[0m[38;2;255;255;255m[48;2;255;255;255m▀[0m[38;2;93;93;93m[48;2;255;255;255m▀[0m[38;2;0;0;0m[48;2;0;0;0m▀[0m[38;2;255;255;255m[48;2;177;179;179m▀[0m[38;2;255;255;255m[48;2;255;255;255m▀[0m[38;2;255;255;255m[48;2;255;255;255m▀[0m[38;2;255;255;255m[48;2;154;157;154m▀[0m[38;2;114;79;79m[48;2;0;0;0m▀[0m[38;2;0;0;0m[48;2;0;0;0m▀[0m[38;2;255;255;255m[48;2;45;66;67m▀[0m[38;2;255;255;255m[48;2;255;255;255m▀[0m[38;2;255;255;255m[48;2;255;255;255m▀[0m[38;2;255;255;255m[48;2;245;245;246m▀[0m[38;2;255;255;255m[48;2;249;253;253m▀[0m[38;2;253;255;255m[48;2;252;255;255m▀[0m[38;2;247;243;246m[48;2;255;255;255m▀[0m[38;2;255;94;96m[48;2;252;85;85m▀[0m[38;2;255;255;255m[48;2;200;216;216m▀[0m[38;2;255;255;255m[48;2;227;236;235m▀[0m[38;2;255;255;255m[48;2;255;255;255m▀[0m[38;2;255;255;255m[48;2;254;254;252m▀[0m[38;2;255;255;255m[48;2;227;227;227m▀[0m[38;2;255;255;255m[48;2;193;192;190m▀[0m[38;2;255;255;255m[48;2;71;78;79m▀[0m[38;2;26;34;37m[48;2;0;0;0m▀[0m[38;2;27;41;40m[48;2;0;0;0m▀[0m[38;2;255;255;255m[48;2;224;240;240m▀[0m[38;2;255;255;255m[48;2;255;255;255m▀[0m[38;2;255;255;255m[48;2;255;255;255m▀[0m[38;2;78;78;78m[48;2;24;24;24m▀[0m[38;2;21;21;19m[48;2;0;0;0m▀[0m[38;2;0;0;0m[48;2;124;124;124m▀[0m[38;2;99;96;96m[48;2;121;118;118m▀[0m
