[38;2;0;1;1m[48;2;0;1;1m▀[0m[38;2;0;1;1m[48;2;0;0;1m▀[0m[38;2;0;1;1m[48;2;23;3;2m▀[0m[38;2;0;1;1m[48;2;25;4;2m▀[0m[38;2;0;1;1m[48;2;0;0;0m▀[0m[38;2;0;1;1m[48;2;0;1;0m▀[0m[38;2;1;1;1m[48;2;1;1;1m▀[0m[38;2;0;1;1m[48;2;0;1;0m▀[0m[38;2;0;1;1m[48;2;0;1;1m▀[0m[38;2;0;0;0m[48;2;1;1;1m▀[0m[38;2;0;1;1m[48;2;0;1;1m▀[0m[38;2;0;1;1m[48;2;0;1;1m▀[0m[38;2;0;1;1m[48;2;0;0;0m▀[0m[38;2;0;1;1m[48;2;0;0;0m▀[0m[38;2;0;0;0m[48;2;0;0;0m▀[0m[38;2;0;0;0m[48;2;0;0;0m▀[0m[38;2;0;0;1m[48;2;0;0;0m▀[0m[38;2;185;200;208m[48;2;224;239;250m▀[0m[38;2;198;212;220m[48;2;230;243;248m▀[0m[38;2;203;218;223m[48;2;181;195;201m▀[0m[38;2;182;200;207m[48;2;93;109;115m▀[0m[38;2;36;48;56m[48;2;0;0;0m▀[0m[38;2;0;0;0m[48;2;48;52;52m▀[0m[38;2;120;118;119m[48;2;118;119;120m▀[0m[38;2;255;255;255m[48;2;90;89;90m▀[0m[38;2;169;177;181m[48;2;106;108;106m▀[0m[38;2;0;0;0m[48;2;17;19;18m▀[0m[38;2;0;0;0m[48;2;0;0;0m▀[0m[38;2;0;0;0m[48;2;0;0;0m▀[0m[38;2;1;1;1m[48;2;0;0;0m▀[0m[38;2;1;1;0m[48;2;0;0;0m▀[0m[38;2;3;4;5m[48;2;12;19;23m▀[0m[38;2;0;0;0m[48;2;5;8;9m▀[0m[38;2;13;17;20m[48;2;18;26;28m▀[0m[38;2;19;27;29m[48;2;17;23;27m▀[0m[38;2;0;0;0m[48;2;0;0;0m▀[0m
[38;2;0;1;1m[48;2;0;1;1m▀[0m[38;2;0;0;1m[48;2;0;0;1m▀[0m[38;2;98;4;2m[48;2;74;4;2m▀[0m[38;2;175;12;3m[48;2;255;16;3m▀[0m[38;2;0;0;1m[48;2;0;0;1m▀[0m[38;2;0;1;1m[48;2;0;0;0m▀[0m[38;2;0;1;1m[48;2;0;0;0m▀[0m[38;2;1;1;1m[48;2;0;0;0m▀[0m[38;2;1;1;1m[48;2;0;0;0m▀[0m[38;2;2;2;2m[48;2;0;1;1m▀[0m[38;2;1;1;1m[48;2;1;1;1m▀[0m[38;2;0;1;1m[48;2;1;1;1m▀[0m[38;2;0;0;0m[48;2;0;1;1m▀[0m[38;2;0;1;1m[48;2;1;1;1m▀[0m[38;2;0;0;0m[48;2;1;0;0m▀[0m[38;2;0;0;0m[48;2;0;0;0m▀[0m[38;2;0;0;0m[48;2;0;0;0m▀[0m[38;2;200;218;232m[48;2;56;67;75m▀[0m[38;2;121;135;141m[48;2;0;1;1m▀[0m[38;2;14;26;34m[48;2;0;0;0m▀[0m[38;2;19;33;41m[48;2;85;89;94m▀[0m[38;2;143;140;138m[48;2;255;255;255m▀[0m[38;2;239;238;235m[48;2;71;67;65m▀[0m[38;2;255;255;255m[48;2;224;224;223m▀[0m[38;2;224;223;221m[48;2;101;101;101m▀[0m[38;2;142;143;142m[48;2;0;0;0m▀[0m[38;2;5;8;6m[48;2;0;0;0m▀[0m[38;2;0;0;0m[48;2;0;0;0m▀[0m[38;2;0;0;0m[48;2;0;0;0m▀[0m[38;2;2;0;0m[48;2;0;0;0m▀[0m[38;2;4;6;8m[48;2;12;17;19m▀[0m[38;2;8;11;17m[48;2;1;8;9m▀[0m[38;2;8;11;12m[48;2;21;25;31m▀[0m[38;2;28;36;42m[48;2;0;0;0m▀[0m[38;2;13;17;23m[48;2;0;0;0m▀[0m[38;2;0;0;0m[48;2;0;0;0m▀[0m
[38;2;0;1;1m[48;2;0;1;1m▀[0m[38;2;0;1;1m[48;2;0;0;1m▀[0m[38;2;0;0;1m[48;2;0;0;0m▀[0m[38;2;255;20;3m[48;2;255;9;0m▀[0m[38;2;0;0;0m[48;2;242;23;17m▀[0m[38;2;0;2;6m[48;2;0;19;34m▀[0m[38;2;0;16;21m[48;2;0;0;0m▀[0m[38;2;12;23;28m[48;2;0;0;0m▀[0m[38;2;8;10;12m[48;2;9;11;13m▀[0m[38;2;0;0;0m[48;2;17;21;28m▀[0m[38;2;0;0;0m[48;2;4;6;8m▀[0m[38;2;1;1;2m[48;2;0;0;0m▀[0m[38;2;1;1;1m[48;2;0;0;0m▀[0m[38;2;0;1;1m[48;2;1;1;1m▀[0m[38;2;0;1;1m[48;2;0;1;0m▀[0m[38;2;0;0;0m[48;2;0;1;0m▀[0m[38;2;0;0;0m[48;2;0;0;0m▀[0m[38;2;0;0;0m[48;2;0;0;0m▀[0m[38;2;0;0;0m[48;2;0;0;0m▀[0m[38;2;0;0;0m[48;2;0;0;0m▀[0m[38;2;0;0;0m[48;2;0;0;0m▀[0m[38;2;40;39;37m[48;2;32;35;39m▀[0m[38;2;109;126;135m[48;2;80;109;121m▀[0m[38;2;242;250;255m[48;2;255;255;255m▀[0m[38;2;103;112;123m[48;2;161;169;179m▀[0m[38;2;0;0;0m[48;2;60;63;66m▀[0m[38;2;0;0;0m[48;2;0;0;0m▀[0m[38;2;0;0;0m[48;2;0;0;0m▀[0m[38;2;0;0;0m[48;2;0;0;0m▀[0m[38;2;0;0;0m[48;2;0;0;0m▀[0m[38;2;9;14;16m[48;2;9;14;18m▀[0m[38;2;0;0;0m[48;2;0;0;0m▀[0m[38;2;36;47;52m[48;2;39;47;54m▀[0m[38;2;0;0;0m[48;2;2;0;0m▀[0m[38;2;0;0;0m[48;2;0;0;0m▀[0m[38;2;21;29;39m[48;2;23;29;36m▀[0m
[38;2;0;0;0m[48;2;0;0;0m▀[0m[38;2;0;0;0m[48;2;0;0;0m▀[0m[38;2;0;0;0m[48;2;0;28;36m▀[0m[38;2;188;25;24m[48;2;19;81;103m▀[0m[38;2;255;0;0m[48;2;255;0;0m▀[0m[38;2;0;19;28m[48;2;194;16;11m▀[0m[38;2;0;55;71m[48;2;0;10;28m▀[0m[38;2;37;70;89m[48;2;0;8;19m▀[0m[38;2;16;21;32m[48;2;0;0;0m▀[0m[38;2;0;0;0m[48;2;0;0;2m▀[0m[38;2;28;39;49m[48;2;0;0;0m▀[0m[38;2;10;13;16m[48;2;36;58;73m▀[0m[38;2;0;0;0m[48;2;0;0;0m▀[0m[38;2;0;0;0m[48;2;0;0;0m▀[0m[38;2;0;1;1m[48;2;0;0;0m▀[0m[38;2;0;1;1m[48;2;0;1;1m▀[0m[38;2;0;1;1m[48;2;1;1;1m▀[0m[38;2;0;1;1m[48;2;1;1;1m▀[0m[38;2;0;0;0m[48;2;0;0;0m▀[0m[38;2;0;0;0m[48;2;0;0;0m▀[0m[38;2;42;43;43m[48;2;100;98;98m▀[0m[38;2;0;0;0m[48;2;29;29;27m▀[0m[38;2;0;0;0m[48;2;66;66;64m▀[0m[38;2;241;241;243m[48;2;196;196;193m▀[0m[38;2;251;251;251m[48;2;201;201;201m▀[0m[38;2;0;0;0m[48;2;59;58;60m▀[0m[38;2;110;111;113m[48;2;113;115;113m▀[0m[38;2;0;0;0m[48;2;0;0;0m▀[0m[38;2;0;0;0m[48;2;0;0;0m▀[0m[38;2;0;0;0m[48;2;0;0;0m▀[0m[38;2;8;11;17m[48;2;8;10;12m▀[0m[38;2;0;0;0m[48;2;0;0;0m▀[0m[38;2;37;46;52m[48;2;36;44;51m▀[0m[38;2;8;5;5m[48;2;11;13;11m▀[0m[38;2;0;0;0m[48;2;0;0;0m▀[0m[38;2;21;26;34m[48;2;14;26;34m▀[0m
[38;2;255;11;0m[48;2;255;17;0m▀[0m[38;2;0;0;3m[48;2;255;27;3m▀[0m[38;2;0;37;48m[48;2;93;6;6m▀[0m[38;2;0;0;0m[48;2;0;0;0m▀[0m[38;2;59;62;62m[48;2;2;32;31m▀[0m[38;2;255;255;255m[48;2;181;208;205m▀[0m[38;2;83;127;128m[48;2;204;126;123m▀[0m[38;2;0;0;0m[48;2;62;57;55m▀[0m[38;2;0;0;0m[48;2;0;0;0m▀[0m[38;2;50;60;64m[48;2;171;185;188m▀[0m[38;2;0;0;0m[48;2;19;70;73m▀[0m[38;2;33;57;62m[48;2;0;0;0m▀[0m[38;2;5;41;47m[48;2;225;196;189m▀[0m[38;2;0;0;0m[48;2;0;16;25m▀[0m[38;2;0;0;0m[48;2;0;0;0m▀[0m[38;2;0;0;0m[48;2;0;0;0m▀[0m[38;2;1;1;1m[48;2;0;0;0m▀[0m[38;2;1;1;1m[48;2;0;0;0m▀[0m[38;2;0;0;0m[48;2;0;0;0m▀[0m[38;2;0;0;0m[48;2;0;0;0m▀[0m[38;2;26;25;27m[48;2;0;0;0m▀[0m[38;2;133;133;133m[48;2;19;19;19m▀[0m[38;2;80;81;80m[48;2;97;100;100m▀[0m[38;2;255;255;255m[48;2;255;255;255m▀[0m[38;2;204;204;204m[48;2;255;255;255m▀[0m[38;2;56;59;59m[48;2;96;100;100m▀[0m[38;2;20;21;20m[48;2;0;0;0m▀[0m[38;2;0;0;0m[48;2;0;0;0m▀[0m[38;2;0;0;0m[48;2;0;5;10m▀[0m[38;2;10;12;17m[48;2;24;27;40m▀[0m[38;2;19;24;29m[48;2;21;27;35m▀[0m[38;2;0;0;0m[48;2;0;0;0m▀[0m[38;2;32;42;49m[48;2;28;39;42m▀[0m[38;2;14;17;20m[48;2;14;18;23m▀[0m[38;2;0;0;0m[48;2;0;0;0m▀[0m[38;2;9;18;26m[48;2;0;0;0m▀[0m
[38;2;0;0;0m[48;2;0;0;0m▀[0m[38;2;255;14;1m[48;2;0;32;43m▀[0m[38;2;255;2;0m[48;2;0;0;0m▀[0m[38;2;0;0;0m[48;2;0;6;8m▀[0m[38;2;0;0;0m[48;2;13;11;13m▀[0m[38;2;135;123;119m[48;2;240;253;254m▀[0m[38;2;255;116;105m[48;2;255;255;255m▀[0m[38;2;100;90;80m[48;2;151;163;157m▀[0m[38;2;0;0;0m[48;2;0;0;0m▀[0m[38;2;72;71;71m[48;2;12;0;0m▀[0m[38;2;0;4;4m[48;2;119;0;0m▀[0m[38;2;154;0;0m[48;2;255;0;0m▀[0m[38;2;255;40;23m[48;2;255;0;0m▀[0m[38;2;251;159;155m[48;2;255;0;0m▀[0m[38;2;0;21;25m[48;2;77;56;54m▀[0m[38;2;0;0;0m[48;2;0;0;0m▀[0m[38;2;0;0;0m[48;2;0;0;0m▀[0m[38;2;0;0;0m[48;2;0;0;0m▀[0m[38;2;0;0;0m[48;2;0;0;0m▀[0m[38;2;0;0;0m[48;2;0;0;0m▀[0m[38;2;0;0;0m[48;2;10;12;13m▀[0m[38;2;242;247;247m[48;2;189;205;205m▀[0m[38;2;255;255;255m[48;2;255;255;255m▀[0m[38;2;255;255;255m[48;2;255;255;255m▀[0m[38;2;255;255;255m[48;2;255;255;255m▀[0m[38;2;255;255;255m[48;2;255;255;255m▀[0m[38;2;16;16;16m[48;2;54;56;57m▀[0m[38;2;0;0;0m[48;2;0;0;0m▀[0m[38;2;6;14;20m[48;2;1;6;11m▀[0m[38;2;13;18;24m[48;2;2;4;9m▀[0m[38;2;13;18;23m[48;2;14;19;25m▀[0m[38;2;4;9;10m[48;2;3;8;9m▀[0m[38;2;23;32;37m[48;2;17;27;31m▀[0m[38;2;13;20;26m[48;2;0;0;0m▀[0m[38;2;0;0;0m[48;2;1;0;0m▀[0m[38;2;164;166;166m[48;2;255;255;255m▀[0m
[38;2;0;0;0m[48;2;0;0;0m▀[0m[38;2;56;21;25m[48;2;31;2;0m▀[0m[38;2;18;0;0m[48;2;157;9;2m▀[0m[38;2;0;0;0m[48;2;3;0;0m▀[0m[38;2;189;161;161m[48;2;202;95;94m▀[0m[38;2;235;255;255m[48;2;92;216;220m▀[0m[38;2;136;157;159m[48;2;9;0;0m▀[0m[38;2;217;244;244m[48;2;232;246;243m▀[0m[38;2;66;13;11m[48;2;232;251;254m▀[0m[38;2;152;26;26m[48;2;240;210;207m▀[0m[38;2;230;79;72m[48;2;247;247;249m▀[0m[38;2;188;88;80m[48;2;213;254;255m▀[0m[38;2;172;63;56m[48;2;184;246;248m▀[0m[38;2;172;18;11m[48;2;151;192;189m▀[0m[38;2;105;57;48m[48;2;202;212;205m▀[0m[38;2;112;113;109m[48;2;255;247;242m▀[0m[38;2;74;67;65m[48;2;255;253;250m▀[0m[38;2;0;0;0m[48;2;43;34;31m▀[0m[38;2;0;0;0m[48;2;0;0;0m▀[0m[38;2;0;0;0m[48;2;0;0;0m▀[0m[38;2;0;0;0m[48;2;0;0;0m▀[0m[38;2;255;249;247m[48;2;255;249;246m▀[0m[38;2;255;255;255m[48;2;255;255;255m▀[0m[38;2;255;255;255m[48;2;255;132;121m▀[0m[38;2;255;255;255m[48;2;255;255;255m▀[0m[38;2;255;255;255m[48;2;255;255;255m▀[0m[38;2;57;59;58m[48;2;16;26;24m▀[0m[38;2;0;0;0m[48;2;0;0;0m▀[0m[38;2;0;0;0m[48;2;4;10;18m▀[0m[38;2;10;18;25m[48;2;10;16;19m▀[0m[38;2;17;26;33m[48;2;17;23;28m▀[0m[38;2;1;5;6m[48;2;0;2;6m▀[0m[38;2;9;16;19m[48;2;0;1;4m▀[0m[38;2;0;0;0m[48;2;0;0;2m▀[0m[38;2;83;80;75m[48;2;200;197;196m▀[0m[38;2;255;255;255m[48;2;163;164;163m▀[0m
[38;2;0;0;0m[48;2;0;1;0m▀[0m[38;2;0;4;2m[48;2;0;0;1m▀[0m[38;2;220;12;1m[48;2;117;11;5m▀[0m[38;2;255;3;0m[48;2;255;13;0m▀[0m[38;2;255;0;0m[48;2;255;1;0m▀[0m[38;2;255;88;73m[48;2;255;0;0m▀[0m[38;2;209;173;167m[48;2;255;0;0m▀[0m[38;2;201;235;235m[48;2;218;170;166m▀[0m[38;2;210;232;233m[48;2;212;255;255m▀[0m[38;2;217;243;244m[48;2;201;210;209m▀[0m[38;2;218;232;232m[48;2;207;212;212m▀[0m[38;2;196;157;157m[48;2;208;216;215m▀[0m[38;2;215;210;210m[48;2;205;220;219m▀[0m[38;2;163;170;172m[48;2;140;136;132m▀[0m[38;2;169;167;165m[48;2;235;242;243m▀[0m[38;2;202;202;201m[48;2;201;182;177m▀[0m[38;2;231;223;220m[48;2;253;250;248m▀[0m[38;2;201;180;174m[48;2;224;219;216m▀[0m[38;2;0;0;0m[48;2;62;83;82m▀[0m[38;2;0;0;0m[48;2;0;0;0m▀[0m[38;2;0;0;0m[48;2;12;6;6m▀[0m[38;2;255;144;134m[48;2;255;187;172m▀[0m[38;2;255;255;255m[48;2;255;255;255m▀[0m[38;2;255;255;255m[48;2;255;255;255m▀[0m[38;2;255;255;255m[48;2;255;255;255m▀[0m[38;2;255;255;255m[48;2;255;244;236m▀[0m[38;2;0;0;0m[48;2;0;0;0m▀[0m[38;2;0;0;0m[48;2;0;0;0m▀[0m[38;2;0;4;13m[48;2;0;0;6m▀[0m[38;2;0;0;1m[48;2;20;36;43m▀[0m[38;2;4;9;16m[48;2;37;52;63m▀[0m[38;2;0;0;4m[48;2;0;0;0m▀[0m[38;2;0;0;0m[48;2;60;59;60m▀[0m[38;2;142;151;157m[48;2;226;233;238m▀[0m[38;2;31;31;31m[48;2;0;0;0m▀[0m[38;2;0;0;0m[48;2;13;25;34m▀[0m
[38;2;0;1;0m[48;2;0;1;1m▀[0m[38;2;0;3;3m[48;2;0;4;4m▀[0m[38;2;58;10;6m[48;2;14;8;5m▀[0m[38;2;255;16;0m[48;2;255;25;4m▀[0m[38;2;119;0;0m[48;2;6;0;0m▀[0m[38;2;134;0;0m[48;2;32;0;0m▀[0m[38;2;255;0;0m[48;2;146;0;0m▀[0m[38;2;212;234;233m[48;2;227;255;255m▀[0m[38;2;221;255;255m[48;2;239;241;241m▀[0m[38;2;162;158;154m[48;2;152;162;159m▀[0m[38;2;211;213;211m[48;2;196;196;194m▀[0m[38;2;213;217;215m[48;2;215;223;220m▀[0m[38;2;189;196;190m[48;2;233;216;213m▀[0m[38;2;231;150;144m[48;2;255;253;249m▀[0m[38;2;255;255;255m[48;2;223;232;231m▀[0m[38;2;225;230;228m[48;2;254;255;255m▀[0m[38;2;197;200;198m[48;2;255;255;255m▀[0m[38;2;255;255;255m[48;2;255;255;255m▀[0m[38;2;255;255;255m[48;2;255;255;255m▀[0m[38;2;255;235;235m[48;2;255;213;208m▀[0m[38;2;211;157;154m[48;2;255;0;0m▀[0m[38;2;255;101;86m[48;2;255;86;77m▀[0m[38;2;255;255;255m[48;2;255;255;255m▀[0m[38;2;255;255;255m[48;2;255;255;255m▀[0m[38;2;255;233;223m[48;2;255;81;62m▀[0m[38;2;243;236;233m[48;2;188;89;78m▀[0m[38;2;65;46;41m[48;2;255;255;255m▀[0m[38;2;0;0;0m[48;2;255;255;255m▀[0m[38;2;0;0;0m[48;2;0;6;10m▀[0m[38;2;4;17;23m[48;2;0;0;0m▀[0m[38;2;0;0;0m[48;2;16;14;13m▀[0m[38;2;42;46;43m[48;2;144;147;147m▀[0m[38;2;255;255;255m[48;2;255;255;255m▀[0m[38;2;101;115;126m[48;2;58;73;85m▀[0m[38;2;0;0;0m[48;2;0;0;0m▀[0m[38;2;0;0;0m[48;2;0;2;5m▀[0m
[38;2;0;1;1m[48;2;0;1;1m▀[0m[38;2;0;0;0m[48;2;0;2;2m▀[0m[38;2;12;6;5m[48;2;5;4;4m▀[0m[38;2;255;29;6m[48;2;159;13;3m▀[0m[38;2;0;0;0m[48;2;92;10;0m▀[0m[38;2;0;0;0m[48;2;0;0;0m▀[0m[38;2;172;0;0m[48;2;0;0;0m▀[0m[38;2;203;211;210m[48;2;132;101;98m▀[0m[38;2;255;255;255m[48;2;255;204;200m▀[0m[38;2;178;187;189m[48;2;117;92;92m▀[0m[38;2;142;143;139m[48;2;44;0;0m▀[0m[38;2;233;243;239m[48;2;158;143;139m▀[0m[38;2;228;202;194m[48;2;188;212;210m▀[0m[38;2;232;250;251m[48;2;247;211;210m▀[0m[38;2;251;255;255m[48;2;216;118;115m▀[0m[38;2;255;255;255m[48;2;255;255;255m▀[0m[38;2;255;255;255m[48;2;255;255;255m▀[0m[38;2;255;255;255m[48;2;255;255;255m▀[0m[38;2;255;255;255m[48;2;255;255;255m▀[0m[38;2;248;233;233m[48;2;255;109;105m▀[0m[38;2;234;75;66m[48;2;249;0;0m▀[0m[38;2;255;129;121m[48;2;255;0;0m▀[0m[38;2;255;255;255m[48;2;255;201;189m▀[0m[38;2;255;255;255m[48;2;255;255;254m▀[0m[38;2;255;165;157m[48;2;255;0;0m▀[0m[38;2;240;59;56m[48;2;240;190;189m▀[0m[38;2;255;255;255m[48;2;255;255;255m▀[0m[38;2;255;255;255m[48;2;255;246;240m▀[0m[38;2;255;255;255m[48;2;255;255;255m▀[0m[38;2;81;92;88m[48;2;255;255;255m▀[0m[38;2;1;4;3m[48;2;0;0;0m▀[0m[38;2;0;0;0m[48;2;0;0;0m▀[0m[38;2;0;0;0m[48;2;0;0;0m▀[0m[38;2;37;50;59m[48;2;23;36;42m▀[0m[38;2;2;6;9m[48;2;23;28;32m▀[0m[38;2;0;0;0m[48;2;0;0;0m▀[0m
[38;2;0;1;1m[48;2;1;1;1m▀[0m[38;2;0;1;1m[48;2;0;1;1m▀[0m[38;2;0;1;1m[48;2;0;1;1m▀[0m[38;2;25;3;2m[48;2;0;1;1m▀[0m[38;2;147;8;0m[48;2;97;8;5m▀[0m[38;2;0;0;0m[48;2;13;0;2m▀[0m[38;2;0;0;0m[48;2;0;0;0m▀[0m[38;2;0;5;3m[48;2;0;0;0m▀[0m[38;2;255;163;151m[48;2;157;69;64m▀[0m[38;2;102;28;26m[48;2;209;155;152m▀[0m[38;2;238;125;120m[48;2;255;255;255m▀[0m[38;2;79;4;1m[48;2;197;193;197m▀[0m[38;2;255;255;255m[48;2;255;255;255m▀[0m[38;2;255;248;253m[48;2;255;241;241m▀[0m[38;2;213;161;162m[48;2;255;255;255m▀[0m[38;2;255;255;255m[48;2;255;255;255m▀[0m[38;2;255;255;255m[48;2;255;240;236m▀[0m[38;2;255;232;230m[48;2;255;232;228m▀[0m[38;2;255;224;218m[48;2;255;255;255m▀[0m[38;2;255;255;255m[48;2;255;224;227m▀[0m[38;2;255;0;0m[48;2;255;171;171m▀[0m[38;2;251;0;0m[48;2;255;150;149m▀[0m[38;2;255;0;0m[48;2;255;125;120m▀[0m[38;2;251;32;10m[48;2;235;50;37m▀[0m[38;2;215;39;32m[48;2;251;253;248m▀[0m[38;2;249;196;189m[48;2;231;246;243m▀[0m[38;2;201;255;255m[48;2;255;255;255m▀[0m[38;2;255;172;170m[48;2;255;255;255m▀[0m[38;2;255;255;254m[48;2;255;255;255m▀[0m[38;2;255;251;255m[48;2;255;255;255m▀[0m[38;2;255;223;221m[48;2;255;255;255m▀[0m[38;2;0;0;0m[48;2;189;195;195m▀[0m[38;2;0;0;0m[48;2;0;0;0m▀[0m[38;2;17;29;35m[48;2;2;14;20m▀[0m[38;2;29;39;44m[48;2;41;55;63m▀[0m[38;2;0;0;0m[48;2;0;0;0m▀[0m
[38;2;1;1;1m[48;2;0;1;0m▀[0m[38;2;0;1;1m[48;2;1;1;1m▀[0m[38;2;0;1;1m[48;2;0;1;1m▀[0m[38;2;0;0;0m[48;2;12;10;5m▀[0m[38;2;108;10;4m[48;2;1;2;2m▀[0m[38;2;0;0;0m[48;2;0;0;0m▀[0m[38;2;0;0;0m[48;2;0;0;0m▀[0m[38;2;0;0;0m[48;2;0;0;0m▀[0m[38;2;95;42;37m[48;2;40;10;6m▀[0m[38;2;205;156;147m[48;2;85;66;57m▀[0m[38;2;198;207;198m[48;2;143;134;123m▀[0m[38;2;255;255;255m[48;2;255;255;255m▀[0m[38;2;255;255;255m[48;2;255;255;255m▀[0m[38;2;255;217;216m[48;2;255;255;255m▀[0m[38;2;255;255;255m[48;2;255;255;255m▀[0m[38;2;255;255;255m[48;2;255;255;255m▀[0m[38;2;255;225;223m[48;2;255;247;248m▀[0m[38;2;255;255;255m[48;2;255;255;255m▀[0m[38;2;255;255;255m[48;2;255;255;255m▀[0m[38;2;255;154;148m[48;2;255;196;195m▀[0m[38;2;255;255;255m[48;2;232;212;208m▀[0m[38;2;255;255;255m[48;2;255;246;231m▀[0m[38;2;241;244;236m[48;2;200;149;143m▀[0m[38;2;255;167;159m[48;2;233;177;166m▀[0m[38;2;255;238;238m[48;2;255;219;212m▀[0m[38;2;251;244;249m[48;2;255;255;255m▀[0m[38;2;255;251;255m[48;2;255;196;189m▀[0m[38;2;255;255;255m[48;2;255;255;255m▀[0m[38;2;255;255;255m[48;2;255;255;255m▀[0m[38;2;255;255;255m[48;2;255;255;255m▀[0m[38;2;255;255;255m[48;2;255;254;255m▀[0m[38;2;255;255;255m[48;2;255;255;255m▀[0m[38;2;0;0;0m[48;2;123;124;125m▀[0m[38;2;0;0;0m[48;2;0;0;0m▀[0m[38;2;52;71;81m[48;2;58;77;88m▀[0m[38;2;0;0;0m[48;2;3;3;6m▀[0m
