[38;2;10;12;12m[48;2;12;11;11m▀[0m[38;2;0;2;2m[48;2;3;5;5m▀[0m[38;2;1;1;1m[48;2;0;0;0m▀[0m[38;2;1;0;0m[48;2;1;1;1m▀[0m[38;2;0;0;0m[48;2;0;0;0m▀[0m[38;2;10;10;11m[48;2;0;0;0m▀[0m[38;2;62;59;61m[48;2;34;34;34m▀[0m[38;2;0;0;0m[48;2;67;66;63m▀[0m[38;2;0;0;0m[48;2;0;0;0m▀[0m[38;2;110;107;109m[48;2;0;0;0m▀[0m[38;2;255;255;255m[48;2;103;103;101m▀[0m[38;2;255;255;255m[48;2;255;255;255m▀[0m[38;2;242;242;242m[48;2;255;255;255m▀[0m[38;2;230;233;230m[48;2;240;240;237m▀[0m[38;2;255;255;255m[48;2;243;243;244m▀[0m[38;2;179;178;179m[48;2;255;255;255m▀[0m[38;2;0;0;0m[48;2;90;87;87m▀[0m[38;2;0;0;0m[48;2;0;0;0m▀[0m[38;2;0;0;0m[48;2;0;0;0m▀[0m[38;2;0;0;0m[48;2;0;0;0m▀[0m[38;2;4;1;1m[48;2;0;0;0m▀[0m[38;2;0;0;0m[48;2;0;0;0m▀[0m[38;2;0;0;0m[48;2;0;0;0m▀[0m[38;2;0;0;0m[48;2;0;0;0m▀[0m[38;2;0;0;0m[48;2;0;0;0m▀[0m[38;2;18;21;21m[48;2;16;16;16m▀[0m[38;2;18;18;18m[48;2;17;21;17m▀[0m[38;2;20;20;20m[48;2;21;21;21m▀[0m[38;2;22;22;20m[48;2;22;22;22m▀[0m[38;2;21;21;21m[48;2;22;22;20m▀[0m[38;2;22;22;22m[48;2;21;21;19m▀[0m[38;2;27;30;30m[48;2;25;25;25m▀[0m[38;2;10;12;12m[48;2;15;19;16m▀[0m[38;2;0;0;0m[48;2;0;0;0m▀[0m[38;2;3;6;5m[48;2;1;1;0m▀[0m[38;2;21;24;23m[48;2;28;31;30m▀[0m
[38;2;5;7;7m[48;2;2;4;4m▀[0m[38;2;11;10;10m[48;2;15;13;16m▀[0m[38;2;0;0;0m[48;2;0;0;0m▀[0m[38;2;1;1;1m[48;2;1;1;1m▀[0m[38;2;0;0;0m[48;2;0;0;0m▀[0m[38;2;0;0;0m[48;2;0;0;0m▀[0m[38;2;0;0;0m[48;2;0;0;0m▀[0m[38;2;48;48;48m[48;2;58;60;60m▀[0m[38;2;25;25;25m[48;2;120;123;123m▀[0m[38;2;0;0;0m[48;2;50;52;52m▀[0m[38;2;0;0;0m[48;2;13;13;13m▀[0m[38;2;129;128;128m[48;2;0;0;0m▀[0m[38;2;255;255;255m[48;2;202;202;200m▀[0m[38;2;246;246;246m[48;2;255;255;255m▀[0m[38;2;243;243;241m[48;2;245;245;242m▀[0m[38;2;255;255;255m[48;2;242;242;242m▀[0m[38;2;255;255;255m[48;2;255;255;255m▀[0m[38;2;15;17;15m[48;2;231;231;232m▀[0m[38;2;0;0;0m[48;2;30;29;29m▀[0m[38;2;0;0;0m[48;2;48;51;50m▀[0m[38;2;0;0;0m[48;2;93;93;96m▀[0m[38;2;0;0;0m[48;2;247;247;247m▀[0m[38;2;0;0;0m[48;2;96;96;97m▀[0m[38;2;0;0;0m[48;2;0;0;0m▀[0m[38;2;0;0;0m[48;2;0;0;0m▀[0m[38;2;9;11;11m[48;2;2;2;3m▀[0m[38;2;19;22;22m[48;2;22;22;24m▀[0m[38;2;20;20;20m[48;2;20;20;20m▀[0m[38;2;23;23;23m[48;2;23;23;23m▀[0m[38;2;21;23;23m[48;2;23;23;23m▀[0m[38;2;21;21;21m[48;2;21;21;21m▀[0m[38;2;33;33;33m[48;2;33;33;33m▀[0m[38;2;25;25;27m[48;2;33;33;35m▀[0m[38;2;0;0;0m[48;2;0;0;0m▀[0m[38;2;0;0;0m[48;2;0;0;0m▀[0m[38;2;40;38;41m[48;2;48;50;50m▀[0m
[38;2;0;0;0m[48;2;0;0;0m▀[0m[38;2;15;13;16m[48;2;9;11;11m▀[0m[38;2;2;2;2m[48;2;4;4;4m▀[0m[38;2;0;0;0m[48;2;4;6;6m▀[0m[38;2;0;0;0m[48;2;0;0;0m▀[0m[38;2;0;0;0m[48;2;0;0;0m▀[0m[38;2;0;0;0m[48;2;0;0;0m▀[0m[38;2;39;36;40m[48;2;0;0;0m▀[0m[38;2;66;69;69m[48;2;34;32;35m▀[0m[38;2;0;0;0m[48;2;71;73;73m▀[0m[38;2;14;14;14m[48;2;97;100;100m▀[0m[38;2;0;0;0m[48;2;45;45;46m▀[0m[38;2;0;0;0m[48;2;0;0;0m▀[0m[38;2;255;255;255m[48;2;63;63;63m▀[0m[38;2;255;255;255m[48;2;255;255;255m▀[0m[38;2;243;243;243m[48;2;255;255;255m▀[0m[38;2;255;255;255m[48;2;228;228;226m▀[0m[38;2;245;245;246m[48;2;226;226;222m▀[0m[38;2;209;209;209m[48;2;194;197;197m▀[0m[38;2;255;255;255m[48;2;50;50;51m▀[0m[38;2;255;255;255m[48;2;255;255;255m▀[0m[38;2;255;255;255m[48;2;145;144;144m▀[0m[38;2;113;111;114m[48;2;65;67;67m▀[0m[38;2;0;0;0m[48;2;44;43;43m▀[0m[38;2;0;0;0m[48;2;0;0;0m▀[0m[38;2;0;0;0m[48;2;0;0;0m▀[0m[38;2;23;23;24m[48;2;20;20;21m▀[0m[38;2;19;19;19m[48;2;17;14;14m▀[0m[38;2;22;22;22m[48;2;21;21;21m▀[0m[38;2;21;23;21m[48;2;23;23;23m▀[0m[38;2;20;22;20m[48;2;22;22;22m▀[0m[38;2;34;34;34m[48;2;27;30;27m▀[0m[38;2;39;41;42m[48;2;44;46;47m▀[0m[38;2;0;0;0m[48;2;0;0;0m▀[0m[38;2;0;0;0m[48;2;0;0;0m▀[0m[38;2;38;40;40m[48;2;32;35;34m▀[0m
[38;2;7;9;9m[48;2;17;20;20m▀[0m[38;2;5;5;5m[48;2;0;0;0m▀[0m[38;2;6;6;7m[48;2;8;10;10m▀[0m[38;2;8;8;8m[48;2;0;0;0m▀[0m[38;2;33;35;35m[48;2;0;0;0m▀[0m[38;2;24;24;24m[48;2;0;0;0m▀[0m[38;2;3;3;3m[48;2;20;23;23m▀[0m[38;2;35;35;35m[48;2;173;173;173m▀[0m[38;2;159;162;162m[48;2;197;197;198m▀[0m[38;2;207;206;206m[48;2;98;94;94m▀[0m[38;2;148;148;148m[48;2;90;89;89m▀[0m[38;2;134;137;137m[48;2;213;216;218m▀[0m[38;2;116;116;116m[48;2;113;113;111m▀[0m[38;2;0;0;0m[48;2;66;65;65m▀[0m[38;2;91;94;94m[48;2;0;0;0m▀[0m[38;2;226;226;226m[48;2;97;97;97m▀[0m[38;2;210;210;207m[48;2;255;255;255m▀[0m[38;2;250;253;250m[48;2;255;255;255m▀[0m[38;2;255;255;255m[48;2;255;255;255m▀[0m[38;2;0;2;3m[48;2;1;0;2m▀[0m[38;2;0;0;0m[48;2;0;0;0m▀[0m[38;2;139;139;139m[48;2;157;157;159m▀[0m[38;2;255;255;255m[48;2;255;255;255m▀[0m[38;2;223;222;222m[48;2;239;241;241m▀[0m[38;2;11;12;9m[48;2;255;255;255m▀[0m[38;2;0;0;0m[48;2;21;23;25m▀[0m[38;2;0;0;0m[48;2;0;0;0m▀[0m[38;2;14;17;17m[48;2;24;24;24m▀[0m[38;2;20;20;20m[48;2;22;24;22m▀[0m[38;2;24;24;22m[48;2;23;23;23m▀[0m[38;2;23;23;23m[48;2;24;24;24m▀[0m[38;2;24;24;22m[48;2;21;23;21m▀[0m[38;2;40;42;43m[48;2;33;36;36m▀[0m[38;2;6;5;5m[48;2;12;14;16m▀[0m[38;2;0;0;0m[48;2;0;0;0m▀[0m[38;2;39;39;40m[48;2;38;41;41m▀[0m
[38;2;29;29;31m[48;2;19;19;19m▀[0m[38;2;0;0;0m[48;2;0;0;2m▀[0m[38;2;8;10;10m[48;2;0;0;0m▀[0m[38;2;0;0;0m[48;2;19;19;19m▀[0m[38;2;0;0;0m[48;2;7;7;7m▀[0m[38;2;48;51;51m[48;2;55;59;59m▀[0m[38;2;184;184;184m[48;2;133;136;136m▀[0m[38;2;206;206;208m[48;2;0;0;0m▀[0m[38;2;69;69;70m[48;2;0;0;0m▀[0m[38;2;67;67;67m[48;2;109;112;114m▀[0m[38;2;173;173;173m[48;2;128;132;132m▀[0m[38;2;110;114;115m[48;2;108;106;110m▀[0m[38;2;133;133;135m[48;2;75;77;77m▀[0m[38;2;182;185;182m[48;2;116;116;116m▀[0m[38;2;0;0;0m[48;2;103;103;104m▀[0m[38;2;112;112;109m[48;2;19;19;16m▀[0m[38;2;255;255;255m[48;2;200;197;199m▀[0m[38;2;255;255;255m[48;2;255;255;255m▀[0m[38;2;81;79;83m[48;2;255;255;255m▀[0m[38;2;34;34;32m[48;2;219;220;217m▀[0m[38;2;0;0;0m[48;2;100;102;102m▀[0m[38;2;135;135;135m[48;2;255;255;255m▀[0m[38;2;219;222;218m[48;2;245;245;245m▀[0m[38;2;116;117;114m[48;2;216;214;217m▀[0m[38;2;133;135;135m[48;2;255;255;255m▀[0m[38;2;0;0;0m[48;2;152;154;154m▀[0m[38;2;1;4;5m[48;2;0;0;0m▀[0m[38;2;17;17;17m[48;2;5;7;8m▀[0m[38;2;23;25;23m[48;2;23;25;23m▀[0m[38;2;23;23;23m[48;2;23;23;21m▀[0m[38;2;23;23;23m[48;2;22;24;22m▀[0m[38;2;23;23;21m[48;2;24;24;24m▀[0m[38;2;40;40;40m[48;2;36;35;36m▀[0m[38;2;18;20;20m[48;2;28;26;29m▀[0m[38;2;0;0;0m[48;2;0;0;0m▀[0m[38;2;39;39;37m[48;2;18;21;21m▀[0m
[38;2;0;2;3m[48;2;0;0;0m▀[0m[38;2;8;8;9m[48;2;0;0;0m▀[0m[38;2;0;0;0m[48;2;0;0;0m▀[0m[38;2;0;0;0m[48;2;0;0;0m▀[0m[38;2;0;0;0m[48;2;0;0;0m▀[0m[38;2;13;17;17m[48;2;0;0;0m▀[0m[38;2;15;19;19m[48;2;5;8;7m▀[0m[38;2;85;84;84m[48;2;255;255;255m▀[0m[38;2;25;24;24m[48;2;255;255;255m▀[0m[38;2;131;128;131m[48;2;246;231;227m▀[0m[38;2;189;189;190m[48;2;255;255;255m▀[0m[38;2;121;125;122m[48;2;163;161;155m▀[0m[38;2;122;124;124m[48;2;0;0;0m▀[0m[38;2;168;165;167m[48;2;58;58;54m▀[0m[38;2;134;137;138m[48;2;227;229;230m▀[0m[38;2;112;115;115m[48;2;233;233;235m▀[0m[38;2;0;0;0m[48;2;153;152;153m▀[0m[38;2;184;186;184m[48;2;0;0;0m▀[0m[38;2;255;255;255m[48;2;117;116;116m▀[0m[38;2;247;246;246m[48;2;239;237;240m▀[0m[38;2;255;255;255m[48;2;217;215;218m▀[0m[38;2;198;198;196m[48;2;241;241;239m▀[0m[38;2;83;86;87m[48;2;33;33;34m▀[0m[38;2;255;255;255m[48;2;154;154;156m▀[0m[38;2;180;179;179m[48;2;255;255;255m▀[0m[38;2;93;96;95m[48;2;23;26;26m▀[0m[38;2;0;0;0m[48;2;0;0;0m▀[0m[38;2;0;0;0m[48;2;0;0;0m▀[0m[38;2;28;25;28m[48;2;26;26;26m▀[0m[38;2;25;25;23m[48;2;18;17;17m▀[0m[38;2;23;24;20m[48;2;28;28;28m▀[0m[38;2;24;24;24m[48;2;35;35;37m▀[0m[38;2;19;21;21m[48;2;25;25;26m▀[0m[38;2;18;20;20m[48;2;32;34;34m▀[0m[38;2;0;0;0m[48;2;5;4;4m▀[0m[38;2;0;1;1m[48;2;0;0;0m▀[0m
[38;2;0;0;0m[48;2;0;0;0m▀[0m[38;2;26;28;28m[48;2;229;210;205m▀[0m[38;2;243;220;216m[48;2;255;255;255m▀[0m[38;2;255;247;240m[48;2;255;250;242m▀[0m[38;2;255;232;220m[48;2;255;252;242m▀[0m[38;2;165;162;156m[48;2;255;253;245m▀[0m[38;2;191;201;204m[48;2;235;223;218m▀[0m[38;2;255;255;255m[48;2;255;255;255m▀[0m[38;2;255;255;255m[48;2;255;255;255m▀[0m[38;2;167;152;146m[48;2;226;213;211m▀[0m[38;2;164;143;138m[48;2;180;152;143m▀[0m[38;2;255;244;238m[48;2;255;255;255m▀[0m[38;2;50;54;54m[48;2;109;88;85m▀[0m[38;2;88;98;97m[48;2;255;255;255m▀[0m[38;2;0;0;0m[48;2;178;152;148m▀[0m[38;2;167;172;172m[48;2;226;231;231m▀[0m[38;2;255;255;255m[48;2;255;255;255m▀[0m[38;2;255;255;255m[48;2;255;255;255m▀[0m[38;2;55;54;54m[48;2;141;144;144m▀[0m[38;2;255;254;255m[48;2;240;240;240m▀[0m[38;2;0;0;0m[48;2;95;97;97m▀[0m[38;2;215;214;214m[48;2;65;64;64m▀[0m[38;2;255;255;255m[48;2;201;198;200m▀[0m[38;2;83;86;86m[48;2;219;219;219m▀[0m[38;2;118;115;115m[48;2;87;86;86m▀[0m[38;2;43;43;43m[48;2;68;70;70m▀[0m[38;2;46;46;47m[48;2;34;34;36m▀[0m[38;2;0;0;0m[48;2;0;0;0m▀[0m[38;2;18;20;20m[48;2;43;45;47m▀[0m[38;2;49;51;53m[48;2;36;40;41m▀[0m[38;2;62;64;69m[48;2;42;41;41m▀[0m[38;2;32;36;36m[48;2;49;49;50m▀[0m[38;2;30;27;31m[48;2;20;22;22m▀[0m[38;2;27;30;29m[48;2;10;13;12m▀[0m[38;2;7;9;9m[48;2;29;27;30m▀[0m[38;2;0;0;0m[48;2;0;0;0m▀[0m
[38;2;129;124;123m[48;2;160;155;155m▀[0m[38;2;255;255;255m[48;2;231;208;205m▀[0m[38;2;255;255;255m[48;2;208;175;176m▀[0m[38;2;255;232;224m[48;2;222;186;179m▀[0m[38;2;255;243;235m[48;2;237;198;188m▀[0m[38;2;248;233;227m[48;2;216;175;168m▀[0m[38;2;232;220;216m[48;2;191;182;174m▀[0m[38;2;237;241;243m[48;2;182;192;192m▀[0m[38;2;255;255;255m[48;2;255;255;255m▀[0m[38;2;255;255;255m[48;2;255;255;255m▀[0m[38;2;255;255;255m[48;2;255;255;255m▀[0m[38;2;251;226;223m[48;2;208;206;204m▀[0m[38;2;151;119;113m[48;2;183;169;165m▀[0m[38;2;255;215;207m[48;2;249;230;226m▀[0m[38;2;194;187;186m[48;2;190;193;192m▀[0m[38;2;255;255;255m[48;2;255;255;255m▀[0m[38;2;255;255;255m[48;2;255;255;255m▀[0m[38;2;255;255;255m[48;2;255;255;255m▀[0m[38;2;52;52;52m[48;2;57;58;55m▀[0m[38;2;110;113;113m[48;2;65;64;64m▀[0m[38;2;193;191;194m[48;2;27;27;27m▀[0m[38;2;122;125;125m[48;2;255;255;255m▀[0m[38;2;106;106;104m[48;2;152;155;151m▀[0m[38;2;255;255;255m[48;2;207;210;215m▀[0m[38;2;116;116;116m[48;2;74;77;83m▀[0m[38;2;39;36;36m[48;2;0;0;0m▀[0m[38;2;0;0;0m[48;2;0;0;0m▀[0m[38;2;0;0;0m[48;2;2;5;4m▀[0m[38;2;77;79;79m[48;2;93;95;95m▀[0m[38;2;102;102;103m[48;2;33;33;34m▀[0m[38;2;73;75;78m[48;2;9;8;6m▀[0m[38;2;39;42;44m[48;2;6;6;6m▀[0m[38;2;25;25;25m[48;2;9;8;8m▀[0m[38;2;30;33;32m[48;2;0;0;0m▀[0m[38;2;23;22;22m[48;2;0;0;0m▀[0m[38;2;0;0;0m[48;2;17;19;19m▀[0m
[38;2;126;116;113m[48;2;55;55;52m▀[0m[38;2;132;100;100m[48;2;38;24;21m▀[0m[38;2;176;143;141m[48;2;0;0;0m▀[0m[38;2;255;231;222m[48;2;14;16;16m▀[0m[38;2;197;167;164m[48;2;41;48;52m▀[0m[38;2;157;101;93m[48;2;193;59;32m▀[0m[38;2;225;122;102m[48;2;165;91;73m▀[0m[38;2;213;208;208m[48;2;236;254;254m▀[0m[38;2;255;255;255m[48;2;243;248;244m▀[0m[38;2;255;255;255m[48;2;255;255;255m▀[0m[38;2;255;255;255m[48;2;255;255;255m▀[0m[38;2;165;172;173m[48;2;138;142;143m▀[0m[38;2;238;235;237m[48;2;186;188;188m▀[0m[38;2;193;193;191m[48;2;194;194;194m▀[0m[38;2;151;155;156m[48;2;134;136;136m▀[0m[38;2;255;255;255m[48;2;255;255;255m▀[0m[38;2;255;255;255m[48;2;255;255;255m▀[0m[38;2;255;255;255m[48;2;124;127;124m▀[0m[38;2;68;69;66m[48;2;68;71;71m▀[0m[38;2;76;79;79m[48;2;112;112;114m▀[0m[38;2;214;214;214m[48;2;171;176;176m▀[0m[38;2;93;97;98m[48;2;166;170;170m▀[0m[38;2;255;255;255m[48;2;255;255;255m▀[0m[38;2;0;0;0m[48;2;227;227;229m▀[0m[38;2;0;0;0m[48;2;16;15;15m▀[0m[38;2;0;0;0m[48;2;0;0;0m▀[0m[38;2;0;0;0m[48;2;0;0;0m▀[0m[38;2;0;0;0m[48;2;0;0;0m▀[0m[38;2;48;50;52m[48;2;32;34;36m▀[0m[38;2;0;1;1m[48;2;112;110;113m▀[0m[38;2;18;20;20m[48;2;15;18;18m▀[0m[38;2;25;27;28m[48;2;35;35;33m▀[0m[38;2;8;11;11m[48;2;24;24;25m▀[0m[38;2;22;22;23m[48;2;38;41;41m▀[0m[38;2;41;43;43m[48;2;38;37;37m▀[0m[38;2;19;21;21m[48;2;21;21;21m▀[0m
[38;2;68;72;72m[48;2;182;191;194m▀[0m[38;2;72;49;41m[48;2;144;118;112m▀[0m[38;2;0;0;0m[48;2;110;88;82m▀[0m[38;2;0;0;0m[48;2;0;0;0m▀[0m[38;2;69;82;82m[48;2;24;33;34m▀[0m[38;2;66;69;68m[48;2;0;0;0m▀[0m[38;2;158;179;183m[48;2;136;141;143m▀[0m[38;2;255;255;255m[48;2;255;255;255m▀[0m[38;2;255;255;255m[48;2;255;255;255m▀[0m[38;2;255;255;255m[48;2;218;219;216m▀[0m[38;2;255;255;255m[48;2;209;209;211m▀[0m[38;2;137;140;140m[48;2;109;109;111m▀[0m[38;2;255;255;255m[48;2;214;217;217m▀[0m[38;2;253;253;253m[48;2;67;67;65m▀[0m[38;2;17;19;21m[48;2;0;0;0m▀[0m[38;2;255;255;255m[48;2;255;255;255m▀[0m[38;2;255;255;255m[48;2;255;255;255m▀[0m[38;2;141;144;144m[48;2;166;169;169m▀[0m[38;2;65;65;67m[48;2;255;255;255m▀[0m[38;2;178;174;172m[48;2;255;255;255m▀[0m[38;2;131;127;125m[48;2;255;255;255m▀[0m[38;2;154;156;154m[48;2;255;255;255m▀[0m[38;2;185;188;188m[48;2;210;206;208m▀[0m[38;2;135;139;141m[48;2;0;0;0m▀[0m[38;2;137;140;139m[48;2;38;41;40m▀[0m[38;2;21;21;21m[48;2;69;69;69m▀[0m[38;2;0;0;0m[48;2;0;0;0m▀[0m[38;2;42;42;43m[48;2;43;46;47m▀[0m[38;2;44;47;48m[48;2;32;35;34m▀[0m[38;2;26;26;27m[48;2;25;27;25m▀[0m[38;2;17;17;17m[48;2;24;26;24m▀[0m[38;2;21;21;19m[48;2;26;26;26m▀[0m[38;2;25;25;25m[48;2;26;26;26m▀[0m[38;2;23;25;23m[48;2;25;27;25m▀[0m[38;2;26;26;26m[48;2;28;30;28m▀[0m[38;2;22;22;22m[48;2;23;25;25m▀[0m
[38;2;255;255;255m[48;2;255;255;255m▀[0m[38;2;91;90;90m[48;2;137;145;148m▀[0m[38;2;255;255;244m[48;2;193;172;167m▀[0m[38;2;67;52;48m[48;2;255;255;255m▀[0m[38;2;0;2;5m[48;2;22;18;17m▀[0m[38;2;0;0;0m[48;2;27;32;33m▀[0m[38;2;65;70;69m[48;2;17;20;19m▀[0m[38;2;95;99;99m[48;2;0;0;0m▀[0m[38;2;71;73;73m[48;2;0;0;0m▀[0m[38;2;0;0;0m[48;2;0;0;0m▀[0m[38;2;151;148;148m[48;2;155;155;155m▀[0m[38;2;130;127;127m[48;2;149;147;144m▀[0m[38;2;108;108;105m[48;2;112;112;109m▀[0m[38;2;147;147;145m[48;2;136;136;136m▀[0m[38;2;32;32;34m[48;2;202;205;205m▀[0m[38;2;255;255;255m[48;2;255;255;255m▀[0m[38;2;255;255;255m[48;2;238;240;240m▀[0m[38;2;0;0;0m[48;2;0;0;0m▀[0m[38;2;0;0;0m[48;2;0;0;0m▀[0m[38;2;0;2;2m[48;2;0;0;0m▀[0m[38;2;81;84;85m[48;2;50;52;50m▀[0m[38;2;146;135;133m[48;2;38;42;42m▀[0m[38;2;232;223;226m[48;2;0;0;0m▀[0m[38;2;191;188;191m[48;2;182;182;182m▀[0m[38;2;0;0;0m[48;2;64;64;64m▀[0m[38;2;0;0;0m[48;2;0;0;0m▀[0m[38;2;0;0;0m[48;2;0;0;0m▀[0m[38;2;16;20;21m[48;2;0;0;0m▀[0m[38;2;22;22;22m[48;2;20;20;20m▀[0m[38;2;25;25;25m[48;2;24;24;24m▀[0m[38;2;24;26;24m[48;2;30;30;30m▀[0m[38;2;25;27;25m[48;2;30;29;29m▀[0m[38;2;27;27;27m[48;2;29;28;28m▀[0m[38;2;28;31;28m[48;2;21;23;23m▀[0m[38;2;33;32;32m[48;2;17;14;18m▀[0m[38;2;22;22;23m[48;2;13;13;14m▀[0m
[38;2;251;253;254m[48;2;234;236;237m▀[0m[38;2;224;232;235m[48;2;255;255;255m▀[0m[38;2;104;97;95m[48;2;116;119;116m▀[0m[38;2;255;255;255m[48;2;173;125;113m▀[0m[38;2;53;30;26m[48;2;21;6;2m▀[0m[38;2;0;0;0m[48;2;0;0;0m▀[0m[38;2;3;5;7m[48;2;161;164;164m▀[0m[38;2;49;51;51m[48;2;207;205;208m▀[0m[38;2;73;73;73m[48;2;200;200;201m▀[0m[38;2;16;16;18m[48;2;34;34;37m▀[0m[38;2;104;104;104m[48;2;0;0;0m▀[0m[38;2;145;145;142m[48;2;167;167;167m▀[0m[38;2;166;166;166m[48;2;255;255;255m▀[0m[38;2;239;239;241m[48;2;255;255;255m▀[0m[38;2;161;161;161m[48;2;158;158;160m▀[0m[38;2;255;255;255m[48;2;255;255;255m▀[0m[38;2;228;228;228m[48;2;145;146;143m▀[0m[38;2;214;213;213m[48;2;255;255;255m▀[0m[38;2;0;0;0m[48;2;160;159;159m▀[0m[38;2;64;64;64m[48;2;44;47;44m▀[0m[38;2;204;204;202m[48;2;193;193;191m▀[0m[38;2;255;255;255m[48;2;213;213;215m▀[0m[38;2;255;255;255m[48;2;255;255;255m▀[0m[38;2;232;232;232m[48;2;255;255;255m▀[0m[38;2;255;255;255m[48;2;163;166;166m▀[0m[38;2;119;119;119m[48;2;159;159;159m▀[0m[38;2;0;0;0m[48;2;0;0;0m▀[0m[38;2;0;0;0m[48;2;0;0;0m▀[0m[38;2;20;20;20m[48;2;20;20;20m▀[0m[38;2;24;27;27m[48;2;25;25;26m▀[0m[38;2;30;30;28m[48;2;5;5;7m▀[0m[38;2;20;20;20m[48;2;11;11;12m▀[0m[38;2;18;18;18m[48;2;30;32;32m▀[0m[38;2;19;19;20m[48;2;14;16;16m▀[0m[38;2;13;10;10m[48;2;0;0;0m▀[0m[38;2;7;7;8m[48;2;2;5;4m▀[0m
