[38;2;100;144;163m[48;2;199;255;255m▀[0m[38;2;156;212;248m[48;2;143;192;228m▀[0m[38;2;88;158;131m[48;2;54;187;75m▀[0m[38;2;58;126;80m[48;2;75;105;116m▀[0m[38;2;151;210;240m[48;2;121;221;185m▀[0m[38;2;26;96;26m[48;2;53;155;68m▀[0m[38;2;97;158;158m[48;2;156;235;255m▀[0m[38;2;159;255;255m[48;2;165;255;255m▀[0m[38;2;146;253;243m[48;2;178;255;255m▀[0m[38;2;147;253;242m[48;2;147;255;255m▀[0m[38;2;203;255;255m[48;2;99;168;170m▀[0m[38;2;203;255;255m[48;2;35;49;58m▀[0m[38;2;10;22;25m[48;2;0;0;0m▀[0m[38;2;0;0;0m[48;2;0;0;0m▀[0m[38;2;0;0;0m[48;2;0;0;0m▀[0m[38;2;1;0;0m[48;2;2;0;0m▀[0m[38;2;0;0;0m[48;2;0;0;0m▀[0m[38;2;0;0;0m[48;2;0;0;0m▀[0m[38;2;0;0;0m[48;2;77;189;118m▀[0m[38;2;53;114;72m[48;2;118;255;184m▀[0m[38;2;2;9;10m[48;2;6;6;8m▀[0m[38;2;0;0;0m[48;2;0;0;0m▀[0m[38;2;0;0;0m[48;2;0;0;0m▀[0m[38;2;0;0;0m[48;2;0;29;17m▀[0m[38;2;0;0;0m[48;2;67;199;133m▀[0m[38;2;35;73;48m[48;2;169;255;253m▀[0m[38;2;30;88;67m[48;2;0;4;0m▀[0m[38;2;63;210;176m[48;2;0;0;0m▀[0m[38;2;36;87;87m[48;2;0;0;0m▀[0m[38;2;163;255;255m[48;2;117;214;208m▀[0m[38;2;204;255;255m[48;2;216;255;255m▀[0m[38;2;42;74;78m[48;2;124;217;202m▀[0m[38;2;47;76;74m[48;2;99;240;138m▀[0m[38;2;89;131;147m[48;2;126;183;197m▀[0m[38;2;25;38;40m[48;2;64;187;89m▀[0m[38;2;143;216;238m[48;2;57;87;94m▀[0m
[38;2;155;224;242m[48;2;131;191;207m▀[0m[38;2;31;90;43m[48;2;46;145;67m▀[0m[38;2;65;182;86m[48;2;78;188;103m▀[0m[38;2;59;117;90m[48;2;112;255;154m▀[0m[38;2;72;186;107m[48;2;67;212;92m▀[0m[38;2;73;127;117m[48;2;70;80;115m▀[0m[38;2;205;255;255m[48;2;132;200;218m▀[0m[38;2;173;255;255m[48;2;135;213;212m▀[0m[38;2;111;196;188m[48;2;145;228;235m▀[0m[38;2;72;127;125m[48;2;90;143;147m▀[0m[38;2;50;77;77m[48;2;32;53;52m▀[0m[38;2;0;0;0m[48;2;0;16;7m▀[0m[38;2;0;12;7m[48;2;13;52;40m▀[0m[38;2;14;44;35m[48;2;13;44;35m▀[0m[38;2;6;14;14m[48;2;0;0;0m▀[0m[38;2;0;0;0m[48;2;0;0;0m▀[0m[38;2;0;0;0m[48;2;4;6;6m▀[0m[38;2;0;0;0m[48;2;0;0;0m▀[0m[38;2;73;193;116m[48;2;19;49;32m▀[0m[38;2;98;247;160m[48;2;120;255;172m▀[0m[38;2;0;0;0m[48;2;0;0;0m▀[0m[38;2;0;0;0m[48;2;0;0;0m▀[0m[38;2;2;31;23m[48;2;0;28;15m▀[0m[38;2;91;125;101m[48;2;181;255;168m▀[0m[38;2;67;123;78m[48;2;255;16;76m▀[0m[38;2;64;194;118m[48;2;43;107;99m▀[0m[38;2;5;15;9m[48;2;0;11;0m▀[0m[38;2;0;0;0m[48;2;0;0;0m▀[0m[38;2;0;0;0m[48;2;0;0;0m▀[0m[38;2;29;30;46m[48;2;41;55;69m▀[0m[38;2;186;255;255m[48;2;113;183;191m▀[0m[38;2;145;236;241m[48;2;139;210;227m▀[0m[38;2;86;221;113m[48;2;82;236;117m▀[0m[38;2;33;72;56m[48;2;76;217;117m▀[0m[38;2;110;255;157m[48;2;118;255;171m▀[0m[38;2;72;177;99m[48;2;8;14;13m▀[0m
[38;2;101;129;151m[48;2;151;203;236m▀[0m[38;2;74;218;105m[48;2;104;255;139m▀[0m[38;2;102;250;144m[48;2;128;255;182m▀[0m[38;2;124;255;175m[48;2;122;255;175m▀[0m[38;2;117;255;161m[48;2;133;255;185m▀[0m[38;2;48;104;75m[48;2;116;255;162m▀[0m[38;2;49;149;59m[48;2;86;179;130m▀[0m[38;2;145;221;221m[48;2;174;244;255m▀[0m[38;2;205;255;255m[48;2;82;121;127m▀[0m[38;2;15;18;20m[48;2;104;157;166m▀[0m[38;2;0;0;0m[48;2;37;60;59m▀[0m[38;2;0;0;0m[48;2;0;0;0m▀[0m[38;2;11;40;36m[48;2;4;15;14m▀[0m[38;2;1;3;4m[48;2;0;0;0m▀[0m[38;2;0;0;0m[48;2;7;15;15m▀[0m[38;2;10;20;19m[48;2;12;28;26m▀[0m[38;2;8;21;20m[48;2;2;5;7m▀[0m[38;2;0;2;5m[48;2;0;0;3m▀[0m[38;2;0;0;2m[48;2;0;5;14m▀[0m[38;2;31;68;41m[48;2;42;104;84m▀[0m[38;2;0;0;0m[48;2;24;53;41m▀[0m[38;2;0;0;0m[48;2;0;0;0m▀[0m[38;2;0;0;0m[48;2;10;66;47m▀[0m[38;2;119;255;150m[48;2;107;250;140m▀[0m[38;2;255;255;182m[48;2;182;214;106m▀[0m[38;2;86;205;154m[48;2;92;255;180m▀[0m[38;2;0;0;0m[48;2;50;158;81m▀[0m[38;2;0;0;0m[48;2;0;0;0m▀[0m[38;2;0;0;5m[48;2;56;100;112m▀[0m[38;2;58;100;96m[48;2;117;174;200m▀[0m[38;2;81;225;121m[48;2;89;229;134m▀[0m[38;2;79;149;117m[48;2;130;255;166m▀[0m[38;2;124;255;175m[48;2;125;255;176m▀[0m[38;2;99;236;141m[48;2;110;255;163m▀[0m[38;2;112;255;164m[48;2;135;255;196m▀[0m[38;2;72;171;105m[48;2;81;207;117m▀[0m
[38;2;65;81;112m[48;2;0;0;0m▀[0m[38;2;6;74;20m[48;2;0;0;0m▀[0m[38;2;101;227;153m[48;2;255;255;255m▀[0m[38;2;145;255;210m[48;2;96;105;100m▀[0m[38;2;122;255;171m[48;2;0;0;0m▀[0m[38;2;47;163;64m[48;2;129;166;210m▀[0m[38;2;156;220;246m[48;2;193;255;255m▀[0m[38;2;158;243;255m[48;2;181;255;255m▀[0m[38;2;140;222;231m[48;2;101;153;163m▀[0m[38;2;151;233;242m[48;2;0;0;0m▀[0m[38;2;0;0;0m[48;2;0;0;0m▀[0m[38;2;0;0;0m[48;2;1;0;3m▀[0m[38;2;0;0;0m[48;2;0;0;0m▀[0m[38;2;7;16;11m[48;2;0;0;0m▀[0m[38;2;3;6;6m[48;2;0;0;7m▀[0m[38;2;1;1;3m[48;2;0;0;5m▀[0m[38;2;0;0;0m[48;2;0;0;0m▀[0m[38;2;0;0;0m[48;2;0;0;0m▀[0m[38;2;0;0;0m[48;2;0;0;0m▀[0m[38;2;62;135;104m[48;2;56;134;85m▀[0m[38;2;31;61;51m[48;2;83;195;134m▀[0m[38;2;0;0;0m[48;2;0;0;0m▀[0m[38;2;30;105;68m[48;2;58;158;97m▀[0m[38;2;137;255;189m[48;2;132;255;231m▀[0m[38;2;159;255;186m[48;2;194;255;157m▀[0m[38;2;153;255;255m[48;2;222;99;71m▀[0m[38;2;68;232;119m[48;2;0;0;0m▀[0m[38;2;0;0;0m[48;2;40;12;53m▀[0m[38;2;148;205;233m[48;2;197;185;230m▀[0m[38;2;201;255;255m[48;2;118;179;204m▀[0m[38;2;101;154;171m[48;2;177;255;255m▀[0m[38;2;83;252;107m[48;2;32;45;54m▀[0m[38;2;150;255;217m[48;2;0;47;0m▀[0m[38;2;129;255;194m[48;2;244;217;248m▀[0m[38;2;84;238;139m[48;2;255;214;255m▀[0m[38;2;5;53;18m[48;2;0;0;0m▀[0m
[38;2;0;0;0m[48;2;121;255;185m▀[0m[38;2;20;4;21m[48;2;134;255;198m▀[0m[38;2;183;145;179m[48;2;0;0;0m▀[0m[38;2;0;0;0m[48;2;0;0;0m▀[0m[38;2;33;27;61m[48;2;123;104;121m▀[0m[38;2;227;255;255m[48;2;154;136;149m▀[0m[38;2;173;255;255m[48;2;178;247;255m▀[0m[38;2;183;255;255m[48;2;167;219;255m▀[0m[38;2;182;255;255m[48;2;127;194;226m▀[0m[38;2;177;247;255m[48;2;129;194;205m▀[0m[38;2;83;98;139m[48;2;82;114;136m▀[0m[38;2;150;201;243m[48;2;67;72;107m▀[0m[38;2;5;0;9m[48;2;0;0;0m▀[0m[38;2;0;0;0m[48;2;18;40;27m▀[0m[38;2;0;0;0m[48;2;3;9;3m▀[0m[38;2;8;12;21m[48;2;91;214;136m▀[0m[38;2;21;46;33m[48;2;96;227;139m▀[0m[38;2;85;206;119m[48;2;162;255;223m▀[0m[38;2;58;129;86m[48;2;160;255;228m▀[0m[38;2;0;0;0m[48;2;128;255;187m▀[0m[38;2;80;214;123m[48;2;82;194;121m▀[0m[38;2;0;0;0m[48;2;36;86;57m▀[0m[38;2;12;35;24m[48;2;0;5;4m▀[0m[38;2;118;255;194m[48;2;55;149;89m▀[0m[38;2;214;174;121m[48;2;96;209;126m▀[0m[38;2;0;0;0m[48;2;71;240;137m▀[0m[38;2;38;0;71m[48;2;105;255;175m▀[0m[38;2;240;222;255m[48;2;82;160;129m▀[0m[38;2;255;255;255m[48;2;198;177;216m▀[0m[38;2;253;255;255m[48;2;188;227;255m▀[0m[38;2;189;255;255m[48;2;108;108;126m▀[0m[38;2;124;169;206m[48;2;162;146;162m▀[0m[38;2;0;0;0m[48;2;0;0;0m▀[0m[38;2;120;80;121m[48;2;0;0;0m▀[0m[38;2;227;168;210m[48;2;22;136;60m▀[0m[38;2;0;0;0m[48;2;74;216;113m▀[0m
[38;2;124;242;150m[48;2;152;255;212m▀[0m[38;2;157;255;230m[48;2;105;255;161m▀[0m[38;2;5;51;20m[48;2;0;0;0m▀[0m[38;2;12;0;0m[48;2;0;0;0m▀[0m[38;2;175;147;173m[48;2;0;0;0m▀[0m[38;2;60;28;80m[48;2;18;69;31m▀[0m[38;2;106;164;177m[48;2;85;255;134m▀[0m[38;2;78;131;85m[48;2;130;224;120m▀[0m[38;2;120;122;42m[48;2;155;198;112m▀[0m[38;2;87;248;117m[48;2;103;255;147m▀[0m[38;2;122;255;171m[48;2;102;255;154m▀[0m[38;2;101;255;147m[48;2;111;255;157m▀[0m[38;2;125;255;182m[48;2;96;219;135m▀[0m[38;2;133;255;194m[48;2;128;255;179m▀[0m[38;2;100;245;152m[48;2;131;255;185m▀[0m[38;2;109;255;165m[48;2;137;255;189m▀[0m[38;2;101;237;146m[48;2;85;192;133m▀[0m[38;2;128;255;178m[48;2;123;255;175m▀[0m[38;2;126;255;183m[48;2;96;231;149m▀[0m[38;2;110;254;165m[48;2;90;228;146m▀[0m[38;2;138;255;200m[48;2;117;255;171m▀[0m[38;2;137;255;196m[48;2;109;255;158m▀[0m[38;2;114;255;169m[48;2;115;255;165m▀[0m[38;2;130;255;193m[48;2;119;255;169m▀[0m[38;2;120;255;184m[48;2;110;255;158m▀[0m[38;2;131;255;185m[48;2;108;255;155m▀[0m[38;2;181;255;221m[48;2;132;255;175m▀[0m[38;2;104;255;149m[48;2;112;255;161m▀[0m[38;2;80;240;146m[48;2;132;255;185m▀[0m[38;2;0;9;36m[48;2;88;254;127m▀[0m[38;2;4;0;0m[48;2;0;0;0m▀[0m[38;2;186;177;203m[48;2;2;0;0m▀[0m[38;2;0;0;0m[48;2;0;0;0m▀[0m[38;2;13;87;29m[48;2;0;0;0m▀[0m[38;2;205;255;255m[48;2;146;255;210m▀[0m[38;2;152;255;215m[48;2;106;253;160m▀[0m
[38;2;133;255;192m[48;2;89;210;134m▀[0m[38;2;59;152;99m[48;2;92;255;166m▀[0m[38;2;0;0;0m[48;2;199;192;118m▀[0m[38;2;115;104;94m[48;2;164;255;147m▀[0m[38;2;102;249;161m[48;2;127;255;205m▀[0m[38;2;132;255;193m[48;2;122;255;174m▀[0m[38;2;126;255;179m[48;2;120;255;175m▀[0m[38;2;104;255;169m[48;2;116;255;166m▀[0m[38;2;101;255;176m[48;2;116;255;164m▀[0m[38;2;113;255;169m[48;2;108;252;157m▀[0m[38;2;78;186;114m[48;2;101;239;149m▀[0m[38;2;106;250;154m[48;2;110;255;157m▀[0m[38;2;118;255;165m[48;2;128;249;172m▀[0m[38;2;111;255;159m[48;2;113;246;159m▀[0m[38;2;104;255;153m[48;2;109;255;156m▀[0m[38;2;205;233;225m[48;2;150;220;184m▀[0m[38;2;113;235;158m[48;2;107;255;153m▀[0m[38;2;111;255;167m[48;2;98;255;174m▀[0m[38;2;103;255;164m[48;2;111;255;182m▀[0m[38;2;87;230;146m[48;2;148;136;74m▀[0m[38;2;101;255;164m[48;2;120;207;131m▀[0m[38;2;117;255;175m[48;2;117;223;140m▀[0m[38;2;95;217;142m[48;2;107;255;162m▀[0m[38;2;98;217;139m[48;2;105;234;150m▀[0m[38;2;113;255;161m[48;2;111;255;157m▀[0m[38;2;110;255;157m[48;2;111;255;159m▀[0m[38;2;107;255;155m[48;2;111;255;159m▀[0m[38;2;111;255;162m[48;2;122;255;174m▀[0m[38;2;114;255;164m[48;2;119;255;169m▀[0m[38;2;147;255;206m[48;2;117;255;165m▀[0m[38;2;93;255;150m[48;2;129;255;196m▀[0m[38;2;86;112;114m[48;2;144;255;196m▀[0m[38;2;19;0;30m[48;2;148;240;125m▀[0m[38;2;0;0;0m[48;2;24;23;9m▀[0m[38;2;105;255;154m[48;2;59;151;95m▀[0m[38;2;137;255;198m[48;2;146;255;207m▀[0m
[38;2;123;255;181m[48;2;114;255;172m▀[0m[38;2;113;255;184m[48;2;105;248;149m▀[0m[38;2;168;94;59m[48;2;102;252;155m▀[0m[38;2;115;243;150m[48;2;98;248;154m▀[0m[38;2;115;255;179m[48;2;126;255;179m▀[0m[38;2;124;255;175m[48;2;153;255;213m▀[0m[38;2;104;247;155m[48;2;141;255;202m▀[0m[38;2;119;255;171m[48;2;45;97;66m▀[0m[38;2;127;255;176m[48;2;133;255;185m▀[0m[38;2;115;255;161m[48;2;124;255;173m▀[0m[38;2;114;255;164m[48;2;115;255;163m▀[0m[38;2;113;255;163m[48;2;114;255;164m▀[0m[38;2;110;221;157m[48;2;85;212;137m▀[0m[38;2;109;247;154m[48;2;106;255;155m▀[0m[38;2;110;255;160m[48;2;110;255;163m▀[0m[38;2;113;211;159m[48;2;94;245;182m▀[0m[38;2;84;255;175m[48;2;153;200;115m▀[0m[38;2;122;255;160m[48;2;183;178;88m▀[0m[38;2;194;194;103m[48;2;178;169;88m▀[0m[38;2;204;104;52m[48;2;154;150;104m▀[0m[38;2;149;193;124m[48;2;99;255;188m▀[0m[38;2;111;255;163m[48;2;108;255;167m▀[0m[38;2;109;255;160m[48;2;109;255;161m▀[0m[38;2;110;255;160m[48;2;110;255;157m▀[0m[38;2;113;255;161m[48;2;114;255;162m▀[0m[38;2;114;255;165m[48;2;138;255;196m▀[0m[38;2;139;255;195m[48;2;75;174;108m▀[0m[38;2;106;246;152m[48;2;46;108;72m▀[0m[38;2;91;220;130m[48;2;165;255;232m▀[0m[38;2;124;255;171m[48;2;126;255;179m▀[0m[38;2;119;255;176m[48;2;106;255;166m▀[0m[38;2;111;255;173m[48;2;125;198;116m▀[0m[38;2;247;126;86m[48;2;128;197;142m▀[0m[38;2;183;251;166m[48;2;102;255;171m▀[0m[38;2;79;235;148m[48;2;113;255;166m▀[0m[38;2;83;187;122m[48;2;114;224;136m▀[0m
[38;2;123;255;176m[48;2;169;255;237m▀[0m[38;2;128;255;187m[48;2;158;255;221m▀[0m[38;2;147;255;210m[48;2;117;255;167m▀[0m[38;2;166;255;235m[48;2;66;159;98m▀[0m[38;2;167;255;237m[48;2;11;30;17m▀[0m[38;2;132;255;189m[48;2;0;0;0m▀[0m[38;2;49;114;73m[48;2;0;0;0m▀[0m[38;2;0;0;0m[48;2;0;0;0m▀[0m[38;2;87;201;120m[48;2;47;115;66m▀[0m[38;2;146;255;203m[48;2;159;255;219m▀[0m[38;2;118;255;171m[48;2;124;255;178m▀[0m[38;2;106;252;152m[48;2;81;198;126m▀[0m[38;2;77;197;125m[48;2;91;230;146m▀[0m[38;2;123;255;176m[48;2;83;255;165m▀[0m[38;2;97;255;187m[48;2;166;205;115m▀[0m[38;2;160;176;98m[48;2;171;174;137m▀[0m[38;2;167;171;79m[48;2;80;255;174m▀[0m[38;2;115;218;122m[48;2;105;255;168m▀[0m[38;2;123;255;157m[48;2;107;255;180m▀[0m[38;2;59;236;147m[48;2;114;255;166m▀[0m[38;2;85;205;132m[48;2;68;165;106m▀[0m[38;2;119;255;177m[48;2;106;244;149m▀[0m[38;2;109;255;159m[48;2;118;255;166m▀[0m[38;2;112;255;159m[48;2;112;255;160m▀[0m[38;2;118;255;166m[48;2;122;255;174m▀[0m[38;2;124;255;180m[48;2;100;247;154m▀[0m[38;2;0;0;0m[48;2;26;60;43m▀[0m[38;2;0;0;0m[48;2;27;59;38m▀[0m[38;2;83;177;118m[48;2;0;0;0m▀[0m[38;2;167;255;234m[48;2;4;3;3m▀[0m[38;2;134;255;194m[48;2;113;255;161m▀[0m[38;2;119;255;188m[48;2;166;255;233m▀[0m[38;2;96;232;144m[48;2;161;255;221m▀[0m[38;2;103;252;150m[48;2;135;255;196m▀[0m[38;2;116;255;168m[48;2;123;255;176m▀[0m[38;2;120;251;150m[48;2;117;255;175m▀[0m
[38;2;15;44;23m[48;2;0;0;0m▀[0m[38;2;0;0;0m[48;2;0;0;0m▀[0m[38;2;0;0;0m[48;2;0;0;0m▀[0m[38;2;0;0;0m[48;2;0;0;0m▀[0m[38;2;0;0;0m[48;2;0;0;0m▀[0m[38;2;0;0;0m[48;2;4;0;11m▀[0m[38;2;0;0;0m[48;2;0;0;0m▀[0m[38;2;0;0;0m[48;2;0;0;0m▀[0m[38;2;0;0;0m[48;2;90;223;133m▀[0m[38;2;151;255;209m[48;2;106;255;149m▀[0m[38;2;113;255;165m[48;2;120;255;172m▀[0m[38;2;78;189;120m[48;2;101;255;166m▀[0m[38;2;107;255;203m[48;2;125;207;127m▀[0m[38;2;175;94;55m[48;2;176;150;86m▀[0m[38;2;174;165;86m[48;2;100;217;125m▀[0m[38;2;119;255;227m[48;2;121;255;181m▀[0m[38;2;112;255;167m[48;2;102;255;170m▀[0m[38;2;110;255;179m[48;2;130;177;99m▀[0m[38;2;102;210;132m[48;2;145;218;124m▀[0m[38;2;113;255;168m[48;2;107;255;176m▀[0m[38;2;106;255;156m[48;2;117;255;165m▀[0m[38;2;68;154;102m[48;2;99;235;143m▀[0m[38;2;112;254;155m[48;2;104;241;147m▀[0m[38;2;112;255;161m[48;2;112;255;160m▀[0m[38;2;119;255;170m[48;2;113;255;164m▀[0m[38;2;103;243;146m[48;2;105;250;151m▀[0m[38;2;115;255;161m[48;2;108;255;153m▀[0m[38;2;173;255;244m[48;2;124;255;175m▀[0m[38;2;110;255;153m[48;2;160;255;218m▀[0m[38;2;0;0;0m[48;2;107;255;150m▀[0m[38;2;0;0;0m[48;2;0;0;0m▀[0m[38;2;18;38;21m[48;2;0;0;0m▀[0m[38;2;88;202;126m[48;2;0;0;0m▀[0m[38;2;141;255;197m[48;2;0;0;0m▀[0m[38;2;165;255;228m[48;2;1;19;2m▀[0m[38;2;166;255;231m[48;2;49;121;68m▀[0m
[38;2;38;38;56m[48;2;255;255;255m▀[0m[38;2;78;83;113m[48;2;255;255;255m▀[0m[38;2;126;141;183m[48;2;255;255;255m▀[0m[38;2;173;201;255m[48;2;252;255;255m▀[0m[38;2;206;230;255m[48;2;239;255;255m▀[0m[38;2;255;255;255m[48;2;255;238;255m▀[0m[38;2;134;130;217m[48;2;83;102;91m▀[0m[38;2;67;223;106m[48;2;107;255;180m▀[0m[38;2;152;255;219m[48;2;117;255;171m▀[0m[38;2;104;249;156m[48;2;98;220;143m▀[0m[38;2;124;255;177m[48;2;119;255;169m▀[0m[38;2;98;242;150m[48;2;93;212;132m▀[0m[38;2;95;192;113m[48;2;106;255;159m▀[0m[38;2;108;255;188m[48;2;114;255;162m▀[0m[38;2;87;242;147m[48;2;119;255;172m▀[0m[38;2;104;239;160m[48;2;99;251;151m▀[0m[38;2;104;228;141m[48;2;80;180;114m▀[0m[38;2;131;185;96m[48;2;119;255;170m▀[0m[38;2;84;223;140m[48;2;94;255;153m▀[0m[38;2;107;255;168m[48;2;93;162;110m▀[0m[38;2;108;255;169m[48;2;116;248;148m▀[0m[38;2;116;255;168m[48;2;97;255;179m▀[0m[38;2;113;255;165m[48;2;96;239;148m▀[0m[38;2;113;255;161m[48;2;109;255;162m▀[0m[38;2;113;255;161m[48;2;109;255;160m▀[0m[38;2;108;255;155m[48;2;109;255;155m▀[0m[38;2;108;255;157m[48;2;111;255;158m▀[0m[38;2;117;255;164m[48;2;98;255;153m▀[0m[38;2;120;255;171m[48;2;92;255;151m▀[0m[38;2;145;255;203m[48;2;124;255;176m▀[0m[38;2;59;105;82m[48;2;97;239;140m▀[0m[38;2;63;30;95m[48;2;255;246;255m▀[0m[38;2;0;0;0m[48;2;245;255;255m▀[0m[38;2;0;0;0m[48;2;171;191;246m▀[0m[38;2;0;0;0m[48;2;152;176;224m▀[0m[38;2;0;0;0m[48;2;115;156;201m▀[0m
[38;2;214;241;255m[48;2;110;125;157m▀[0m[38;2;203;232;255m[48;2;136;152;193m▀[0m[38;2;202;234;255m[48;2;124;151;194m▀[0m[38;2;196;255;255m[48;2;120;153;194m▀[0m[38;2;237;200;253m[48;2;172;15;32m▀[0m[38;2;255;0;0m[48;2;158;0;0m▀[0m[38;2;100;128;34m[48;2;63;222;105m▀[0m[38;2;105;255;208m[48;2;118;255;210m▀[0m[38;2;103;255;153m[48;2;156;255;202m▀[0m[38;2;91;200;130m[48;2;76;188;111m▀[0m[38;2;112;255;160m[48;2;109;255;154m▀[0m[38;2;112;255;160m[48;2;113;255;161m▀[0m[38;2;111;255;161m[48;2;112;255;158m▀[0m[38;2;110;255;164m[48;2;111;255;159m▀[0m[38;2;113;255;164m[48;2;111;255;156m▀[0m[38;2;108;255;157m[48;2;117;255;166m▀[0m[38;2;88;196;128m[48;2;79;178;112m▀[0m[38;2;119;255;170m[48;2;111;255;158m▀[0m[38;2;108;255;169m[48;2;111;255;165m▀[0m[38;2;115;255;163m[48;2;93;255;178m▀[0m[38;2;238;106;93m[48;2;121;255;173m▀[0m[38;2;135;241;147m[48;2;255;56;56m▀[0m[38;2;64;236;145m[48;2;170;139;83m▀[0m[38;2;92;212;131m[48;2;89;235;146m▀[0m[38;2;115;255;174m[48;2;111;255;169m▀[0m[38;2;110;254;155m[48;2;97;228;142m▀[0m[38;2;90;255;144m[48;2;89;249;139m▀[0m[38;2;183;255;213m[48;2;137;255;179m▀[0m[38;2;205;255;226m[48;2;188;255;213m▀[0m[38;2;104;255;158m[48;2;100;255;155m▀[0m[38;2;75;245;111m[48;2;83;255;119m▀[0m[38;2;169;169;250m[48;2;87;74;120m▀[0m[38;2;255;255;255m[48;2;130;138;191m▀[0m[38;2;230;255;255m[48;2;100;48;65m▀[0m[38;2;230;255;255m[48;2;200;0;0m▀[0m[38;2;255;255;255m[48;2;255;40;49m▀[0m
