[38;2;0;1;1m[48;2;1;1;1m▀[0m[38;2;1;1;1m[48;2;1;1;1m▀[0m[38;2;1;1;1m[48;2;1;1;1m▀[0m[38;2;1;1;1m[48;2;1;1;1m▀[0m[38;2;0;2;2m[48;2;1;1;1m▀[0m[38;2;0;0;0m[48;2;0;0;0m▀[0m[38;2;0;25;33m[48;2;0;0;0m▀[0m[38;2;52;9;12m[48;2;164;0;0m▀[0m[38;2;43;95;98m[48;2;87;18;19m▀[0m[38;2;158;98;105m[48;2;42;65;72m▀[0m[38;2;236;59;66m[48;2;102;16;11m▀[0m[38;2;37;70;72m[48;2;0;0;0m▀[0m[38;2;0;0;0m[48;2;0;0;0m▀[0m[38;2;0;3;0m[48;2;0;0;0m▀[0m[38;2;1;1;1m[48;2;0;1;1m▀[0m[38;2;0;1;1m[48;2;0;1;1m▀[0m[38;2;0;1;1m[48;2;2;3;3m▀[0m[38;2;3;3;3m[48;2;8;9;9m▀[0m[38;2;6;8;8m[48;2;6;6;8m▀[0m[38;2;8;3;4m[48;2;8;10;10m▀[0m[38;2;3;1;2m[48;2;24;32;33m▀[0m[38;2;17;21;23m[48;2;27;36;36m▀[0m[38;2;32;40;39m[48;2;6;9;9m▀[0m[38;2;13;17;19m[48;2;0;0;0m▀[0m[38;2;0;0;0m[48;2;1;0;0m▀[0m[38;2;1;1;1m[48;2;1;1;1m▀[0m[38;2;0;1;1m[48;2;1;1;1m▀[0m[38;2;2;4;4m[48;2;1;1;1m▀[0m[38;2;1;1;1m[48;2;1;1;1m▀[0m[38;2;1;1;1m[48;2;1;1;1m▀[0m[38;2;0;1;1m[48;2;0;1;1m▀[0m[38;2;0;1;2m[48;2;0;0;0m▀[0m[38;2;4;9;9m[48;2;0;10;10m▀[0m[38;2;39;8;6m[48;2;161;10;8m▀[0m[38;2;0;0;0m[48;2;20;0;0m▀[0m[38;2;59;8;5m[48;2;72;8;5m▀[0m
[38;2;1;1;1m[48;2;1;1;1m▀[0m[38;2;1;1;1m[48;2;1;1;1m▀[0m[38;2;1;1;1m[48;2;1;1;1m▀[0m[38;2;1;1;1m[48;2;1;1;1m▀[0m[38;2;1;1;1m[48;2;1;1;1m▀[0m[38;2;0;0;0m[48;2;0;1;1m▀[0m[38;2;0;0;0m[48;2;0;0;0m▀[0m[38;2;0;0;0m[48;2;0;0;0m▀[0m[38;2;71;58;59m[48;2;56;41;42m▀[0m[38;2;148;195;205m[48;2;154;173;186m▀[0m[38;2;0;0;0m[48;2;0;0;0m▀[0m[38;2;0;0;0m[48;2;0;0;0m▀[0m[38;2;0;0;0m[48;2;0;0;0m▀[0m[38;2;0;1;1m[48;2;2;3;2m▀[0m[38;2;1;1;1m[48;2;2;3;2m▀[0m[38;2;1;2;2m[48;2;2;3;3m▀[0m[38;2;3;5;5m[48;2;3;4;4m▀[0m[38;2;5;6;6m[48;2;3;4;4m▀[0m[38;2;17;20;23m[48;2;16;23;23m▀[0m[38;2;33;42;42m[48;2;17;19;19m▀[0m[38;2;24;28;31m[48;2;0;0;0m▀[0m[38;2;0;1;0m[48;2;0;0;0m▀[0m[38;2;0;0;0m[48;2;1;1;1m▀[0m[38;2;1;0;0m[48;2;1;1;1m▀[0m[38;2;1;1;1m[48;2;1;1;1m▀[0m[38;2;1;1;1m[48;2;1;1;1m▀[0m[38;2;1;1;1m[48;2;1;1;1m▀[0m[38;2;1;1;1m[48;2;1;1;1m▀[0m[38;2;1;1;1m[48;2;1;1;1m▀[0m[38;2;1;1;1m[48;2;1;1;1m▀[0m[38;2;0;1;1m[48;2;0;1;1m▀[0m[38;2;0;0;0m[48;2;0;0;0m▀[0m[38;2;0;10;10m[48;2;0;0;1m▀[0m[38;2;181;58;51m[48;2;109;102;97m▀[0m[38;2;108;3;0m[48;2;138;16;13m▀[0m[38;2;3;0;0m[48;2;0;0;0m▀[0m
[38;2;1;1;1m[48;2;1;1;1m▀[0m[38;2;1;1;1m[48;2;1;1;1m▀[0m[38;2;1;1;1m[48;2;1;1;1m▀[0m[38;2;1;1;1m[48;2;2;1;1m▀[0m[38;2;1;1;1m[48;2;1;1;1m▀[0m[38;2;0;1;1m[48;2;1;1;1m▀[0m[38;2;0;0;0m[48;2;0;0;0m▀[0m[38;2;0;0;0m[48;2;0;0;0m▀[0m[38;2;58;33;32m[48;2;36;14;10m▀[0m[38;2;177;179;192m[48;2;178;182;190m▀[0m[38;2;0;0;0m[48;2;5;0;0m▀[0m[38;2;0;0;0m[48;2;0;0;0m▀[0m[38;2;0;0;0m[48;2;0;0;0m▀[0m[38;2;0;3;3m[48;2;8;2;1m▀[0m[38;2;2;3;2m[48;2;8;2;1m▀[0m[38;2;2;3;2m[48;2;6;2;1m▀[0m[38;2;0;3;3m[48;2;5;4;3m▀[0m[38;2;4;4;5m[48;2;3;3;3m▀[0m[38;2;3;4;5m[48;2;2;2;2m▀[0m[38;2;0;0;0m[48;2;1;1;1m▀[0m[38;2;1;1;1m[48;2;0;1;1m▀[0m[38;2;1;1;1m[48;2;0;1;1m▀[0m[38;2;1;1;1m[48;2;1;1;1m▀[0m[38;2;1;1;1m[48;2;1;1;1m▀[0m[38;2;1;1;1m[48;2;1;1;1m▀[0m[38;2;1;1;1m[48;2;1;1;1m▀[0m[38;2;1;1;1m[48;2;1;1;1m▀[0m[38;2;1;1;1m[48;2;1;1;1m▀[0m[38;2;1;1;1m[48;2;1;1;1m▀[0m[38;2;1;1;1m[48;2;1;1;1m▀[0m[38;2;0;1;1m[48;2;0;1;1m▀[0m[38;2;0;0;0m[48;2;0;0;0m▀[0m[38;2;0;0;0m[48;2;0;9;9m▀[0m[38;2;106;97;97m[48;2;123;39;41m▀[0m[38;2;234;33;32m[48;2;134;4;3m▀[0m[38;2;0;0;0m[48;2;113;0;0m▀[0m
[38;2;1;1;1m[48;2;0;1;1m▀[0m[38;2;0;1;1m[48;2;0;1;1m▀[0m[38;2;0;1;1m[48;2;0;1;1m▀[0m[38;2;0;1;1m[48;2;16;2;2m▀[0m[38;2;0;1;1m[48;2;0;1;1m▀[0m[38;2;0;1;1m[48;2;0;1;1m▀[0m[38;2;0;0;0m[48;2;0;0;0m▀[0m[38;2;0;0;0m[48;2;0;0;0m▀[0m[38;2;10;0;0m[48;2;13;0;0m▀[0m[38;2;171;179;190m[48;2;167;174;194m▀[0m[38;2;43;0;0m[48;2;75;3;2m▀[0m[38;2;0;0;0m[48;2;0;0;0m▀[0m[38;2;6;0;0m[48;2;0;0;0m▀[0m[38;2;11;2;1m[48;2;17;3;2m▀[0m[38;2;14;2;1m[48;2;24;2;2m▀[0m[38;2;13;2;2m[48;2;20;2;2m▀[0m[38;2;12;4;3m[48;2;16;4;3m▀[0m[38;2;8;2;2m[48;2;13;2;1m▀[0m[38;2;4;3;2m[48;2;9;2;2m▀[0m[38;2;2;1;1m[48;2;4;3;2m▀[0m[38;2;1;1;1m[48;2;2;1;1m▀[0m[38;2;0;1;1m[48;2;1;1;1m▀[0m[38;2;1;1;1m[48;2;1;1;1m▀[0m[38;2;1;1;1m[48;2;1;1;1m▀[0m[38;2;1;1;1m[48;2;1;1;1m▀[0m[38;2;1;1;1m[48;2;1;1;1m▀[0m[38;2;1;1;1m[48;2;1;1;1m▀[0m[38;2;1;1;1m[48;2;1;1;1m▀[0m[38;2;1;1;1m[48;2;1;1;1m▀[0m[38;2;1;1;1m[48;2;1;1;1m▀[0m[38;2;0;1;1m[48;2;1;1;1m▀[0m[38;2;0;0;0m[48;2;0;0;0m▀[0m[38;2;0;11;11m[48;2;0;6;8m▀[0m[38;2;77;19;14m[48;2;60;36;36m▀[0m[38;2;3;0;0m[48;2;25;47;49m▀[0m[38;2;51;0;0m[48;2;0;13;14m▀[0m
[38;2;0;1;1m[48;2;0;1;1m▀[0m[38;2;0;1;1m[48;2;0;1;1m▀[0m[38;2;48;2;2m[48;2;173;4;2m▀[0m[38;2;150;4;3m[48;2;201;4;2m▀[0m[38;2;0;1;1m[48;2;0;0;0m▀[0m[38;2;0;1;1m[48;2;0;0;0m▀[0m[38;2;0;0;0m[48;2;0;0;0m▀[0m[38;2;0;0;0m[48;2;0;0;0m▀[0m[38;2;10;0;0m[48;2;0;26;25m▀[0m[38;2;172;188;213m[48;2;119;255;255m▀[0m[38;2;75;4;6m[48;2;120;228;238m▀[0m[38;2;0;0;0m[48;2;0;48;44m▀[0m[38;2;128;0;0m[48;2;231;0;0m▀[0m[38;2;8;0;0m[48;2;44;0;0m▀[0m[38;2;28;2;2m[48;2;20;0;0m▀[0m[38;2;28;2;2m[48;2;35;2;2m▀[0m[38;2;24;3;3m[48;2;29;2;2m▀[0m[38;2;18;2;1m[48;2;25;2;2m▀[0m[38;2;13;2;1m[48;2;17;2;2m▀[0m[38;2;6;2;2m[48;2;10;2;1m▀[0m[38;2;3;2;2m[48;2;4;2;2m▀[0m[38;2;1;1;1m[48;2;2;1;1m▀[0m[38;2;0;1;1m[48;2;1;1;1m▀[0m[38;2;1;1;1m[48;2;1;1;1m▀[0m[38;2;1;1;1m[48;2;1;1;1m▀[0m[38;2;1;1;1m[48;2;1;1;1m▀[0m[38;2;1;1;1m[48;2;1;1;1m▀[0m[38;2;1;1;1m[48;2;1;1;1m▀[0m[38;2;1;1;1m[48;2;1;1;1m▀[0m[38;2;1;1;1m[48;2;1;1;1m▀[0m[38;2;1;1;1m[48;2;1;1;1m▀[0m[38;2;0;0;0m[48;2;0;0;0m▀[0m[38;2;0;9;9m[48;2;0;10;11m▀[0m[38;2;36;13;11m[48;2;92;14;13m▀[0m[38;2;0;25;25m[48;2;36;0;0m▀[0m[38;2;0;5;6m[48;2;0;0;0m▀[0m
[38;2;0;1;1m[48;2;0;1;1m▀[0m[38;2;0;1;1m[48;2;0;1;1m▀[0m[38;2;255;5;2m[48;2;255;4;0m▀[0m[38;2;253;4;0m[48;2;255;0;0m▀[0m[38;2;0;0;0m[48;2;0;0;0m▀[0m[38;2;0;0;0m[48;2;0;0;0m▀[0m[38;2;0;13;19m[48;2;2;32;34m▀[0m[38;2;0;27;29m[48;2;0;81;97m▀[0m[38;2;0;13;18m[48;2;255;23;21m▀[0m[38;2;116;6;6m[48;2;255;0;0m▀[0m[38;2;255;162;166m[48;2;255;0;0m▀[0m[38;2;83;50;52m[48;2;255;0;0m▀[0m[38;2;8;34;34m[48;2;255;18;14m▀[0m[38;2;20;14;18m[48;2;48;39;40m▀[0m[38;2;14;0;0m[48;2;0;0;0m▀[0m[38;2;41;3;2m[48;2;39;4;3m▀[0m[38;2;35;2;2m[48;2;39;2;2m▀[0m[38;2;28;2;2m[48;2;31;2;2m▀[0m[38;2;19;2;2m[48;2;24;2;2m▀[0m[38;2;12;2;1m[48;2;13;2;1m▀[0m[38;2;1;2;2m[48;2;6;2;2m▀[0m[38;2;2;1;1m[48;2;2;2;1m▀[0m[38;2;1;1;1m[48;2;1;1;1m▀[0m[38;2;1;1;1m[48;2;0;1;1m▀[0m[38;2;1;1;1m[48;2;1;1;1m▀[0m[38;2;1;1;1m[48;2;1;1;1m▀[0m[38;2;1;1;1m[48;2;1;1;1m▀[0m[38;2;1;1;1m[48;2;1;1;1m▀[0m[38;2;1;1;1m[48;2;1;1;1m▀[0m[38;2;1;1;1m[48;2;1;1;1m▀[0m[38;2;1;1;1m[48;2;1;1;1m▀[0m[38;2;0;0;0m[48;2;0;0;0m▀[0m[38;2;0;1;2m[48;2;0;6;8m▀[0m[38;2;36;54;54m[48;2;0;17;23m▀[0m[38;2;255;51;47m[48;2;255;147;147m▀[0m[38;2;90;0;0m[48;2;255;16;12m▀[0m
[38;2;0;0;1m[48;2;0;0;0m▀[0m[38;2;0;0;0m[48;2;0;0;0m▀[0m[38;2;162;0;0m[48;2;0;0;0m▀[0m[38;2;255;0;0m[48;2;255;0;0m▀[0m[38;2;75;66;59m[48;2;255;0;0m▀[0m[38;2;147;155;142m[48;2;62;127;131m▀[0m[38;2;39;78;80m[48;2;11;69;72m▀[0m[38;2;0;29;41m[48;2;0;6;10m▀[0m[38;2;255;39;33m[48;2;228;50;48m▀[0m[38;2;255;0;0m[48;2;255;0;0m▀[0m[38;2;255;8;0m[48;2;255;5;0m▀[0m[38;2;255;0;0m[48;2;255;4;0m▀[0m[38;2;255;1;0m[48;2;255;0;0m▀[0m[38;2;110;50;48m[48;2;154;60;58m▀[0m[38;2;0;0;0m[48;2;0;0;0m▀[0m[38;2;36;0;0m[48;2;32;0;0m▀[0m[38;2;41;3;2m[48;2;41;3;2m▀[0m[38;2;36;2;2m[48;2;33;2;2m▀[0m[38;2;25;2;2m[48;2;26;2;2m▀[0m[38;2;16;2;1m[48;2;16;2;1m▀[0m[38;2;3;2;1m[48;2;3;2;1m▀[0m[38;2;0;2;1m[48;2;0;2;1m▀[0m[38;2;0;1;1m[48;2;1;1;1m▀[0m[38;2;0;1;1m[48;2;0;1;1m▀[0m[38;2;1;1;1m[48;2;1;1;1m▀[0m[38;2;1;1;1m[48;2;1;1;1m▀[0m[38;2;1;1;1m[48;2;1;1;1m▀[0m[38;2;0;1;1m[48;2;1;1;1m▀[0m[38;2;1;1;1m[48;2;1;1;1m▀[0m[38;2;1;1;1m[48;2;1;1;1m▀[0m[38;2;1;1;1m[48;2;0;0;0m▀[0m[38;2;0;0;0m[48;2;0;0;0m▀[0m[38;2;0;8;9m[48;2;0;1;5m▀[0m[38;2;0;17;24m[48;2;14;37;44m▀[0m[38;2;0;16;16m[48;2;0;0;0m▀[0m[38;2;255;138;134m[48;2;244;154;149m▀[0m
[38;2;0;0;0m[48;2;0;0;0m▀[0m[38;2;0;0;0m[48;2;71;93;96m▀[0m[38;2;0;79;81m[48;2;105;173;173m▀[0m[38;2;255;0;0m[48;2;44;6;5m▀[0m[38;2;255;0;0m[48;2;254;94;92m▀[0m[38;2;173;255;255m[48;2;255;255;255m▀[0m[38;2;37;69;72m[48;2;43;106;123m▀[0m[38;2;42;0;0m[48;2;1;0;0m▀[0m[38;2;151;48;50m[48;2;97;34;37m▀[0m[38;2;255;0;0m[48;2;255;0;0m▀[0m[38;2;255;6;0m[48;2;255;1;0m▀[0m[38;2;255;5;0m[48;2;255;5;0m▀[0m[38;2;255;0;0m[48;2;255;0;0m▀[0m[38;2;197;56;54m[48;2;249;58;54m▀[0m[38;2;0;4;8m[48;2;0;13;13m▀[0m[38;2;27;0;0m[48;2;19;0;0m▀[0m[38;2;40;3;2m[48;2;35;2;2m▀[0m[38;2;32;2;2m[48;2;31;2;2m▀[0m[38;2;26;2;2m[48;2;24;2;2m▀[0m[38;2;14;2;1m[48;2;14;2;1m▀[0m[38;2;3;3;2m[48;2;2;2;2m▀[0m[38;2;3;2;2m[48;2;0;2;2m▀[0m[38;2;1;1;1m[48;2;1;1;1m▀[0m[38;2;0;1;1m[48;2;0;1;1m▀[0m[38;2;1;1;1m[48;2;1;1;1m▀[0m[38;2;1;1;1m[48;2;1;1;1m▀[0m[38;2;1;1;1m[48;2;1;1;1m▀[0m[38;2;1;1;1m[48;2;0;0;0m▀[0m[38;2;1;1;1m[48;2;0;0;0m▀[0m[38;2;0;0;1m[48;2;0;0;0m▀[0m[38;2;0;0;0m[48;2;0;0;0m▀[0m[38;2;0;0;0m[48;2;0;0;0m▀[0m[38;2;0;0;0m[48;2;0;0;0m▀[0m[38;2;0;31;39m[48;2;46;65;67m▀[0m[38;2;0;0;0m[48;2;44;33;31m▀[0m[38;2;143;126;121m[48;2;201;163;158m▀[0m
[38;2;0;0;0m[48;2;23;31;34m▀[0m[38;2;118;138;143m[48;2;93;104;110m▀[0m[38;2;59;71;71m[48;2;0;0;0m▀[0m[38;2;0;31;33m[48;2;39;37;37m▀[0m[38;2;74;159;175m[48;2;151;208;231m▀[0m[38;2;255;255;255m[48;2;255;255;255m▀[0m[38;2;138;213;235m[48;2;155;174;179m▀[0m[38;2;0;0;0m[48;2;0;17;29m▀[0m[38;2;73;40;40m[48;2;43;56;52m▀[0m[38;2;255;0;0m[48;2;255;0;0m▀[0m[38;2;255;0;0m[48;2;255;0;0m▀[0m[38;2;255;0;0m[48;2;255;0;0m▀[0m[38;2;255;0;0m[48;2;255;0;0m▀[0m[38;2;255;49;46m[48;2;255;33;23m▀[0m[38;2;0;26;27m[48;2;28;42;44m▀[0m[38;2;11;0;0m[48;2;0;0;0m▀[0m[38;2;31;0;3m[48;2;25;0;0m▀[0m[38;2;28;2;2m[48;2;23;0;0m▀[0m[38;2;20;2;0m[48;2;5;0;0m▀[0m[38;2;8;0;0m[48;2;0;0;0m▀[0m[38;2;0;0;0m[48;2;0;0;0m▀[0m[38;2;0;0;0m[48;2;0;0;0m▀[0m[38;2;0;0;0m[48;2;0;0;0m▀[0m[38;2;0;0;0m[48;2;0;0;0m▀[0m[38;2;0;1;1m[48;2;0;0;0m▀[0m[38;2;0;0;0m[48;2;0;0;0m▀[0m[38;2;0;0;0m[48;2;0;0;0m▀[0m[38;2;0;0;0m[48;2;0;0;0m▀[0m[38;2;0;0;0m[48;2;2;18;17m▀[0m[38;2;0;0;0m[48;2;175;128;124m▀[0m[38;2;32;25;24m[48;2;116;36;29m▀[0m[38;2;140;81;78m[48;2;37;0;0m▀[0m[38;2;185;89;79m[48;2;0;0;0m▀[0m[38;2;169;73;62m[48;2;0;0;0m▀[0m[38;2;125;37;35m[48;2;0;0;0m▀[0m[38;2;44;0;0m[48;2;0;40;48m▀[0m
[38;2;0;0;0m[48;2;0;0;0m▀[0m[38;2;0;12;16m[48;2;75;88;82m▀[0m[38;2;215;125;116m[48;2;233;163;156m▀[0m[38;2;117;85;75m[48;2;57;42;34m▀[0m[38;2;126;193;225m[48;2;119;178;204m▀[0m[38;2;255;255;255m[48;2;255;255;255m▀[0m[38;2;163;187;192m[48;2;125;158;169m▀[0m[38;2;0;55;77m[48;2;128;0;0m▀[0m[38;2;0;0;0m[48;2;0;8;9m▀[0m[38;2;65;58;63m[48;2;0;0;11m▀[0m[38;2;255;255;255m[48;2;43;148;159m▀[0m[38;2;35;128;163m[48;2;0;48;58m▀[0m[38;2;16;27;33m[48;2;0;0;0m▀[0m[38;2;138;39;42m[48;2;0;63;65m▀[0m[38;2;29;34;36m[48;2;37;51;54m▀[0m[38;2;0;0;0m[48;2;0;0;0m▀[0m[38;2;10;0;0m[48;2;0;0;0m▀[0m[38;2;3;0;0m[48;2;0;0;0m▀[0m[38;2;0;0;0m[48;2;0;0;0m▀[0m[38;2;0;0;0m[48;2;49;20;6m▀[0m[38;2;0;0;0m[48;2;147;109;98m▀[0m[38;2;0;0;0m[48;2;165;135;129m▀[0m[38;2;0;0;0m[48;2;129;101;92m▀[0m[38;2;0;0;0m[48;2;3;0;0m▀[0m[38;2;0;0;0m[48;2;0;0;0m▀[0m[38;2;0;0;0m[48;2;0;0;0m▀[0m[38;2;0;0;0m[48;2;51;55;55m▀[0m[38;2;8;1;1m[48;2;186;188;189m▀[0m[38;2;195;134;129m[48;2;32;26;28m▀[0m[38;2;66;49;49m[48;2;60;80;79m▀[0m[38;2;36;49;49m[48;2;209;230;228m▀[0m[38;2;73;108;109m[48;2;28;40;41m▀[0m[38;2;26;64;75m[48;2;0;0;3m▀[0m[38;2;0;0;0m[48;2;0;0;0m▀[0m[38;2;4;12;11m[48;2;0;0;0m▀[0m[38;2;0;0;0m[48;2;77;121;139m▀[0m
[38;2;0;0;0m[48;2;0;0;0m▀[0m[38;2;67;73;75m[48;2;29;43;48m▀[0m[38;2;133;157;158m[48;2;0;0;0m▀[0m[38;2;71;65;55m[48;2;58;40;35m▀[0m[38;2;116;146;164m[48;2;147;80;80m▀[0m[38;2;162;255;255m[48;2;226;213;211m▀[0m[38;2;85;156;163m[48;2;255;112;94m▀[0m[38;2;0;0;0m[48;2;246;77;60m▀[0m[38;2;2;0;0m[48;2;213;0;0m▀[0m[38;2;78;0;0m[48;2;187;0;0m▀[0m[38;2;0;57;67m[48;2;70;10;16m▀[0m[38;2;0;34;36m[48;2;0;0;0m▀[0m[38;2;49;0;0m[48;2;85;58;52m▀[0m[38;2;101;6;0m[48;2;128;162;161m▀[0m[38;2;0;0;0m[48;2;141;66;62m▀[0m[38;2;0;0;0m[48;2;55;0;0m▀[0m[38;2;0;0;0m[48;2;247;211;198m▀[0m[38;2;115;75;59m[48;2;255;255;255m▀[0m[38;2;255;247;235m[48;2;238;255;255m▀[0m[38;2;255;255;255m[48;2;203;255;255m▀[0m[38;2;255;255;255m[48;2;205;255;255m▀[0m[38;2;255;255;255m[48;2;194;255;255m▀[0m[38;2;255;255;255m[48;2;204;255;255m▀[0m[38;2;255;255;255m[48;2;208;255;255m▀[0m[38;2;171;128;118m[48;2;255;255;255m▀[0m[38;2;198;193;186m[48;2;198;25;10m▀[0m[38;2;200;66;57m[48;2;201;0;0m▀[0m[38;2;231;216;217m[48;2;255;255;255m▀[0m[38;2;180;230;236m[48;2;0;24;28m▀[0m[38;2;96;129;133m[48;2;50;32;32m▀[0m[38;2;0;0;0m[48;2;8;0;0m▀[0m[38;2;43;12;23m[48;2;20;28;28m▀[0m[38;2;6;12;18m[48;2;12;13;12m▀[0m[38;2;24;26;27m[48;2;0;0;0m▀[0m[38;2;33;36;40m[48;2;20;44;52m▀[0m[38;2;43;46;46m[48;2;17;0;0m▀[0m
[38;2;0;0;0m[48;2;0;0;0m▀[0m[38;2;35;48;49m[48;2;26;50;52m▀[0m[38;2;96;33;23m[48;2;147;115;105m▀[0m[38;2;142;124;110m[48;2;181;205;219m▀[0m[38;2;255;123;121m[48;2;243;255;255m▀[0m[38;2;255;81;72m[48;2;158;165;169m▀[0m[38;2;243;147;150m[48;2;125;197;205m▀[0m[38;2;255;255;255m[48;2;172;233;255m▀[0m[38;2;255;255;255m[48;2;187;255;255m▀[0m[38;2;255;33;20m[48;2;184;255;255m▀[0m[38;2;255;171;166m[48;2;164;238;255m▀[0m[38;2;255;31;29m[48;2;255;31;20m▀[0m[38;2;255;143;132m[48;2;255;158;152m▀[0m[38;2;255;74;64m[48;2;255;162;156m▀[0m[38;2;255;213;201m[48;2;178;224;242m▀[0m[38;2;255;255;255m[48;2;165;255;255m▀[0m[38;2;234;255;255m[48;2;194;253;255m▀[0m[38;2;194;255;255m[48;2;212;255;255m▀[0m[38;2;210;255;255m[48;2;211;255;255m▀[0m[38;2;205;255;255m[48;2;182;243;255m▀[0m[38;2;205;255;255m[48;2;255;255;255m▀[0m[38;2;255;255;255m[48;2;255;255;255m▀[0m[38;2;243;255;255m[48;2;233;255;255m▀[0m[38;2;198;255;255m[48;2;187;255;255m▀[0m[38;2;255;204;219m[48;2;238;224;243m▀[0m[38;2;123;12;0m[48;2;255;227;217m▀[0m[38;2;0;0;0m[48;2;28;101;101m▀[0m[38;2;74;32;27m[48;2;115;134;133m▀[0m[38;2;244;87;75m[48;2;255;180;177m▀[0m[38;2;0;0;0m[48;2;74;120;129m▀[0m[38;2;0;0;0m[48;2;163;210;231m▀[0m[38;2;0;0;0m[48;2;201;254;255m▀[0m[38;2;62;32;24m[48;2;147;158;169m▀[0m[38;2;0;0;0m[48;2;67;24;17m▀[0m[38;2;26;47;55m[48;2;29;42;55m▀[0m[38;2;55;5;2m[48;2;25;0;0m▀[0m
