[38;2;0;0;0m[48;2;0;0;0m▀[0m[38;2;0;0;0m[48;2;0;0;0m▀[0m[38;2;0;0;0m[48;2;17;20;21m▀[0m[38;2;0;0;0m[48;2;59;66;70m▀[0m[38;2;31;34;35m[48;2;39;44;45m▀[0m[38;2;56;63;63m[48;2;0;0;0m▀[0m[38;2;82;100;100m[48;2;0;0;0m▀[0m[38;2;179;230;230m[48;2;210;242;243m▀[0m[38;2;255;243;235m[48;2;255;227;220m▀[0m[38;2;255;125;117m[48;2;239;122;117m▀[0m[38;2;255;152;142m[48;2;255;182;176m▀[0m[38;2;255;142;134m[48;2;255;182;175m▀[0m[38;2;199;106;104m[48;2;157;109;108m▀[0m[38;2;255;181;170m[48;2;220;163;155m▀[0m[38;2;255;177;171m[48;2;255;196;191m▀[0m[38;2;240;157;148m[48;2;234;186;181m▀[0m[38;2;255;171;166m[48;2;239;195;192m▀[0m[38;2;142;125;125m[48;2;116;152;151m▀[0m[38;2;191;239;239m[48;2;0;32;30m▀[0m[38;2;209;228;227m[48;2;137;170;167m▀[0m[38;2;251;255;255m[48;2;255;255;255m▀[0m[38;2;179;159;158m[48;2;150;163;162m▀[0m[38;2;252;21;3m[48;2;195;202;203m▀[0m[38;2;64;39;35m[48;2;248;255;255m▀[0m[38;2;0;0;0m[48;2;36;57;58m▀[0m[38;2;79;140;141m[48;2;46;110;112m▀[0m[38;2;226;64;62m[48;2;255;88;79m▀[0m[38;2;255;0;0m[48;2;255;0;0m▀[0m[38;2;255;0;0m[48;2;8;37;37m▀[0m[38;2;13;0;0m[48;2;0;37;37m▀[0m[38;2;234;255;255m[48;2;255;255;255m▀[0m[38;2;255;255;255m[48;2;103;109;108m▀[0m[38;2;106;106;104m[48;2;0;0;0m▀[0m[38;2;0;0;0m[48;2;87;108;109m▀[0m[38;2;26;36;35m[48;2;0;0;0m▀[0m[38;2;117;149;155m[48;2;0;0;0m▀[0m
[38;2;0;0;0m[48;2;19;18;16m▀[0m[38;2;22;25;26m[48;2;16;11;10m▀[0m[38;2;26;28;29m[48;2;60;90;94m▀[0m[38;2;0;0;0m[48;2;66;92;96m▀[0m[38;2;0;0;0m[48;2;0;0;0m▀[0m[38;2;0;0;0m[48;2;0;0;0m▀[0m[38;2;0;0;0m[48;2;0;0;0m▀[0m[38;2;255;255;255m[48;2;238;255;255m▀[0m[38;2;255;232;225m[48;2;255;255;255m▀[0m[38;2;241;168;163m[48;2;240;199;196m▀[0m[38;2;255;197;195m[48;2;254;224;219m▀[0m[38;2;255;204;205m[48;2;248;219;222m▀[0m[38;2;139;125;126m[48;2;190;184;188m▀[0m[38;2;129;127;123m[48;2;143;152;150m▀[0m[38;2;251;223;214m[48;2;253;233;228m▀[0m[38;2;246;221;216m[48;2;255;255;255m▀[0m[38;2;197;194;194m[48;2;153;171;173m▀[0m[38;2;30;0;0m[48;2;9;0;0m▀[0m[38;2;255;0;0m[48;2;221;0;0m▀[0m[38;2;255;233;231m[48;2;22;31;31m▀[0m[38;2;167;215;216m[48;2;0;0;0m▀[0m[38;2;92;118;118m[48;2;103;142;142m▀[0m[38;2;255;255;255m[48;2;255;255;255m▀[0m[38;2;255;255;255m[48;2;255;255;255m▀[0m[38;2;255;255;255m[48;2;255;255;255m▀[0m[38;2;22;57;57m[48;2;77;60;58m▀[0m[38;2;140;217;219m[48;2;50;31;31m▀[0m[38;2;0;45;50m[48;2;36;50;53m▀[0m[38;2;95;146;146m[48;2;255;255;255m▀[0m[38;2;251;255;255m[48;2;69;87;87m▀[0m[38;2;10;21;21m[48;2;0;0;0m▀[0m[38;2;0;0;0m[48;2;0;0;0m▀[0m[38;2;0;0;0m[48;2;0;0;0m▀[0m[38;2;255;255;255m[48;2;118;135;139m▀[0m[38;2;41;46;47m[48;2;248;255;255m▀[0m[38;2;0;0;0m[48;2;38;51;50m▀[0m
[38;2;0;0;0m[48;2;53;73;75m▀[0m[38;2;63;89;96m[48;2;159;216;222m▀[0m[38;2;144;198;207m[48;2;164;221;230m▀[0m[38;2;95;127;133m[48;2;26;34;37m▀[0m[38;2;0;0;0m[48;2;0;0;0m▀[0m[38;2;0;0;0m[48;2;0;0;0m▀[0m[38;2;0;0;0m[48;2;0;0;0m▀[0m[38;2;180;199;198m[48;2;82;91;90m▀[0m[38;2;255;255;255m[48;2;255;255;255m▀[0m[38;2;241;230;228m[48;2;247;249;250m▀[0m[38;2;255;255;252m[48;2;236;244;245m▀[0m[38;2;245;244;238m[48;2;251;255;255m▀[0m[38;2;204;214;214m[48;2;133;135;136m▀[0m[38;2;121;135;134m[48;2;0;0;0m▀[0m[38;2;208;206;202m[48;2;154;160;158m▀[0m[38;2;255;255;255m[48;2;255;255;255m▀[0m[38;2;250;255;255m[48;2;255;255;255m▀[0m[38;2;145;195;199m[48;2;162;165;167m▀[0m[38;2;151;251;255m[48;2;164;177;177m▀[0m[38;2;141;216;227m[48;2;222;244;245m▀[0m[38;2;168;207;210m[48;2;255;255;255m▀[0m[38;2;235;251;248m[48;2;255;255;255m▀[0m[38;2;255;255;255m[48;2;255;255;255m▀[0m[38;2;140;142;140m[48;2;255;255;255m▀[0m[38;2;255;255;255m[48;2;255;255;255m▀[0m[38;2;76;36;33m[48;2;44;57;61m▀[0m[38;2;0;0;0m[48;2;0;0;0m▀[0m[38;2;49;0;0m[48;2;0;0;0m▀[0m[38;2;83;4;0m[48;2;27;0;0m▀[0m[38;2;0;0;0m[48;2;10;44;47m▀[0m[38;2;0;0;0m[48;2;37;48;50m▀[0m[38;2;3;8;7m[48;2;203;229;232m▀[0m[38;2;146;169;170m[48;2;143;163;167m▀[0m[38;2;164;186;187m[48;2;0;0;0m▀[0m[38;2;125;145;147m[48;2;0;0;0m▀[0m[38;2;0;0;0m[48;2;134;157;160m▀[0m
[38;2;120;160;164m[48;2;7;7;5m▀[0m[38;2;138;187;193m[48;2;0;0;0m▀[0m[38;2;50;60;68m[48;2;0;0;0m▀[0m[38;2;0;0;0m[48;2;0;0;0m▀[0m[38;2;0;0;0m[48;2;0;0;0m▀[0m[38;2;7;8;5m[48;2;17;14;17m▀[0m[38;2;0;0;0m[48;2;0;0;0m▀[0m[38;2;93;102;102m[48;2;134;141;141m▀[0m[38;2;255;255;255m[48;2;234;241;242m▀[0m[38;2;217;222;221m[48;2;198;204;202m▀[0m[38;2;241;248;249m[48;2;255;255;255m▀[0m[38;2;255;255;255m[48;2;255;255;255m▀[0m[38;2;73;75;75m[48;2;157;160;157m▀[0m[38;2;80;93;96m[48;2;104;113;111m▀[0m[38;2;40;50;53m[48;2;169;182;184m▀[0m[38;2;203;207;207m[48;2;118;138;138m▀[0m[38;2;255;255;255m[48;2;255;255;255m▀[0m[38;2;202;205;207m[48;2;246;249;249m▀[0m[38;2;233;237;234m[48;2;112;120;124m▀[0m[38;2;255;255;255m[48;2;136;140;144m▀[0m[38;2;255;255;255m[48;2;63;65;65m▀[0m[38;2;135;129;130m[48;2;0;0;0m▀[0m[38;2;248;248;246m[48;2;58;54;52m▀[0m[38;2;190;195;196m[48;2;119;125;123m▀[0m[38;2;52;57;58m[48;2;0;0;0m▀[0m[38;2;0;0;0m[48;2;0;0;0m▀[0m[38;2;0;0;0m[48;2;0;0;0m▀[0m[38;2;0;0;0m[48;2;18;28;31m▀[0m[38;2;82;0;0m[48;2;104;85;87m▀[0m[38;2;0;0;0m[48;2;103;83;83m▀[0m[38;2;108;140;146m[48;2;62;76;76m▀[0m[38;2;255;255;255m[48;2;255;255;255m▀[0m[38;2;255;255;255m[48;2;241;255;255m▀[0m[38;2;147;164;164m[48;2;197;224;226m▀[0m[38;2;0;0;0m[48;2;6;10;14m▀[0m[38;2;255;255;255m[48;2;206;240;246m▀[0m
[38;2;17;22;23m[48;2;146;200;209m▀[0m[38;2;53;75;79m[48;2;129;178;185m▀[0m[38;2;28;48;53m[48;2;111;154;167m▀[0m[38;2;38;52;55m[48;2;42;73;82m▀[0m[38;2;0;0;0m[48;2;0;0;0m▀[0m[38;2;0;0;0m[48;2;61;63;63m▀[0m[38;2;0;0;0m[48;2;163;172;172m▀[0m[38;2;63;71;71m[48;2;112;116;116m▀[0m[38;2;127;131;131m[48;2;85;87;87m▀[0m[38;2;134;140;138m[48;2;46;49;49m▀[0m[38;2;255;255;255m[48;2;225;231;230m▀[0m[38;2;216;222;221m[48;2;146;157;157m▀[0m[38;2;255;255;255m[48;2;255;255;255m▀[0m[38;2;98;107;106m[48;2;209;227;227m▀[0m[38;2;98;119;119m[48;2;63;24;23m▀[0m[38;2;53;60;60m[48;2;0;0;0m▀[0m[38;2;155;181;183m[48;2;163;80;76m▀[0m[38;2;248;255;255m[48;2;175;177;177m▀[0m[38;2;231;238;238m[48;2;121;135;135m▀[0m[38;2;0;0;0m[48;2;0;0;0m▀[0m[38;2;17;24;24m[48;2;0;0;0m▀[0m[38;2;80;88;89m[48;2;0;0;0m▀[0m[38;2;0;0;0m[48;2;0;0;0m▀[0m[38;2;204;208;208m[48;2;113;121;124m▀[0m[38;2;0;0;0m[48;2;0;0;0m▀[0m[38;2;0;0;0m[48;2;0;0;0m▀[0m[38;2;3;6;6m[48;2;37;40;40m▀[0m[38;2;130;132;132m[48;2;120;128;129m▀[0m[38;2;130;139;143m[48;2;87;101;104m▀[0m[38;2;88;97;98m[48;2;152;199;206m▀[0m[38;2;52;42;41m[48;2;125;161;167m▀[0m[38;2;57;50;50m[48;2;90;113;113m▀[0m[38;2;31;33;33m[48;2;33;37;33m▀[0m[38;2;95;109;112m[48;2;19;9;8m▀[0m[38;2;0;0;0m[48;2;0;0;0m▀[0m[38;2;64;78;80m[48;2;0;0;0m▀[0m
[38;2;48;68;73m[48;2;48;54;52m▀[0m[38;2;108;149;157m[48;2;188;188;182m▀[0m[38;2;142;181;189m[48;2;141;134;128m▀[0m[38;2;125;133;134m[48;2;113;121;121m▀[0m[38;2;206;205;201m[48;2;53;75;78m▀[0m[38;2;248;255;255m[48;2;8;21;23m▀[0m[38;2;94;104;104m[48;2;4;1;1m▀[0m[38;2;139;143;140m[48;2;0;0;0m▀[0m[38;2;178;185;185m[48;2;117;123;122m▀[0m[38;2;184;183;183m[48;2;113;115;117m▀[0m[38;2;92;95;96m[48;2;0;0;0m▀[0m[38;2;0;0;0m[48;2;0;0;0m▀[0m[38;2;7;12;11m[48;2;12;19;21m▀[0m[38;2;17;0;0m[48;2;78;86;86m▀[0m[38;2;59;0;0m[48;2;9;31;31m▀[0m[38;2;0;0;0m[48;2;7;34;34m▀[0m[38;2;83;0;0m[48;2;34;25;30m▀[0m[38;2;78;0;0m[48;2;75;27;27m▀[0m[38;2;116;66;68m[48;2;0;0;0m▀[0m[38;2;22;0;0m[48;2;0;14;15m▀[0m[38;2;47;57;56m[48;2;16;29;26m▀[0m[38;2;105;112;112m[48;2;0;0;0m▀[0m[38;2;0;2;2m[48;2;0;5;6m▀[0m[38;2;0;7;7m[48;2;0;0;0m▀[0m[38;2;0;0;0m[48;2;0;0;0m▀[0m[38;2;24;28;29m[48;2;22;56;57m▀[0m[38;2;41;44;43m[48;2;0;13;15m▀[0m[38;2;26;37;39m[48;2;0;0;0m▀[0m[38;2;21;35;41m[48;2;0;0;0m▀[0m[38;2;193;241;246m[48;2;56;71;74m▀[0m[38;2;221;255;255m[48;2;194;241;244m▀[0m[38;2;179;226;233m[48;2;152;193;197m▀[0m[38;2;99;131;135m[48;2;184;231;240m▀[0m[38;2;130;163;168m[48;2;155;196;203m▀[0m[38;2;121;145;147m[48;2;105;143;148m▀[0m[38;2;78;77;77m[48;2;101;142;154m▀[0m
[38;2;17;17;17m[48;2;70;100;107m▀[0m[38;2;98;115;116m[48;2;69;109;116m▀[0m[38;2;26;41;43m[48;2;108;147;153m▀[0m[38;2;113;159;168m[48;2;156;203;213m▀[0m[38;2;104;151;157m[48;2;148;199;208m▀[0m[38;2;86;113;116m[48;2;52;72;74m▀[0m[38;2;75;79;78m[48;2;50;55;56m▀[0m[38;2;13;15;15m[48;2;69;78;79m▀[0m[38;2;0;0;0m[48;2;10;33;40m▀[0m[38;2;0;0;0m[48;2;0;0;0m▀[0m[38;2;0;0;0m[48;2;0;0;0m▀[0m[38;2;36;41;40m[48;2;2;19;21m▀[0m[38;2;87;97;97m[48;2;0;0;0m▀[0m[38;2;40;49;50m[48;2;77;99;99m▀[0m[38;2;0;0;0m[48;2;68;16;13m▀[0m[38;2;0;0;0m[48;2;136;45;41m▀[0m[38;2;0;0;0m[48;2;90;38;37m▀[0m[38;2;89;35;36m[48;2;81;5;0m▀[0m[38;2;82;11;4m[48;2;70;70;68m▀[0m[38;2;61;0;0m[48;2;11;35;34m▀[0m[38;2;40;47;49m[48;2;0;0;0m▀[0m[38;2;109;144;151m[48;2;18;0;0m▀[0m[38;2;0;8;11m[48;2;42;0;0m▀[0m[38;2;0;0;0m[48;2;20;0;0m▀[0m[38;2;0;0;0m[48;2;138;28;19m▀[0m[38;2;30;0;0m[48;2;217;106;100m▀[0m[38;2;0;0;0m[48;2;53;52;50m▀[0m[38;2;0;0;0m[48;2;0;0;0m▀[0m[38;2;0;0;0m[48;2;0;0;0m▀[0m[38;2;0;0;0m[48;2;0;0;0m▀[0m[38;2;0;0;0m[48;2;100;138;143m▀[0m[38;2;89;111;114m[48;2;17;24;26m▀[0m[38;2;148;191;198m[48;2;0;0;0m▀[0m[38;2;106;134;138m[48;2;99;126;134m▀[0m[38;2;141;177;183m[48;2;180;226;231m▀[0m[38;2;135;174;179m[48;2;159;204;209m▀[0m
[38;2;117;160;169m[48;2;129;175;181m▀[0m[38;2;77;104;108m[48;2;157;209;219m▀[0m[38;2;118;161;166m[48;2;168;226;236m▀[0m[38;2;109;148;154m[48;2;62;96;97m▀[0m[38;2;81;116;125m[48;2;0;0;0m▀[0m[38;2;0;0;0m[48;2;0;0;0m▀[0m[38;2;0;0;0m[48;2;0;11;15m▀[0m[38;2;33;50;50m[48;2;0;3;5m▀[0m[38;2;102;24;15m[48;2;162;1;0m▀[0m[38;2;104;0;0m[48;2;163;0;0m▀[0m[38;2;0;0;0m[48;2;19;0;0m▀[0m[38;2;0;12;16m[48;2;163;0;0m▀[0m[38;2;0;37;38m[48;2;72;0;0m▀[0m[38;2;8;85;89m[48;2;153;23;19m▀[0m[38;2;0;0;1m[48;2;94;0;0m▀[0m[38;2;33;63;60m[48;2;0;0;0m▀[0m[38;2;48;132;139m[48;2;29;0;0m▀[0m[38;2;0;0;0m[48;2;203;0;0m▀[0m[38;2;4;6;7m[48;2;43;0;0m▀[0m[38;2;36;4;3m[48;2;0;0;0m▀[0m[38;2;0;0;0m[48;2;40;58;60m▀[0m[38;2;106;87;86m[48;2;10;27;28m▀[0m[38;2;169;172;171m[48;2;136;154;152m▀[0m[38;2;255;255;255m[48;2;255;255;255m▀[0m[38;2;255;255;255m[48;2;255;255;255m▀[0m[38;2;255;255;255m[48;2;255;255;255m▀[0m[38;2;255;255;255m[48;2;255;255;255m▀[0m[38;2;139;117;117m[48;2;255;255;255m▀[0m[38;2;0;0;0m[48;2;44;0;0m▀[0m[38;2;0;0;0m[48;2;0;0;0m▀[0m[38;2;4;17;20m[48;2;0;0;0m▀[0m[38;2;116;156;166m[48;2;0;0;0m▀[0m[38;2;158;203;209m[48;2;41;61;63m▀[0m[38;2;51;68;69m[48;2;162;211;218m▀[0m[38;2;84;107;110m[48;2;180;227;233m▀[0m[38;2;139;177;182m[48;2;137;175;181m▀[0m
[38;2;114;157;165m[48;2;0;0;0m▀[0m[38;2;91;125;131m[48;2;0;0;0m▀[0m[38;2;0;0;0m[48;2;3;12;13m▀[0m[38;2;0;0;0m[48;2;40;74;75m▀[0m[38;2;0;0;0m[48;2;0;16;16m▀[0m[38;2;0;23;26m[48;2;99;0;0m▀[0m[38;2;0;0;0m[48;2;255;0;0m▀[0m[38;2;228;0;0m[48;2;164;0;0m▀[0m[38;2;82;0;0m[48;2;20;0;0m▀[0m[38;2;0;0;0m[48;2;0;39;42m▀[0m[38;2;38;166;169m[48;2;189;255;255m▀[0m[38;2;255;24;15m[48;2;125;70;66m▀[0m[38;2;255;0;0m[48;2;255;0;0m▀[0m[38;2;255;0;0m[48;2;255;0;0m▀[0m[38;2;61;0;0m[48;2;0;0;0m▀[0m[38;2;8;0;0m[48;2;112;61;66m▀[0m[38;2;255;0;0m[48;2;240;239;235m▀[0m[38;2;152;0;0m[48;2;20;0;0m▀[0m[38;2;0;28;31m[48;2;0;0;0m▀[0m[38;2;158;181;182m[48;2;216;238;237m▀[0m[38;2;255;255;255m[48;2;255;255;255m▀[0m[38;2;245;249;250m[48;2;211;217;215m▀[0m[38;2;255;255;255m[48;2;162;167;167m▀[0m[38;2;255;255;255m[48;2;255;255;255m▀[0m[38;2;255;255;255m[48;2;255;255;255m▀[0m[38;2;255;255;255m[48;2;255;255;255m▀[0m[38;2;255;255;255m[48;2;255;255;255m▀[0m[38;2;255;255;255m[48;2;255;255;255m▀[0m[38;2;0;0;0m[48;2;49;83;84m▀[0m[38;2;136;0;0m[48;2;0;0;0m▀[0m[38;2;74;0;0m[48;2;255;0;0m▀[0m[38;2;0;0;0m[48;2;17;0;0m▀[0m[38;2;0;0;0m[48;2;0;0;0m▀[0m[38;2;0;0;0m[48;2;0;0;0m▀[0m[38;2;85;109;111m[48;2;0;0;0m▀[0m[38;2;194;246;251m[48;2;0;0;0m▀[0m
[38;2;0;0;0m[48;2;105;154;161m▀[0m[38;2;69;99;101m[48;2;48;76;82m▀[0m[38;2;55;80;84m[48;2;21;56;59m▀[0m[38;2;0;0;0m[48;2;0;39;44m▀[0m[38;2;70;0;0m[48;2;233;0;0m▀[0m[38;2;255;0;0m[48;2;45;0;0m▀[0m[38;2;60;0;0m[48;2;0;0;0m▀[0m[38;2;0;0;0m[48;2;41;0;0m▀[0m[38;2;13;0;0m[48;2;0;0;0m▀[0m[38;2;34;94;96m[48;2;69;117;118m▀[0m[38;2;151;255;255m[48;2;148;255;255m▀[0m[38;2;213;0;0m[48;2;202;9;2m▀[0m[38;2;255;0;0m[48;2;255;205;194m▀[0m[38;2;255;0;0m[48;2;229;75;65m▀[0m[38;2;0;0;0m[48;2;0;0;0m▀[0m[38;2;255;0;0m[48;2;107;85;82m▀[0m[38;2;255;146;128m[48;2;107;20;14m▀[0m[38;2;208;32;20m[48;2;0;0;0m▀[0m[38;2;0;0;0m[48;2;0;15;16m▀[0m[38;2;208;232;230m[48;2;255;255;255m▀[0m[38;2;255;255;255m[48;2;255;255;255m▀[0m[38;2;255;255;255m[48;2;255;255;255m▀[0m[38;2;255;255;255m[48;2;247;255;255m▀[0m[38;2;255;255;255m[48;2;255;255;255m▀[0m[38;2;255;255;255m[48;2;255;255;255m▀[0m[38;2;255;255;255m[48;2;255;255;255m▀[0m[38;2;255;255;255m[48;2;255;255;255m▀[0m[38;2;255;255;255m[48;2;255;255;255m▀[0m[38;2;145;154;155m[48;2;197;207;208m▀[0m[38;2;0;0;0m[48;2;0;0;0m▀[0m[38;2;12;0;0m[48;2;0;0;0m▀[0m[38;2;177;0;0m[48;2;49;0;0m▀[0m[38;2;0;17;17m[48;2;89;6;1m▀[0m[38;2;0;6;7m[48;2;16;57;62m▀[0m[38;2;0;0;0m[48;2;36;53;57m▀[0m[38;2;0;0;0m[48;2;0;0;0m▀[0m
[38;2;116;168;176m[48;2;0;6;7m▀[0m[38;2;67;102;105m[48;2;0;0;0m▀[0m[38;2;0;37;40m[48;2;44;0;0m▀[0m[38;2;136;0;0m[48;2;58;0;0m▀[0m[38;2;62;0;0m[48;2;0;0;0m▀[0m[38;2;0;0;0m[48;2;0;0;0m▀[0m[38;2;0;0;0m[48;2;0;7;7m▀[0m[38;2;21;0;0m[48;2;74;61;61m▀[0m[38;2;0;0;0m[48;2;0;0;0m▀[0m[38;2;89;129;131m[48;2;85;115;116m▀[0m[38;2;154;247;255m[48;2;117;183;188m▀[0m[38;2;129;106;101m[48;2;168;184;182m▀[0m[38;2;255;215;199m[48;2;255;255;255m▀[0m[38;2;88;149;147m[48;2;90;141;143m▀[0m[38;2;14;0;0m[48;2;0;0;0m▀[0m[38;2;255;135;117m[48;2;255;0;0m▀[0m[38;2;255;229;217m[48;2;100;0;0m▀[0m[38;2;118;0;0m[48;2;0;0;0m▀[0m[38;2;0;0;0m[48;2;223;253;251m▀[0m[38;2;255;255;255m[48;2;255;255;255m▀[0m[38;2;255;255;255m[48;2;178;177;175m▀[0m[38;2;223;225;225m[48;2;255;255;255m▀[0m[38;2;157;202;204m[48;2;85;125;130m▀[0m[38;2;243;248;248m[48;2;241;250;250m▀[0m[38;2;255;255;255m[48;2;255;255;255m▀[0m[38;2;255;255;255m[48;2;255;255;255m▀[0m[38;2;255;255;255m[48;2;255;255;255m▀[0m[38;2;255;255;255m[48;2;255;255;255m▀[0m[38;2;236;241;241m[48;2;255;255;255m▀[0m[38;2;0;0;0m[48;2;0;0;0m▀[0m[38;2;0;0;0m[48;2;0;0;0m▀[0m[38;2;0;0;0m[48;2;0;0;0m▀[0m[38;2;36;1;0m[48;2;0;0;0m▀[0m[38;2;15;12;16m[48;2;17;21;22m▀[0m[38;2;40;61;65m[48;2;0;0;0m▀[0m[38;2;94;121;125m[48;2;23;30;31m▀[0m
[38;2;0;0;0m[48;2;90;5;3m▀[0m[38;2;34;0;0m[48;2;47;6;6m▀[0m[38;2;34;0;0m[48;2;0;1;1m▀[0m[38;2;0;0;0m[48;2;28;42;42m▀[0m[38;2;0;0;0m[48;2;65;81;81m▀[0m[38;2;24;33;33m[48;2;61;70;73m▀[0m[38;2;88;103;106m[48;2;0;0;0m▀[0m[38;2;78;96;98m[48;2;86;95;93m▀[0m[38;2;0;0;0m[48;2;0;0;0m▀[0m[38;2;75;90;92m[48;2;70;87;88m▀[0m[38;2;101;164;166m[48;2;106;169;174m▀[0m[38;2;155;128;125m[48;2;166;144;145m▀[0m[38;2;255;217;206m[48;2;255;241;233m▀[0m[38;2;0;34;38m[48;2;0;66;72m▀[0m[38;2;0;0;0m[48;2;15;0;0m▀[0m[38;2;193;252;248m[48;2;255;67;48m▀[0m[38;2;161;30;27m[48;2;255;47;26m▀[0m[38;2;0;0;0m[48;2;128;77;67m▀[0m[38;2;23;88;93m[48;2;241;255;255m▀[0m[38;2;255;255;255m[48;2;144;180;181m▀[0m[38;2;135;131;130m[48;2;255;255;255m▀[0m[38;2;255;255;255m[48;2;255;255;255m▀[0m[38;2;116;131;134m[48;2;237;234;237m▀[0m[38;2;191;201;201m[48;2;164;173;173m▀[0m[38;2;255;255;255m[48;2;255;255;255m▀[0m[38;2;255;255;255m[48;2;252;255;254m▀[0m[38;2;255;255;255m[48;2;255;255;255m▀[0m[38;2;255;255;255m[48;2;255;255;255m▀[0m[38;2;255;255;255m[48;2;255;255;255m▀[0m[38;2;33;41;40m[48;2;96;139;141m▀[0m[38;2;136;109;102m[48;2;184;247;251m▀[0m[38;2;20;0;0m[48;2;210;237;239m▀[0m[38;2;0;0;0m[48;2;98;102;102m▀[0m[38;2;0;0;0m[48;2;15;17;18m▀[0m[38;2;18;28;29m[48;2;39;45;44m▀[0m[38;2;0;0;0m[48;2;55;63;67m▀[0m
