[38;2;255;255;255m[48;2;255;255;255m▀[0m[38;2;255;255;255m[48;2;146;149;146m▀[0m[38;2;52;52;52m[48;2;0;0;0m▀[0m[38;2;0;0;0m[48;2;0;0;0m▀[0m[38;2;0;0;0m[48;2;0;0;0m▀[0m[38;2;0;0;0m[48;2;68;67;67m▀[0m[38;2;78;80;81m[48;2;52;74;75m▀[0m[38;2;33;47;50m[48;2;74;6;1m▀[0m[38;2;135;158;158m[48;2;48;0;0m▀[0m[38;2;87;122;125m[48;2;0;0;0m▀[0m[38;2;36;65;65m[48;2;24;0;0m▀[0m[38;2;69;0;0m[48;2;138;0;0m▀[0m[38;2;255;0;0m[48;2;255;0;0m▀[0m[38;2;255;0;0m[48;2;255;0;0m▀[0m[38;2;255;0;0m[48;2;255;0;0m▀[0m[38;2;204;0;0m[48;2;150;111;107m▀[0m[38;2;253;0;0m[48;2;255;0;0m▀[0m[38;2;255;122;110m[48;2;255;73;57m▀[0m[38;2;243;43;34m[48;2;252;82;74m▀[0m[38;2;242;0;0m[48;2;238;199;201m▀[0m[38;2;255;0;0m[48;2;255;123;110m▀[0m[38;2;255;0;0m[48;2;255;0;0m▀[0m[38;2;255;0;0m[48;2;255;0;0m▀[0m[38;2;255;0;0m[48;2;255;0;0m▀[0m[38;2;255;0;0m[48;2;255;0;0m▀[0m[38;2;255;0;0m[48;2;255;0;0m▀[0m[38;2;255;0;0m[48;2;255;0;0m▀[0m[38;2;255;0;0m[48;2;255;0;0m▀[0m[38;2;0;0;0m[48;2;124;0;0m▀[0m[38;2;0;23;26m[48;2;0;0;0m▀[0m[38;2;203;236;238m[48;2;88;22;22m▀[0m[38;2;52;60;60m[48;2;116;134;134m▀[0m[38;2;0;0;0m[48;2;4;4;4m▀[0m[38;2;0;0;0m[48;2;0;0;0m▀[0m[38;2;0;0;0m[48;2;0;0;0m▀[0m[38;2;24;23;23m[48;2;0;0;0m▀[0m
[38;2;54;56;54m[48;2;0;0;0m▀[0m[38;2;0;0;0m[48;2;0;0;0m▀[0m[38;2;0;0;0m[48;2;0;0;0m▀[0m[38;2;0;0;0m[48;2;0;0;0m▀[0m[38;2;22;22;23m[48;2;110;110;110m▀[0m[38;2;83;85;85m[48;2;82;85;82m▀[0m[38;2;22;32;32m[48;2;21;31;29m▀[0m[38;2;0;0;0m[48;2;35;61;65m▀[0m[38;2;27;22;22m[48;2;39;69;70m▀[0m[38;2;6;63;69m[48;2;39;29;26m▀[0m[38;2;0;4;0m[48;2;0;0;0m▀[0m[38;2;81;0;0m[48;2;94;0;0m▀[0m[38;2;255;0;0m[48;2;237;0;0m▀[0m[38;2;255;0;0m[48;2;255;0;0m▀[0m[38;2;205;73;69m[48;2;215;255;255m▀[0m[38;2;221;216;211m[48;2;180;86;77m▀[0m[38;2;255;0;0m[48;2;244;0;0m▀[0m[38;2;255;0;0m[48;2;255;0;0m▀[0m[38;2;229;0;0m[48;2;219;0;0m▀[0m[38;2;248;227;223m[48;2;255;0;0m▀[0m[38;2;255;255;255m[48;2;255;0;0m▀[0m[38;2;223;134;128m[48;2;248;0;0m▀[0m[38;2;245;58;51m[48;2;255;19;4m▀[0m[38;2;255;221;213m[48;2;255;105;99m▀[0m[38;2;255;198;191m[48;2;255;76;63m▀[0m[38;2;255;11;6m[48;2;255;0;0m▀[0m[38;2;255;5;0m[48;2;255;0;0m▀[0m[38;2;255;0;0m[48;2;255;0;0m▀[0m[38;2;255;0;0m[48;2;255;0;0m▀[0m[38;2;0;16;18m[48;2;84;21;20m▀[0m[38;2;0;1;3m[48;2;0;89;95m▀[0m[38;2;43;52;51m[48;2;26;44;44m▀[0m[38;2;103;108;105m[48;2;140;148;146m▀[0m[38;2;0;0;0m[48;2;68;71;71m▀[0m[38;2;0;0;0m[48;2;0;0;0m▀[0m[38;2;0;0;0m[48;2;0;0;0m▀[0m
[38;2;0;0;0m[48;2;0;0;0m▀[0m[38;2;0;0;0m[48;2;0;0;0m▀[0m[38;2;0;0;0m[48;2;75;78;78m▀[0m[38;2;88;90;90m[48;2;6;14;14m▀[0m[38;2;0;5;6m[48;2;0;0;0m▀[0m[38;2;23;34;36m[48;2;117;169;174m▀[0m[38;2;30;58;60m[48;2;19;85;85m▀[0m[38;2;6;27;27m[48;2;56;62;61m▀[0m[38;2;2;78;79m[48;2;209;17;6m▀[0m[38;2;77;51;45m[48;2;224;0;0m▀[0m[38;2;175;0;0m[48;2;81;0;0m▀[0m[38;2;0;0;0m[48;2;104;196;198m▀[0m[38;2;70;0;0m[48;2;203;214;216m▀[0m[38;2;255;0;0m[48;2;205;132;130m▀[0m[38;2;146;255;255m[48;2;168;242;240m▀[0m[38;2;149;133;139m[48;2;0;16;8m▀[0m[38;2;234;50;35m[48;2;197;104;107m▀[0m[38;2;239;0;0m[48;2;255;0;0m▀[0m[38;2;255;0;0m[48;2;255;0;0m▀[0m[38;2;255;0;0m[48;2;255;0;0m▀[0m[38;2;255;0;0m[48;2;255;0;0m▀[0m[38;2;228;0;0m[48;2;244;0;0m▀[0m[38;2;255;0;0m[48;2;255;0;0m▀[0m[38;2;255;0;0m[48;2;255;0;0m▀[0m[38;2;255;0;0m[48;2;255;0;0m▀[0m[38;2;255;0;0m[48;2;255;0;0m▀[0m[38;2;255;0;0m[48;2;255;0;0m▀[0m[38;2;255;0;0m[48;2;255;0;0m▀[0m[38;2;255;0;0m[48;2;255;0;0m▀[0m[38;2;182;0;0m[48;2;255;0;0m▀[0m[38;2;0;15;21m[48;2;0;0;7m▀[0m[38;2;52;72;74m[48;2;0;74;77m▀[0m[38;2;39;48;48m[48;2;70;107;107m▀[0m[38;2;54;57;57m[48;2;60;70;71m▀[0m[38;2;43;41;44m[48;2;70;73;73m▀[0m[38;2;0;0;0m[48;2;6;10;10m▀[0m
[38;2;0;0;0m[48;2;8;10;11m▀[0m[38;2;39;39;39m[48;2;58;57;57m▀[0m[38;2;13;15;17m[48;2;11;10;10m▀[0m[38;2;131;140;141m[48;2;247;255;255m▀[0m[38;2;72;102;103m[48;2;63;43;41m▀[0m[38;2;121;35;24m[48;2;78;0;0m▀[0m[38;2;196;22;3m[48;2;255;0;0m▀[0m[38;2;255;0;0m[48;2;234;0;0m▀[0m[38;2;254;0;0m[48;2;0;0;0m▀[0m[38;2;242;0;0m[48;2;84;0;0m▀[0m[38;2;101;0;0m[48;2;0;0;0m▀[0m[38;2;227;255;255m[48;2;245;255;255m▀[0m[38;2;255;255;255m[48;2;255;255;255m▀[0m[38;2;255;255;255m[48;2;255;255;255m▀[0m[38;2;248;255;255m[48;2;248;255;255m▀[0m[38;2;0;162;11m[48;2;196;255;255m▀[0m[38;2;0;40;35m[48;2;255;82;69m▀[0m[38;2;255;0;0m[48;2;255;0;0m▀[0m[38;2;255;0;0m[48;2;255;0;0m▀[0m[38;2;255;0;0m[48;2;255;0;0m▀[0m[38;2;255;0;0m[48;2;213;0;0m▀[0m[38;2;185;0;0m[48;2;53;5;4m▀[0m[38;2;255;0;0m[48;2;246;0;0m▀[0m[38;2;255;0;0m[48;2;255;0;0m▀[0m[38;2;255;0;0m[48;2;244;0;0m▀[0m[38;2;255;0;0m[48;2;255;0;0m▀[0m[38;2;212;0;0m[48;2;207;0;0m▀[0m[38;2;255;0;0m[48;2;255;0;0m▀[0m[38;2;255;0;0m[48;2;255;0;0m▀[0m[38;2;255;0;0m[48;2;255;0;0m▀[0m[38;2;190;0;0m[48;2;226;0;0m▀[0m[38;2;73;16;14m[48;2;113;0;0m▀[0m[38;2;60;14;16m[48;2;85;5;7m▀[0m[38;2;136;150;149m[48;2;20;65;70m▀[0m[38;2;47;54;54m[48;2;173;186;184m▀[0m[38;2;70;73;70m[48;2;3;13;16m▀[0m
[38;2;39;39;39m[48;2;70;73;70m▀[0m[38;2;60;59;60m[48;2;51;53;51m▀[0m[38;2;31;33;33m[48;2;7;10;10m▀[0m[38;2;20;30;33m[48;2;45;48;49m▀[0m[38;2;0;1;1m[48;2;0;0;0m▀[0m[38;2;0;0;0m[48;2;23;46;50m▀[0m[38;2;255;0;0m[48;2;46;97;99m▀[0m[38;2;76;0;0m[48;2;0;0;0m▀[0m[38;2;0;52;57m[48;2;31;0;0m▀[0m[38;2;0;20;25m[48;2;0;0;0m▀[0m[38;2;0;0;0m[48;2;0;0;0m▀[0m[38;2;149;160;159m[48;2;153;159;157m▀[0m[38;2;255;255;255m[48;2;255;255;255m▀[0m[38;2;255;255;255m[48;2;255;255;255m▀[0m[38;2;255;255;255m[48;2;212;126;121m▀[0m[38;2;255;22;21m[48;2;198;26;24m▀[0m[38;2;255;0;0m[48;2;126;44;38m▀[0m[38;2;255;0;0m[48;2;233;0;0m▀[0m[38;2;255;0;0m[48;2;255;0;0m▀[0m[38;2;255;0;0m[48;2;82;0;0m▀[0m[38;2;93;42;38m[48;2;236;255;255m▀[0m[38;2;64;159;160m[48;2;161;228;224m▀[0m[38;2;123;0;0m[48;2;81;0;0m▀[0m[38;2;255;0;0m[48;2;255;0;0m▀[0m[38;2;220;0;0m[48;2;255;0;0m▀[0m[38;2;255;0;0m[48;2;142;0;0m▀[0m[38;2;255;0;0m[48;2;255;0;0m▀[0m[38;2;151;0;0m[48;2;0;5;4m▀[0m[38;2;255;0;0m[48;2;162;0;0m▀[0m[38;2;134;1;0m[48;2;255;0;0m▀[0m[38;2;12;0;0m[48;2;255;0;0m▀[0m[38;2;0;61;68m[48;2;188;15;7m▀[0m[38;2;99;41;37m[48;2;146;20;5m▀[0m[38;2;11;19;19m[48;2;114;53;51m▀[0m[38;2;0;47;47m[48;2;15;0;0m▀[0m[38;2;4;0;1m[48;2;4;0;0m▀[0m
[38;2;83;83;83m[48;2;77;77;77m▀[0m[38;2;33;36;33m[48;2;59;59;59m▀[0m[38;2;0;0;0m[48;2;45;45;45m▀[0m[38;2;63;67;67m[48;2;29;32;32m▀[0m[38;2;69;74;74m[48;2;183;186;186m▀[0m[38;2;20;29;30m[48;2;204;208;208m▀[0m[38;2;40;53;55m[48;2;64;67;68m▀[0m[38;2;235;255;255m[48;2;119;122;122m▀[0m[38;2;219;218;215m[48;2;255;255;255m▀[0m[38;2;162;167;166m[48;2;255;255;255m▀[0m[38;2;255;255;255m[48;2;255;255;255m▀[0m[38;2;202;207;206m[48;2;192;203;200m▀[0m[38;2;255;255;255m[48;2;143;159;157m▀[0m[38;2;255;255;255m[48;2;193;231;234m▀[0m[38;2;255;255;255m[48;2;142;250;253m▀[0m[38;2;255;255;255m[48;2;157;163;159m▀[0m[38;2;202;60;45m[48;2;255;0;0m▀[0m[38;2;255;0;0m[48;2;255;0;0m▀[0m[38;2;201;45;31m[48;2;143;178;178m▀[0m[38;2;208;207;204m[48;2;255;255;255m▀[0m[38;2;144;239;240m[48;2;185;134;125m▀[0m[38;2;27;0;0m[48;2;87;0;0m▀[0m[38;2;208;0;0m[48;2;177;0;0m▀[0m[38;2;255;0;0m[48;2;149;0;0m▀[0m[38;2;255;0;0m[48;2;189;0;0m▀[0m[38;2;0;1;3m[48;2;193;0;0m▀[0m[38;2;145;0;0m[48;2;0;0;0m▀[0m[38;2;219;0;0m[48;2;98;0;0m▀[0m[38;2;0;3;4m[48;2;255;0;0m▀[0m[38;2;255;0;0m[48;2;255;0;0m▀[0m[38;2;255;0;0m[48;2;255;0;0m▀[0m[38;2;255;0;0m[48;2;255;0;0m▀[0m[38;2;255;0;0m[48;2;103;12;6m▀[0m[38;2;254;5;0m[48;2;0;21;27m▀[0m[38;2;37;58;59m[48;2;43;84;86m▀[0m[38;2;0;16;16m[48;2;80;94;96m▀[0m
[38;2;63;66;66m[48;2;24;26;27m▀[0m[38;2;49;49;49m[48;2;0;0;0m▀[0m[38;2;28;27;27m[48;2;0;0;0m▀[0m[38;2;0;0;0m[48;2;0;0;0m▀[0m[38;2;2;5;5m[48;2;0;0;0m▀[0m[38;2;92;95;95m[48;2;0;0;0m▀[0m[38;2;126;128;129m[48;2;27;29;27m▀[0m[38;2;0;0;0m[48;2;120;123;123m▀[0m[38;2;0;0;0m[48;2;197;199;199m▀[0m[38;2;42;45;45m[48;2;233;236;233m▀[0m[38;2;3;10;10m[48;2;234;239;239m▀[0m[38;2;0;0;0m[48;2;45;62;63m▀[0m[38;2;0;0;0m[48;2;18;0;0m▀[0m[38;2;0;0;0m[48;2;146;0;0m▀[0m[38;2;0;0;0m[48;2;243;0;0m▀[0m[38;2;255;0;0m[48;2;167;0;0m▀[0m[38;2;226;0;0m[48;2;0;0;0m▀[0m[38;2;0;0;0m[48;2;18;87;92m▀[0m[38;2;0;0;0m[48;2;78;112;117m▀[0m[38;2;0;0;1m[48;2;0;0;0m▀[0m[38;2;0;0;0m[48;2;0;17;22m▀[0m[38;2;167;0;0m[48;2;53;0;0m▀[0m[38;2;194;0;0m[48;2;0;0;0m▀[0m[38;2;164;0;0m[48;2;0;0;0m▀[0m[38;2;190;0;0m[48;2;84;0;0m▀[0m[38;2;204;0;0m[48;2;117;0;0m▀[0m[38;2;255;0;0m[48;2;31;0;0m▀[0m[38;2;0;0;0m[48;2;131;0;0m▀[0m[38;2;7;0;0m[48;2;22;0;0m▀[0m[38;2;0;0;0m[48;2;0;0;0m▀[0m[38;2;0;0;0m[48;2;0;0;0m▀[0m[38;2;90;0;0m[48;2;0;0;0m▀[0m[38;2;37;0;0m[48;2;178;105;103m▀[0m[38;2;15;85;85m[48;2;255;255;255m▀[0m[38;2;8;47;49m[48;2;93;0;0m▀[0m[38;2;89;107;107m[48;2;57;53;49m▀[0m
[38;2;255;255;255m[48;2;255;255;255m▀[0m[38;2;255;255;255m[48;2;255;255;255m▀[0m[38;2;255;255;255m[48;2;255;255;255m▀[0m[38;2;255;255;255m[48;2;255;255;255m▀[0m[38;2;235;237;235m[48;2;255;255;255m▀[0m[38;2;255;255;255m[48;2;255;255;255m▀[0m[38;2;255;255;255m[48;2;255;255;255m▀[0m[38;2;255;255;255m[48;2;253;255;255m▀[0m[38;2;255;255;255m[48;2;255;255;255m▀[0m[38;2;255;255;255m[48;2;249;251;249m▀[0m[38;2;255;255;255m[48;2;255;255;255m▀[0m[38;2;255;255;255m[48;2;255;255;255m▀[0m[38;2;241;232;231m[48;2;255;255;255m▀[0m[38;2;140;153;152m[48;2;255;255;255m▀[0m[38;2;165;197;199m[48;2;255;255;255m▀[0m[38;2;207;237;239m[48;2;255;255;255m▀[0m[38;2;181;232;231m[48;2;127;143;140m▀[0m[38;2;255;255;255m[48;2;255;255;255m▀[0m[38;2;255;255;255m[48;2;235;240;239m▀[0m[38;2;0;0;0m[48;2;99;107;106m▀[0m[38;2;206;228;224m[48;2;255;255;255m▀[0m[38;2;194;214;215m[48;2;255;255;255m▀[0m[38;2;222;164;160m[48;2;255;255;255m▀[0m[38;2;59;59;57m[48;2;255;255;255m▀[0m[38;2;0;0;0m[48;2;255;255;255m▀[0m[38;2;45;80;76m[48;2;255;255;255m▀[0m[38;2;184;255;255m[48;2;255;255;255m▀[0m[38;2;255;255;255m[48;2;255;255;255m▀[0m[38;2;255;255;255m[48;2;255;255;255m▀[0m[38;2;255;255;255m[48;2;255;255;255m▀[0m[38;2;113;130;128m[48;2;255;255;255m▀[0m[38;2;0;0;0m[48;2;255;255;255m▀[0m[38;2;0;0;0m[48;2;100;108;107m▀[0m[38;2;0;0;0m[48;2;3;7;8m▀[0m[38;2;116;0;0m[48;2;0;0;0m▀[0m[38;2;0;0;0m[48;2;0;0;0m▀[0m
[38;2;255;255;255m[48;2;255;255;255m▀[0m[38;2;255;255;255m[48;2;255;255;255m▀[0m[38;2;255;255;255m[48;2;255;255;255m▀[0m[38;2;255;255;255m[48;2;255;255;255m▀[0m[38;2;255;255;255m[48;2;255;255;255m▀[0m[38;2;255;255;255m[48;2;255;255;255m▀[0m[38;2;255;255;255m[48;2;250;252;253m▀[0m[38;2;255;255;255m[48;2;255;255;255m▀[0m[38;2;255;255;255m[48;2;255;255;255m▀[0m[38;2;255;255;255m[48;2;255;255;255m▀[0m[38;2;251;255;254m[48;2;255;255;255m▀[0m[38;2;255;255;255m[48;2;235;237;235m▀[0m[38;2;245;250;249m[48;2;215;219;218m▀[0m[38;2;253;255;255m[48;2;250;253;252m▀[0m[38;2;255;255;255m[48;2;255;255;255m▀[0m[38;2;220;226;225m[48;2;235;238;237m▀[0m[38;2;255;255;255m[48;2;222;225;222m▀[0m[38;2;255;255;255m[48;2;255;255;255m▀[0m[38;2;238;241;240m[48;2;255;255;255m▀[0m[38;2;155;159;155m[48;2;125;127;128m▀[0m[38;2;225;229;229m[48;2;64;64;64m▀[0m[38;2;255;255;255m[48;2;255;255;255m▀[0m[38;2;219;223;220m[48;2;229;234;230m▀[0m[38;2;218;220;218m[48;2;234;237;236m▀[0m[38;2;255;255;255m[48;2;255;255;255m▀[0m[38;2;255;255;255m[48;2;255;255;255m▀[0m[38;2;232;241;239m[48;2;224;225;222m▀[0m[38;2;252;255;255m[48;2;210;210;208m▀[0m[38;2;249;254;253m[48;2;244;246;246m▀[0m[38;2;255;255;255m[48;2;253;254;251m▀[0m[38;2;255;255;255m[48;2;255;255;255m▀[0m[38;2;255;255;255m[48;2;255;255;255m▀[0m[38;2;255;255;255m[48;2;255;255;255m▀[0m[38;2;255;255;255m[48;2;255;255;255m▀[0m[38;2;255;255;255m[48;2;255;255;255m▀[0m[38;2;255;255;255m[48;2;255;255;255m▀[0m
[38;2;255;255;255m[48;2;161;164;165m▀[0m[38;2;255;255;255m[48;2;213;217;214m▀[0m[38;2;255;255;255m[48;2;245;248;247m▀[0m[38;2;255;255;255m[48;2;255;255;255m▀[0m[38;2;255;255;255m[48;2;255;255;255m▀[0m[38;2;255;255;255m[48;2;255;255;255m▀[0m[38;2;255;255;255m[48;2;255;255;255m▀[0m[38;2;255;255;255m[48;2;225;225;225m▀[0m[38;2;255;255;255m[48;2;170;170;170m▀[0m[38;2;255;255;255m[48;2;255;255;255m▀[0m[38;2;255;255;255m[48;2;255;255;255m▀[0m[38;2;255;255;255m[48;2;255;255;255m▀[0m[38;2;255;255;255m[48;2;255;255;255m▀[0m[38;2;255;255;255m[48;2;250;252;252m▀[0m[38;2;255;255;255m[48;2;255;255;255m▀[0m[38;2;255;255;255m[48;2;235;237;238m▀[0m[38;2;255;255;255m[48;2;249;251;249m▀[0m[38;2;255;255;255m[48;2;255;255;255m▀[0m[38;2;255;255;255m[48;2;255;255;255m▀[0m[38;2;0;0;0m[48;2;0;0;0m▀[0m[38;2;157;159;160m[48;2;181;185;181m▀[0m[38;2;255;255;255m[48;2;255;255;255m▀[0m[38;2;247;249;247m[48;2;255;255;255m▀[0m[38;2;255;255;255m[48;2;250;252;250m▀[0m[38;2;255;255;255m[48;2;255;255;255m▀[0m[38;2;255;255;255m[48;2;253;255;253m▀[0m[38;2;255;255;255m[48;2;255;255;255m▀[0m[38;2;255;255;255m[48;2;255;255;255m▀[0m[38;2;255;255;255m[48;2;255;255;255m▀[0m[38;2;255;255;255m[48;2;255;255;255m▀[0m[38;2;255;255;255m[48;2;255;255;255m▀[0m[38;2;248;252;251m[48;2;255;255;255m▀[0m[38;2;255;255;255m[48;2;255;255;255m▀[0m[38;2;255;255;255m[48;2;255;255;255m▀[0m[38;2;255;255;255m[48;2;255;255;255m▀[0m[38;2;255;255;255m[48;2;255;255;255m▀[0m
[38;2;0;0;0m[48;2;0;0;0m▀[0m[38;2;0;0;0m[48;2;0;0;0m▀[0m[38;2;0;0;0m[48;2;0;0;0m▀[0m[38;2;0;0;0m[48;2;0;0;0m▀[0m[38;2;0;0;0m[48;2;0;0;0m▀[0m[38;2;0;0;0m[48;2;0;0;0m▀[0m[38;2;0;0;0m[48;2;0;0;0m▀[0m[38;2;0;0;0m[48;2;0;0;0m▀[0m[38;2;0;0;0m[48;2;0;0;0m▀[0m[38;2;46;49;49m[48;2;74;74;74m▀[0m[38;2;255;255;255m[48;2;255;255;255m▀[0m[38;2;255;255;255m[48;2;255;255;255m▀[0m[38;2;255;255;255m[48;2;255;255;255m▀[0m[38;2;251;255;251m[48;2;255;255;255m▀[0m[38;2;253;255;253m[48;2;246;249;246m▀[0m[38;2;231;233;231m[48;2;226;230;226m▀[0m[38;2;255;255;255m[48;2;255;255;255m▀[0m[38;2;255;255;255m[48;2;255;255;255m▀[0m[38;2;255;255;255m[48;2;255;255;255m▀[0m[38;2;215;219;216m[48;2;196;199;198m▀[0m[38;2;255;255;255m[48;2;225;227;225m▀[0m[38;2;255;255;255m[48;2;255;255;255m▀[0m[38;2;250;251;248m[48;2;255;255;253m▀[0m[38;2;232;234;232m[48;2;224;226;224m▀[0m[38;2;255;255;255m[48;2;255;255;255m▀[0m[38;2;210;212;210m[48;2;255;255;255m▀[0m[38;2;244;246;244m[48;2;255;255;255m▀[0m[38;2;255;255;255m[48;2;255;255;255m▀[0m[38;2;255;255;255m[48;2;84;86;84m▀[0m[38;2;108;109;106m[48;2;0;0;0m▀[0m[38;2;147;150;147m[48;2;0;0;0m▀[0m[38;2;255;255;255m[48;2;0;0;0m▀[0m[38;2;255;255;255m[48;2;0;0;0m▀[0m[38;2;255;255;255m[48;2;20;19;19m▀[0m[38;2;255;255;255m[48;2;82;82;82m▀[0m[38;2;255;255;255m[48;2;107;106;107m▀[0m
[38;2;12;14;14m[48;2;0;0;0m▀[0m[38;2;0;0;0m[48;2;0;0;1m▀[0m[38;2;186;13;0m[48;2;233;231;227m▀[0m[38;2;229;24;8m[48;2;24;26;28m▀[0m[38;2;0;6;9m[48;2;0;0;0m▀[0m[38;2;0;0;0m[48;2;0;0;0m▀[0m[38;2;0;0;0m[48;2;0;0;0m▀[0m[38;2;0;0;0m[48;2;0;0;0m▀[0m[38;2;0;0;0m[48;2;0;0;0m▀[0m[38;2;13;13;13m[48;2;0;0;0m▀[0m[38;2;255;255;255m[48;2;255;255;255m▀[0m[38;2;255;255;255m[48;2;255;255;255m▀[0m[38;2;255;255;255m[48;2;255;255;255m▀[0m[38;2;255;255;255m[48;2;230;235;230m▀[0m[38;2;218;220;218m[48;2;207;209;207m▀[0m[38;2;245;247;245m[48;2;255;255;255m▀[0m[38;2;255;255;255m[48;2;255;255;255m▀[0m[38;2;255;255;255m[48;2;255;255;255m▀[0m[38;2;255;255;255m[48;2;255;255;255m▀[0m[38;2;42;44;42m[48;2;0;0;0m▀[0m[38;2;255;255;255m[48;2;255;255;255m▀[0m[38;2;255;255;255m[48;2;255;255;255m▀[0m[38;2;255;255;255m[48;2;255;255;255m▀[0m[38;2;228;229;226m[48;2;213;214;211m▀[0m[38;2;255;255;255m[48;2;227;229;229m▀[0m[38;2;255;255;255m[48;2;255;255;255m▀[0m[38;2;255;255;255m[48;2;255;255;255m▀[0m[38;2;255;255;255m[48;2;255;255;255m▀[0m[38;2;15;18;15m[48;2;0;0;0m▀[0m[38;2;0;0;0m[48;2;0;0;0m▀[0m[38;2;0;0;0m[48;2;0;0;0m▀[0m[38;2;0;0;0m[48;2;0;0;0m▀[0m[38;2;0;0;0m[48;2;0;0;0m▀[0m[38;2;0;0;0m[48;2;0;0;0m▀[0m[38;2;0;0;0m[48;2;123;124;121m▀[0m[38;2;0;0;0m[48;2;0;0;0m▀[0m
