[38;2;176;177;174m[48;2;215;217;217m▀[0m[38;2;69;79;86m[48;2;156;168;175m▀[0m[38;2;101;115;123m[48;2;183;199;210m▀[0m[38;2;255;255;255m[48;2;255;255;255m▀[0m[38;2;110;110;111m[48;2;88;94;90m▀[0m[38;2;10;10;8m[48;2;6;10;6m▀[0m[38;2;1;2;0m[48;2;88;90;90m▀[0m[38;2;42;39;41m[48;2;116;113;115m▀[0m[38;2;92;92;92m[48;2;185;185;185m▀[0m[38;2;0;1;3m[48;2;10;9;7m▀[0m[38;2;0;0;0m[48;2;0;0;0m▀[0m[38;2;0;0;0m[48;2;105;113;118m▀[0m[38;2;27;31;35m[48;2;180;194;201m▀[0m[38;2;183;196;203m[48;2;200;210;219m▀[0m[38;2;184;193;198m[48;2;188;198;206m▀[0m[38;2;150;164;171m[48;2;142;157;165m▀[0m[38;2;208;215;217m[48;2;165;169;171m▀[0m[38;2;0;0;0m[48;2;0;0;0m▀[0m[38;2;0;0;0m[48;2;0;0;0m▀[0m[38;2;0;1;2m[48;2;0;0;0m▀[0m[38;2;0;0;0m[48;2;0;0;0m▀[0m[38;2;32;39;47m[48;2;0;0;0m▀[0m[38;2;48;52;56m[48;2;1;1;2m▀[0m[38;2;0;0;0m[48;2;0;0;0m▀[0m[38;2;0;0;0m[48;2;12;20;19m▀[0m[38;2;50;59;67m[48;2;19;23;27m▀[0m[38;2;14;19;19m[48;2;2;2;2m▀[0m[38;2;44;53;60m[48;2;23;25;26m▀[0m[38;2;109;131;144m[48;2;0;0;0m▀[0m[38;2;94;115;128m[48;2;0;0;0m▀[0m[38;2;72;87;97m[48;2;0;0;0m▀[0m[38;2;12;15;16m[48;2;0;0;0m▀[0m[38;2;19;22;27m[48;2;0;0;0m▀[0m[38;2;21;25;24m[48;2;0;0;0m▀[0m[38;2;0;0;0m[48;2;1;1;0m▀[0m[38;2;3;5;5m[48;2;0;0;1m▀[0m
[38;2;134;134;135m[48;2;0;0;0m▀[0m[38;2;255;255;255m[48;2;230;233;232m▀[0m[38;2;232;236;240m[48;2;237;237;235m▀[0m[38;2;0;0;0m[48;2;80;83;84m▀[0m[38;2;0;0;0m[48;2;16;16;19m▀[0m[38;2;118;121;124m[48;2;43;50;51m▀[0m[38;2;129;137;138m[48;2;54;69;72m▀[0m[38;2;11;18;23m[48;2;13;20;22m▀[0m[38;2;0;0;0m[48;2;18;23;23m▀[0m[38;2;0;0;0m[48;2;0;0;1m▀[0m[38;2;37;41;43m[48;2;0;0;0m▀[0m[38;2;228;243;251m[48;2;157;165;173m▀[0m[38;2;226;240;247m[48;2;133;141;146m▀[0m[38;2;187;201;208m[48;2;54;57;60m▀[0m[38;2;68;78;83m[48;2;49;58;65m▀[0m[38;2;157;166;169m[48;2;78;80;81m▀[0m[38;2;6;3;3m[48;2;47;46;40m▀[0m[38;2;0;0;0m[48;2;93;92;92m▀[0m[38;2;0;0;0m[48;2;132;131;131m▀[0m[38;2;0;0;0m[48;2;221;224;220m▀[0m[38;2;0;0;0m[48;2;55;58;57m▀[0m[38;2;0;0;0m[48;2;0;0;0m▀[0m[38;2;0;0;0m[48;2;0;0;0m▀[0m[38;2;0;0;0m[48;2;0;0;0m▀[0m[38;2;12;15;17m[48;2;3;5;7m▀[0m[38;2;7;6;7m[48;2;0;0;0m▀[0m[38;2;0;0;0m[48;2;0;0;0m▀[0m[38;2;16;19;21m[48;2;0;0;0m▀[0m[38;2;0;0;0m[48;2;0;0;0m▀[0m[38;2;0;0;0m[48;2;0;0;0m▀[0m[38;2;0;0;0m[48;2;0;0;0m▀[0m[38;2;0;0;0m[48;2;0;0;0m▀[0m[38;2;0;0;0m[48;2;0;0;0m▀[0m[38;2;0;0;0m[48;2;0;0;0m▀[0m[38;2;0;0;0m[48;2;0;0;0m▀[0m[38;2;0;1;0m[48;2;0;0;0m▀[0m
[38;2;0;0;0m[48;2;0;0;0m▀[0m[38;2;0;0;0m[48;2;0;0;0m▀[0m[38;2;93;95;93m[48;2;8;12;16m▀[0m[38;2;122;125;126m[48;2;13;16;19m▀[0m[38;2;0;0;0m[48;2;9;12;13m▀[0m[38;2;0;0;0m[48;2;28;32;37m▀[0m[38;2;25;30;32m[48;2;27;30;32m▀[0m[38;2;33;37;41m[48;2;27;31;35m▀[0m[38;2;0;0;0m[48;2;0;0;0m▀[0m[38;2;0;0;0m[48;2;11;13;16m▀[0m[38;2;0;0;0m[48;2;26;31;33m▀[0m[38;2;16;18;18m[48;2;0;0;0m▀[0m[38;2;54;58;65m[48;2;0;0;0m▀[0m[38;2;14;21;25m[48;2;0;0;0m▀[0m[38;2;11;11;13m[48;2;0;8;12m▀[0m[38;2;0;0;0m[48;2;35;45;48m▀[0m[38;2;0;0;0m[48;2;43;48;50m▀[0m[38;2;62;58;62m[48;2;72;76;77m▀[0m[38;2;110;112;114m[48;2;217;219;220m▀[0m[38;2;154;156;156m[48;2;7;4;4m▀[0m[38;2;0;0;0m[48;2;0;0;0m▀[0m[38;2;0;2;3m[48;2;0;0;0m▀[0m[38;2;45;54;58m[48;2;0;0;0m▀[0m[38;2;27;32;34m[48;2;85;103;113m▀[0m[38;2;94;115;128m[48;2;143;174;190m▀[0m[38;2;0;0;0m[48;2;22;29;30m▀[0m[38;2;0;0;0m[48;2;0;0;0m▀[0m[38;2;0;0;0m[48;2;0;0;0m▀[0m[38;2;0;0;0m[48;2;0;0;0m▀[0m[38;2;0;0;0m[48;2;0;0;0m▀[0m[38;2;0;0;0m[48;2;0;0;0m▀[0m[38;2;0;0;0m[48;2;27;35;35m▀[0m[38;2;0;0;0m[48;2;50;64;71m▀[0m[38;2;0;0;0m[48;2;96;99;100m▀[0m[38;2;0;0;0m[48;2;24;24;26m▀[0m[38;2;0;0;0m[48;2;0;0;0m▀[0m
[38;2;177;179;182m[48;2;255;255;255m▀[0m[38;2;19;21;24m[48;2;255;255;255m▀[0m[38;2;0;0;0m[48;2;249;251;249m▀[0m[38;2;57;64;65m[48;2;149;151;152m▀[0m[38;2;47;56;59m[48;2;0;0;0m▀[0m[38;2;25;34;37m[48;2;15;20;21m▀[0m[38;2;19;21;22m[48;2;23;28;29m▀[0m[38;2;0;0;0m[48;2;0;0;0m▀[0m[38;2;2;4;4m[48;2;33;45;53m▀[0m[38;2;105;130;144m[48;2;72;81;86m▀[0m[38;2;10;10;13m[48;2;115;118;121m▀[0m[38;2;0;0;0m[48;2;22;27;32m▀[0m[38;2;0;0;0m[48;2;0;0;0m▀[0m[38;2;27;36;41m[48;2;30;38;42m▀[0m[38;2;0;0;0m[48;2;0;0;0m▀[0m[38;2;17;17;18m[48;2;0;0;0m▀[0m[38;2;79;76;76m[48;2;145;145;145m▀[0m[38;2;91;91;93m[48;2;0;0;0m▀[0m[38;2;7;12;13m[48;2;15;30;32m▀[0m[38;2;0;0;0m[48;2;56;76;78m▀[0m[38;2;0;0;0m[48;2;30;39;42m▀[0m[38;2;0;0;0m[48;2;55;67;75m▀[0m[38;2;2;6;7m[48;2;19;24;26m▀[0m[38;2;89;110;119m[48;2;114;138;149m▀[0m[38;2;100;125;134m[48;2;120;135;147m▀[0m[38;2;122;149;162m[48;2;96;110;123m▀[0m[38;2;111;133;143m[48;2;92;106;118m▀[0m[38;2;1;1;0m[48;2;58;67;72m▀[0m[38;2;0;0;0m[48;2;8;12;17m▀[0m[38;2;0;0;0m[48;2;0;0;1m▀[0m[38;2;0;0;1m[48;2;16;21;22m▀[0m[38;2;57;71;78m[48;2;72;87;95m▀[0m[38;2;138;163;181m[48;2;104;128;143m▀[0m[38;2;255;255;255m[48;2;220;229;237m▀[0m[38;2;255;255;255m[48;2;215;228;235m▀[0m[38;2;78;108;129m[48;2;28;44;54m▀[0m
[38;2;214;216;218m[48;2;189;193;190m▀[0m[38;2;255;255;255m[48;2;255;255;255m▀[0m[38;2;255;255;255m[48;2;23;20;20m▀[0m[38;2;153;155;156m[48;2;0;0;0m▀[0m[38;2;0;0;0m[48;2;70;72;74m▀[0m[38;2;0;0;0m[48;2;0;0;0m▀[0m[38;2;27;32;33m[48;2;23;25;27m▀[0m[38;2;18;21;18m[48;2;51;65;72m▀[0m[38;2;1;6;11m[48;2;21;30;33m▀[0m[38;2;119;123;125m[48;2;12;16;20m▀[0m[38;2;124;133;140m[48;2;0;0;0m▀[0m[38;2;0;0;0m[48;2;0;0;0m▀[0m[38;2;0;0;0m[48;2;28;32;37m▀[0m[38;2;0;0;0m[48;2;34;38;42m▀[0m[38;2;0;0;0m[48;2;0;0;0m▀[0m[38;2;0;0;0m[48;2;0;0;0m▀[0m[38;2;81;83;83m[48;2;3;5;5m▀[0m[38;2;62;62;62m[48;2;98;95;98m▀[0m[38;2;0;0;0m[48;2;0;0;0m▀[0m[38;2;31;43;47m[48;2;0;0;0m▀[0m[38;2;52;66;73m[48;2;28;37;42m▀[0m[38;2;8;6;11m[48;2;0;0;0m▀[0m[38;2;42;52;59m[48;2;29;38;42m▀[0m[38;2;149;178;196m[48;2;32;39;43m▀[0m[38;2;146;172;186m[48;2;24;29;33m▀[0m[38;2;131;157;173m[48;2;14;17;22m▀[0m[38;2;93;111;123m[48;2;12;15;16m▀[0m[38;2;50;59;68m[48;2;1;3;4m▀[0m[38;2;11;16;17m[48;2;0;0;0m▀[0m[38;2;2;4;6m[48;2;22;29;31m▀[0m[38;2;9;12;11m[48;2;0;0;0m▀[0m[38;2;49;59;66m[48;2;22;26;28m▀[0m[38;2;74;92;103m[48;2;5;9;9m▀[0m[38;2;112;138;156m[48;2;43;53;58m▀[0m[38;2;35;48;57m[48;2;0;0;0m▀[0m[38;2;48;62;69m[48;2;52;62;71m▀[0m
[38;2;197;199;199m[48;2;208;211;211m▀[0m[38;2;255;255;255m[48;2;255;255;255m▀[0m[38;2;138;138;138m[48;2;255;255;255m▀[0m[38;2;147;145;143m[48;2;255;255;255m▀[0m[38;2;64;68;69m[48;2;0;0;0m▀[0m[38;2;0;0;0m[48;2;0;0;0m▀[0m[38;2;3;17;30m[48;2;168;178;182m▀[0m[38;2;36;52;64m[48;2;11;13;13m▀[0m[38;2;0;0;0m[48;2;0;0;0m▀[0m[38;2;0;0;0m[48;2;0;0;0m▀[0m[38;2;0;0;0m[48;2;47;56;64m▀[0m[38;2;47;57;65m[48;2;105;117;126m▀[0m[38;2;20;24;26m[48;2;1;7;5m▀[0m[38;2;40;43;45m[48;2;0;0;0m▀[0m[38;2;0;0;0m[48;2;0;0;0m▀[0m[38;2;0;0;0m[48;2;0;0;0m▀[0m[38;2;19;21;19m[48;2;61;69;73m▀[0m[38;2;123;128;130m[48;2;85;93;94m▀[0m[38;2;50;55;59m[48;2;0;0;0m▀[0m[38;2;55;62;70m[48;2;0;0;0m▀[0m[38;2;3;5;6m[48;2;20;25;27m▀[0m[38;2;0;0;0m[48;2;16;20;21m▀[0m[38;2;0;0;0m[48;2;0;0;0m▀[0m[38;2;0;0;0m[48;2;0;0;0m▀[0m[38;2;0;0;0m[48;2;0;0;0m▀[0m[38;2;0;0;0m[48;2;0;0;0m▀[0m[38;2;0;0;0m[48;2;0;0;0m▀[0m[38;2;0;0;0m[48;2;0;0;0m▀[0m[38;2;0;0;0m[48;2;0;0;0m▀[0m[38;2;42;52;55m[48;2;14;18;19m▀[0m[38;2;0;0;0m[48;2;38;45;47m▀[0m[38;2;0;0;0m[48;2;0;0;0m▀[0m[38;2;0;0;0m[48;2;0;0;0m▀[0m[38;2;0;0;0m[48;2;1;8;8m▀[0m[38;2;0;0;0m[48;2;76;95;107m▀[0m[38;2;79;92;103m[48;2;137;159;170m▀[0m
[38;2;235;236;233m[48;2;161;160;160m▀[0m[38;2;255;255;255m[48;2;100;97;97m▀[0m[38;2;234;239;240m[48;2;231;234;233m▀[0m[38;2;88;95;100m[48;2;33;46;58m▀[0m[38;2;0;0;0m[48;2;183;197;208m▀[0m[38;2;157;169;174m[48;2;158;172;180m▀[0m[38;2;245;252;252m[48;2;18;22;24m▀[0m[38;2;86;87;84m[48;2;78;75;77m▀[0m[38;2;0;0;0m[48;2;0;0;0m▀[0m[38;2;0;0;0m[48;2;40;44;44m▀[0m[38;2;90;98;102m[48;2;51;50;51m▀[0m[38;2;7;0;0m[48;2;0;0;0m▀[0m[38;2;0;0;0m[48;2;86;121;145m▀[0m[38;2;41;51;55m[48;2;39;48;52m▀[0m[38;2;0;0;0m[48;2;12;14;16m▀[0m[38;2;30;35;41m[48;2;49;54;58m▀[0m[38;2;53;61;65m[48;2;0;0;0m▀[0m[38;2;0;0;0m[48;2;0;0;0m▀[0m[38;2;8;13;14m[48;2;11;15;15m▀[0m[38;2;42;54;58m[48;2;16;24;29m▀[0m[38;2;34;37;40m[48;2;63;78;82m▀[0m[38;2;41;52;54m[48;2;54;64;68m▀[0m[38;2;33;40;41m[48;2;1;3;4m▀[0m[38;2;0;0;0m[48;2;0;0;0m▀[0m[38;2;0;0;0m[48;2;0;0;0m▀[0m[38;2;0;0;0m[48;2;0;0;0m▀[0m[38;2;0;0;0m[48;2;0;0;0m▀[0m[38;2;0;0;0m[48;2;0;0;0m▀[0m[38;2;0;0;0m[48;2;6;8;8m▀[0m[38;2;79;95;103m[48;2;40;48;53m▀[0m[38;2;20;23;25m[48;2;0;0;0m▀[0m[38;2;10;12;15m[48;2;6;10;15m▀[0m[38;2;22;31;34m[48;2;92;111;128m▀[0m[38;2;118;147;164m[48;2;132;157;175m▀[0m[38;2;137;163;181m[48;2;87;102;113m▀[0m[38;2;135;154;166m[48;2;33;40;44m▀[0m
[38;2;202;204;204m[48;2;255;255;255m▀[0m[38;2;150;150;147m[48;2;255;255;255m▀[0m[38;2;255;255;255m[48;2;255;255;255m▀[0m[38;2;164;166;166m[48;2;255;255;255m▀[0m[38;2;14;19;25m[48;2;185;184;184m▀[0m[38;2;189;205;215m[48;2;102;105;106m▀[0m[38;2;132;141;146m[48;2;56;53;57m▀[0m[38;2;2;0;0m[48;2;59;59;59m▀[0m[38;2;12;14;14m[48;2;25;16;13m▀[0m[38;2;95;94;84m[48;2;15;20;22m▀[0m[38;2;31;42;55m[48;2;121;164;197m▀[0m[38;2;72;121;154m[48;2;77;127;160m▀[0m[38;2;79;105;117m[48;2;99;108;113m▀[0m[38;2;15;18;18m[48;2;0;0;0m▀[0m[38;2;34;38;42m[48;2;13;13;15m▀[0m[38;2;26;29;31m[48;2;14;19;23m▀[0m[38;2;0;0;0m[48;2;0;0;0m▀[0m[38;2;0;0;0m[48;2;0;0;0m▀[0m[38;2;0;0;0m[48;2;0;0;0m▀[0m[38;2;0;0;0m[48;2;0;0;0m▀[0m[38;2;0;0;0m[48;2;0;0;0m▀[0m[38;2;23;31;32m[48;2;0;0;0m▀[0m[38;2;44;54;61m[48;2;41;53;60m▀[0m[38;2;44;57;63m[48;2;25;32;36m▀[0m[38;2;29;39;43m[48;2;16;19;21m▀[0m[38;2;24;30;29m[48;2;21;26;27m▀[0m[38;2;27;35;36m[48;2;15;15;18m▀[0m[38;2;35;47;50m[48;2;0;0;0m▀[0m[38;2;23;32;35m[48;2;0;0;0m▀[0m[38;2;0;0;0m[48;2;11;15;17m▀[0m[38;2;0;0;0m[48;2;44;57;60m▀[0m[38;2;42;52;59m[48;2;97;119;127m▀[0m[38;2;103;124;137m[48;2;143;163;180m▀[0m[38;2;53;64;74m[48;2;106;130;141m▀[0m[38;2;5;7;9m[48;2;93;108;122m▀[0m[38;2;20;22;24m[48;2;111;130;146m▀[0m
[38;2;255;255;255m[48;2;242;242;242m▀[0m[38;2;230;235;235m[48;2;242;246;248m▀[0m[38;2;255;255;255m[48;2;255;255;255m▀[0m[38;2;206;206;206m[48;2;236;238;236m▀[0m[38;2;255;255;255m[48;2;223;221;219m▀[0m[38;2;142;138;134m[48;2;0;0;0m▀[0m[38;2;0;0;0m[48;2;0;0;0m▀[0m[38;2;4;4;1m[48;2;107;119;122m▀[0m[38;2;72;86;97m[48;2;79;131;157m▀[0m[38;2;54;97;124m[48;2;102;154;184m▀[0m[38;2;170;217;249m[48;2;115;164;193m▀[0m[38;2;76;98;112m[48;2;51;61;65m▀[0m[38;2;40;42;44m[48;2;113;119;118m▀[0m[38;2;0;0;0m[48;2;84;90;89m▀[0m[38;2;0;0;0m[48;2;173;169;167m▀[0m[38;2;59;64;70m[48;2;255;255;255m▀[0m[38;2;0;0;0m[48;2;219;224;226m▀[0m[38;2;0;0;0m[48;2;130;138;141m▀[0m[38;2;0;0;0m[48;2;125;129;131m▀[0m[38;2;0;0;0m[48;2;30;37;38m▀[0m[38;2;1;6;10m[48;2;0;0;0m▀[0m[38;2;22;27;29m[48;2;0;0;0m▀[0m[38;2;6;13;17m[48;2;0;0;0m▀[0m[38;2;0;0;0m[48;2;0;0;0m▀[0m[38;2;4;5;2m[48;2;0;0;0m▀[0m[38;2;0;0;0m[48;2;33;47;47m▀[0m[38;2;0;0;0m[48;2;71;89;94m▀[0m[38;2;14;14;15m[48;2;107;126;141m▀[0m[38;2;75;91;102m[48;2;102;118;134m▀[0m[38;2;117;141;158m[48;2;106;128;141m▀[0m[38;2;145;177;196m[48;2;88;110;125m▀[0m[38;2;137;163;180m[48;2;67;81;95m▀[0m[38;2;129;151;161m[48;2;19;23;28m▀[0m[38;2;52;67;74m[48;2;0;0;0m▀[0m[38;2;0;0;0m[48;2;0;0;0m▀[0m[38;2;0;0;0m[48;2;0;0;0m▀[0m
[38;2;212;215;217m[48;2;196;200;200m▀[0m[38;2;255;255;255m[48;2;255;255;255m▀[0m[38;2;255;255;255m[48;2;250;249;249m▀[0m[38;2;255;255;255m[48;2;255;255;255m▀[0m[38;2;46;46;44m[48;2;0;0;0m▀[0m[38;2;0;0;0m[48;2;20;15;11m▀[0m[38;2;120;167;203m[48;2;174;221;251m▀[0m[38;2;197;221;236m[48;2;77;120;150m▀[0m[38;2;79;126;155m[48;2;85;140;168m▀[0m[38;2;112;161;189m[48;2;121;162;182m▀[0m[38;2;85;101;109m[48;2;90;98;106m▀[0m[38;2;123;127;131m[48;2;83;86;89m▀[0m[38;2;141;149;155m[48;2;51;53;53m▀[0m[38;2;135;147;154m[48;2;15;22;26m▀[0m[38;2;255;255;255m[48;2;170;180;188m▀[0m[38;2;218;214;213m[48;2;255;255;255m▀[0m[38;2;255;255;255m[48;2;165;167;165m▀[0m[38;2;255;255;255m[48;2;248;249;246m▀[0m[38;2;255;255;255m[48;2;255;255;255m▀[0m[38;2;255;255;255m[48;2;255;255;255m▀[0m[38;2;66;65;65m[48;2;255;255;255m▀[0m[38;2;0;0;0m[48;2;255;255;255m▀[0m[38;2;0;0;0m[48;2;55;60;60m▀[0m[38;2;27;32;36m[48;2;85;109;124m▀[0m[38;2;81;106;116m[48;2;104;124;140m▀[0m[38;2;119;145;157m[48;2;27;32;34m▀[0m[38;2;90;112;125m[48;2;0;0;0m▀[0m[38;2;41;55;64m[48;2;1;1;1m▀[0m[38;2;21;25;29m[48;2;0;0;0m▀[0m[38;2;7;10;11m[48;2;0;0;0m▀[0m[38;2;0;0;0m[48;2;0;0;0m▀[0m[38;2;0;0;0m[48;2;0;0;0m▀[0m[38;2;0;0;0m[48;2;0;0;0m▀[0m[38;2;0;0;0m[48;2;0;0;0m▀[0m[38;2;0;0;0m[48;2;0;0;0m▀[0m[38;2;0;0;0m[48;2;0;0;0m▀[0m
[38;2;4;6;6m[48;2;222;224;224m▀[0m[38;2;179;177;175m[48;2;235;238;237m▀[0m[38;2;255;255;255m[48;2;255;255;255m▀[0m[38;2;138;138;138m[48;2;220;222;220m▀[0m[38;2;0;0;0m[48;2;0;0;0m▀[0m[38;2;0;0;0m[48;2;0;0;0m▀[0m[38;2;109;102;97m[48;2;0;0;0m▀[0m[38;2;116;138;153m[48;2;51;46;41m▀[0m[38;2;67;125;156m[48;2;36;62;76m▀[0m[38;2;41;96;125m[48;2;155;171;181m▀[0m[38;2;114;144;161m[48;2;46;73;87m▀[0m[38;2;184;179;178m[48;2;196;198;203m▀[0m[38;2;175;176;173m[48;2;173;182;190m▀[0m[38;2;69;69;70m[48;2;153;163;170m▀[0m[38;2;49;63;75m[48;2;68;80;91m▀[0m[38;2;253;255;255m[48;2;175;184;189m▀[0m[38;2;251;249;245m[48;2;255;255;255m▀[0m[38;2;168;168;168m[48;2;117;117;117m▀[0m[38;2;218;220;220m[48;2;0;0;0m▀[0m[38;2;214;216;216m[48;2;0;0;0m▀[0m[38;2;154;158;158m[48;2;255;255;255m▀[0m[38;2;255;255;255m[48;2;158;157;157m▀[0m[38;2;42;44;45m[48;2;0;0;0m▀[0m[38;2;0;0;0m[48;2;0;0;0m▀[0m[38;2;0;0;0m[48;2;10;10;13m▀[0m[38;2;0;0;0m[48;2;0;0;0m▀[0m[38;2;0;0;0m[48;2;0;0;0m▀[0m[38;2;0;0;0m[48;2;3;5;6m▀[0m[38;2;0;0;0m[48;2;43;51;55m▀[0m[38;2;0;0;0m[48;2;12;17;17m▀[0m[38;2;0;0;0m[48;2;30;33;32m▀[0m[38;2;0;0;0m[48;2;21;24;24m▀[0m[38;2;0;0;0m[48;2;24;26;27m▀[0m[38;2;0;0;0m[48;2;44;52;52m▀[0m[38;2;0;0;0m[48;2;46;56;60m▀[0m[38;2;0;0;0m[48;2;84;93;100m▀[0m
[38;2;255;255;255m[48;2;255;255;255m▀[0m[38;2;161;165;161m[48;2;247;247;243m▀[0m[38;2;255;255;255m[48;2;118;114;113m▀[0m[38;2;129;128;129m[48;2;0;4;18m▀[0m[38;2;0;0;0m[48;2;102;133;153m▀[0m[38;2;2;4;7m[48;2;0;6;7m▀[0m[38;2;0;0;0m[48;2;12;16;20m▀[0m[38;2;128;133;132m[48;2;151;163;171m▀[0m[38;2;193;188;186m[48;2;237;242;246m▀[0m[38;2;187;181;184m[48;2;162;171;178m▀[0m[38;2;114;118;122m[48;2;152;161;166m▀[0m[38;2;170;178;184m[48;2;161;171;176m▀[0m[38;2;164;173;181m[48;2;171;180;188m▀[0m[38;2;168;180;189m[48;2;111;118;126m▀[0m[38;2;109;117;122m[48;2;110;120;128m▀[0m[38;2;134;143;150m[48;2;25;34;35m▀[0m[38;2;204;209;210m[48;2;126;135;139m▀[0m[38;2;235;234;231m[48;2;253;254;251m▀[0m[38;2;0;0;0m[48;2;255;254;252m▀[0m[38;2;255;255;255m[48;2;255;255;255m▀[0m[38;2;247;247;244m[48;2;13;18;15m▀[0m[38;2;0;0;0m[48;2;0;0;0m▀[0m[38;2;0;0;0m[48;2;0;0;0m▀[0m[38;2;0;0;2m[48;2;8;13;15m▀[0m[38;2;0;0;0m[48;2;0;0;0m▀[0m[38;2;0;0;0m[48;2;2;6;7m▀[0m[38;2;0;0;0m[48;2;0;0;0m▀[0m[38;2;32;39;43m[48;2;47;49;52m▀[0m[38;2;115;130;137m[48;2;18;20;20m▀[0m[38;2;102;109;113m[48;2;0;0;0m▀[0m[38;2;115;123;128m[48;2;0;0;0m▀[0m[38;2;109;118;122m[48;2;0;0;0m▀[0m[38;2;49;56;57m[48;2;0;1;2m▀[0m[38;2;28;30;31m[48;2;0;0;0m▀[0m[38;2;58;65;67m[48;2;1;3;1m▀[0m[38;2;59;63;67m[48;2;0;0;0m▀[0m
