[38;2;80;54;59m[48;2;87;58;68m▀[0m[38;2;0;0;0m[48;2;0;0;0m▀[0m[38;2;128;91;121m[48;2;144;98;128m▀[0m[38;2;255;190;247m[48;2;255;213;255m▀[0m[38;2;253;173;226m[48;2;240;162;213m▀[0m[38;2;0;0;0m[48;2;0;0;0m▀[0m[38;2;28;23;29m[48;2;113;77;99m▀[0m[38;2;221;175;212m[48;2;255;214;255m▀[0m[38;2;212;171;204m[48;2;227;149;202m▀[0m[38;2;151;113;144m[48;2;198;130;176m▀[0m[38;2;255;175;235m[48;2;227;155;206m▀[0m[38;2;190;131;173m[48;2;171;116;163m▀[0m[38;2;53;51;58m[48;2;0;10;5m▀[0m[38;2;64;49;61m[48;2;75;66;77m▀[0m[38;2;24;17;27m[48;2;86;65;82m▀[0m[38;2;144;141;145m[48;2;0;4;0m▀[0m[38;2;128;104;123m[48;2;0;0;0m▀[0m[38;2;81;63;75m[48;2;93;68;98m▀[0m[38;2;50;35;46m[48;2;19;5;21m▀[0m[38;2;152;147;155m[48;2;0;0;0m▀[0m[38;2;76;80;79m[48;2;21;12;21m▀[0m[38;2;43;31;50m[48;2;148;109;152m▀[0m[38;2;59;55;60m[48;2;20;19;19m▀[0m[38;2;7;10;11m[48;2;26;16;26m▀[0m[38;2;235;155;205m[48;2;237;162;218m▀[0m[38;2;255;214;255m[48;2;201;136;180m▀[0m[38;2;250;176;220m[48;2;216;145;190m▀[0m[38;2;178;139;165m[48;2;207;133;180m▀[0m[38;2;243;199;236m[48;2;255;169;227m▀[0m[38;2;2;11;14m[48;2;15;9;17m▀[0m[38;2;40;28;40m[48;2;10;8;11m▀[0m[38;2;255;197;255m[48;2;255;214;255m▀[0m[38;2;216;146;200m[48;2;229;157;207m▀[0m[38;2;69;50;72m[48;2;82;59;76m▀[0m[38;2;0;0;0m[48;2;0;0;0m▀[0m[38;2;168;103;128m[48;2;156;97;119m▀[0m
[38;2;85;54;66m[48;2;78;47;58m▀[0m[38;2;0;0;0m[48;2;0;0;0m▀[0m[38;2;160;113;148m[48;2;230;161;215m▀[0m[38;2;255;219;255m[48;2;225;153;207m▀[0m[38;2;249;168;228m[48;2;180;125;171m▀[0m[38;2;0;0;0m[48;2;0;0;0m▀[0m[38;2;0;0;0m[48;2;86;61;80m▀[0m[38;2;183;120;160m[48;2;255;255;255m▀[0m[38;2;173;114;150m[48;2;255;235;255m▀[0m[38;2;183;120;156m[48;2;255;255;255m▀[0m[38;2;243;161;211m[48;2;255;213;255m▀[0m[38;2;255;209;255m[48;2;118;83;112m▀[0m[38;2;0;0;0m[48;2;0;0;0m▀[0m[38;2;0;0;0m[48;2;0;0;0m▀[0m[38;2;59;41;56m[48;2;130;113;127m▀[0m[38;2;163;114;150m[48;2;241;218;241m▀[0m[38;2;156;121;150m[48;2;174;120;155m▀[0m[38;2;126;136;136m[48;2;206;164;190m▀[0m[38;2;144;142;150m[48;2;188;146;175m▀[0m[38;2;148;108;137m[48;2;160;118;150m▀[0m[38;2;187;153;186m[48;2;255;255;255m▀[0m[38;2;32;23;33m[48;2;154;138;151m▀[0m[38;2;0;0;0m[48;2;0;0;0m▀[0m[38;2;142;94;131m[48;2;0;0;0m▀[0m[38;2;255;213;255m[48;2;66;41;58m▀[0m[38;2;244;162;216m[48;2;255;204;255m▀[0m[38;2;196;129;174m[48;2;255;255;255m▀[0m[38;2;170;114;149m[48;2;255;236;255m▀[0m[38;2;179;120;159m[48;2;255;255;255m▀[0m[38;2;0;0;0m[48;2;64;45;62m▀[0m[38;2;26;18;24m[48;2;0;0;0m▀[0m[38;2;255;235;255m[48;2;212;151;201m▀[0m[38;2;255;183;242m[48;2;225;158;206m▀[0m[38;2;119;86;113m[48;2;165;115;159m▀[0m[38;2;0;0;0m[48;2;0;0;0m▀[0m[38;2;138;89;109m[48;2;136;84;103m▀[0m
[38;2;82;51;56m[48;2;80;44;53m▀[0m[38;2;0;0;0m[48;2;0;0;0m▀[0m[38;2;94;68;89m[48;2;163;116;150m▀[0m[38;2;45;32;44m[48;2;255;216;255m▀[0m[38;2;90;62;85m[48;2;255;175;244m▀[0m[38;2;0;0;0m[48;2;0;0;0m▀[0m[38;2;65;49;62m[48;2;115;69;107m▀[0m[38;2;255;193;255m[48;2;255;205;255m▀[0m[38;2;204;131;185m[48;2;114;98;111m▀[0m[38;2;91;66;90m[48;2;0;14;0m▀[0m[38;2;0;12;8m[48;2;60;54;69m▀[0m[38;2;0;0;0m[48;2;133;105;130m▀[0m[38;2;0;0;0m[48;2;164;126;154m▀[0m[38;2;81;62;76m[48;2;0;0;0m▀[0m[38;2;177;152;169m[48;2;109;84;106m▀[0m[38;2;255;255;255m[48;2;142;117;142m▀[0m[38;2;163;140;164m[48;2;57;47;57m▀[0m[38;2;195;155;184m[48;2;18;15;17m▀[0m[38;2;213;181;208m[48;2;46;38;43m▀[0m[38;2;113;96;122m[48;2;132;99;127m▀[0m[38;2;222;222;224m[48;2;159;116;151m▀[0m[38;2;227;190;218m[48;2;61;45;56m▀[0m[38;2;0;0;0m[48;2;27;19;25m▀[0m[38;2;43;37;46m[48;2;163;125;157m▀[0m[38;2;0;0;0m[48;2;110;89;108m▀[0m[38;2;0;0;0m[48;2;21;21;21m▀[0m[38;2;102;71;100m[48;2;0;0;0m▀[0m[38;2;250;174;239m[48;2;142;97;138m▀[0m[38;2;255;189;255m[48;2;255;236;255m▀[0m[38;2;46;33;49m[48;2;69;42;67m▀[0m[38;2;0;0;0m[48;2;0;0;0m▀[0m[38;2;82;61;76m[48;2;255;217;255m▀[0m[38;2;71;52;67m[48;2;255;190;253m▀[0m[38;2;86;62;83m[48;2;144;105;136m▀[0m[38;2;0;0;0m[48;2;0;0;0m▀[0m[38;2;128;81;95m[48;2;139;85;102m▀[0m
[38;2;59;36;37m[48;2;0;0;0m▀[0m[38;2;0;0;0m[48;2;0;0;0m▀[0m[38;2;162;109;149m[48;2;215;172;212m▀[0m[38;2;255;255;255m[48;2;147;131;148m▀[0m[38;2;251;184;237m[48;2;97;94;98m▀[0m[38;2;51;57;55m[48;2;59;61;64m▀[0m[38;2;79;83;83m[48;2;0;0;0m▀[0m[38;2;164;167;168m[48;2;10;17;22m▀[0m[38;2;17;36;26m[48;2;0;0;0m▀[0m[38;2;92;66;86m[48;2;175;135;164m▀[0m[38;2;215;167;206m[48;2;209;165;198m▀[0m[38;2;150;120;146m[48;2;55;45;54m▀[0m[38;2;174;139;169m[48;2;0;0;0m▀[0m[38;2;82;61;82m[48;2;211;167;204m▀[0m[38;2;0;0;0m[48;2;103;78;100m▀[0m[38;2;108;82;103m[48;2;0;0;0m▀[0m[38;2;194;150;183m[48;2;16;11;15m▀[0m[38;2;96;72;92m[48;2;27;21;25m▀[0m[38;2;102;76;94m[48;2;11;7;10m▀[0m[38;2;255;196;241m[48;2;0;0;0m▀[0m[38;2;106;81;101m[48;2;0;0;0m▀[0m[38;2;0;0;0m[48;2;54;45;62m▀[0m[38;2;156;118;148m[48;2;183;144;172m▀[0m[38;2;145;107;136m[48;2;64;49;58m▀[0m[38;2;240;189;225m[48;2;69;57;69m▀[0m[38;2;234;188;223m[48;2;179;140;171m▀[0m[38;2;127;103;119m[48;2;201;162;191m▀[0m[38;2;0;0;0m[48;2;36;30;38m▀[0m[38;2;128;116;132m[48;2;6;15;11m▀[0m[38;2;68;63;72m[48;2;0;0;0m▀[0m[38;2;64;54;64m[48;2;0;0;0m▀[0m[38;2;255;255;255m[48;2;87;82;91m▀[0m[38;2;255;224;255m[48;2;247;199;248m▀[0m[38;2;148;102;140m[48;2;183;142;185m▀[0m[38;2;0;0;0m[48;2;0;0;0m▀[0m[38;2;95;64;77m[48;2;20;14;20m▀[0m
[38;2;0;0;0m[48;2;35;32;37m▀[0m[38;2;63;65;72m[48;2;16;19;21m▀[0m[38;2;22;33;30m[48;2;136;111;138m▀[0m[38;2;111;90;107m[48;2;169;131;162m▀[0m[38;2;137;104;132m[48;2;120;91;111m▀[0m[38;2;97;73;98m[48;2;181;141;167m▀[0m[38;2;159;120;145m[48;2;189;146;172m▀[0m[38;2;180;136;162m[48;2;186;142;164m▀[0m[38;2;122;91;110m[48;2;220;169;199m▀[0m[38;2;0;0;0m[48;2;27;23;28m▀[0m[38;2;71;57;75m[48;2;81;63;76m▀[0m[38;2;0;0;0m[48;2;231;179;212m▀[0m[38;2;107;82;102m[48;2;186;143;166m▀[0m[38;2;111;88;108m[48;2;80;61;80m▀[0m[38;2;0;0;0m[48;2;56;38;60m▀[0m[38;2;58;41;55m[48;2;132;98;131m▀[0m[38;2;0;0;0m[48;2;65;34;70m▀[0m[38;2;0;0;0m[48;2;0;0;0m▀[0m[38;2;0;0;0m[48;2;0;0;0m▀[0m[38;2;0;0;0m[48;2;26;0;32m▀[0m[38;2;43;36;46m[48;2;149;112;147m▀[0m[38;2;85;69;87m[48;2;0;0;0m▀[0m[38;2;109;87;102m[48;2;24;16;24m▀[0m[38;2;174;135;164m[48;2;177;139;168m▀[0m[38;2;0;0;0m[48;2;216;171;202m▀[0m[38;2;14;12;19m[48;2;33;25;31m▀[0m[38;2;43;40;45m[48;2;44;36;42m▀[0m[38;2;179;136;168m[48;2;213;163;196m▀[0m[38;2;171;131;163m[48;2;193;148;175m▀[0m[38;2;2;2;3m[48;2;133;107;132m▀[0m[38;2;0;0;0m[48;2;137;111;138m▀[0m[38;2;0;0;0m[48;2;179;144;168m▀[0m[38;2;3;9;7m[48;2;193;150;185m▀[0m[38;2;63;63;70m[48;2;55;40;53m▀[0m[38;2;0;0;0m[48;2;10;10;13m▀[0m[38;2;0;0;0m[48;2;0;0;0m▀[0m
[38;2;36;36;38m[48;2;0;0;0m▀[0m[38;2;140;112;138m[48;2;205;156;198m▀[0m[38;2;241;190;230m[48;2;109;84;103m▀[0m[38;2;130;101;122m[48;2;118;94;111m▀[0m[38;2;182;141;165m[48;2;210;164;190m▀[0m[38;2;164;127;153m[48;2;165;133;156m▀[0m[38;2;165;129;152m[48;2;194;155;179m▀[0m[38;2;200;150;179m[48;2;144;115;135m▀[0m[38;2;171;132;161m[48;2;78;62;79m▀[0m[38;2;158;125;148m[48;2;120;92;118m▀[0m[38;2;173;136;162m[48;2;102;79;100m▀[0m[38;2;169;137;160m[48;2;158;122;145m▀[0m[38;2;182;139;165m[48;2;175;127;161m▀[0m[38;2;174;129;161m[48;2;190;131;178m▀[0m[38;2;110;69;104m[48;2;192;111;188m▀[0m[38;2;0;0;5m[48;2;112;155;91m▀[0m[38;2;67;58;69m[48;2;85;177;50m▀[0m[38;2;29;49;25m[48;2;143;247;98m▀[0m[38;2;7;17;10m[48;2;146;242;105m▀[0m[38;2;120;101;119m[48;2;99;190;64m▀[0m[38;2;0;0;0m[48;2;90;139;61m▀[0m[38;2;0;0;0m[48;2;184;108;181m▀[0m[38;2;0;0;0m[48;2;198;138;188m▀[0m[38;2;47;35;50m[48;2;128;95;122m▀[0m[38;2;183;141;172m[48;2;142;110;138m▀[0m[38;2;215;168;202m[48;2;158;121;146m▀[0m[38;2;146;115;143m[48;2;117;93;113m▀[0m[38;2;116;89;110m[48;2;46;36;47m▀[0m[38;2;197;153;179m[48;2;128;101;122m▀[0m[38;2;171;134;160m[48;2;201;155;181m▀[0m[38;2;177;139;164m[48;2;186;143;166m▀[0m[38;2;188;145;172m[48;2;221;170;202m▀[0m[38;2;116;89;110m[48;2;85;64;79m▀[0m[38;2;232;181;214m[48;2;74;61;72m▀[0m[38;2;71;56;67m[48;2;84;66;79m▀[0m[38;2;11;14;15m[48;2;50;55;59m▀[0m
[38;2;0;0;0m[48;2;99;78;102m▀[0m[38;2;124;97;118m[48;2;151;116;140m▀[0m[38;2;42;32;41m[48;2;188;143;173m▀[0m[38;2;159;124;148m[48;2;193;148;175m▀[0m[38;2;114;88;105m[48;2;125;98;116m▀[0m[38;2;141;109;131m[48;2;0;0;0m▀[0m[38;2;145;118;139m[48;2;0;0;0m▀[0m[38;2;1;6;11m[48;2;70;51;66m▀[0m[38;2;138;104;135m[48;2;142;111;133m▀[0m[38;2;180;138;167m[48;2;142;112;131m▀[0m[38;2;180;136;162m[48;2;171;130;155m▀[0m[38;2;166;126;152m[48;2;160;122;152m▀[0m[38;2;172;124;159m[48;2;170;108;175m▀[0m[38;2;167;90;166m[48;2;105;95;95m▀[0m[38;2;113;168;79m[48;2;141;255;77m▀[0m[38;2;170;255;102m[48;2;148;255;95m▀[0m[38;2;151;255;99m[48;2;106;177;71m▀[0m[38;2;160;255;96m[48;2;155;255;97m▀[0m[38;2;169;255;111m[48;2;196;255;131m▀[0m[38;2;207;255;149m[48;2;148;238;104m▀[0m[38;2;160;255;96m[48;2;177;255;120m▀[0m[38;2;117;162;82m[48;2;138;255;66m▀[0m[38;2;173;95;172m[48;2;116;113;101m▀[0m[38;2;196;142;182m[48;2;187;112;175m▀[0m[38;2;175;135;162m[48;2;167;124;151m▀[0m[38;2;174;131;156m[48;2;172;130;155m▀[0m[38;2;185;146;167m[48;2;152;122;140m▀[0m[38;2;155;118;144m[48;2;167;135;162m▀[0m[38;2;22;18;27m[48;2;0;0;0m▀[0m[38;2;183;144;168m[48;2;0;0;0m▀[0m[38;2;160;120;147m[48;2;73;58;70m▀[0m[38;2;141;109;130m[48;2;139;108;127m▀[0m[38;2;122;97;114m[48;2;156;123;146m▀[0m[38;2;63;52;67m[48;2;163;128;151m▀[0m[38;2;82;61;76m[48;2;146;115;136m▀[0m[38;2;0;5;3m[48;2;100;76;93m▀[0m
[38;2;87;69;88m[48;2;74;58;72m▀[0m[38;2;165;130;150m[48;2;209;164;197m▀[0m[38;2;158;122;142m[48;2;205;159;186m▀[0m[38;2;151;115;134m[48;2;112;87;102m▀[0m[38;2;242;190;221m[48;2;188;144;174m▀[0m[38;2;101;82;96m[48;2;134;109;126m▀[0m[38;2;0;0;0m[48;2;0;0;0m▀[0m[38;2;208;160;189m[48;2;201;156;182m▀[0m[38;2;194;150;178m[48;2;212;164;193m▀[0m[38;2;174;136;160m[48;2;185;140;167m▀[0m[38;2;173;130;157m[48;2;185;133;168m▀[0m[38;2;170;121;160m[48;2;210;138;195m▀[0m[38;2;141;83;144m[48;2;118;68;115m▀[0m[38;2;76;143;41m[48;2;61;150;28m▀[0m[38;2;171;255;109m[48;2;161;255;106m▀[0m[38;2;132;205;80m[48;2;35;41;32m▀[0m[38;2;75;104;61m[48;2;0;0;0m▀[0m[38;2;140;230;99m[48;2;125;197;91m▀[0m[38;2;208;255;145m[48;2;108;147;90m▀[0m[38;2;80;90;61m[48;2;0;0;0m▀[0m[38;2;90;166;70m[48;2;0;0;0m▀[0m[38;2;167;255;102m[48;2;98;198;72m▀[0m[38;2;103;159;74m[48;2;73;125;49m▀[0m[38;2;175;103;169m[48;2;165;87;160m▀[0m[38;2;173;130;161m[48;2;207;134;194m▀[0m[38;2;171;132;157m[48;2;192;140;180m▀[0m[38;2;169;133;156m[48;2;201;156;187m▀[0m[38;2;196;157;187m[48;2;228;175;210m▀[0m[38;2;65;52;64m[48;2;29;23;31m▀[0m[38;2;0;0;0m[48;2;0;0;0m▀[0m[38;2;227;175;208m[48;2;189;147;176m▀[0m[38;2;210;160;192m[48;2;164;127;152m▀[0m[38;2;190;147;176m[48;2;124;94;116m▀[0m[38;2;190;144;170m[48;2;197;152;180m▀[0m[38;2;168;135;163m[48;2;187;145;177m▀[0m[38;2;148;123;155m[48;2;63;56;73m▀[0m
[38;2;75;60;69m[48;2;202;157;185m▀[0m[38;2;57;45;57m[48;2;168;135;158m▀[0m[38;2;153;121;143m[48;2;32;27;36m▀[0m[38;2;178;139;164m[48;2;121;96;116m▀[0m[38;2;152;124;152m[48;2;99;81;98m▀[0m[38;2;91;75;89m[48;2;3;3;4m▀[0m[38;2;0;0;0m[48;2;0;0;0m▀[0m[38;2;95;72;89m[48;2;3;1;4m▀[0m[38;2;171;134;162m[48;2;65;48;66m▀[0m[38;2;202;153;193m[48;2;127;93;127m▀[0m[38;2;181;142;164m[48;2;75;75;68m▀[0m[38;2;191;156;171m[48;2;50;111;28m▀[0m[38;2;53;40;61m[48;2;27;72;25m▀[0m[38;2;81;173;38m[48;2;128;235;82m▀[0m[38;2;157;254;105m[48;2;142;223;93m▀[0m[38;2;0;0;0m[48;2;134;216;92m▀[0m[38;2;0;0;0m[48;2;215;255;150m▀[0m[38;2;86;146;68m[48;2;176;255;133m▀[0m[38;2;109;200;84m[48;2;182;255;139m▀[0m[38;2;31;64;25m[48;2;239;255;162m▀[0m[38;2;0;0;0m[48;2;206;255;142m▀[0m[38;2;129;227;90m[48;2;155;255;105m▀[0m[38;2;60;126;43m[48;2;86;173;65m▀[0m[38;2;85;66;88m[48;2;58;122;38m▀[0m[38;2;150;163;128m[48;2;16;66;3m▀[0m[38;2;153;147;130m[48;2;27;24;31m▀[0m[38;2;196;145;188m[48;2;84;65;87m▀[0m[38;2;90;71;88m[48;2;26;20;26m▀[0m[38;2;0;0;0m[48;2;0;0;0m▀[0m[38;2;0;0;0m[48;2;0;0;0m▀[0m[38;2;83;71;84m[48;2;15;15;18m▀[0m[38;2;134;108;125m[48;2;138;114;138m▀[0m[38;2;192;149;176m[48;2;135;108;132m▀[0m[38;2;135;102;128m[48;2;56;46;52m▀[0m[38;2;81;60;77m[48;2;188;145;171m▀[0m[38;2;129;100;121m[48;2;190;150;176m▀[0m
[38;2;158;120;150m[48;2;144;107;136m▀[0m[38;2;199;159;191m[48;2;159;122;152m▀[0m[38;2;146;118;141m[48;2;120;90;115m▀[0m[38;2;0;0;0m[48;2;0;0;0m▀[0m[38;2;17;12;18m[48;2;0;0;0m▀[0m[38;2;14;4;14m[48;2;0;0;0m▀[0m[38;2;0;0;0m[48;2;0;0;0m▀[0m[38;2;0;0;0m[48;2;0;0;0m▀[0m[38;2;0;0;0m[48;2;0;0;10m▀[0m[38;2;0;0;0m[48;2;0;0;0m▀[0m[38;2;0;0;0m[48;2;2;0;7m▀[0m[38;2;0;0;0m[48;2;128;82;128m▀[0m[38;2;0;0;0m[48;2;40;12;47m▀[0m[38;2;121;212;89m[48;2;118;230;74m▀[0m[38;2;106;158;74m[48;2;100;156;62m▀[0m[38;2;125;218;85m[48;2;0;15;1m▀[0m[38;2;255;255;166m[48;2;236;255;149m▀[0m[38;2;67;70;61m[48;2;209;255;159m▀[0m[38;2;3;0;44m[48;2;175;247;145m▀[0m[38;2;195;255;126m[48;2;179;255;115m▀[0m[38;2;171;255;113m[48;2;28;46;20m▀[0m[38;2;71;114;50m[48;2;67;105;37m▀[0m[38;2;122;200;92m[48;2;201;255;133m▀[0m[38;2;0;0;0m[48;2;24;18;28m▀[0m[38;2;0;0;0m[48;2;59;26;64m▀[0m[38;2;0;0;0m[48;2;0;0;0m▀[0m[38;2;0;0;0m[48;2;0;0;0m▀[0m[38;2;0;0;0m[48;2;22;8;26m▀[0m[38;2;0;0;0m[48;2;0;0;0m▀[0m[38;2;0;0;0m[48;2;0;0;0m▀[0m[38;2;74;56;74m[48;2;0;0;8m▀[0m[38;2;0;0;0m[48;2;0;0;0m▀[0m[38;2;0;0;0m[48;2;0;0;0m▀[0m[38;2;154;121;143m[48;2;127;99;121m▀[0m[38;2;202;154;188m[48;2;125;98;119m▀[0m[38;2;162;130;152m[48;2;103;84;103m▀[0m
[38;2;147;112;139m[48;2;107;81;99m▀[0m[38;2;157;118;144m[48;2;184;139;169m▀[0m[38;2;77;56;73m[48;2;247;175;231m▀[0m[38;2;50;17;54m[48;2;145;100;142m▀[0m[38;2;0;0;0m[48;2;64;139;57m▀[0m[38;2;59;107;48m[48;2;59;106;64m▀[0m[38;2;90;186;68m[48;2;104;220;87m▀[0m[38;2;82;162;64m[48;2;203;255;143m▀[0m[38;2;22;0;37m[48;2;132;224;87m▀[0m[38;2;106;61;111m[48;2;182;94;187m▀[0m[38;2;178;125;173m[48;2;235;151;225m▀[0m[38;2;252;164;246m[48;2;168;76;177m▀[0m[38;2;84;74;78m[48;2;23;54;28m▀[0m[38;2;134;255;79m[48;2;39;109;26m▀[0m[38;2;97;151;62m[48;2;75;125;46m▀[0m[38;2;0;0;0m[48;2;0;0;0m▀[0m[38;2;0;0;0m[48;2;115;27;136m▀[0m[38;2;109;217;67m[48;2;171;99;195m▀[0m[38;2;83;180;34m[48;2;195;134;219m▀[0m[38;2;0;0;0m[48;2;186;100;200m▀[0m[38;2;0;0;0m[48;2;0;0;0m▀[0m[38;2;94;150;61m[48;2;41;79;20m▀[0m[38;2;132;241;77m[48;2;36;75;29m▀[0m[38;2;88;101;69m[48;2;47;95;30m▀[0m[38;2;236;145;227m[48;2;128;47;125m▀[0m[38;2;219;157;210m[48;2;250;160;252m▀[0m[38;2;110;65;111m[48;2;187;97;194m▀[0m[38;2;0;0;0m[48;2;110;187;80m▀[0m[38;2;19;54;13m[48;2;229;255;161m▀[0m[38;2;102;170;72m[48;2;157;255;115m▀[0m[38;2;19;81;8m[48;2;102;229;86m▀[0m[38;2;0;0;0m[48;2;91;172;72m▀[0m[38;2;137;89;131m[48;2;202;127;193m▀[0m[38;2;184;141;172m[48;2;221;161;205m▀[0m[38;2;88;70;85m[48;2;201;152;190m▀[0m[38;2;88;69;83m[48;2;168;135;161m▀[0m
[38;2;154;122;149m[48;2;120;95;117m▀[0m[38;2;147;107;139m[48;2;77;54;80m▀[0m[38;2;119;63;127m[48;2;43;4;65m▀[0m[38;2;17;36;14m[48;2;93;200;53m▀[0m[38;2;84;235;59m[48;2;207;255;142m▀[0m[38;2;73;178;56m[48;2;178;255;120m▀[0m[38;2;126;255;97m[48;2;180;255;119m▀[0m[38;2;198;255;130m[48;2;179;255;116m▀[0m[38;2;204;255;122m[48;2;208;255;133m▀[0m[38;2;101;113;88m[48;2;119;218;78m▀[0m[38;2;150;38;165m[48;2;0;0;0m▀[0m[38;2;65;108;55m[48;2;170;255;105m▀[0m[38;2;177;255;120m[48;2;214;255;134m▀[0m[38;2;157;255;106m[48;2;220;255;144m▀[0m[38;2;96;168;62m[48;2;146;255;101m▀[0m[38;2;60;102;41m[48;2;144;255;89m▀[0m[38;2;103;111;85m[48;2;212;255;130m▀[0m[38;2;176;158;177m[48;2;116;151;99m▀[0m[38;2;165;126;180m[48;2;32;0;47m▀[0m[38;2;79;74;70m[48;2;135;255;93m▀[0m[38;2;68;90;47m[48;2;168;244;131m▀[0m[38;2;77;131;45m[48;2;160;255;101m▀[0m[38;2;122;208;87m[48;2;228;255;153m▀[0m[38;2;182;255;122m[48;2;186;255;122m▀[0m[38;2;122;229;79m[48;2;205;255;131m▀[0m[38;2;137;39;153m[48;2;0;6;0m▀[0m[38;2;96;111;87m[48;2;114;213;71m▀[0m[38;2;209;255;130m[48;2;207;255;132m▀[0m[38;2;192;255;125m[48;2;189;255;125m▀[0m[38;2;124;250;92m[48;2;136;230;102m▀[0m[38;2;23;52;35m[48;2;85;193;67m▀[0m[38;2;84;214;61m[48;2;151;255;108m▀[0m[38;2;66;88;54m[48;2;49;101;31m▀[0m[38;2;107;53;109m[48;2;0;0;0m▀[0m[38;2;150;113;147m[48;2;59;47;64m▀[0m[38;2;135;103;131m[48;2;120;94;118m▀[0m
