[38;2;46;73;76m[48;2;38;59;62m▀[0m[38;2;70;103;105m[48;2;90;138;140m▀[0m[38;2;134;192;198m[48;2;140;210;214m▀[0m[38;2;71;125;128m[48;2;9;36;36m▀[0m[38;2;112;252;255m[48;2;42;113;120m▀[0m[38;2;0;50;52m[48;2;0;86;86m▀[0m[38;2;134;25;25m[48;2;254;0;0m▀[0m[38;2;255;0;0m[48;2;255;0;0m▀[0m[38;2;255;91;95m[48;2;255;15;17m▀[0m[38;2;255;0;0m[48;2;249;154;150m▀[0m[38;2;255;0;0m[48;2;255;0;0m▀[0m[38;2;0;104;104m[48;2;255;0;0m▀[0m[38;2;0;255;255m[48;2;0;194;192m▀[0m[38;2;79;255;255m[48;2;0;255;255m▀[0m[38;2;181;174;189m[48;2;95;255;255m▀[0m[38;2;73;255;255m[48;2;21;255;255m▀[0m[38;2;25;255;255m[48;2;0;137;132m▀[0m[38;2;56;255;255m[48;2;1;44;42m▀[0m[38;2;51;255;255m[48;2;0;20;22m▀[0m[38;2;40;255;255m[48;2;0;62;60m▀[0m[38;2;48;255;255m[48;2;0;180;177m▀[0m[38;2;119;239;246m[48;2;0;255;255m▀[0m[38;2;127;217;226m[48;2;0;255;255m▀[0m[38;2;0;255;255m[48;2;0;255;255m▀[0m[38;2;31;255;255m[48;2;42;180;178m▀[0m[38;2;0;250;248m[48;2;255;0;0m▀[0m[38;2;172;0;0m[48;2;255;0;0m▀[0m[38;2;202;8;7m[48;2;207;128;132m▀[0m[38;2;255;63;64m[48;2;255;14;15m▀[0m[38;2;255;0;0m[48;2;255;0;0m▀[0m[38;2;0;255;255m[48;2;105;144;132m▀[0m[38;2;30;2;0m[48;2;34;22;19m▀[0m[38;2;93;160;169m[48;2;78;134;146m▀[0m[38;2;112;173;180m[48;2;114;177;185m▀[0m[38;2;38;71;76m[48;2;45;90;90m▀[0m[38;2;107;154;160m[48;2;113;152;158m▀[0m
[38;2;29;50;53m[48;2;29;52;53m▀[0m[38;2;110;169;173m[48;2;128;198;202m▀[0m[38;2;148;229;235m[48;2;140;230;233m▀[0m[38;2;43;95;95m[48;2;51;109;113m▀[0m[38;2;71;148;154m[48;2;130;225;237m▀[0m[38;2;4;166;168m[48;2;17;124;129m▀[0m[38;2;238;0;0m[48;2;0;0;0m▀[0m[38;2;255;0;0m[48;2;54;0;0m▀[0m[38;2;255;0;0m[48;2;255;0;0m▀[0m[38;2;255;90;87m[48;2;255;0;0m▀[0m[38;2;255;196;192m[48;2;255;59;62m▀[0m[38;2;255;0;0m[48;2;255;140;140m▀[0m[38;2;237;0;0m[48;2;0;53;61m▀[0m[38;2;0;0;0m[48;2;0;0;0m▀[0m[38;2;0;104;103m[48;2;4;1;5m▀[0m[38;2;6;0;0m[48;2;0;0;0m▀[0m[38;2;0;0;0m[48;2;0;0;0m▀[0m[38;2;0;0;0m[48;2;0;0;0m▀[0m[38;2;0;0;0m[48;2;0;0;0m▀[0m[38;2;34;0;0m[48;2;42;0;0m▀[0m[38;2;0;0;0m[48;2;222;0;0m▀[0m[38;2;0;34;37m[48;2;118;0;0m▀[0m[38;2;0;124;126m[48;2;0;1;2m▀[0m[38;2;0;0;0m[48;2;0;0;0m▀[0m[38;2;255;0;0m[48;2;26;54;51m▀[0m[38;2;255;0;0m[48;2;255;106;106m▀[0m[38;2;255;187;189m[48;2;255;94;96m▀[0m[38;2;255;144;148m[48;2;255;0;0m▀[0m[38;2;255;0;0m[48;2;255;0;0m▀[0m[38;2;255;0;0m[48;2;17;0;0m▀[0m[38;2;121;108;104m[48;2;0;255;255m▀[0m[38;2;52;19;14m[48;2;105;28;25m▀[0m[38;2;25;77;83m[48;2;97;174;181m▀[0m[38;2;40;88;88m[48;2;135;247;252m▀[0m[38;2;8;25;21m[48;2;56;114;114m▀[0m[38;2;110;157;163m[48;2;98;141;144m▀[0m
[38;2;35;61;60m[48;2;42;68;68m▀[0m[38;2;139;220;224m[48;2;151;237;242m▀[0m[38;2;135;226;228m[48;2;129;213;216m▀[0m[38;2;45;102;104m[48;2;63;120;127m▀[0m[38;2;145;255;255m[48;2;163;255;255m▀[0m[38;2;4;2;0m[48;2;78;48;50m▀[0m[38;2;0;0;0m[48;2;0;0;0m▀[0m[38;2;0;0;0m[48;2;0;0;0m▀[0m[38;2;27;0;0m[48;2;21;0;0m▀[0m[38;2;255;0;0m[48;2;42;0;0m▀[0m[38;2;255;0;0m[48;2;53;0;0m▀[0m[38;2;105;170;171m[48;2;0;50;50m▀[0m[38;2;12;242;244m[48;2;0;69;71m▀[0m[38;2;14;77;79m[48;2;50;178;183m▀[0m[38;2;22;76;77m[48;2;0;0;0m▀[0m[38;2;0;0;0m[48;2;0;0;0m▀[0m[38;2;0;0;0m[48;2;90;156;159m▀[0m[38;2;20;65;67m[48;2;255;255;255m▀[0m[38;2;44;153;156m[48;2;255;255;255m▀[0m[38;2;59;38;35m[48;2;215;255;255m▀[0m[38;2;255;0;0m[48;2;255;0;0m▀[0m[38;2;255;0;0m[48;2;34;0;0m▀[0m[38;2;42;0;0m[48;2;0;0;1m▀[0m[38;2;0;106;105m[48;2;0;123;123m▀[0m[38;2;66;255;255m[48;2;9;156;158m▀[0m[38;2;255;9;6m[48;2;0;0;0m▀[0m[38;2;255;0;0m[48;2;78;0;0m▀[0m[38;2;202;0;0m[48;2;3;0;0m▀[0m[38;2;15;0;0m[48;2;0;0;0m▀[0m[38;2;0;0;0m[48;2;0;0;0m▀[0m[38;2;0;74;67m[48;2;0;0;0m▀[0m[38;2;122;9;7m[48;2;152;0;0m▀[0m[38;2;99;183;191m[48;2;101;201;214m▀[0m[38;2;164;255;255m[48;2;152;255;255m▀[0m[38;2;79;149;155m[48;2;52;106;107m▀[0m[38;2;94;143;149m[48;2;102;158;163m▀[0m
[38;2;72;118;121m[48;2;108;180;186m▀[0m[38;2;153;244;253m[48;2;154;248;255m▀[0m[38;2;114;200;201m[48;2;102;176;180m▀[0m[38;2;66;121;125m[48;2;71;122;128m▀[0m[38;2;176;255;255m[48;2;175;255;255m▀[0m[38;2;119;104;107m[48;2;121;67;69m▀[0m[38;2;4;0;0m[48;2;192;127;136m▀[0m[38;2;0;0;0m[48;2;39;200;209m▀[0m[38;2;0;0;0m[48;2;0;0;0m▀[0m[38;2;41;0;0m[48;2;0;0;0m▀[0m[38;2;7;17;17m[48;2;0;0;0m▀[0m[38;2;0;0;0m[48;2;0;66;62m▀[0m[38;2;0;36;34m[48;2;0;55;56m▀[0m[38;2;12;104;108m[48;2;0;26;28m▀[0m[38;2;0;0;0m[48;2;0;0;0m▀[0m[38;2;28;94;91m[48;2;33;88;87m▀[0m[38;2;236;255;255m[48;2;128;146;136m▀[0m[38;2;255;243;241m[48;2;156;145;147m▀[0m[38;2;255;106;108m[48;2;255;207;211m▀[0m[38;2;230;255;255m[48;2;74;116;116m▀[0m[38;2;255;0;0m[48;2;205;0;0m▀[0m[38;2;145;0;0m[48;2;0;0;0m▀[0m[38;2;0;0;0m[48;2;0;0;0m▀[0m[38;2;0;12;16m[48;2;17;6;7m▀[0m[38;2;0;5;5m[48;2;0;68;63m▀[0m[38;2;0;0;0m[48;2;0;0;0m▀[0m[38;2;26;0;0m[48;2;0;0;0m▀[0m[38;2;0;0;0m[48;2;0;1;2m▀[0m[38;2;0;0;0m[48;2;75;121;131m▀[0m[38;2;0;0;0m[48;2;42;255;255m▀[0m[38;2;0;255;255m[48;2;5;255;255m▀[0m[38;2;199;0;0m[48;2;215;0;0m▀[0m[38;2;103;212;227m[48;2;103;234;251m▀[0m[38;2;165;255;255m[48;2;165;255;255m▀[0m[38;2;52;97;103m[48;2;48;112;112m▀[0m[38;2;103;169;174m[48;2;116;185;190m▀[0m
[38;2;137;223;231m[48;2;137;227;236m▀[0m[38;2;158;253;255m[48;2;161;255;255m▀[0m[38;2;83;154;157m[48;2;74;147;149m▀[0m[38;2;80;139;149m[48;2;93;167;182m▀[0m[38;2;173;255;255m[48;2;178;255;255m▀[0m[38;2;136;82;91m[48;2;133;95;104m▀[0m[38;2;245;92;102m[48;2;249;74;87m▀[0m[38;2;176;255;255m[48;2;124;255;255m▀[0m[38;2;120;201;218m[48;2;160;196;197m▀[0m[38;2;34;46;49m[48;2;138;161;159m▀[0m[38;2;16;48;49m[48;2;224;255;255m▀[0m[38;2;0;13;11m[48;2;16;113;112m▀[0m[38;2;19;0;0m[48;2;0;0;0m▀[0m[38;2;255;0;0m[48;2;255;0;0m▀[0m[38;2;124;37;38m[48;2;255;0;0m▀[0m[38;2;0;18;17m[48;2;252;45;40m▀[0m[38;2;160;0;0m[48;2;21;11;12m▀[0m[38;2;0;0;0m[48;2;228;0;0m▀[0m[38;2;0;81;80m[48;2;0;0;0m▀[0m[38;2;66;0;0m[48;2;135;0;0m▀[0m[38;2;0;0;0m[48;2;26;73;68m▀[0m[38;2;22;82;77m[48;2;255;9;6m▀[0m[38;2;255;32;31m[48;2;255;0;0m▀[0m[38;2;255;0;0m[48;2;255;0;0m▀[0m[38;2;0;4;4m[48;2;0;15;17m▀[0m[38;2;44;91;97m[48;2;104;158;157m▀[0m[38;2;157;227;234m[48;2;152;176;178m▀[0m[38;2;136;189;189m[48;2;74;73;65m▀[0m[38;2;218;255;255m[48;2;91;99;108m▀[0m[38;2;66;255;255m[48;2;99;255;255m▀[0m[38;2;0;255;255m[48;2;74;255;255m▀[0m[38;2;224;0;0m[48;2;226;0;0m▀[0m[38;2;108;243;255m[48;2;105;255;255m▀[0m[38;2;170;255;255m[48;2;172;255;255m▀[0m[38;2;60;127;127m[48;2;64;135;135m▀[0m[38;2;127;198;212m[48;2;122;198;220m▀[0m
[38;2;138;233;247m[48;2;144;243;255m▀[0m[38;2;164;255;255m[48;2;168;255;255m▀[0m[38;2;63;132;130m[48;2;53;119;124m▀[0m[38;2;109;197;215m[48;2;125;234;244m▀[0m[38;2;171;255;255m[48;2;163;255;255m▀[0m[38;2;141;126;138m[48;2;136;171;174m▀[0m[38;2;255;64;71m[48;2;250;23;28m▀[0m[38;2;101;255;255m[48;2;192;255;255m▀[0m[38;2;0;0;0m[48;2;104;205;209m▀[0m[38;2;63;67;66m[48;2;0;0;0m▀[0m[38;2;1;11;11m[48;2;78;112;117m▀[0m[38;2;0;78;80m[48;2;0;32;35m▀[0m[38;2;0;0;0m[48;2;0;0;0m▀[0m[38;2;255;0;0m[48;2;234;0;0m▀[0m[38;2;255;0;0m[48;2;255;0;0m▀[0m[38;2;255;0;0m[48;2;255;0;0m▀[0m[38;2;69;52;51m[48;2;255;0;0m▀[0m[38;2;124;0;0m[48;2;0;6;6m▀[0m[38;2;255;0;0m[48;2;108;0;0m▀[0m[38;2;15;0;0m[48;2;50;0;0m▀[0m[38;2;255;0;0m[48;2;255;0;0m▀[0m[38;2;255;0;0m[48;2;255;0;0m▀[0m[38;2;255;0;0m[48;2;255;0;0m▀[0m[38;2;250;0;0m[48;2;62;0;0m▀[0m[38;2;0;47;50m[48;2;0;64;66m▀[0m[38;2;0;0;0m[48;2;36;63;63m▀[0m[38;2;144;184;183m[48;2;8;7;5m▀[0m[38;2;0;0;0m[48;2;86;165;166m▀[0m[38;2;25;63;73m[48;2;216;255;255m▀[0m[38;2;176;255;255m[48;2;149;255;255m▀[0m[38;2;209;255;255m[48;2;199;254;255m▀[0m[38;2;219;0;0m[48;2;205;0;0m▀[0m[38;2;104;255;255m[48;2;112;255;255m▀[0m[38;2;177;255;255m[48;2;187;255;255m▀[0m[38;2;77;147;145m[48;2;87;162;158m▀[0m[38;2;117;205;226m[48;2;117;208;228m▀[0m
[38;2;145;255;255m[48;2;148;255;255m▀[0m[38;2;166;255;255m[48;2;161;255;255m▀[0m[38;2;47;113;114m[48;2;50;122;119m▀[0m[38;2;132;255;255m[48;2;152;255;255m▀[0m[38;2;173;255;255m[48;2;180;255;255m▀[0m[38;2;135;200;196m[48;2;135;224;221m▀[0m[38;2;255;12;8m[48;2;241;0;0m▀[0m[38;2;178;255;255m[48;2;190;255;255m▀[0m[38;2;247;255;255m[48;2;216;255;255m▀[0m[38;2;165;255;255m[48;2;145;235;240m▀[0m[38;2;0;0;0m[48;2;0;0;0m▀[0m[38;2;0;0;0m[48;2;0;0;0m▀[0m[38;2;0;0;0m[48;2;0;0;0m▀[0m[38;2;0;62;62m[48;2;0;51;53m▀[0m[38;2;255;0;0m[48;2;37;32;31m▀[0m[38;2;255;0;0m[48;2;49;49;49m▀[0m[38;2;255;0;0m[48;2;29;0;0m▀[0m[38;2;53;0;0m[48;2;0;0;0m▀[0m[38;2;0;5;4m[48;2;21;2;0m▀[0m[38;2;172;0;0m[48;2;0;0;0m▀[0m[38;2;255;0;0m[48;2;0;0;0m▀[0m[38;2;255;0;0m[48;2;20;76;87m▀[0m[38;2;154;52;56m[48;2;24;24;29m▀[0m[38;2;0;34;36m[48;2;0;40;39m▀[0m[38;2;0;89;89m[48;2;8;73;76m▀[0m[38;2;0;0;0m[48;2;0;0;0m▀[0m[38;2;50;101;100m[48;2;3;16;13m▀[0m[38;2;255;255;255m[48;2;128;221;217m▀[0m[38;2;194;255;255m[48;2;176;255;255m▀[0m[38;2;154;255;255m[48;2;168;255;255m▀[0m[38;2;202;248;247m[48;2;216;214;207m▀[0m[38;2;202;0;0m[48;2;184;0;0m▀[0m[38;2;121;255;255m[48;2;142;255;255m▀[0m[38;2;192;255;255m[48;2;196;255;255m▀[0m[38;2;82;143;141m[48;2;85;137;135m▀[0m[38;2;113;204;211m[48;2;99;195;198m▀[0m
[38;2;158;255;255m[48;2;170;255;255m▀[0m[38;2;161;255;255m[48;2;192;255;255m▀[0m[38;2;59;120;121m[48;2;99;132;134m▀[0m[38;2;176;255;255m[48;2;193;255;255m▀[0m[38;2;183;255;255m[48;2;196;255;255m▀[0m[38;2;152;248;248m[48;2;168;255;255m▀[0m[38;2;235;0;0m[48;2;227;0;0m▀[0m[38;2;200;255;255m[48;2;216;255;255m▀[0m[38;2;159;255;255m[48;2;183;255;255m▀[0m[38;2;61;108;105m[48;2;104;161;159m▀[0m[38;2;0;0;0m[48;2;17;20;22m▀[0m[38;2;0;0;0m[48;2;0;0;0m▀[0m[38;2;0;21;19m[48;2;0;42;40m▀[0m[38;2;0;45;52m[48;2;0;33;33m▀[0m[38;2;227;0;0m[48;2;33;33;31m▀[0m[38;2;104;36;33m[48;2;91;12;7m▀[0m[38;2;0;16;16m[48;2;0;44;43m▀[0m[38;2;0;0;0m[48;2;0;0;0m▀[0m[38;2;0;0;0m[48;2;0;0;0m▀[0m[38;2;0;0;0m[48;2;0;0;0m▀[0m[38;2;0;28;28m[48;2;0;28;28m▀[0m[38;2;205;7;7m[48;2;67;15;14m▀[0m[38;2;127;0;0m[48;2;0;40;40m▀[0m[38;2;0;78;78m[48;2;15;103;108m▀[0m[38;2;5;34;34m[48;2;0;27;24m▀[0m[38;2;0;0;0m[48;2;0;0;0m▀[0m[38;2;0;0;0m[48;2;0;0;0m▀[0m[38;2;102;163;158m[48;2;110;161;165m▀[0m[38;2;192;255;255m[48;2;208;255;255m▀[0m[38;2;181;255;255m[48;2;199;255;255m▀[0m[38;2;235;141;136m[48;2;236;51;46m▀[0m[38;2;135;8;11m[48;2;101;66;70m▀[0m[38;2;169;255;255m[48;2;193;255;255m▀[0m[38;2;203;255;255m[48;2;205;255;255m▀[0m[38;2;101;156;155m[48;2;96;169;165m▀[0m[38;2;88;170;172m[48;2;112;201;201m▀[0m
[38;2;213;255;255m[48;2;116;180;180m▀[0m[38;2;216;255;255m[48;2;62;114;110m▀[0m[38;2;130;165;168m[48;2;20;36;31m▀[0m[38;2;235;255;255m[48;2;95;134;132m▀[0m[38;2;228;255;255m[48;2;119;179;180m▀[0m[38;2;200;255;255m[48;2;102;213;213m▀[0m[38;2;224;0;0m[48;2;160;0;0m▀[0m[38;2;242;255;255m[48;2;159;167;165m▀[0m[38;2;230;255;255m[48;2;181;255;255m▀[0m[38;2;255;255;255m[48;2;212;255;255m▀[0m[38;2;94;130;131m[48;2;148;221;219m▀[0m[38;2;0;0;0m[48;2;0;0;0m▀[0m[38;2;1;58;60m[48;2;0;4;5m▀[0m[38;2;10;45;45m[48;2;16;56;56m▀[0m[38;2;0;7;7m[48;2;0;0;0m▀[0m[38;2;0;19;24m[48;2;20;36;34m▀[0m[38;2;19;74;77m[48;2;52;119;117m▀[0m[38;2;0;0;0m[48;2;5;28;27m▀[0m[38;2;0;0;0m[48;2;6;24;24m▀[0m[38;2;0;0;0m[48;2;0;7;6m▀[0m[38;2;13;56;58m[48;2;71;114;115m▀[0m[38;2;0;7;6m[48;2;34;39;38m▀[0m[38;2;0;17;20m[48;2;0;4;4m▀[0m[38;2;27;128;134m[48;2;29;106;108m▀[0m[38;2;8;51;45m[48;2;0;0;0m▀[0m[38;2;0;0;0m[48;2;55;77;74m▀[0m[38;2;69;105;109m[48;2;230;255;255m▀[0m[38;2;153;235;233m[48;2;220;255;255m▀[0m[38;2;232;255;255m[48;2;198;255;255m▀[0m[38;2;242;255;255m[48;2;239;255;255m▀[0m[38;2;212;0;0m[48;2;146;0;0m▀[0m[38;2;94;161;161m[48;2;112;255;255m▀[0m[38;2;215;255;255m[48;2;223;255;255m▀[0m[38;2;221;255;255m[48;2;224;255;255m▀[0m[38;2;127;187;182m[48;2;104;143;138m▀[0m[38;2;122;205;204m[48;2;114;194;188m▀[0m
[38;2;161;233;231m[48;2;149;210;211m▀[0m[38;2;98;135;137m[48;2;152;213;220m▀[0m[38;2;11;30;29m[48;2;105;176;178m▀[0m[38;2;111;157;157m[48;2;255;255;255m▀[0m[38;2;201;255;255m[48;2;217;255;255m▀[0m[38;2;171;255;255m[48;2;246;255;255m▀[0m[38;2;140;0;0m[48;2;100;43;43m▀[0m[38;2;231;175;172m[48;2;183;14;10m▀[0m[38;2;116;226;226m[48;2;192;255;255m▀[0m[38;2;133;184;185m[48;2;255;255;255m▀[0m[38;2;157;221;223m[48;2;255;255;255m▀[0m[38;2;0;0;0m[48;2;201;241;243m▀[0m[38;2;0;0;0m[48;2;0;0;0m▀[0m[38;2;0;23;23m[48;2;0;22;24m▀[0m[38;2;0;0;0m[48;2;3;5;7m▀[0m[38;2;33;92;90m[48;2;0;0;0m▀[0m[38;2;20;46;46m[48;2;0;19;17m▀[0m[38;2;0;0;0m[48;2;22;58;58m▀[0m[38;2;0;0;0m[48;2;0;0;0m▀[0m[38;2;0;0;0m[48;2;18;40;43m▀[0m[38;2;21;56;61m[48;2;1;56;55m▀[0m[38;2;26;90;92m[48;2;0;0;0m▀[0m[38;2;0;0;0m[48;2;0;11;15m▀[0m[38;2;14;85;88m[48;2;0;34;36m▀[0m[38;2;0;0;0m[48;2;2;1;0m▀[0m[38;2;41;64;62m[48;2;187;219;219m▀[0m[38;2;110;162;157m[48;2;246;255;255m▀[0m[38;2;74;126;129m[48;2;248;255;255m▀[0m[38;2;67;170;167m[48;2;180;255;255m▀[0m[38;2;205;128;117m[48;2;199;0;0m▀[0m[38;2;71;0;0m[48;2;83;49;49m▀[0m[38;2;69;180;180m[48;2;239;255;255m▀[0m[38;2;107;153;154m[48;2;204;255;255m▀[0m[38;2;109;160;160m[48;2;203;255;255m▀[0m[38;2;55;75;76m[48;2;173;227;227m▀[0m[38;2;68;101;101m[48;2;25;35;36m▀[0m
[38;2;55;87;85m[48;2;0;0;0m▀[0m[38;2;154;213;209m[48;2;80;122;120m▀[0m[38;2;111;164;163m[48;2;117;163;162m▀[0m[38;2;255;255;255m[48;2;255;255;255m▀[0m[38;2;212;255;255m[48;2;216;255;255m▀[0m[38;2;255;255;255m[48;2;255;255;255m▀[0m[38;2;98;155;150m[48;2;0;18;15m▀[0m[38;2;53;23;26m[48;2;73;107;110m▀[0m[38;2;255;255;255m[48;2;255;255;255m▀[0m[38;2;255;255;255m[48;2;235;255;255m▀[0m[38;2;255;255;255m[48;2;176;221;219m▀[0m[38;2;126;130;129m[48;2;0;0;0m▀[0m[38;2;0;0;0m[48;2;6;47;49m▀[0m[38;2;0;4;8m[48;2;118;143;147m▀[0m[38;2;134;164;162m[48;2;162;195;194m▀[0m[38;2;148;171;175m[48;2;221;255;255m▀[0m[38;2;21;20;20m[48;2;228;255;255m▀[0m[38;2;23;45;44m[48;2;61;72;71m▀[0m[38;2;114;124;124m[48;2;2;11;14m▀[0m[38;2;60;82;81m[48;2;76;76;73m▀[0m[38;2;2;0;0m[48;2;221;255;255m▀[0m[38;2;109;127;125m[48;2;183;218;222m▀[0m[38;2;81;126;127m[48;2;79;138;144m▀[0m[38;2;10;83;85m[48;2;118;165;167m▀[0m[38;2;0;0;0m[48;2;22;58;56m▀[0m[38;2;94;91;94m[48;2;0;0;0m▀[0m[38;2;255;255;255m[48;2;144;196;199m▀[0m[38;2;255;255;255m[48;2;255;255;255m▀[0m[38;2;255;255;255m[48;2;255;255;255m▀[0m[38;2;32;4;7m[48;2;79;115;115m▀[0m[38;2;152;228;230m[48;2;57;108;106m▀[0m[38;2;251;255;255m[48;2;255;255;255m▀[0m[38;2;208;255;255m[48;2;216;255;255m▀[0m[38;2;228;255;255m[48;2;230;255;255m▀[0m[38;2;179;240;241m[48;2;165;226;224m▀[0m[38;2;39;62;61m[48;2;83;118;114m▀[0m
[38;2;0;0;0m[48;2;0;0;0m▀[0m[38;2;1;30;26m[48;2;0;5;6m▀[0m[38;2;177;235;237m[48;2;208;255;255m▀[0m[38;2;255;255;255m[48;2;255;255;255m▀[0m[38;2;233;255;255m[48;2;246;255;255m▀[0m[38;2;255;255;255m[48;2;247;255;255m▀[0m[38;2;0;0;0m[48;2;0;0;0m▀[0m[38;2;126;152;152m[48;2;180;215;218m▀[0m[38;2;255;255;255m[48;2;255;255;255m▀[0m[38;2;255;255;255m[48;2;239;255;255m▀[0m[38;2;138;177;179m[48;2;0;0;0m▀[0m[38;2;59;133;142m[48;2;0;0;0m▀[0m[38;2;0;0;0m[48;2;0;0;0m▀[0m[38;2;186;218;216m[48;2;45;95;96m▀[0m[38;2;193;226;225m[48;2;119;255;255m▀[0m[38;2;145;188;186m[48;2;0;0;0m▀[0m[38;2;130;169;171m[48;2;0;0;0m▀[0m[38;2;172;227;226m[48;2;126;199;199m▀[0m[38;2;208;255;255m[48;2;0;0;0m▀[0m[38;2;198;255;254m[48;2;21;43;44m▀[0m[38;2;135;178;178m[48;2;78;100;97m▀[0m[38;2;91;120;118m[48;2;0;0;0m▀[0m[38;2;147;182;182m[48;2;94;220;225m▀[0m[38;2;206;254;254m[48;2;120;220;226m▀[0m[38;2;45;52;54m[48;2;0;0;0m▀[0m[38;2;21;101;99m[48;2;0;0;0m▀[0m[38;2;87;172;169m[48;2;0;0;0m▀[0m[38;2;255;255;255m[48;2;205;237;237m▀[0m[38;2;255;255;255m[48;2;255;255;255m▀[0m[38;2;101;119;119m[48;2;155;188;188m▀[0m[38;2;0;0;0m[48;2;0;0;0m▀[0m[38;2;255;255;255m[48;2;234;255;255m▀[0m[38;2;228;255;255m[48;2;242;255;255m▀[0m[38;2;233;255;255m[48;2;244;255;255m▀[0m[38;2;185;246;244m[48;2;191;255;255m▀[0m[38;2;50;72;71m[48;2;0;0;0m▀[0m
