wide,38,10,222,203,152
wide,43,11,255,255,195
wide,39,20,255,222,209
wide,33,11,203,207,80
wide,34,18,255,242,238
wide,39,40,255,255,255
wide,39,35,255,255,255
wide,39,28,255,255,255
wide,40,17,255,255,255
punch,37,19,255,196,195
punch,41,8,209,249,138
punch,39,15,250,172,173
punch,45,7,255,245,164
punch,35,15,255,170,165
punch,31,7,212,255,155
punch,28,19,255,189,189
punch,38,44,255,255,255
punch,39,22,255,255,255
strip,16,7,220,163,160
strip,23,8,240,235,233
strip,33,11,255,255,255
strip,33,2,255,255,255
strip,31,4,255,255,255
strip,29,7,255,255,255
