[38;2;0;0;0m[48;2;0;1;1m▀[0m[38;2;0;0;0m[48;2;0;0;0m▀[0m[38;2;0;0;0m[48;2;0;0;0m▀[0m[38;2;0;0;0m[48;2;0;0;0m▀[0m[38;2;27;24;23m[48;2;48;38;39m▀[0m[38;2;229;229;229m[48;2;215;229;229m▀[0m[38;2;48;89;87m[48;2;10;26;24m▀[0m[38;2;111;186;182m[48;2;0;0;0m▀[0m[38;2;229;229;229m[48;2;32;83;82m▀[0m[38;2;229;229;229m[48;2;229;229;229m▀[0m[38;2;100;102;100m[48;2;229;229;229m▀[0m[38;2;0;0;0m[48;2;83;99;95m▀[0m[38;2;0;36;33m[48;2;0;24;18m▀[0m[38;2;0;0;0m[48;2;0;0;0m▀[0m[38;2;0;0;0m[48;2;0;0;0m▀[0m[38;2;0;0;0m[48;2;89;84;90m▀[0m[38;2;0;0;0m[48;2;171;178;201m▀[0m[38;2;185;135;151m[48;2;229;201;171m▀[0m[38;2;218;217;73m[48;2;139;180;48m▀[0m[38;2;95;171;51m[48;2;105;171;70m▀[0m[38;2;135;204;75m[48;2;156;229;90m▀[0m[38;2;130;192;87m[48;2;128;196;84m▀[0m[38;2;166;225;129m[48;2;99;139;80m▀[0m[38;2;117;165;77m[48;2;118;177;76m▀[0m[38;2;117;174;74m[48;2;133;206;83m▀[0m[38;2;124;189;57m[48;2;99;187;61m▀[0m[38;2;229;229;223m[48;2;229;229;134m▀[0m[38;2;49;39;68m[48;2;153;129;147m▀[0m[38;2;0;0;0m[48;2;54;54;70m▀[0m[38;2;0;0;0m[48;2;0;0;0m▀[0m[38;2;45;111;108m[48;2;0;0;0m▀[0m[38;2;108;198;189m[48;2;12;60;59m▀[0m[38;2;0;0;0m[48;2;0;44;39m▀[0m[38;2;0;0;0m[48;2;78;87;81m▀[0m[38;2;114;112;110m[48;2;229;229;229m▀[0m[38;2;229;229;229m[48;2;229;229;229m▀[0m[38;2;229;229;229m[48;2;18;62;59m▀[0m[38;2;11;79;74m[48;2;0;0;0m▀[0m[38;2;136;153;151m[48;2;72;111;104m▀[0m[38;2;144;135;133m[48;2;174;174;171m▀[0m[38;2;0;0;0m[48;2;0;0;0m▀[0m[38;2;0;0;0m[48;2;0;0;0m▀[0m[38;2;0;0;0m[48;2;0;0;0m▀[0m[38;2;0;2;2m[48;2;0;0;0m▀[0m
[38;2;0;1;1m[48;2;0;1;1m▀[0m[38;2;0;0;0m[48;2;0;0;0m▀[0m[38;2;0;0;0m[48;2;0;0;0m▀[0m[38;2;0;0;0m[48;2;0;0;0m▀[0m[38;2;107;99;100m[48;2;101;109;108m▀[0m[38;2;186;210;212m[48;2;229;229;229m▀[0m[38;2;0;11;11m[48;2;0;0;0m▀[0m[38;2;229;229;229m[48;2;229;229;229m▀[0m[38;2;0;0;0m[48;2;120;141;136m▀[0m[38;2;123;172;171m[48;2;10;48;45m▀[0m[38;2;229;229;229m[48;2;229;229;229m▀[0m[38;2;229;229;229m[48;2;229;229;229m▀[0m[38;2;0;0;0m[48;2;7;7;7m▀[0m[38;2;0;0;0m[48;2;0;0;0m▀[0m[38;2;26;32;32m[48;2;0;0;0m▀[0m[38;2;229;229;229m[48;2;0;0;0m▀[0m[38;2;229;229;229m[48;2;0;0;0m▀[0m[38;2;85;79;58m[48;2;20;21;0m▀[0m[38;2;115;150;54m[48;2;0;12;0m▀[0m[38;2;118;181;79m[48;2;58;101;36m▀[0m[38;2;164;229;94m[48;2;89;138;38m▀[0m[38;2;100;153;62m[48;2;48;47;4m▀[0m[38;2;30;40;49m[48;2;18;21;75m▀[0m[38;2;101;141;51m[48;2;43;54;0m▀[0m[38;2;103;155;57m[48;2;129;168;61m▀[0m[38;2;72;137;52m[48;2;0;0;0m▀[0m[38;2;214;211;70m[48;2;122;126;25m▀[0m[38;2;170;176;184m[48;2;75;59;45m▀[0m[38;2;229;229;229m[48;2;0;0;0m▀[0m[38;2;190;187;189m[48;2;0;0;0m▀[0m[38;2;0;0;0m[48;2;0;0;0m▀[0m[38;2;0;0;0m[48;2;0;0;0m▀[0m[38;2;0;7;4m[48;2;0;0;0m▀[0m[38;2;229;229;229m[48;2;229;229;229m▀[0m[38;2;229;229;229m[48;2;229;229;229m▀[0m[38;2;0;44;39m[48;2;0;12;9m▀[0m[38;2;167;155;155m[48;2;229;229;229m▀[0m[38;2;193;225;221m[48;2;144;203;198m▀[0m[38;2;0;4;3m[48;2;0;0;0m▀[0m[38;2;229;229;229m[48;2;229;229;229m▀[0m[38;2;0;0;0m[48;2;0;0;0m▀[0m[38;2;0;0;0m[48;2;0;0;0m▀[0m[38;2;0;0;0m[48;2;0;0;0m▀[0m[38;2;0;0;0m[48;2;0;0;0m▀[0m
[38;2;0;0;0m[48;2;8;17;17m▀[0m[38;2;0;0;0m[48;2;4;10;10m▀[0m[38;2;0;0;0m[48;2;0;0;0m▀[0m[38;2;0;0;0m[48;2;0;0;0m▀[0m[38;2;49;79;83m[48;2;128;150;152m▀[0m[38;2;229;229;229m[48;2;88;156;156m▀[0m[38;2;17;20;17m[48;2;36;56;54m▀[0m[38;2;175;229;225m[48;2;187;229;229m▀[0m[38;2;229;229;229m[48;2;172;229;229m▀[0m[38;2;108;143;143m[48;2;200;229;229m▀[0m[38;2;140;194;191m[48;2;155;214;211m▀[0m[38;2;229;229;229m[48;2;229;229;229m▀[0m[38;2;4;6;7m[48;2;0;0;0m▀[0m[38;2;0;0;0m[48;2;0;0;0m▀[0m[38;2;0;0;0m[48;2;229;215;201m▀[0m[38;2;77;129;141m[48;2;229;229;229m▀[0m[38;2;86;71;50m[48;2;229;227;218m▀[0m[38;2;124;63;6m[48;2;168;181;158m▀[0m[38;2;48;21;0m[48;2;114;170;135m▀[0m[38;2;0;0;0m[48;2;27;57;29m▀[0m[38;2;33;15;0m[48;2;72;108;73m▀[0m[38;2;90;107;87m[48;2;101;208;220m▀[0m[38;2;126;198;229m[48;2;130;207;227m▀[0m[38;2;66;116;63m[48;2;88;166;126m▀[0m[38;2;154;185;62m[48;2;83;84;7m▀[0m[38;2;24;20;0m[48;2;36;16;0m▀[0m[38;2;0;0;0m[48;2;98;144;108m▀[0m[38;2;147;115;80m[48;2;55;173;170m▀[0m[38;2;51;45;34m[48;2;46;156;143m▀[0m[38;2;0;0;0m[48;2;172;215;208m▀[0m[38;2;0;0;0m[48;2;163;168;168m▀[0m[38;2;0;0;0m[48;2;0;3;0m▀[0m[38;2;0;0;0m[48;2;0;0;0m▀[0m[38;2;229;229;229m[48;2;229;229;229m▀[0m[38;2;114;161;155m[48;2;142;198;190m▀[0m[38;2;117;144;136m[48;2;205;229;229m▀[0m[38;2;229;229;229m[48;2;166;208;201m▀[0m[38;2;84;116;112m[48;2;138;188;183m▀[0m[38;2;82;95;94m[48;2;90;108;107m▀[0m[38;2;229;229;229m[48;2;229;229;229m▀[0m[38;2;0;0;0m[48;2;55;60;59m▀[0m[38;2;0;0;0m[48;2;0;0;0m▀[0m[38;2;0;0;0m[48;2;0;5;5m▀[0m[38;2;0;0;0m[48;2;0;4;4m▀[0m
[38;2;0;1;3m[48;2;0;0;0m▀[0m[38;2;0;0;0m[48;2;0;0;0m▀[0m[38;2;0;0;0m[48;2;0;0;0m▀[0m[38;2;0;0;0m[48;2;151;161;160m▀[0m[38;2;155;171;171m[48;2;139;166;166m▀[0m[38;2;90;93;89m[48;2;166;205;197m▀[0m[38;2;56;49;48m[48;2;221;229;229m▀[0m[38;2;99;136;133m[48;2;0;0;0m▀[0m[38;2;162;229;228m[48;2;140;205;201m▀[0m[38;2;215;229;229m[48;2;187;229;229m▀[0m[38;2;202;229;229m[48;2;219;229;229m▀[0m[38;2;206;229;229m[48;2;209;229;229m▀[0m[38;2;0;0;0m[48;2;6;0;0m▀[0m[38;2;182;61;55m[48;2;229;229;229m▀[0m[38;2;229;229;229m[48;2;229;229;229m▀[0m[38;2;229;229;229m[48;2;162;223;222m▀[0m[38;2;229;229;229m[48;2;229;229;229m▀[0m[38;2;229;229;229m[48;2;229;229;229m▀[0m[38;2;90;141;153m[48;2;229;229;229m▀[0m[38;2;0;33;36m[48;2;127;192;184m▀[0m[38;2;40;166;162m[48;2;103;212;203m▀[0m[38;2;82;166;159m[48;2;49;137;133m▀[0m[38;2;111;166;171m[48;2;124;167;166m▀[0m[38;2;58;158;152m[48;2;35;152;150m▀[0m[38;2;51;93;9m[48;2;108;207;207m▀[0m[38;2;22;81;45m[48;2;59;144;129m▀[0m[38;2;64;176;180m[48;2;149;160;163m▀[0m[38;2;160;229;229m[48;2;229;229;229m▀[0m[38;2;167;229;229m[48;2;229;229;229m▀[0m[38;2;229;229;229m[48;2;220;229;229m▀[0m[38;2;229;229;229m[48;2;229;229;229m▀[0m[38;2;149;140;139m[48;2;229;229;229m▀[0m[38;2;0;0;0m[48;2;0;0;0m▀[0m[38;2;154;212;204m[48;2;163;210;202m▀[0m[38;2;207;229;229m[48;2;229;229;229m▀[0m[38;2;180;222;215m[48;2;176;229;229m▀[0m[38;2;153;227;223m[48;2;114;188;184m▀[0m[38;2;80;108;106m[48;2;15;13;11m▀[0m[38;2;91;79;79m[48;2;229;229;229m▀[0m[38;2;34;44;45m[48;2;0;0;0m▀[0m[38;2;129;149;144m[48;2;220;229;229m▀[0m[38;2;0;0;0m[48;2;189;180;178m▀[0m[38;2;0;0;0m[48;2;0;0;0m▀[0m[38;2;0;0;0m[48;2;0;0;0m▀[0m
[38;2;0;8;6m[48;2;0;0;0m▀[0m[38;2;0;0;0m[48;2;41;27;30m▀[0m[38;2;157;142;144m[48;2;229;229;229m▀[0m[38;2;229;229;229m[48;2;88;175;167m▀[0m[38;2;117;171;166m[48;2;52;82;78m▀[0m[38;2;59;126;118m[48;2;4;36;35m▀[0m[38;2;144;229;229m[48;2;5;81;78m▀[0m[38;2;0;0;0m[48;2;0;0;0m▀[0m[38;2;45;68;64m[48;2;0;0;0m▀[0m[38;2;191;229;229m[48;2;172;229;229m▀[0m[38;2;205;229;229m[48;2;217;229;229m▀[0m[38;2;212;229;229m[48;2;217;229;229m▀[0m[38;2;179;139;136m[48;2;139;164;162m▀[0m[38;2;229;229;229m[48;2;155;147;147m▀[0m[38;2;146;185;182m[48;2;77;133;127m▀[0m[38;2;13;78;67m[48;2;128;136;135m▀[0m[38;2;229;229;229m[48;2;206;215;215m▀[0m[38;2;198;216;216m[48;2;105;92;90m▀[0m[38;2;97;176;174m[48;2;229;63;59m▀[0m[38;2;182;194;197m[48;2;229;229;229m▀[0m[38;2;209;211;219m[48;2;229;229;229m▀[0m[38;2;74;140;137m[48;2;196;207;209m▀[0m[38;2;146;201;197m[48;2;156;207;197m▀[0m[38;2;0;117;108m[48;2;130;168;162m▀[0m[38;2;214;214;216m[48;2;229;229;229m▀[0m[38;2;179;195;199m[48;2;229;229;229m▀[0m[38;2;72;122;126m[48;2;229;224;227m▀[0m[38;2;207;189;193m[48;2;99;130;131m▀[0m[38;2;229;229;229m[48;2;156;162;166m▀[0m[38;2;9;56;57m[48;2;76;97;98m▀[0m[38;2;183;216;215m[48;2;70;140;141m▀[0m[38;2;229;229;229m[48;2;192;192;194m▀[0m[38;2;166;136;137m[48;2;111;111;112m▀[0m[38;2;192;229;225m[48;2;219;229;229m▀[0m[38;2;208;229;229m[48;2;205;229;229m▀[0m[38;2;174;229;229m[48;2;167;229;227m▀[0m[38;2;47;76;74m[48;2;0;0;0m▀[0m[38;2;90;139;135m[48;2;0;33;31m▀[0m[38;2;185;229;229m[48;2;22;126;118m▀[0m[38;2;0;10;7m[48;2;7;23;20m▀[0m[38;2;133;179;175m[48;2;36;74;68m▀[0m[38;2;229;229;229m[48;2;56;134;126m▀[0m[38;2;151;133;134m[48;2;229;229;229m▀[0m[38;2;0;0;0m[48;2;28;13;19m▀[0m
[38;2;0;0;0m[48;2;73;66;70m▀[0m[38;2;229;229;229m[48;2;229;229;229m▀[0m[38;2;152;229;229m[48;2;0;82;77m▀[0m[38;2;0;51;45m[48;2;12;39;36m▀[0m[38;2;0;0;0m[48;2;1;22;17m▀[0m[38;2;0;0;0m[48;2;0;0;0m▀[0m[38;2;0;0;0m[48;2;0;0;0m▀[0m[38;2;0;0;0m[48;2;0;0;0m▀[0m[38;2;0;0;0m[48;2;6;117;109m▀[0m[38;2;116;147;147m[48;2;69;127;124m▀[0m[38;2;229;229;229m[48;2;124;156;152m▀[0m[38;2;72;137;129m[48;2;63;133;125m▀[0m[38;2;152;218;211m[48;2;159;224;221m▀[0m[38;2;142;199;192m[48;2;133;208;202m▀[0m[38;2;221;229;229m[48;2;169;229;229m▀[0m[38;2;108;134;144m[48;2;180;196;199m▀[0m[38;2;102;100;103m[48;2;215;212;216m▀[0m[38;2;229;118;120m[48;2;229;229;229m▀[0m[38;2;229;12;0m[48;2;229;229;229m▀[0m[38;2;229;229;229m[48;2;229;229;229m▀[0m[38;2;229;229;229m[48;2;229;156;152m▀[0m[38;2;229;229;229m[48;2;229;0;0m▀[0m[38;2;229;229;229m[48;2;229;70;68m▀[0m[38;2;229;229;229m[48;2;229;0;0m▀[0m[38;2;229;229;229m[48;2;229;229;229m▀[0m[38;2;229;224;223m[48;2;229;229;229m▀[0m[38;2;229;57;54m[48;2;229;229;229m▀[0m[38;2;190;85;84m[48;2;229;229;229m▀[0m[38;2;206;171;171m[48;2;207;203;202m▀[0m[38;2;128;132;135m[48;2;143;134;135m▀[0m[38;2;199;198;195m[48;2;229;229;229m▀[0m[38;2;155;205;202m[48;2;127;206;196m▀[0m[38;2;164;225;216m[48;2;144;205;198m▀[0m[38;2;103;168;158m[48;2;156;229;220m▀[0m[38;2;229;229;229m[48;2;71;129;125m▀[0m[38;2;178;204;202m[48;2;45;70;73m▀[0m[38;2;0;0;0m[48;2;0;50;54m▀[0m[38;2;0;0;0m[48;2;0;0;0m▀[0m[38;2;0;0;0m[48;2;0;0;0m▀[0m[38;2;0;0;0m[48;2;0;0;0m▀[0m[38;2;11;38;36m[48;2;10;20;19m▀[0m[38;2;0;27;22m[48;2;23;62;54m▀[0m[38;2;100;188;178m[48;2;0;67;60m▀[0m[38;2;214;221;225m[48;2;159;216;212m▀[0m
[38;2;117;124;126m[48;2;106;125;122m▀[0m[38;2;99;180;177m[48;2;46;99;98m▀[0m[38;2;0;57;52m[48;2;9;50;47m▀[0m[38;2;15;30;26m[48;2;19;45;37m▀[0m[38;2;22;47;40m[48;2;27;57;53m▀[0m[38;2;25;55;46m[48;2;19;45;41m▀[0m[38;2;0;0;0m[48;2;0;7;4m▀[0m[38;2;0;1;3m[48;2;54;54;56m▀[0m[38;2;39;186;182m[48;2;225;198;207m▀[0m[38;2;59;92;94m[48;2;131;203;196m▀[0m[38;2;0;0;0m[48;2;18;65;57m▀[0m[38;2;119;196;186m[48;2;77;135;131m▀[0m[38;2;151;216;213m[48;2;128;200;198m▀[0m[38;2;102;152;149m[48;2;145;174;176m▀[0m[38;2;229;229;229m[48;2;229;229;229m▀[0m[38;2;203;210;210m[48;2;29;11;9m▀[0m[38;2;215;229;229m[48;2;206;103;96m▀[0m[38;2;81;135;136m[48;2;211;213;214m▀[0m[38;2;0;93;99m[48;2;0;81;86m▀[0m[38;2;229;229;229m[48;2;0;0;0m▀[0m[38;2;229;0;0m[48;2;198;1;0m▀[0m[38;2;131;1;0m[48;2;0;63;64m▀[0m[38;2;53;94;87m[48;2;0;13;14m▀[0m[38;2;120;0;0m[48;2;67;82;58m▀[0m[38;2;187;0;0m[48;2;172;0;0m▀[0m[38;2;229;229;229m[48;2;229;229;229m▀[0m[38;2;229;229;229m[48;2;0;0;0m▀[0m[38;2;52;107;108m[48;2;0;53;54m▀[0m[38;2;229;229;229m[48;2;229;229;229m▀[0m[38;2;193;189;189m[48;2;66;63;59m▀[0m[38;2;160;144;147m[48;2;229;229;229m▀[0m[38;2;207;228;229m[48;2;229;229;229m▀[0m[38;2;144;216;208m[48;2;121;196;192m▀[0m[38;2;135;219;212m[48;2;157;225;216m▀[0m[38;2;0;0;0m[48;2;0;21;16m▀[0m[38;2;44;44;46m[48;2;229;229;229m▀[0m[38;2;27;108;106m[48;2;229;229;224m▀[0m[38;2;0;0;0m[48;2;3;22;21m▀[0m[38;2;9;22;19m[48;2;3;27;23m▀[0m[38;2;34;63;63m[48;2;26;59;54m▀[0m[38;2;22;38;36m[48;2;31;56;51m▀[0m[38;2;26;58;53m[48;2;25;53;46m▀[0m[38;2;11;57;53m[48;2;35;83;79m▀[0m[38;2;74;132;124m[48;2;28;52;44m▀[0m
[38;2;77;90;87m[48;2;52;60;59m▀[0m[38;2;36;78;74m[48;2;54;112;105m▀[0m[38;2;24;65;61m[48;2;23;63;56m▀[0m[38;2;25;52;45m[48;2;28;66;56m▀[0m[38;2;31;70;60m[48;2;31;70;63m▀[0m[38;2;20;40;37m[48;2;21;53;45m▀[0m[38;2;9;23;21m[48;2;0;12;11m▀[0m[38;2;37;66;64m[48;2;62;133;126m▀[0m[38;2;171;229;229m[48;2;96;213;203m▀[0m[38;2;81;161;154m[48;2;115;229;221m▀[0m[38;2;70;141;135m[48;2;27;77;72m▀[0m[38;2;16;64;63m[48;2;0;0;0m▀[0m[38;2;161;212;205m[48;2;152;189;185m▀[0m[38;2;221;229;229m[48;2;229;229;229m▀[0m[38;2;85;112;107m[48;2;55;0;0m▀[0m[38;2;229;229;229m[48;2;223;199;199m▀[0m[38;2;229;155;152m[48;2;0;92;97m▀[0m[38;2;229;229;229m[48;2;0;61;57m▀[0m[38;2;229;229;229m[48;2;194;177;176m▀[0m[38;2;200;229;229m[48;2;229;229;229m▀[0m[38;2;229;229;229m[48;2;229;229;229m▀[0m[38;2;229;163;155m[48;2;170;229;229m▀[0m[38;2;229;229;229m[48;2;190;198;194m▀[0m[38;2;229;164;140m[48;2;211;204;207m▀[0m[38;2;229;229;229m[48;2;229;229;229m▀[0m[38;2;189;229;229m[48;2;229;229;229m▀[0m[38;2;157;179;177m[48;2;229;229;229m▀[0m[38;2;229;229;229m[48;2;0;0;0m▀[0m[38;2;165;196;196m[48;2;0;22;15m▀[0m[38;2;229;229;229m[48;2;183;190;189m▀[0m[38;2;94;92;90m[48;2;134;67;60m▀[0m[38;2;155;168;171m[48;2;229;221;221m▀[0m[38;2;229;229;229m[48;2;138;205;198m▀[0m[38;2;42;120;108m[48;2;32;55;51m▀[0m[38;2;0;49;46m[48;2;0;0;0m▀[0m[38;2;122;189;181m[48;2;84;189;177m▀[0m[38;2;191;229;229m[48;2;106;229;216m▀[0m[38;2;28;72;68m[48;2;67;136;132m▀[0m[38;2;6;36;32m[48;2;1;32;32m▀[0m[38;2;21;52;45m[48;2;25;56;53m▀[0m[38;2;34;72;64m[48;2;34;75;68m▀[0m[38;2;23;51;46m[48;2;27;65;58m▀[0m[38;2;49;108;105m[48;2;45;99;90m▀[0m[38;2;21;37;35m[48;2;53;91;91m▀[0m
[38;2;54;63;63m[48;2;74;90;93m▀[0m[38;2;75;147;142m[48;2;90;154;148m▀[0m[38;2;15;59;54m[48;2;12;70;64m▀[0m[38;2;34;88;81m[48;2;45;111;103m▀[0m[38;2;32;73;67m[48;2;8;25;24m▀[0m[38;2;0;0;0m[48;2;14;22;22m▀[0m[38;2;40;84;79m[48;2;126;229;228m▀[0m[38;2;136;229;229m[48;2;81;140;135m▀[0m[38;2;113;212;204m[48;2;0;0;0m▀[0m[38;2;3;11;9m[48;2;0;0;0m▀[0m[38;2;0;0;0m[48;2;0;0;0m▀[0m[38;2;59;33;35m[48;2;0;14;12m▀[0m[38;2;229;213;214m[48;2;0;44;42m▀[0m[38;2;90;82;85m[48;2;0;0;0m▀[0m[38;2;229;229;229m[48;2;2;71;71m▀[0m[38;2;229;229;229m[48;2;0;5;6m▀[0m[38;2;229;229;229m[48;2;117;133;131m▀[0m[38;2;0;40;43m[48;2;229;229;229m▀[0m[38;2;0;0;0m[48;2;229;229;229m▀[0m[38;2;173;216;211m[48;2;181;200;200m▀[0m[38;2;229;229;229m[48;2;99;136;130m▀[0m[38;2;229;229;229m[48;2;229;229;229m▀[0m[38;2;59;96;102m[48;2;99;127;133m▀[0m[38;2;229;229;229m[48;2;219;229;229m▀[0m[38;2;229;229;229m[48;2;156;207;203m▀[0m[38;2;215;229;229m[48;2;115;168;160m▀[0m[38;2;0;36;36m[48;2;229;229;229m▀[0m[38;2;52;82;80m[48;2;229;229;229m▀[0m[38;2;229;229;229m[48;2;206;206;206m▀[0m[38;2;229;229;229m[48;2;0;37;33m▀[0m[38;2;208;229;228m[48;2;0;0;0m▀[0m[38;2;87;82;84m[48;2;124;97;99m▀[0m[38;2;81;54;57m[48;2;80;104;103m▀[0m[38;2;176;175;171m[48;2;34;105;100m▀[0m[38;2;0;0;0m[48;2;0;16;13m▀[0m[38;2;0;0;0m[48;2;0;27;35m▀[0m[38;2;70;132;127m[48;2;0;0;0m▀[0m[38;2;149;229;229m[48;2;27;42;40m▀[0m[38;2;60;113;109m[48;2;113;191;185m▀[0m[38;2;8;28;27m[48;2;30;51;50m▀[0m[38;2;35;77;72m[48;2;11;41;36m▀[0m[38;2;36;84;76m[48;2;43;110;101m▀[0m[38;2;32;78;73m[48;2;22;73;65m▀[0m[38;2;82;144;144m[48;2;99;170;166m▀[0m
[38;2;117;125;125m[48;2;76;113;116m▀[0m[38;2;60;131;126m[48;2;46;122;113m▀[0m[38;2;21;87;78m[48;2;31;103;94m▀[0m[38;2;44;117;108m[48;2;38;107;97m▀[0m[38;2;0;0;0m[48;2;2;5;5m▀[0m[38;2;9;2;2m[48;2;67;165;165m▀[0m[38;2;21;33;33m[48;2;74;200;199m▀[0m[38;2;19;53;54m[48;2;45;131;131m▀[0m[38;2;49;120;124m[48;2;1;16;16m▀[0m[38;2;31;78;78m[48;2;0;0;0m▀[0m[38;2;0;0;0m[48;2;0;0;0m▀[0m[38;2;87;167;157m[48;2;198;229;229m▀[0m[38;2;7;90;86m[48;2;229;229;229m▀[0m[38;2;31;35;36m[48;2;221;198;196m▀[0m[38;2;229;229;229m[48;2;229;229;229m▀[0m[38;2;150;153;157m[48;2;229;229;229m▀[0m[38;2;0;27;26m[48;2;229;229;229m▀[0m[38;2;144;184;177m[48;2;229;229;229m▀[0m[38;2;229;229;229m[48;2;229;229;229m▀[0m[38;2;229;229;229m[48;2;229;229;229m▀[0m[38;2;118;134;130m[48;2;219;228;225m▀[0m[38;2;142;209;202m[48;2;9;82;75m▀[0m[38;2;80;115;117m[48;2;0;11;8m▀[0m[38;2;167;229;228m[48;2;0;52;38m▀[0m[38;2;87;129;125m[48;2;84;123;120m▀[0m[38;2;229;229;229m[48;2;229;229;229m▀[0m[38;2;229;229;229m[48;2;229;198;190m▀[0m[38;2;197;209;213m[48;2;229;229;229m▀[0m[38;2;0;66;63m[48;2;229;229;229m▀[0m[38;2;50;85;87m[48;2;229;229;229m▀[0m[38;2;229;229;229m[48;2;229;229;229m▀[0m[38;2;229;229;229m[48;2;229;229;229m▀[0m[38;2;0;0;2m[48;2;156;133;122m▀[0m[38;2;162;229;229m[48;2;229;229;229m▀[0m[38;2;34;76;68m[48;2;57;113;105m▀[0m[38;2;0;0;0m[48;2;0;0;0m▀[0m[38;2;24;81;81m[48;2;0;0;0m▀[0m[38;2;42;108;105m[48;2;42;113;114m▀[0m[38;2;4;6;6m[48;2;108;229;229m▀[0m[38;2;0;0;0m[48;2;81;189;185m▀[0m[38;2;0;0;0m[48;2;4;3;3m▀[0m[38;2;47;126;117m[48;2;34;103;99m▀[0m[38;2;26;90;82m[48;2;39;110;105m▀[0m[38;2;73;138;135m[48;2;48;114;108m▀[0m
[38;2;81;111;108m[48;2;0;8;8m▀[0m[38;2;43;133;123m[48;2;26;134;126m▀[0m[38;2;37;116;108m[48;2;47;145;139m▀[0m[38;2;32;87;76m[48;2;44;125;116m▀[0m[38;2;19;48;48m[48;2;0;0;0m▀[0m[38;2;113;229;229m[48;2;14;46;54m▀[0m[38;2;13;49;49m[48;2;0;0;0m▀[0m[38;2;0;0;0m[48;2;0;0;0m▀[0m[38;2;0;0;0m[48;2;0;0;0m▀[0m[38;2;0;0;0m[48;2;0;0;0m▀[0m[38;2;0;0;0m[48;2;0;0;0m▀[0m[38;2;229;229;229m[48;2;229;229;229m▀[0m[38;2;229;229;229m[48;2;229;229;229m▀[0m[38;2;229;229;229m[48;2;229;229;229m▀[0m[38;2;229;229;229m[48;2;229;229;229m▀[0m[38;2;229;229;229m[48;2;229;229;229m▀[0m[38;2;229;223;220m[48;2;229;229;229m▀[0m[38;2;229;222;219m[48;2;229;197;189m▀[0m[38;2;229;229;229m[48;2;229;191;183m▀[0m[38;2;229;229;229m[48;2;229;229;229m▀[0m[38;2;229;229;229m[48;2;229;229;229m▀[0m[38;2;0;66;60m[48;2;0;0;0m▀[0m[38;2;2;72;63m[48;2;71;72;69m▀[0m[38;2;0;14;1m[48;2;0;0;0m▀[0m[38;2;106;154;155m[48;2;144;181;183m▀[0m[38;2;229;229;229m[48;2;229;229;229m▀[0m[38;2;229;216;212m[48;2;229;229;229m▀[0m[38;2;229;229;229m[48;2;229;229;229m▀[0m[38;2;229;229;229m[48;2;227;229;229m▀[0m[38;2;229;229;229m[48;2;226;229;229m▀[0m[38;2;229;229;229m[48;2;229;229;229m▀[0m[38;2;229;229;229m[48;2;229;229;229m▀[0m[38;2;229;229;229m[48;2;229;229;229m▀[0m[38;2;229;229;229m[48;2;229;229;229m▀[0m[38;2;83;142;142m[48;2;61;108;107m▀[0m[38;2;0;0;0m[48;2;0;0;0m▀[0m[38;2;0;0;0m[48;2;0;0;0m▀[0m[38;2;0;0;0m[48;2;0;0;0m▀[0m[38;2;36;116;117m[48;2;0;0;0m▀[0m[38;2;143;229;229m[48;2;52;156;153m▀[0m[38;2;33;74;73m[48;2;0;0;0m▀[0m[38;2;20;64;61m[48;2;23;89;83m▀[0m[38;2;46;128;122m[48;2;38;140;134m▀[0m[38;2;32;104;97m[48;2;23;107;101m▀[0m
[38;2;113;98;97m[48;2;137;141;140m▀[0m[38;2;38;103;97m[48;2;229;229;229m▀[0m[38;2;26;120;116m[48;2;93;96;97m▀[0m[38;2;3;28;25m[48;2;0;0;0m▀[0m[38;2;0;0;2m[48;2;0;7;7m▀[0m[38;2;0;8;10m[48;2;0;12;12m▀[0m[38;2;0;0;0m[48;2;0;0;0m▀[0m[38;2;0;0;0m[48;2;0;0;0m▀[0m[38;2;0;0;0m[48;2;0;0;0m▀[0m[38;2;0;0;0m[48;2;0;0;0m▀[0m[38;2;0;0;0m[48;2;0;0;0m▀[0m[38;2;182;229;229m[48;2;109;187;179m▀[0m[38;2;229;229;229m[48;2;229;229;229m▀[0m[38;2;227;229;229m[48;2;212;229;229m▀[0m[38;2;212;229;229m[48;2;200;229;228m▀[0m[38;2;229;229;229m[48;2;212;229;229m▀[0m[38;2;229;229;229m[48;2;227;229;229m▀[0m[38;2;215;229;229m[48;2;208;229;229m▀[0m[38;2;229;50;42m[48;2;229;38;34m▀[0m[38;2;229;229;229m[48;2;229;2;0m▀[0m[38;2;229;229;229m[48;2;184;229;229m▀[0m[38;2;0;0;0m[48;2;17;76;72m▀[0m[38;2;154;131;128m[48;2;229;229;229m▀[0m[38;2;0;0;0m[48;2;0;28;17m▀[0m[38;2;191;76;64m[48;2;156;153;151m▀[0m[38;2;229;229;229m[48;2;229;229;229m▀[0m[38;2;229;229;229m[48;2;227;229;229m▀[0m[38;2;229;229;229m[48;2;212;229;229m▀[0m[38;2;223;229;229m[48;2;199;218;215m▀[0m[38;2;229;229;229m[48;2;229;229;229m▀[0m[38;2;216;229;229m[48;2;205;229;229m▀[0m[38;2;229;229;229m[48;2;215;229;229m▀[0m[38;2;229;229;229m[48;2;223;229;229m▀[0m[38;2;229;229;229m[48;2;210;229;229m▀[0m[38;2;14;47;43m[48;2;0;0;0m▀[0m[38;2;0;0;0m[48;2;0;0;0m▀[0m[38;2;0;0;0m[48;2;0;0;0m▀[0m[38;2;0;0;0m[48;2;0;0;0m▀[0m[38;2;0;0;0m[48;2;0;0;0m▀[0m[38;2;0;2;3m[48;2;0;0;0m▀[0m[38;2;0;0;0m[48;2;0;0;0m▀[0m[38;2;0;4;3m[48;2;54;49;54m▀[0m[38;2;26;116;108m[48;2;229;229;229m▀[0m[38;2;25;102;99m[48;2;229;229;229m▀[0m
[38;2;0;0;0m[48;2;0;0;0m▀[0m[38;2;129;141;144m[48;2;77;62;65m▀[0m[38;2;30;37;36m[48;2;0;0;0m▀[0m[38;2;0;0;0m[48;2;0;0;0m▀[0m[38;2;0;13;11m[48;2;11;0;0m▀[0m[38;2;0;0;0m[48;2;0;0;0m▀[0m[38;2;0;0;0m[48;2;1;5;2m▀[0m[38;2;0;0;0m[48;2;50;117;115m▀[0m[38;2;24;59;59m[48;2;82;207;208m▀[0m[38;2;53;152;153m[48;2;97;229;229m▀[0m[38;2;0;0;0m[48;2;0;0;0m▀[0m[38;2;36;82;74m[48;2;0;0;0m▀[0m[38;2;229;229;229m[48;2;187;229;229m▀[0m[38;2;200;229;229m[48;2;205;229;229m▀[0m[38;2;192;229;221m[48;2;184;225;218m▀[0m[38;2;193;229;225m[48;2;182;221;215m▀[0m[38;2;206;229;229m[48;2;185;225;220m▀[0m[38;2;196;229;229m[48;2;184;229;229m▀[0m[38;2;229;152;144m[48;2;198;218;208m▀[0m[38;2;229;157;150m[48;2;229;223;210m▀[0m[38;2;149;169;157m[48;2;99;79;67m▀[0m[38;2;18;110;106m[48;2;120;166;166m▀[0m[38;2;229;229;229m[48;2;229;229;229m▀[0m[38;2;84;149;141m[48;2;173;213;207m▀[0m[38;2;104;160;156m[48;2;0;82;78m▀[0m[38;2;229;229;229m[48;2;184;229;229m▀[0m[38;2;220;229;229m[48;2;229;104;99m▀[0m[38;2;221;139;134m[48;2;208;207;202m▀[0m[38;2;196;222;220m[48;2;199;229;229m▀[0m[38;2;207;229;229m[48;2;189;226;224m▀[0m[38;2;198;229;225m[48;2;189;228;222m▀[0m[38;2;204;229;229m[48;2;193;228;222m▀[0m[38;2;226;229;229m[48;2;217;229;229m▀[0m[38;2;144;185;174m[48;2;47;79;76m▀[0m[38;2;0;0;0m[48;2;0;81;86m▀[0m[38;2;27;109;110m[48;2;65;171;172m▀[0m[38;2;0;0;0m[48;2;60;181;181m▀[0m[38;2;0;0;0m[48;2;35;103;103m▀[0m[38;2;0;0;0m[48;2;0;0;0m▀[0m[38;2;0;0;0m[48;2;0;0;0m▀[0m[38;2;41;0;0m[48;2;6;0;0m▀[0m[38;2;77;0;0m[48;2;84;0;0m▀[0m[38;2;21;26;30m[48;2;0;0;0m▀[0m[38;2;184;194;192m[48;2;0;0;0m▀[0m
[38;2;0;0;0m[48;2;0;80;70m▀[0m[38;2;10;37;35m[48;2;171;226;221m▀[0m[38;2;8;35;33m[48;2;229;229;229m▀[0m[38;2;0;0;0m[48;2;106;211;207m▀[0m[38;2;0;0;0m[48;2;0;0;0m▀[0m[38;2;0;0;0m[48;2;4;45;45m▀[0m[38;2;90;221;215m[48;2;81;223;222m▀[0m[38;2;92;229;229m[48;2;51;184;180m▀[0m[38;2;45;144;144m[48;2;36;158;157m▀[0m[38;2;80;229;229m[48;2;9;229;229m▀[0m[38;2;132;61;60m[48;2;87;171;173m▀[0m[38;2;0;0;0m[48;2;0;0;0m▀[0m[38;2;90;171;161m[48;2;0;33;28m▀[0m[38;2;208;229;229m[48;2;173;229;229m▀[0m[38;2;179;222;216m[48;2;182;221;214m▀[0m[38;2;178;217;210m[48;2;174;214;207m▀[0m[38;2;176;216;205m[48;2;167;210;199m▀[0m[38;2;173;225;222m[48;2;167;210;203m▀[0m[38;2;182;220;215m[48;2;171;229;225m▀[0m[38;2;229;188;176m[48;2;199;165;153m▀[0m[38;2;25;79;72m[48;2;18;57;47m▀[0m[38;2;186;207;205m[48;2;84;155;144m▀[0m[38;2;229;229;229m[48;2;229;229;229m▀[0m[38;2;229;229;229m[48;2;194;229;229m▀[0m[38;2;0;62;53m[48;2;75;0;0m▀[0m[38;2;229;49;38m[48;2;229;0;0m▀[0m[38;2;229;177;172m[48;2;180;229;229m▀[0m[38;2;180;229;229m[48;2;181;225;221m▀[0m[38;2;183;223;219m[48;2;173;217;214m▀[0m[38;2;185;221;219m[48;2;176;215;209m▀[0m[38;2;184;223;216m[48;2;180;216;214m▀[0m[38;2;188;226;220m[48;2;182;229;225m▀[0m[38;2;168;229;223m[48;2;63;126;117m▀[0m[38;2;0;0;0m[48;2;0;0;0m▀[0m[38;2;36;141;148m[48;2;63;136;138m▀[0m[38;2;34;142;150m[48;2;89;124;135m▀[0m[38;2;96;181;189m[48;2;74;167;167m▀[0m[38;2;100;227;227m[48;2;66;205;199m▀[0m[38;2;4;57;54m[48;2;87;229;229m▀[0m[38;2;0;0;0m[48;2;0;0;0m▀[0m[38;2;0;0;0m[48;2;0;0;0m▀[0m[38;2;36;77;77m[48;2;229;229;229m▀[0m[38;2;72;79;73m[48;2;229;229;229m▀[0m[38;2;0;0;0m[48;2;229;229;229m▀[0m
[38;2;229;229;229m[48;2;229;229;229m▀[0m[38;2;229;229;229m[48;2;229;229;229m▀[0m[38;2;229;229;229m[48;2;229;229;229m▀[0m[38;2;154;213;212m[48;2;229;229;229m▀[0m[38;2;0;0;0m[48;2;12;19;15m▀[0m[38;2;0;99;96m[48;2;23;35;37m▀[0m[38;2;44;223;216m[48;2;148;120;134m▀[0m[38;2;42;188;184m[48;2;191;24;28m▀[0m[38;2;10;213;211m[48;2;229;0;0m▀[0m[38;2;138;95;93m[48;2;229;0;0m▀[0m[38;2;229;0;0m[48;2;229;0;0m▀[0m[38;2;64;0;0m[48;2;229;59;63m▀[0m[38;2;0;0;0m[48;2;177;200;204m▀[0m[38;2;95;177;166m[48;2;11;70;65m▀[0m[38;2;174;220;213m[48;2;140;205;195m▀[0m[38;2;174;212;207m[48;2;176;214;207m▀[0m[38;2;168;207;203m[48;2;179;212;208m▀[0m[38;2;163;207;200m[48;2;167;207;202m▀[0m[38;2;169;229;229m[48;2;185;229;227m▀[0m[38;2;185;166;157m[48;2;164;195;190m▀[0m[38;2;82;25;18m[48;2;5;15;12m▀[0m[38;2;198;229;229m[48;2;229;229;229m▀[0m[38;2;229;229;229m[48;2;229;229;229m▀[0m[38;2;162;229;229m[48;2;182;229;229m▀[0m[38;2;26;0;0m[48;2;36;54;42m▀[0m[38;2;196;68;63m[48;2;108;131;131m▀[0m[38;2;179;229;229m[48;2;199;229;229m▀[0m[38;2;171;213;206m[48;2;163;210;204m▀[0m[38;2;171;211;205m[48;2;170;208;203m▀[0m[38;2;172;211;205m[48;2;175;214;208m▀[0m[38;2;179;216;208m[48;2;171;212;209m▀[0m[38;2;138;210;201m[48;2;36;126;115m▀[0m[38;2;0;18;13m[48;2;67;76;80m▀[0m[38;2;18;0;0m[48;2;229;229;229m▀[0m[38;2;51;72;72m[48;2;229;183;185m▀[0m[38;2;142;27;29m[48;2;229;0;0m▀[0m[38;2;58;148;148m[48;2;229;0;0m▀[0m[38;2;93;145;134m[48;2;217;2;0m▀[0m[38;2;62;229;228m[48;2;149;65;65m▀[0m[38;2;0;0;0m[48;2;0;0;0m▀[0m[38;2;0;0;0m[48;2;174;201;201m▀[0m[38;2;229;229;229m[48;2;229;229;229m▀[0m[38;2;229;229;229m[48;2;229;229;229m▀[0m[38;2;229;229;229m[48;2;229;229;229m▀[0m
[38;2;179;210;210m[48;2;187;190;191m▀[0m[38;2;219;229;229m[48;2;109;114;114m▀[0m[38;2;216;229;229m[48;2;87;99;97m▀[0m[38;2;229;229;229m[48;2;189;192;193m▀[0m[38;2;229;229;229m[48;2;225;196;198m▀[0m[38;2;0;66;78m[48;2;0;43;45m▀[0m[38;2;78;156;162m[48;2;0;198;198m▀[0m[38;2;229;0;0m[48;2;0;135;139m▀[0m[38;2;229;0;0m[48;2;135;8;8m▀[0m[38;2;227;0;0m[48;2;191;128;128m▀[0m[38;2;161;0;0m[48;2;193;229;229m▀[0m[38;2;229;229;229m[48;2;229;229;229m▀[0m[38;2;174;229;229m[48;2;170;229;229m▀[0m[38;2;0;27;23m[48;2;0;42;39m▀[0m[38;2;78;154;144m[48;2;22;91;85m▀[0m[38;2;156;202;195m[48;2;90;161;153m▀[0m[38;2;180;215;210m[48;2;158;198;193m▀[0m[38;2;161;204;197m[48;2;82;146;136m▀[0m[38;2;210;229;229m[48;2;227;229;229m▀[0m[38;2;163;203;197m[48;2;163;206;199m▀[0m[38;2;0;29;28m[48;2;45;45;38m▀[0m[38;2;229;229;229m[48;2;173;225;220m▀[0m[38;2;229;229;229m[48;2;155;203;197m▀[0m[38;2;229;229;229m[48;2;216;229;229m▀[0m[38;2;53;118;109m[48;2;108;109;105m▀[0m[38;2;90;125;125m[48;2;121;126;121m▀[0m[38;2;223;229;229m[48;2;223;229;229m▀[0m[38;2;153;200;195m[48;2;90;148;143m▀[0m[38;2;174;209;206m[48;2;185;222;213m▀[0m[38;2;172;206;201m[48;2;114;176;165m▀[0m[38;2;110;177;171m[48;2;36;126;117m▀[0m[38;2;0;50;45m[48;2;0;23;24m▀[0m[38;2;126;147;147m[48;2;127;195;180m▀[0m[38;2;229;229;229m[48;2;229;229;229m▀[0m[38;2;229;229;229m[48;2;229;229;229m▀[0m[38;2;162;106;106m[48;2;229;229;229m▀[0m[38;2;229;0;0m[48;2;229;229;229m▀[0m[38;2;229;0;0m[48;2;154;130;130m▀[0m[38;2;158;0;0m[48;2;0;121;126m▀[0m[38;2;0;27;25m[48;2;21;115;115m▀[0m[38;2;229;229;229m[48;2;229;229;229m▀[0m[38;2;212;229;229m[48;2;85;90;90m▀[0m[38;2;229;229;229m[48;2;140;146;148m▀[0m[38;2;146;181;175m[48;2;110;110;112m▀[0m
