[38;2;0;0;0m[48;2;0;2;2m▀[0m[38;2;0;0;0m[48;2;0;0;0m▀[0m[38;2;0;0;0m[48;2;0;0;0m▀[0m[38;2;0;0;0m[48;2;0;0;0m▀[0m[38;2;37;32;31m[48;2;65;52;53m▀[0m[38;2;255;255;255m[48;2;255;255;255m▀[0m[38;2;65;120;118m[48;2;14;35;32m▀[0m[38;2;151;252;247m[48;2;0;0;0m▀[0m[38;2;255;255;255m[48;2;43;113;112m▀[0m[38;2;255;255;255m[48;2;255;255;255m▀[0m[38;2;136;139;136m[48;2;255;255;255m▀[0m[38;2;0;0;0m[48;2;113;135;129m▀[0m[38;2;0;48;45m[48;2;0;32;24m▀[0m[38;2;0;0;0m[48;2;0;0;0m▀[0m[38;2;0;0;0m[48;2;0;0;0m▀[0m[38;2;0;0;0m[48;2;120;114;122m▀[0m[38;2;0;0;0m[48;2;231;241;255m▀[0m[38;2;251;184;204m[48;2;255;255;231m▀[0m[38;2;255;255;100m[48;2;189;244;65m▀[0m[38;2;129;233;69m[48;2;142;233;95m▀[0m[38;2;183;255;102m[48;2;212;255;122m▀[0m[38;2;176;255;118m[48;2;174;255;114m▀[0m[38;2;225;255;175m[48;2;135;189;108m▀[0m[38;2;159;224;104m[48;2;161;240;103m▀[0m[38;2;159;236;101m[48;2;180;255;113m▀[0m[38;2;168;255;78m[48;2;135;253;82m▀[0m[38;2;255;255;255m[48;2;255;255;181m▀[0m[38;2;67;53;92m[48;2;207;175;200m▀[0m[38;2;0;0;0m[48;2;74;73;95m▀[0m[38;2;0;0;0m[48;2;0;0;0m▀[0m[38;2;62;151;146m[48;2;0;0;0m▀[0m[38;2;147;255;255m[48;2;17;81;80m▀[0m[38;2;0;0;0m[48;2;0;59;53m▀[0m[38;2;0;0;0m[48;2;106;118;111m▀[0m[38;2;154;152;150m[48;2;255;255;255m▀[0m[38;2;255;255;255m[48;2;255;255;255m▀[0m[38;2;255;255;255m[48;2;25;84;80m▀[0m[38;2;15;107;101m[48;2;0;0;0m▀[0m[38;2;185;207;204m[48;2;98;151;141m▀[0m[38;2;196;183;180m[48;2;236;236;231m▀[0m[38;2;0;0;0m[48;2;0;0;0m▀[0m[38;2;0;0;0m[48;2;0;0;0m▀[0m[38;2;0;0;0m[48;2;0;0;0m▀[0m[38;2;1;3;3m[48;2;1;1;1m▀[0m
[38;2;0;2;2m[48;2;0;2;2m▀[0m[38;2;0;0;0m[48;2;0;0;0m▀[0m[38;2;0;0;0m[48;2;0;0;0m▀[0m[38;2;0;0;0m[48;2;0;0;0m▀[0m[38;2;145;135;136m[48;2;137;148;147m▀[0m[38;2;252;255;255m[48;2;255;255;255m▀[0m[38;2;0;15;15m[48;2;0;0;0m▀[0m[38;2;255;255;255m[48;2;255;255;255m▀[0m[38;2;0;0;0m[48;2;163;191;185m▀[0m[38;2;167;234;233m[48;2;14;65;61m▀[0m[38;2;255;255;255m[48;2;255;255;255m▀[0m[38;2;255;255;255m[48;2;255;255;255m▀[0m[38;2;0;0;0m[48;2;9;9;9m▀[0m[38;2;0;0;0m[48;2;0;0;0m▀[0m[38;2;35;43;43m[48;2;0;0;0m▀[0m[38;2;255;255;255m[48;2;0;0;0m▀[0m[38;2;255;255;255m[48;2;0;0;0m▀[0m[38;2;115;107;79m[48;2;28;29;0m▀[0m[38;2;156;203;73m[48;2;0;17;0m▀[0m[38;2;161;246;107m[48;2;79;137;48m▀[0m[38;2;223;255;128m[48;2;120;187;52m▀[0m[38;2;136;208;84m[48;2;65;64;6m▀[0m[38;2;41;54;67m[48;2;24;29;102m▀[0m[38;2;137;191;69m[48;2;58;74;0m▀[0m[38;2;140;211;78m[48;2;175;228;82m▀[0m[38;2;97;186;70m[48;2;0;0;0m▀[0m[38;2;255;255;95m[48;2;165;172;34m▀[0m[38;2;230;239;250m[48;2;102;80;61m▀[0m[38;2;255;255;255m[48;2;0;0;0m▀[0m[38;2;255;253;255m[48;2;0;0;0m▀[0m[38;2;0;0;0m[48;2;0;0;0m▀[0m[38;2;0;0;0m[48;2;0;0;0m▀[0m[38;2;0;9;6m[48;2;0;0;0m▀[0m[38;2;255;255;255m[48;2;255;255;255m▀[0m[38;2;255;255;255m[48;2;255;255;255m▀[0m[38;2;0;59;53m[48;2;0;17;13m▀[0m[38;2;226;211;211m[48;2;255;255;255m▀[0m[38;2;255;255;255m[48;2;196;255;255m▀[0m[38;2;0;6;4m[48;2;0;0;0m▀[0m[38;2;255;255;255m[48;2;255;255;255m▀[0m[38;2;0;0;0m[48;2;0;0;0m▀[0m[38;2;0;0;0m[48;2;0;0;0m▀[0m[38;2;0;1;0m[48;2;0;0;0m▀[0m[38;2;0;0;0m[48;2;0;1;1m▀[0m
[38;2;0;0;0m[48;2;10;23;23m▀[0m[38;2;0;0;0m[48;2;6;14;14m▀[0m[38;2;0;0;0m[48;2;0;0;0m▀[0m[38;2;0;0;0m[48;2;0;0;0m▀[0m[38;2;67;107;113m[48;2;174;203;206m▀[0m[38;2;255;255;255m[48;2;119;212;212m▀[0m[38;2;23;28;23m[48;2;50;76;73m▀[0m[38;2;237;255;255m[48;2;253;255;255m▀[0m[38;2;255;255;255m[48;2;234;255;255m▀[0m[38;2;146;193;193m[48;2;255;255;255m▀[0m[38;2;190;255;255m[48;2;211;255;255m▀[0m[38;2;255;255;255m[48;2;255;255;255m▀[0m[38;2;6;8;9m[48;2;0;0;0m▀[0m[38;2;0;0;0m[48;2;0;0;0m▀[0m[38;2;0;0;0m[48;2;255;255;255m▀[0m[38;2;104;175;191m[48;2;255;255;255m▀[0m[38;2;117;96;68m[48;2;255;255;255m▀[0m[38;2;168;86;8m[48;2;228;246;214m▀[0m[38;2;65;29;0m[48;2;154;230;183m▀[0m[38;2;0;0;0m[48;2;36;78;40m▀[0m[38;2;45;20;0m[48;2;97;147;100m▀[0m[38;2;123;145;118m[48;2;137;255;255m▀[0m[38;2;170;255;255m[48;2;176;255;255m▀[0m[38;2;90;157;85m[48;2;119;225;172m▀[0m[38;2;209;251;84m[48;2;113;114;9m▀[0m[38;2;32;28;0m[48;2;50;21;0m▀[0m[38;2;0;0;0m[48;2;132;195;146m▀[0m[38;2;200;156;108m[48;2;75;235;230m▀[0m[38;2;69;62;46m[48;2;63;212;193m▀[0m[38;2;0;0;0m[48;2;234;255;255m▀[0m[38;2;0;0;0m[48;2;222;228;228m▀[0m[38;2;0;0;0m[48;2;0;4;0m▀[0m[38;2;0;0;0m[48;2;0;0;0m▀[0m[38;2;255;255;255m[48;2;255;255;255m▀[0m[38;2;154;218;211m[48;2;192;255;255m▀[0m[38;2;158;195;185m[48;2;255;255;255m▀[0m[38;2;255;255;255m[48;2;225;255;255m▀[0m[38;2;114;157;152m[48;2;187;254;248m▀[0m[38;2;112;129;128m[48;2;123;146;145m▀[0m[38;2;255;255;255m[48;2;255;255;255m▀[0m[38;2;0;0;0m[48;2;75;81;80m▀[0m[38;2;0;0;0m[48;2;0;0;0m▀[0m[38;2;0;0;0m[48;2;0;7;7m▀[0m[38;2;0;0;0m[48;2;0;6;6m▀[0m
[38;2;0;2;4m[48;2;0;0;0m▀[0m[38;2;0;0;0m[48;2;0;0;0m▀[0m[38;2;0;0;0m[48;2;0;0;0m▀[0m[38;2;0;0;0m[48;2;204;218;217m▀[0m[38;2;211;231;233m[48;2;189;225;225m▀[0m[38;2;123;126;120m[48;2;225;255;255m▀[0m[38;2;76;67;65m[48;2;255;255;255m▀[0m[38;2;135;185;180m[48;2;0;0;0m▀[0m[38;2;219;255;255m[48;2;190;255;255m▀[0m[38;2;255;255;255m[48;2;253;255;255m▀[0m[38;2;255;255;255m[48;2;255;255;255m▀[0m[38;2;255;255;255m[48;2;255;255;255m▀[0m[38;2;0;0;0m[48;2;8;0;0m▀[0m[38;2;247;82;75m[48;2;255;255;255m▀[0m[38;2;255;255;255m[48;2;255;255;255m▀[0m[38;2;255;255;255m[48;2;220;255;255m▀[0m[38;2;255;255;255m[48;2;255;255;255m▀[0m[38;2;255;255;255m[48;2;255;255;255m▀[0m[38;2;123;191;208m[48;2;255;255;255m▀[0m[38;2;0;45;48m[48;2;173;255;250m▀[0m[38;2;54;225;219m[48;2;140;255;255m▀[0m[38;2;112;225;215m[48;2;67;186;180m▀[0m[38;2;151;225;231m[48;2;168;226;225m▀[0m[38;2;79;214;206m[48;2;47;206;203m▀[0m[38;2;69;126;13m[48;2;146;255;255m▀[0m[38;2;30;109;62m[48;2;80;195;175m▀[0m[38;2;87;239;245m[48;2;202;217;222m▀[0m[38;2;217;255;255m[48;2;255;255;255m▀[0m[38;2;226;255;255m[48;2;255;255;255m▀[0m[38;2;255;255;255m[48;2;255;255;255m▀[0m[38;2;255;255;255m[48;2;255;255;255m▀[0m[38;2;202;190;189m[48;2;255;255;255m▀[0m[38;2;0;0;0m[48;2;1;0;0m▀[0m[38;2;209;255;255m[48;2;222;255;255m▀[0m[38;2;255;255;255m[48;2;255;255;255m▀[0m[38;2;245;255;255m[48;2;239;255;255m▀[0m[38;2;208;255;255m[48;2;154;254;250m▀[0m[38;2;108;147;143m[48;2;20;18;15m▀[0m[38;2;124;107;107m[48;2;255;255;255m▀[0m[38;2;46;59;62m[48;2;0;0;0m▀[0m[38;2;175;202;196m[48;2;255;255;255m▀[0m[38;2;0;0;0m[48;2;255;245;241m▀[0m[38;2;0;0;0m[48;2;0;0;0m▀[0m[38;2;0;0;0m[48;2;0;0;0m▀[0m
[38;2;0;10;8m[48;2;0;0;0m▀[0m[38;2;0;0;0m[48;2;56;37;41m▀[0m[38;2;213;192;195m[48;2;255;255;255m▀[0m[38;2;255;255;255m[48;2;119;237;226m▀[0m[38;2;158;233;225m[48;2;70;112;106m▀[0m[38;2;80;170;161m[48;2;6;50;47m▀[0m[38;2;195;255;255m[48;2;7;111;106m▀[0m[38;2;0;0;0m[48;2;0;0;0m▀[0m[38;2;61;92;87m[48;2;0;0;0m▀[0m[38;2;255;255;255m[48;2;234;255;255m▀[0m[38;2;255;255;255m[48;2;255;255;255m▀[0m[38;2;255;255;255m[48;2;255;255;255m▀[0m[38;2;242;189;185m[48;2;189;223;219m▀[0m[38;2;255;255;255m[48;2;211;200;200m▀[0m[38;2;198;251;247m[48;2;104;180;173m▀[0m[38;2;18;106;91m[48;2;174;185;183m▀[0m[38;2;255;255;255m[48;2;255;255;255m▀[0m[38;2;255;255;255m[48;2;142;125;123m▀[0m[38;2;131;239;236m[48;2;255;86;80m▀[0m[38;2;247;255;255m[48;2;255;255;255m▀[0m[38;2;255;255;255m[48;2;255;255;255m▀[0m[38;2;101;190;186m[48;2;255;255;255m▀[0m[38;2;198;255;255m[48;2;212;255;255m▀[0m[38;2;0;158;146m[48;2;176;228;219m▀[0m[38;2;255;255;255m[48;2;255;255;255m▀[0m[38;2;242;255;255m[48;2;255;255;255m▀[0m[38;2;98;165;170m[48;2;255;255;255m▀[0m[38;2;255;255;255m[48;2;134;176;178m▀[0m[38;2;255;255;255m[48;2;212;220;225m▀[0m[38;2;13;76;78m[48;2;103;131;132m▀[0m[38;2;248;255;255m[48;2;95;190;191m▀[0m[38;2;255;255;255m[48;2;255;255;255m▀[0m[38;2;225;185;186m[48;2;151;151;152m▀[0m[38;2;255;255;255m[48;2;255;255;255m▀[0m[38;2;255;255;255m[48;2;255;255;255m▀[0m[38;2;236;255;255m[48;2;226;255;255m▀[0m[38;2;64;103;101m[48;2;0;0;0m▀[0m[38;2;123;189;183m[48;2;0;45;42m▀[0m[38;2;251;255;255m[48;2;30;172;161m▀[0m[38;2;0;14;9m[48;2;9;31;28m▀[0m[38;2;180;242;237m[48;2;48;101;92m▀[0m[38;2;255;255;255m[48;2;76;181;172m▀[0m[38;2;204;180;181m[48;2;255;255;255m▀[0m[38;2;0;0;0m[48;2;39;18;26m▀[0m
[38;2;0;0;0m[48;2;100;90;95m▀[0m[38;2;255;255;255m[48;2;255;255;255m▀[0m[38;2;206;255;255m[48;2;0;112;104m▀[0m[38;2;0;69;62m[48;2;17;53;48m▀[0m[38;2;0;0;0m[48;2;2;30;23m▀[0m[38;2;0;0;0m[48;2;0;0;0m▀[0m[38;2;0;0;0m[48;2;0;0;0m▀[0m[38;2;0;0;0m[48;2;0;0;0m▀[0m[38;2;0;0;0m[48;2;8;158;148m▀[0m[38;2;157;200;200m[48;2;93;173;168m▀[0m[38;2;255;255;255m[48;2;168;212;206m▀[0m[38;2;98;186;175m[48;2;86;180;169m▀[0m[38;2;206;255;255m[48;2;215;255;255m▀[0m[38;2;192;255;255m[48;2;180;255;255m▀[0m[38;2;255;255;255m[48;2;229;255;255m▀[0m[38;2;147;181;196m[48;2;245;255;255m▀[0m[38;2;139;136;140m[48;2;255;255;255m▀[0m[38;2;255;161;163m[48;2;255;255;255m▀[0m[38;2;255;17;0m[48;2;255;255;255m▀[0m[38;2;255;255;255m[48;2;255;255;255m▀[0m[38;2;255;255;255m[48;2;255;212;206m▀[0m[38;2;255;255;255m[48;2;255;0;0m▀[0m[38;2;255;255;255m[48;2;255;95;92m▀[0m[38;2;255;255;255m[48;2;255;0;0m▀[0m[38;2;255;255;255m[48;2;255;255;255m▀[0m[38;2;255;255;255m[48;2;255;255;255m▀[0m[38;2;255;78;73m[48;2;255;255;255m▀[0m[38;2;255;115;114m[48;2;255;255;255m▀[0m[38;2;255;233;231m[48;2;255;255;255m▀[0m[38;2;174;179;184m[48;2;193;181;183m▀[0m[38;2;255;255;255m[48;2;255;255;255m▀[0m[38;2;211;255;255m[48;2;173;255;255m▀[0m[38;2;223;255;255m[48;2;196;255;255m▀[0m[38;2;140;228;214m[48;2;212;255;255m▀[0m[38;2;255;255;255m[48;2;96;175;169m▀[0m[38;2;241;255;255m[48;2;62;95;100m▀[0m[38;2;0;0;0m[48;2;0;68;73m▀[0m[38;2;0;0;0m[48;2;0;0;0m▀[0m[38;2;0;0;0m[48;2;0;0;0m▀[0m[38;2;0;0;0m[48;2;0;0;0m▀[0m[38;2;15;52;48m[48;2;14;28;26m▀[0m[38;2;0;37;30m[48;2;31;84;74m▀[0m[38;2;136;254;241m[48;2;0;91;81m▀[0m[38;2;255;255;255m[48;2;215;255;255m▀[0m
[38;2;159;168;170m[48;2;143;169;165m▀[0m[38;2;134;245;240m[48;2;63;135;132m▀[0m[38;2;0;78;70m[48;2;12;68;64m▀[0m[38;2;20;41;35m[48;2;26;61;51m▀[0m[38;2;30;64;54m[48;2;37;78;71m▀[0m[38;2;34;75;63m[48;2;26;61;56m▀[0m[38;2;0;0;0m[48;2;0;9;6m▀[0m[38;2;0;2;4m[48;2;74;74;76m▀[0m[38;2;53;252;247m[48;2;255;255;255m▀[0m[38;2;80;125;128m[48;2;178;255;255m▀[0m[38;2;0;0;0m[48;2;24;89;78m▀[0m[38;2;162;255;252m[48;2;104;183;178m▀[0m[38;2;204;255;255m[48;2;174;255;255m▀[0m[38;2;139;206;202m[48;2;197;236;239m▀[0m[38;2;255;255;255m[48;2;255;255;255m▀[0m[38;2;255;255;255m[48;2;40;15;13m▀[0m[38;2;255;255;255m[48;2;255;140;130m▀[0m[38;2;111;184;185m[48;2;255;255;255m▀[0m[38;2;0;126;134m[48;2;0;111;117m▀[0m[38;2;255;255;255m[48;2;0;0;0m▀[0m[38;2;255;0;0m[48;2;255;2;0m▀[0m[38;2;178;2;0m[48;2;0;86;87m▀[0m[38;2;71;128;118m[48;2;0;18;19m▀[0m[38;2;163;0;0m[48;2;91;112;79m▀[0m[38;2;253;0;0m[48;2;234;0;0m▀[0m[38;2;255;255;255m[48;2;255;255;255m▀[0m[38;2;255;255;255m[48;2;0;0;0m▀[0m[38;2;70;145;146m[48;2;0;71;74m▀[0m[38;2;255;255;255m[48;2;255;255;255m▀[0m[38;2;255;255;255m[48;2;90;85;80m▀[0m[38;2;217;196;200m[48;2;255;255;255m▀[0m[38;2;255;255;255m[48;2;255;255;255m▀[0m[38;2;196;255;255m[48;2;164;255;255m▀[0m[38;2;184;255;255m[48;2;213;255;255m▀[0m[38;2;0;1;0m[48;2;0;29;21m▀[0m[38;2;59;59;63m[48;2;255;255;255m▀[0m[38;2;36;147;143m[48;2;255;255;255m▀[0m[38;2;0;0;0m[48;2;4;30;29m▀[0m[38;2;12;30;26m[48;2;4;36;31m▀[0m[38;2;46;85;85m[48;2;35;80;74m▀[0m[38;2;30;52;50m[48;2;42;76;69m▀[0m[38;2;35;79;71m[48;2;34;71;63m▀[0m[38;2;15;78;71m[48;2;47;113;107m▀[0m[38;2;101;179;168m[48;2;39;70;59m▀[0m
[38;2;104;123;118m[48;2;70;81;80m▀[0m[38;2;48;106;101m[48;2;74;152;142m▀[0m[38;2;32;89;82m[48;2;31;85;76m▀[0m[38;2;34;70;61m[48;2;39;90;76m▀[0m[38;2;42;95;81m[48;2;42;95;86m▀[0m[38;2;28;54;51m[48;2;29;71;62m▀[0m[38;2;12;31;29m[48;2;0;17;15m▀[0m[38;2;51;90;87m[48;2;84;180;170m▀[0m[38;2;231;255;255m[48;2;130;255;255m▀[0m[38;2;109;218;209m[48;2;156;255;255m▀[0m[38;2;95;191;184m[48;2;37;104;98m▀[0m[38;2;21;87;85m[48;2;0;0;0m▀[0m[38;2;218;255;255m[48;2;206;255;251m▀[0m[38;2;255;255;255m[48;2;255;255;255m▀[0m[38;2;115;152;145m[48;2;75;0;0m▀[0m[38;2;255;255;255m[48;2;255;255;255m▀[0m[38;2;255;211;206m[48;2;0;125;131m▀[0m[38;2;255;255;255m[48;2;0;82;78m▀[0m[38;2;255;255;255m[48;2;255;240;239m▀[0m[38;2;255;255;255m[48;2;255;255;255m▀[0m[38;2;255;255;255m[48;2;255;255;255m▀[0m[38;2;255;222;211m[48;2;230;255;255m▀[0m[38;2;255;255;255m[48;2;255;255;255m▀[0m[38;2;255;223;190m[48;2;255;255;255m▀[0m[38;2;255;255;255m[48;2;255;255;255m▀[0m[38;2;255;255;255m[48;2;255;255;255m▀[0m[38;2;213;242;240m[48;2;255;255;255m▀[0m[38;2;255;255;255m[48;2;0;0;0m▀[0m[38;2;224;255;255m[48;2;0;30;20m▀[0m[38;2;255;255;255m[48;2;248;255;255m▀[0m[38;2;128;125;123m[48;2;181;91;81m▀[0m[38;2;211;228;231m[48;2;255;255;255m▀[0m[38;2;255;255;255m[48;2;187;255;255m▀[0m[38;2;57;163;147m[48;2;43;75;69m▀[0m[38;2;0;67;63m[48;2;0;0;0m▀[0m[38;2;165;255;246m[48;2;114;255;240m▀[0m[38;2;255;255;255m[48;2;143;255;255m▀[0m[38;2;39;97;92m[48;2;91;185;179m▀[0m[38;2;8;50;43m[48;2;2;43;43m▀[0m[38;2;29;70;62m[48;2;34;76;71m▀[0m[38;2;46;97;87m[48;2;46;102;92m▀[0m[38;2;31;69;63m[48;2;37;89;79m▀[0m[38;2;67;146;142m[48;2;61;134;123m▀[0m[38;2;29;51;47m[48;2;71;124;124m▀[0m
[38;2;74;86;85m[48;2;101;122;126m▀[0m[38;2;102;200;192m[48;2;122;209;201m▀[0m[38;2;20;80;73m[48;2;17;95;87m▀[0m[38;2;46;119;111m[48;2;62;151;140m▀[0m[38;2;43;100;91m[48;2;10;34;32m▀[0m[38;2;0;0;0m[48;2;19;30;30m▀[0m[38;2;54;114;107m[48;2;170;255;255m▀[0m[38;2;185;255;255m[48;2;111;190;184m▀[0m[38;2;153;255;255m[48;2;0;0;0m▀[0m[38;2;4;15;13m[48;2;0;0;0m▀[0m[38;2;0;0;0m[48;2;0;0;0m▀[0m[38;2;80;45;47m[48;2;0;19;17m▀[0m[38;2;255;255;255m[48;2;0;59;57m▀[0m[38;2;123;112;115m[48;2;0;0;0m▀[0m[38;2;255;255;255m[48;2;3;96;96m▀[0m[38;2;255;255;255m[48;2;0;7;8m▀[0m[38;2;255;255;255m[48;2;158;180;178m▀[0m[38;2;0;54;58m[48;2;255;255;255m▀[0m[38;2;0;0;0m[48;2;255;255;255m▀[0m[38;2;235;255;255m[48;2;246;255;255m▀[0m[38;2;255;255;255m[48;2;135;185;176m▀[0m[38;2;255;255;255m[48;2;255;255;255m▀[0m[38;2;80;130;139m[48;2;134;173;180m▀[0m[38;2;255;255;255m[48;2;255;255;255m▀[0m[38;2;255;255;255m[48;2;212;255;255m▀[0m[38;2;255;255;255m[48;2;156;228;217m▀[0m[38;2;0;50;48m[48;2;255;255;255m▀[0m[38;2;70;112;108m[48;2;255;255;255m▀[0m[38;2;255;255;255m[48;2;255;255;255m▀[0m[38;2;255;255;255m[48;2;0;51;45m▀[0m[38;2;255;255;255m[48;2;0;0;0m▀[0m[38;2;118;112;114m[48;2;168;131;134m▀[0m[38;2;109;73;78m[48;2;108;141;140m▀[0m[38;2;239;237;233m[48;2;46;142;136m▀[0m[38;2;0;0;0m[48;2;0;21;18m▀[0m[38;2;0;0;0m[48;2;0;37;47m▀[0m[38;2;95;179;173m[48;2;0;0;0m▀[0m[38;2;202;255;255m[48;2;36;57;54m▀[0m[38;2;81;153;148m[48;2;153;255;251m▀[0m[38;2;10;39;36m[48;2;41;69;68m▀[0m[38;2;47;104;98m[48;2;15;56;50m▀[0m[38;2;48;114;103m[48;2;58;150;137m▀[0m[38;2;43;106;100m[48;2;30;100;89m▀[0m[38;2;112;196;195m[48;2;135;230;225m▀[0m
[38;2;158;169;169m[48;2;103;153;157m▀[0m[38;2;81;178;170m[48;2;63;165;153m▀[0m[38;2;29;118;106m[48;2;42;140;128m▀[0m[38;2;59;159;146m[48;2;52;145;131m▀[0m[38;2;0;0;0m[48;2;3;7;7m▀[0m[38;2;12;3;3m[48;2;91;224;224m▀[0m[38;2;29;45;45m[48;2;101;255;255m▀[0m[38;2;26;71;74m[48;2;61;178;178m▀[0m[38;2;67;163;168m[48;2;2;21;21m▀[0m[38;2;42;106;106m[48;2;0;0;0m▀[0m[38;2;0;0;0m[48;2;0;0;0m▀[0m[38;2;118;226;213m[48;2;255;255;255m▀[0m[38;2;9;122;117m[48;2;255;255;255m▀[0m[38;2;42;47;50m[48;2;255;255;255m▀[0m[38;2;255;255;255m[48;2;255;255;255m▀[0m[38;2;203;208;213m[48;2;255;255;255m▀[0m[38;2;0;36;35m[48;2;255;255;255m▀[0m[38;2;196;250;240m[48;2;255;255;255m▀[0m[38;2;255;255;255m[48;2;255;255;255m▀[0m[38;2;255;255;255m[48;2;255;255;255m▀[0m[38;2;161;181;176m[48;2;255;255;255m▀[0m[38;2;192;255;255m[48;2;12;112;102m▀[0m[38;2;108;156;158m[48;2;0;15;10m▀[0m[38;2;226;255;255m[48;2;0;70;52m▀[0m[38;2;118;175;169m[48;2;114;167;163m▀[0m[38;2;255;255;255m[48;2;255;255;255m▀[0m[38;2;255;255;255m[48;2;255;255;255m▀[0m[38;2;255;255;255m[48;2;255;255;255m▀[0m[38;2;0;90;85m[48;2;255;255;255m▀[0m[38;2;68;115;118m[48;2;255;255;255m▀[0m[38;2;255;255;255m[48;2;255;255;255m▀[0m[38;2;255;255;255m[48;2;255;255;255m▀[0m[38;2;0;0;3m[48;2;212;180;165m▀[0m[38;2;220;255;255m[48;2;255;255;255m▀[0m[38;2;46;103;92m[48;2;78;153;142m▀[0m[38;2;0;0;0m[48;2;0;0;0m▀[0m[38;2;32;109;109m[48;2;0;0;0m▀[0m[38;2;57;147;142m[48;2;57;153;154m▀[0m[38;2;6;8;8m[48;2;146;255;255m▀[0m[38;2;0;0;0m[48;2;111;255;251m▀[0m[38;2;0;0;0m[48;2;6;4;4m▀[0m[38;2;64;170;159m[48;2;46;140;135m▀[0m[38;2;35;122;112m[48;2;53;150;142m▀[0m[38;2;100;187;183m[48;2;65;154;147m▀[0m
[38;2;111;151;146m[48;2;0;10;10m▀[0m[38;2;58;180;167m[48;2;35;181;172m▀[0m[38;2;51;157;146m[48;2;64;197;189m▀[0m[38;2;43;118;103m[48;2;59;169;157m▀[0m[38;2;26;65;65m[48;2;0;0;0m▀[0m[38;2;153;255;255m[48;2;19;63;73m▀[0m[38;2;18;67;67m[48;2;0;0;0m▀[0m[38;2;0;0;0m[48;2;0;0;0m▀[0m[38;2;0;0;0m[48;2;0;0;0m▀[0m[38;2;0;0;0m[48;2;0;0;0m▀[0m[38;2;0;0;0m[48;2;0;0;0m▀[0m[38;2;255;255;255m[48;2;255;255;255m▀[0m[38;2;255;255;255m[48;2;255;255;255m▀[0m[38;2;255;255;255m[48;2;255;255;255m▀[0m[38;2;255;255;255m[48;2;255;255;255m▀[0m[38;2;255;255;255m[48;2;255;255;255m▀[0m[38;2;255;255;255m[48;2;255;255;255m▀[0m[38;2;255;255;255m[48;2;255;255;255m▀[0m[38;2;255;255;255m[48;2;255;255;248m▀[0m[38;2;255;255;255m[48;2;255;255;255m▀[0m[38;2;255;255;255m[48;2;255;255;255m▀[0m[38;2;0;90;81m[48;2;0;0;0m▀[0m[38;2;3;97;86m[48;2;96;97;93m▀[0m[38;2;0;19;2m[48;2;0;0;0m▀[0m[38;2;143;209;211m[48;2;196;246;248m▀[0m[38;2;255;255;255m[48;2;255;255;255m▀[0m[38;2;255;255;255m[48;2;255;255;255m▀[0m[38;2;255;255;255m[48;2;255;255;255m▀[0m[38;2;255;255;255m[48;2;255;255;255m▀[0m[38;2;255;255;255m[48;2;255;255;255m▀[0m[38;2;255;255;255m[48;2;255;255;255m▀[0m[38;2;255;255;255m[48;2;255;255;255m▀[0m[38;2;255;255;255m[48;2;255;255;255m▀[0m[38;2;255;255;255m[48;2;255;255;255m▀[0m[38;2;113;192;192m[48;2;82;147;145m▀[0m[38;2;0;0;0m[48;2;0;0;0m▀[0m[38;2;0;0;0m[48;2;0;0;0m▀[0m[38;2;0;0;0m[48;2;0;0;0m▀[0m[38;2;48;157;158m[48;2;0;0;0m▀[0m[38;2;193;255;255m[48;2;70;212;207m▀[0m[38;2;45;101;100m[48;2;0;0;0m▀[0m[38;2;28;87;82m[48;2;31;120;113m▀[0m[38;2;63;174;165m[48;2;52;190;181m▀[0m[38;2;43;141;131m[48;2;31;145;137m▀[0m
[38;2;153;132;131m[48;2;186;191;190m▀[0m[38;2;52;140;131m[48;2;255;255;255m▀[0m[38;2;35;163;157m[48;2;126;130;131m▀[0m[38;2;4;39;34m[48;2;0;0;0m▀[0m[38;2;0;0;3m[48;2;0;9;9m▀[0m[38;2;0;10;14m[48;2;0;17;17m▀[0m[38;2;0;0;0m[48;2;0;0;0m▀[0m[38;2;0;0;0m[48;2;0;0;0m▀[0m[38;2;0;0;0m[48;2;0;0;0m▀[0m[38;2;0;0;0m[48;2;0;0;0m▀[0m[38;2;0;0;0m[48;2;0;0;0m▀[0m[38;2;247;255;255m[48;2;148;253;242m▀[0m[38;2;255;255;255m[48;2;255;255;255m▀[0m[38;2;255;255;255m[48;2;255;255;255m▀[0m[38;2;255;255;255m[48;2;255;255;255m▀[0m[38;2;255;255;255m[48;2;255;255;255m▀[0m[38;2;255;255;255m[48;2;255;255;255m▀[0m[38;2;255;255;255m[48;2;255;255;255m▀[0m[38;2;255;68;57m[48;2;255;52;46m▀[0m[38;2;255;255;255m[48;2;255;3;0m▀[0m[38;2;255;255;255m[48;2;250;255;255m▀[0m[38;2;0;0;0m[48;2;23;103;98m▀[0m[38;2;209;178;174m[48;2;255;255;255m▀[0m[38;2;0;0;0m[48;2;0;39;23m▀[0m[38;2;255;103;87m[48;2;212;207;204m▀[0m[38;2;255;255;255m[48;2;255;255;255m▀[0m[38;2;255;255;255m[48;2;255;255;255m▀[0m[38;2;255;255;255m[48;2;255;255;255m▀[0m[38;2;255;255;255m[48;2;255;255;255m▀[0m[38;2;255;255;255m[48;2;255;255;255m▀[0m[38;2;255;255;255m[48;2;255;255;255m▀[0m[38;2;255;255;255m[48;2;255;255;255m▀[0m[38;2;255;255;255m[48;2;255;255;255m▀[0m[38;2;255;255;255m[48;2;255;255;255m▀[0m[38;2;19;64;58m[48;2;0;0;0m▀[0m[38;2;0;0;0m[48;2;0;0;0m▀[0m[38;2;0;0;0m[48;2;0;0;0m▀[0m[38;2;0;0;0m[48;2;0;0;0m▀[0m[38;2;0;0;0m[48;2;0;0;0m▀[0m[38;2;0;3;4m[48;2;0;0;0m▀[0m[38;2;0;0;0m[48;2;0;0;0m▀[0m[38;2;0;6;4m[48;2;73;67;73m▀[0m[38;2;35;157;147m[48;2;255;255;255m▀[0m[38;2;34;139;135m[48;2;255;255;255m▀[0m
[38;2;0;0;0m[48;2;0;0;0m▀[0m[38;2;175;191;196m[48;2;104;84;89m▀[0m[38;2;41;51;50m[48;2;0;0;0m▀[0m[38;2;0;0;0m[48;2;0;0;0m▀[0m[38;2;0;18;15m[48;2;15;0;0m▀[0m[38;2;0;0;0m[48;2;0;0;0m▀[0m[38;2;0;0;0m[48;2;2;7;3m▀[0m[38;2;0;0;0m[48;2;68;158;156m▀[0m[38;2;32;80;80m[48;2;112;255;255m▀[0m[38;2;71;206;207m[48;2;131;255;255m▀[0m[38;2;0;0;0m[48;2;0;0;0m▀[0m[38;2;50;112;101m[48;2;0;0;0m▀[0m[38;2;255;255;255m[48;2;253;255;255m▀[0m[38;2;255;255;255m[48;2;255;255;255m▀[0m[38;2;255;255;255m[48;2;250;255;255m▀[0m[38;2;255;255;255m[48;2;247;255;255m▀[0m[38;2;255;255;255m[48;2;251;255;255m▀[0m[38;2;255;255;255m[48;2;250;255;255m▀[0m[38;2;255;206;195m[48;2;255;255;255m▀[0m[38;2;255;213;203m[48;2;255;255;255m▀[0m[38;2;202;229;213m[48;2;134;107;91m▀[0m[38;2;24;150;143m[48;2;163;225;225m▀[0m[38;2;255;255;255m[48;2;255;255;255m▀[0m[38;2;114;202;191m[48;2;235;255;255m▀[0m[38;2;141;217;212m[48;2;0;112;106m▀[0m[38;2;255;255;255m[48;2;250;255;255m▀[0m[38;2;255;255;255m[48;2;255;141;134m▀[0m[38;2;255;189;181m[48;2;255;255;255m▀[0m[38;2;255;255;255m[48;2;255;255;255m▀[0m[38;2;255;255;255m[48;2;255;255;255m▀[0m[38;2;255;255;255m[48;2;255;255;255m▀[0m[38;2;255;255;255m[48;2;255;255;255m▀[0m[38;2;255;255;255m[48;2;255;255;255m▀[0m[38;2;195;251;236m[48;2;64;107;103m▀[0m[38;2;0;0;0m[48;2;1;109;117m▀[0m[38;2;37;148;150m[48;2;89;231;234m▀[0m[38;2;0;0;0m[48;2;81;246;246m▀[0m[38;2;0;0;0m[48;2;47;140;140m▀[0m[38;2;0;0;0m[48;2;0;0;0m▀[0m[38;2;0;0;0m[48;2;0;0;0m▀[0m[38;2;56;0;0m[48;2;8;0;0m▀[0m[38;2;104;0;0m[48;2;114;0;0m▀[0m[38;2;29;35;41m[48;2;0;0;0m▀[0m[38;2;250;255;255m[48;2;0;0;0m▀[0m
[38;2;0;1;0m[48;2;0;108;95m▀[0m[38;2;14;51;47m[48;2;233;255;255m▀[0m[38;2;10;47;45m[48;2;255;255;255m▀[0m[38;2;0;0;0m[48;2;143;255;255m▀[0m[38;2;0;0;0m[48;2;0;0;0m▀[0m[38;2;0;0;0m[48;2;6;61;61m▀[0m[38;2;122;255;255m[48;2;111;255;255m▀[0m[38;2;125;255;255m[48;2;69;250;245m▀[0m[38;2;62;196;196m[48;2;50;214;213m▀[0m[38;2;108;255;255m[48;2;13;255;255m▀[0m[38;2;179;82;81m[48;2;118;233;235m▀[0m[38;2;0;0;0m[48;2;0;0;0m▀[0m[38;2;122;233;218m[48;2;0;45;39m▀[0m[38;2;255;255;255m[48;2;235;255;255m▀[0m[38;2;242;255;255m[48;2;247;255;255m▀[0m[38;2;241;255;255m[48;2;236;255;255m▀[0m[38;2;239;255;255m[48;2;226;255;255m▀[0m[38;2;235;255;255m[48;2;226;255;255m▀[0m[38;2;247;255;255m[48;2;231;255;255m▀[0m[38;2;255;254;239m[48;2;255;224;208m▀[0m[38;2;34;107;98m[48;2;24;78;64m▀[0m[38;2;252;255;255m[48;2;114;211;195m▀[0m[38;2;255;255;255m[48;2;255;255;255m▀[0m[38;2;255;255;255m[48;2;255;255;255m▀[0m[38;2;0;84;71m[48;2;102;0;0m▀[0m[38;2;255;67;52m[48;2;255;0;0m▀[0m[38;2;255;240;234m[48;2;244;255;255m▀[0m[38;2;245;255;255m[48;2;246;255;255m▀[0m[38;2;248;255;255m[48;2;235;255;255m▀[0m[38;2;251;255;255m[48;2;239;255;255m▀[0m[38;2;250;255;255m[48;2;244;255;255m▀[0m[38;2;254;255;255m[48;2;247;255;255m▀[0m[38;2;228;255;255m[48;2;86;170;159m▀[0m[38;2;0;0;0m[48;2;0;0;0m▀[0m[38;2;48;191;201m[48;2;85;185;187m▀[0m[38;2;46;192;203m[48;2;120;168;183m▀[0m[38;2;130;246;255m[48;2;101;226;226m▀[0m[38;2;136;255;255m[48;2;90;255;255m▀[0m[38;2;6;78;74m[48;2;118;255;255m▀[0m[38;2;0;0;0m[48;2;0;0;0m▀[0m[38;2;0;0;0m[48;2;0;0;0m▀[0m[38;2;48;104;104m[48;2;255;255;255m▀[0m[38;2;97;107;100m[48;2;255;255;255m▀[0m[38;2;0;0;0m[48;2;255;255;255m▀[0m
[38;2;255;255;255m[48;2;255;255;255m▀[0m[38;2;255;255;255m[48;2;255;255;255m▀[0m[38;2;255;255;255m[48;2;255;255;255m▀[0m[38;2;209;255;255m[48;2;255;255;255m▀[0m[38;2;0;0;0m[48;2;17;26;20m▀[0m[38;2;0;134;130m[48;2;31;47;51m▀[0m[38;2;59;255;255m[48;2;201;163;181m▀[0m[38;2;57;254;250m[48;2;255;32;39m▀[0m[38;2;14;255;255m[48;2;255;0;0m▀[0m[38;2;187;129;126m[48;2;255;0;0m▀[0m[38;2;255;0;0m[48;2;255;0;0m▀[0m[38;2;87;0;0m[48;2;255;80;86m▀[0m[38;2;0;0;0m[48;2;240;255;255m▀[0m[38;2;129;240;225m[48;2;15;95;89m▀[0m[38;2;236;255;255m[48;2;190;255;255m▀[0m[38;2;236;255;255m[48;2;239;255;255m▀[0m[38;2;228;255;255m[48;2;242;255;255m▀[0m[38;2;222;255;255m[48;2;226;255;255m▀[0m[38;2;229;255;255m[48;2;251;255;255m▀[0m[38;2;251;225;213m[48;2;223;255;255m▀[0m[38;2;112;34;25m[48;2;7;20;17m▀[0m[38;2;255;255;255m[48;2;255;255;255m▀[0m[38;2;255;255;255m[48;2;255;255;255m▀[0m[38;2;220;255;255m[48;2;247;255;255m▀[0m[38;2;35;0;0m[48;2;50;73;57m▀[0m[38;2;255;92;86m[48;2;146;178;178m▀[0m[38;2;242;255;255m[48;2;255;255;255m▀[0m[38;2;233;255;255m[48;2;222;255;255m▀[0m[38;2;233;255;255m[48;2;230;255;255m▀[0m[38;2;234;255;255m[48;2;237;255;255m▀[0m[38;2;242;255;255m[48;2;231;255;255m▀[0m[38;2;187;255;255m[48;2;50;170;156m▀[0m[38;2;0;24;18m[48;2;91;103;108m▀[0m[38;2;25;0;0m[48;2;255;255;255m▀[0m[38;2;69;98;98m[48;2;255;248;251m▀[0m[38;2;192;37;40m[48;2;255;0;0m▀[0m[38;2;79;201;201m[48;2;255;0;0m▀[0m[38;2;126;197;181m[48;2;255;3;0m▀[0m[38;2;84;255;255m[48;2;202;89;89m▀[0m[38;2;0;0;0m[48;2;0;0;0m▀[0m[38;2;0;0;0m[48;2;236;255;255m▀[0m[38;2;255;255;255m[48;2;255;255;255m▀[0m[38;2;255;255;255m[48;2;255;255;255m▀[0m[38;2;255;255;255m[48;2;255;255;255m▀[0m
[38;2;242;255;255m[48;2;253;255;255m▀[0m[38;2;255;255;255m[48;2;148;154;154m▀[0m[38;2;255;255;255m[48;2;118;134;131m▀[0m[38;2;255;255;255m[48;2;255;255;255m▀[0m[38;2;255;255;255m[48;2;255;255;255m▀[0m[38;2;0;90;106m[48;2;0;58;62m▀[0m[38;2;106;212;220m[48;2;0;255;255m▀[0m[38;2;255;0;0m[48;2;0;183;189m▀[0m[38;2;255;0;0m[48;2;183;10;10m▀[0m[38;2;255;0;0m[48;2;255;174;174m▀[0m[38;2;218;0;0m[48;2;255;255;255m▀[0m[38;2;255;255;255m[48;2;255;255;255m▀[0m[38;2;236;255;255m[48;2;230;255;255m▀[0m[38;2;0;37;31m[48;2;0;57;53m▀[0m[38;2;106;209;196m[48;2;30;124;115m▀[0m[38;2;212;255;255m[48;2;122;218;207m▀[0m[38;2;244;255;255m[48;2;214;255;255m▀[0m[38;2;218;255;255m[48;2;112;198;185m▀[0m[38;2;255;255;255m[48;2;255;255;255m▀[0m[38;2;222;255;255m[48;2;222;255;255m▀[0m[38;2;0;40;39m[48;2;61;61;52m▀[0m[38;2;255;255;255m[48;2;235;255;255m▀[0m[38;2;255;255;255m[48;2;211;255;255m▀[0m[38;2;255;255;255m[48;2;255;255;255m▀[0m[38;2;71;161;148m[48;2;147;148;142m▀[0m[38;2;122;169;169m[48;2;164;170;164m▀[0m[38;2;255;255;255m[48;2;255;255;255m▀[0m[38;2;207;255;255m[48;2;122;201;193m▀[0m[38;2;236;255;255m[48;2;251;255;255m▀[0m[38;2;234;255;255m[48;2;154;239;224m▀[0m[38;2;150;240;233m[48;2;50;170;159m▀[0m[38;2;0;68;62m[48;2;0;31;32m▀[0m[38;2;170;200;200m[48;2;173;255;244m▀[0m[38;2;255;255;255m[48;2;255;255;255m▀[0m[38;2;255;255;255m[48;2;255;255;255m▀[0m[38;2;220;143;143m[48;2;255;255;255m▀[0m[38;2;255;0;0m[48;2;255;255;255m▀[0m[38;2;255;0;0m[48;2;209;176;176m▀[0m[38;2;214;0;0m[48;2;0;164;172m▀[0m[38;2;0;36;34m[48;2;29;156;156m▀[0m[38;2;255;255;255m[48;2;255;255;255m▀[0m[38;2;255;255;255m[48;2;115;122;123m▀[0m[38;2;255;255;255m[48;2;190;198;201m▀[0m[38;2;198;246;237m[48;2;150;150;152m▀[0m
