[38;2;0;0;0m[48;2;0;2;2m▀[0m[38;2;0;0;0m[48;2;0;0;0m▀[0m[38;2;0;0;0m[48;2;0;0;0m▀[0m[38;2;0;0;0m[48;2;0;0;0m▀[0m[38;2;32;28;27m[48;2;57;45;46m▀[0m[38;2;255;255;255m[48;2;253;255;255m▀[0m[38;2;57;104;102m[48;2;12;30;28m▀[0m[38;2;131;219;215m[48;2;0;0;0m▀[0m[38;2;255;255;255m[48;2;38;98;97m▀[0m[38;2;255;255;255m[48;2;255;255;255m▀[0m[38;2;118;120;118m[48;2;255;255;255m▀[0m[38;2;0;0;0m[48;2;98;117;112m▀[0m[38;2;0;42;39m[48;2;0;28;21m▀[0m[38;2;0;0;0m[48;2;0;0;0m▀[0m[38;2;0;0;0m[48;2;0;0;0m▀[0m[38;2;0;0;0m[48;2;104;99;105m▀[0m[38;2;0;0;0m[48;2;201;209;237m▀[0m[38;2;218;160;178m[48;2;255;237;201m▀[0m[38;2;255;255;86m[48;2;164;211;57m▀[0m[38;2;112;202;60m[48;2;124;202;82m▀[0m[38;2;158;240;89m[48;2;184;255;105m▀[0m[38;2;153;226;102m[48;2;151;231;99m▀[0m[38;2;196;255;152m[48;2;117;164;94m▀[0m[38;2;138;195;91m[48;2;139;208;90m▀[0m[38;2;138;205;87m[48;2;156;242;98m▀[0m[38;2;146;223;67m[48;2;117;220;72m▀[0m[38;2;255;255;255m[48;2;255;255;157m▀[0m[38;2;58;46;80m[48;2;180;152;173m▀[0m[38;2;0;0;0m[48;2;64;63;82m▀[0m[38;2;0;0;0m[48;2;0;0;0m▀[0m[38;2;54;131;127m[48;2;0;0;0m▀[0m[38;2;128;233;223m[48;2;14;71;69m▀[0m[38;2;0;0;0m[48;2;0;51;46m▀[0m[38;2;0;0;0m[48;2;92;102;96m▀[0m[38;2;134;132;130m[48;2;255;255;255m▀[0m[38;2;255;255;255m[48;2;255;255;255m▀[0m[38;2;255;255;255m[48;2;22;73;69m▀[0m[38;2;13;93;87m[48;2;0;0;0m▀[0m[38;2;161;180;178m[48;2;85;131;122m▀[0m[38;2;170;158;156m[48;2;205;205;201m▀[0m[38;2;0;0;0m[48;2;0;0;0m▀[0m[38;2;0;0;0m[48;2;0;0;0m▀[0m[38;2;0;0;0m[48;2;0;0;0m▀[0m[38;2;1;3;3m[48;2;1;1;1m▀[0m
[38;2;0;2;2m[48;2;0;2;2m▀[0m[38;2;0;0;0m[48;2;0;0;0m▀[0m[38;2;0;0;0m[48;2;0;0;0m▀[0m[38;2;0;0;0m[48;2;0;0;0m▀[0m[38;2;126;117;118m[48;2;119;129;128m▀[0m[38;2;219;248;250m[48;2;255;255;255m▀[0m[38;2;0;13;13m[48;2;0;0;0m▀[0m[38;2;255;255;255m[48;2;255;255;255m▀[0m[38;2;0;0;0m[48;2;142;166;161m▀[0m[38;2;145;203;202m[48;2;12;57;52m▀[0m[38;2;255;255;255m[48;2;255;255;255m▀[0m[38;2;255;255;255m[48;2;255;255;255m▀[0m[38;2;0;0;0m[48;2;8;8;8m▀[0m[38;2;0;0;0m[48;2;0;0;0m▀[0m[38;2;30;38;38m[48;2;0;0;0m▀[0m[38;2;255;255;255m[48;2;0;0;0m▀[0m[38;2;255;255;255m[48;2;0;0;0m▀[0m[38;2;100;93;68m[48;2;24;25;0m▀[0m[38;2;135;177;63m[48;2;0;14;0m▀[0m[38;2;139;214;93m[48;2;68;119;42m▀[0m[38;2;193;255;111m[48;2;104;163;45m▀[0m[38;2;118;181;73m[48;2;57;56;5m▀[0m[38;2;36;47;58m[48;2;21;25;89m▀[0m[38;2;119;166;60m[48;2;50;64;0m▀[0m[38;2;121;183;67m[48;2;152;198;72m▀[0m[38;2;84;162;61m[48;2;0;0;0m▀[0m[38;2;252;249;82m[48;2;144;149;29m▀[0m[38;2;200;207;217m[48;2;89;69;52m▀[0m[38;2;255;255;255m[48;2;0;0;0m▀[0m[38;2;224;220;223m[48;2;0;0;0m▀[0m[38;2;0;0;0m[48;2;0;0;0m▀[0m[38;2;0;0;0m[48;2;0;0;0m▀[0m[38;2;0;8;5m[48;2;0;0;0m▀[0m[38;2;255;255;255m[48;2;255;255;255m▀[0m[38;2;255;255;255m[48;2;255;255;255m▀[0m[38;2;0;51;46m[48;2;0;14;11m▀[0m[38;2;197;183;183m[48;2;255;255;255m▀[0m[38;2;227;255;255m[48;2;170;239;234m▀[0m[38;2;0;5;4m[48;2;0;0;0m▀[0m[38;2;255;255;255m[48;2;255;255;255m▀[0m[38;2;0;0;0m[48;2;0;0;0m▀[0m[38;2;0;0;0m[48;2;0;0;0m▀[0m[38;2;0;1;0m[48;2;0;0;0m▀[0m[38;2;0;0;0m[48;2;0;1;1m▀[0m
[38;2;0;0;0m[48;2;9;20;20m▀[0m[38;2;0;0;0m[48;2;5;12;12m▀[0m[38;2;0;0;0m[48;2;0;0;0m▀[0m[38;2;0;0;0m[48;2;0;0;0m▀[0m[38;2;58;93;98m[48;2;151;177;179m▀[0m[38;2;255;255;255m[48;2;103;184;184m▀[0m[38;2;20;24;20m[48;2;43;66;63m▀[0m[38;2;206;255;255m[48;2;220;255;255m▀[0m[38;2;255;255;255m[48;2;203;255;255m▀[0m[38;2;127;168;168m[48;2;236;255;255m▀[0m[38;2;165;228;225m[48;2;183;252;249m▀[0m[38;2;255;255;255m[48;2;255;255;255m▀[0m[38;2;5;7;8m[48;2;0;0;0m▀[0m[38;2;0;0;0m[48;2;0;0;0m▀[0m[38;2;0;0;0m[48;2;255;253;237m▀[0m[38;2;91;152;166m[48;2;255;255;255m▀[0m[38;2;101;83;59m[48;2;255;255;255m▀[0m[38;2;146;75;7m[48;2;198;214;186m▀[0m[38;2;57;25;0m[48;2;134;200;158m▀[0m[38;2;0;0;0m[48;2;31;67;34m▀[0m[38;2;39;18;0m[48;2;84;128;86m▀[0m[38;2;107;126;102m[48;2;119;245;255m▀[0m[38;2;148;234;255m[48;2;153;244;255m▀[0m[38;2;78;136;74m[48;2;103;196;149m▀[0m[38;2;182;218;73m[48;2;98;99;8m▀[0m[38;2;28;24;0m[48;2;43;19;0m▀[0m[38;2;0;0;0m[48;2;115;169;127m▀[0m[38;2;173;135;94m[48;2;65;204;200m▀[0m[38;2;60;54;40m[48;2;55;184;168m▀[0m[38;2;0;0;0m[48;2;203;253;245m▀[0m[38;2;0;0;0m[48;2;192;198;198m▀[0m[38;2;0;0;0m[48;2;0;4;0m▀[0m[38;2;0;0;0m[48;2;0;0;0m▀[0m[38;2;255;255;255m[48;2;255;255;255m▀[0m[38;2;134;189;183m[48;2;167;233;224m▀[0m[38;2;137;169;161m[48;2;241;255;255m▀[0m[38;2;255;255;255m[48;2;196;245;237m▀[0m[38;2;99;136;132m[48;2;163;221;216m▀[0m[38;2;97;112;111m[48;2;107;127;126m▀[0m[38;2;255;255;255m[48;2;255;255;255m▀[0m[38;2;0;0;0m[48;2;65;71;69m▀[0m[38;2;0;0;0m[48;2;0;0;0m▀[0m[38;2;0;0;0m[48;2;0;6;6m▀[0m[38;2;0;0;0m[48;2;0;5;5m▀[0m
[38;2;0;2;4m[48;2;0;0;0m▀[0m[38;2;0;0;0m[48;2;0;0;0m▀[0m[38;2;0;0;0m[48;2;0;0;0m▀[0m[38;2;0;0;0m[48;2;178;189;188m▀[0m[38;2;183;201;202m[48;2;164;196;196m▀[0m[38;2;107;110;104m[48;2;196;241;232m▀[0m[38;2;66;58;57m[48;2;255;255;255m▀[0m[38;2;117;161;156m[48;2;0;0;0m▀[0m[38;2;190;255;255m[48;2;165;241;237m▀[0m[38;2;253;255;255m[48;2;220;255;255m▀[0m[38;2;238;255;255m[48;2;255;255;255m▀[0m[38;2;242;255;255m[48;2;246;255;255m▀[0m[38;2;0;0;0m[48;2;7;0;0m▀[0m[38;2;215;72;65m[48;2;255;255;255m▀[0m[38;2;255;255;255m[48;2;255;255;255m▀[0m[38;2;255;255;255m[48;2;191;255;255m▀[0m[38;2;255;255;255m[48;2;255;255;255m▀[0m[38;2;255;255;255m[48;2;255;255;255m▀[0m[38;2;107;166;181m[48;2;255;255;255m▀[0m[38;2;0;39;42m[48;2;150;226;217m▀[0m[38;2;47;196;190m[48;2;121;250;239m▀[0m[38;2;97;196;187m[48;2;58;162;156m▀[0m[38;2;131;196;201m[48;2;146;197;196m▀[0m[38;2;68;186;179m[48;2;41;179;177m▀[0m[38;2;60;110;11m[48;2;127;244;244m▀[0m[38;2;26;95;54m[48;2;69;169;152m▀[0m[38;2;76;207;213m[48;2;175;188;192m▀[0m[38;2;188;255;255m[48;2;255;255;255m▀[0m[38;2;197;255;255m[48;2;255;255;255m▀[0m[38;2;255;255;255m[48;2;255;255;255m▀[0m[38;2;255;255;255m[48;2;255;255;255m▀[0m[38;2;175;165;164m[48;2;255;255;255m▀[0m[38;2;0;0;0m[48;2;1;0;0m▀[0m[38;2;182;250;240m[48;2;192;248;238m▀[0m[38;2;243;255;255m[48;2;255;255;255m▀[0m[38;2;213;255;253m[48;2;207;255;255m▀[0m[38;2;181;255;255m[48;2;134;221;217m▀[0m[38;2;94;128;125m[48;2;18;15;13m▀[0m[38;2;108;93;93m[48;2;255;255;255m▀[0m[38;2;40;51;54m[48;2;0;0;0m▀[0m[38;2;152;175;170m[48;2;255;255;255m▀[0m[38;2;0;0;0m[48;2;223;213;209m▀[0m[38;2;0;0;0m[48;2;0;0;0m▀[0m[38;2;0;0;0m[48;2;0;0;0m▀[0m
[38;2;0;9;7m[48;2;0;0;0m▀[0m[38;2;0;0;0m[48;2;48;32;36m▀[0m[38;2;185;167;169m[48;2;255;255;255m▀[0m[38;2;255;255;255m[48;2;103;206;197m▀[0m[38;2;137;202;196m[48;2;61;97;92m▀[0m[38;2;69;148;139m[48;2;5;43;41m▀[0m[38;2;169;255;255m[48;2;6;96;92m▀[0m[38;2;0;0;0m[48;2;0;0;0m▀[0m[38;2;52;80;76m[48;2;0;0;0m▀[0m[38;2;225;255;255m[48;2;203;255;255m▀[0m[38;2;241;255;255m[48;2;255;255;255m▀[0m[38;2;250;255;255m[48;2;255;255;255m▀[0m[38;2;210;164;161m[48;2;164;193;190m▀[0m[38;2;255;255;255m[48;2;183;173;173m▀[0m[38;2;172;218;215m[48;2;91;156;150m▀[0m[38;2;15;92;79m[48;2;151;161;158m▀[0m[38;2;255;255;255m[48;2;242;253;253m▀[0m[38;2;233;254;254m[48;2;124;109;107m▀[0m[38;2;114;207;205m[48;2;255;75;69m▀[0m[38;2;215;228;232m[48;2;255;255;255m▀[0m[38;2;246;249;255m[48;2;255;255;255m▀[0m[38;2;87;165;162m[48;2;231;244;246m▀[0m[38;2;172;237;232m[48;2;184;243;232m▀[0m[38;2;0;137;127m[48;2;153;198;190m▀[0m[38;2;252;252;254m[48;2;255;255;255m▀[0m[38;2;210;230;235m[48;2;255;255;255m▀[0m[38;2;85;144;148m[48;2;255;255;255m▀[0m[38;2;243;222;227m[48;2;116;153;154m▀[0m[38;2;255;255;255m[48;2;184;191;196m▀[0m[38;2;11;66;67m[48;2;90;114;115m▀[0m[38;2;216;255;253m[48;2;82;165;166m▀[0m[38;2;255;255;255m[48;2;226;226;228m▀[0m[38;2;196;161;162m[48;2;131;131;132m▀[0m[38;2;226;255;255m[48;2;255;255;255m▀[0m[38;2;245;255;255m[48;2;241;255;255m▀[0m[38;2;205;255;255m[48;2;197;255;255m▀[0m[38;2;56;90;87m[48;2;0;0;0m▀[0m[38;2;107;164;158m[48;2;0;39;37m▀[0m[38;2;218;255;255m[48;2;26;149;139m▀[0m[38;2;0;12;8m[48;2;8;27;24m▀[0m[38;2;156;210;206m[48;2;42;87;80m▀[0m[38;2;255;255;255m[48;2;66;157;149m▀[0m[38;2;178;156;157m[48;2;255;255;255m▀[0m[38;2;0;0;0m[48;2;33;15;23m▀[0m
[38;2;0;0;0m[48;2;86;78;82m▀[0m[38;2;255;255;255m[48;2;255;255;255m▀[0m[38;2;179;255;255m[48;2;0;97;91m▀[0m[38;2;0;60;54m[48;2;14;46;42m▀[0m[38;2;0;0;0m[48;2;2;26;20m▀[0m[38;2;0;0;0m[48;2;0;0;0m▀[0m[38;2;0;0;0m[48;2;0;0;0m▀[0m[38;2;0;0;0m[48;2;0;0;0m▀[0m[38;2;0;0;0m[48;2;7;137;129m▀[0m[38;2;136;173;173m[48;2;81;150;146m▀[0m[38;2;255;255;255m[48;2;146;184;179m▀[0m[38;2;85;162;152m[48;2;75;156;147m▀[0m[38;2;179;255;249m[48;2;187;255;255m▀[0m[38;2;167;235;226m[48;2;156;245;238m▀[0m[38;2;255;255;255m[48;2;199;255;255m▀[0m[38;2;128;157;170m[48;2;213;231;235m▀[0m[38;2;120;118;121m[48;2;253;250;254m▀[0m[38;2;255;139;142m[48;2;255;255;255m▀[0m[38;2;255;14;0m[48;2;255;255;255m▀[0m[38;2;255;255;255m[48;2;255;255;255m▀[0m[38;2;255;255;255m[48;2;255;184;179m▀[0m[38;2;255;255;255m[48;2;255;0;0m▀[0m[38;2;255;255;255m[48;2;255;82;80m▀[0m[38;2;255;255;255m[48;2;255;0;0m▀[0m[38;2;255;255;255m[48;2;255;255;255m▀[0m[38;2;255;255;255m[48;2;255;255;255m▀[0m[38;2;255;67;63m[48;2;255;255;255m▀[0m[38;2;224;100;99m[48;2;255;255;255m▀[0m[38;2;242;202;201m[48;2;244;239;238m▀[0m[38;2;151;155;160m[48;2;168;157;158m▀[0m[38;2;235;233;230m[48;2;255;255;255m▀[0m[38;2;183;241;238m[48;2;150;242;231m▀[0m[38;2;193;255;255m[48;2;170;241;234m▀[0m[38;2;121;198;186m[48;2;184;255;255m▀[0m[38;2;255;255;255m[48;2;83;152;147m▀[0m[38;2;209;240;238m[48;2;54;82;86m▀[0m[38;2;0;0;0m[48;2;0;59;63m▀[0m[38;2;0;0;0m[48;2;0;0;0m▀[0m[38;2;0;0;0m[48;2;0;0;0m▀[0m[38;2;0;0;0m[48;2;0;0;0m▀[0m[38;2;13;45;42m[48;2;12;24;23m▀[0m[38;2;0;32;26m[48;2;27;73;64m▀[0m[38;2;118;221;209m[48;2;0;79;71m▀[0m[38;2;252;255;255m[48;2;187;255;250m▀[0m
[38;2;138;146;148m[48;2;125;147;144m▀[0m[38;2;116;213;208m[48;2;55;117;115m▀[0m[38;2;0;67;61m[48;2;10;59;56m▀[0m[38;2;18;36;30m[48;2;23;52;44m▀[0m[38;2;26;56;47m[48;2;32;67;62m▀[0m[38;2;29;65;55m[48;2;23;52;48m▀[0m[38;2;0;0;0m[48;2;0;8;5m▀[0m[38;2;0;2;4m[48;2;64;64;66m▀[0m[38;2;46;219;215m[48;2;255;234;244m▀[0m[38;2;69;109;111m[48;2;154;239;231m▀[0m[38;2;0;0;0m[48;2;21;77;67m▀[0m[38;2;140;231;219m[48;2;91;158;154m▀[0m[38;2;178;255;251m[48;2;151;236;234m▀[0m[38;2;120;179;175m[48;2;171;205;207m▀[0m[38;2;255;255;255m[48;2;255;255;255m▀[0m[38;2;239;248;248m[48;2;34;13;11m▀[0m[38;2;253;255;255m[48;2;242;121;113m▀[0m[38;2;96;160;161m[48;2;249;251;252m▀[0m[38;2;0;110;116m[48;2;0;96;101m▀[0m[38;2;255;255;255m[48;2;0;0;0m▀[0m[38;2;255;0;0m[48;2;233;2;0m▀[0m[38;2;154;2;0m[48;2;0;75;76m▀[0m[38;2;62;111;102m[48;2;0;15;16m▀[0m[38;2;142;0;0m[48;2;79;97;68m▀[0m[38;2;220;0;0m[48;2;203;0;0m▀[0m[38;2;255;255;255m[48;2;255;255;255m▀[0m[38;2;255;255;255m[48;2;0;0;0m▀[0m[38;2;61;126;127m[48;2;0;62;64m▀[0m[38;2;255;255;255m[48;2;255;255;255m▀[0m[38;2;227;222;222m[48;2;78;74;69m▀[0m[38;2;188;170;173m[48;2;255;255;255m▀[0m[38;2;244;255;255m[48;2;255;255;255m▀[0m[38;2;170;254;245m[48;2;143;231;226m▀[0m[38;2;160;255;250m[48;2;185;255;255m▀[0m[38;2;0;1;0m[48;2;0;25;19m▀[0m[38;2;51;51;55m[48;2;255;255;255m▀[0m[38;2;31;128;125m[48;2;255;255;255m▀[0m[38;2;0;0;0m[48;2;4;26;25m▀[0m[38;2;10;26;23m[48;2;4;31;27m▀[0m[38;2;40;74;74m[48;2;30;69;64m▀[0m[38;2;26;45;43m[48;2;37;66;60m▀[0m[38;2;30;68;62m[48;2;29;62;55m▀[0m[38;2;13;67;62m[48;2;41;98;93m▀[0m[38;2;87;155;146m[48;2;33;61;51m▀[0m
[38;2;91;107;102m[48;2;61;71;69m▀[0m[38;2;42;92;87m[48;2;64;132;124m▀[0m[38;2;28;77;72m[48;2;27;74;66m▀[0m[38;2;29;61;52m[48;2;33;78;66m▀[0m[38;2;37;82;71m[48;2;37;82;75m▀[0m[38;2;24;47;44m[48;2;25;62;54m▀[0m[38;2;10;27;25m[48;2;0;14;13m▀[0m[38;2;44;78;76m[48;2;73;156;148m▀[0m[38;2;201;255;255m[48;2;113;251;239m▀[0m[38;2;95;189;182m[48;2;135;255;255m▀[0m[38;2;82;166;160m[48;2;32;91;85m▀[0m[38;2;19;76;74m[48;2;0;0;0m▀[0m[38;2;189;250;241m[48;2;179;222;218m▀[0m[38;2;255;255;255m[48;2;255;255;255m▀[0m[38;2;100;132;126m[48;2;65;0;0m▀[0m[38;2;255;255;255m[48;2;255;235;235m▀[0m[38;2;255;183;179m[48;2;0;109;114m▀[0m[38;2;255;255;255m[48;2;0;72;67m▀[0m[38;2;255;255;255m[48;2;228;208;207m▀[0m[38;2;236;255;255m[48;2;255;255;255m▀[0m[38;2;255;255;255m[48;2;255;255;255m▀[0m[38;2;255;192;183m[48;2;200;255;255m▀[0m[38;2;255;255;255m[48;2;224;233;228m▀[0m[38;2;255;193;165m[48;2;249;240;244m▀[0m[38;2;255;255;255m[48;2;255;255;255m▀[0m[38;2;222;255;255m[48;2;255;255;255m▀[0m[38;2;185;210;208m[48;2;255;255;255m▀[0m[38;2;255;255;255m[48;2;0;0;0m▀[0m[38;2;195;231;231m[48;2;0;26;18m▀[0m[38;2;255;255;255m[48;2;216;224;223m▀[0m[38;2;111;109;107m[48;2;157;79;71m▀[0m[38;2;183;198;201m[48;2;255;255;255m▀[0m[38;2;255;255;255m[48;2;163;241;234m▀[0m[38;2;49;142;128m[48;2;38;65;60m▀[0m[38;2;0;58;55m[48;2;0;0;0m▀[0m[38;2;144;222;214m[48;2;99;222;208m▀[0m[38;2;225;255;255m[48;2;125;255;255m▀[0m[38;2;33;84;80m[48;2;79;161;155m▀[0m[38;2;7;43;38m[48;2;2;38;38m▀[0m[38;2;25;61;54m[48;2;29;66;62m▀[0m[38;2;40;84;76m[48;2;40;89;80m▀[0m[38;2;27;60;55m[48;2;32;77;68m▀[0m[38;2;58;127;124m[48;2;52;116;107m▀[0m[38;2;25;44;41m[48;2;62;108;108m▀[0m
[38;2;64;75;74m[48;2;87;105;110m▀[0m[38;2;89;173;167m[48;2;105;182;174m▀[0m[38;2;18;69;63m[48;2;14;82;76m▀[0m[38;2;40;103;96m[48;2;54;131;121m▀[0m[38;2;38;86;79m[48;2;9;29;28m▀[0m[38;2;0;0;0m[48;2;16;26;26m▀[0m[38;2;47;99;93m[48;2;148;255;255m▀[0m[38;2;161;255;255m[48;2;96;165;160m▀[0m[38;2;133;250;240m[48;2;0;0;0m▀[0m[38;2;4;13;11m[48;2;0;0;0m▀[0m[38;2;0;0;0m[48;2;0;0;0m▀[0m[38;2;69;39;41m[48;2;0;16;14m▀[0m[38;2;255;251;252m[48;2;0;51;49m▀[0m[38;2;107;97;100m[48;2;0;0;0m▀[0m[38;2;255;255;255m[48;2;3;83;83m▀[0m[38;2;255;255;255m[48;2;0;6;7m▀[0m[38;2;255;255;255m[48;2;137;156;154m▀[0m[38;2;0;47;50m[48;2;255;255;255m▀[0m[38;2;0;0;0m[48;2;255;255;255m▀[0m[38;2;204;255;249m[48;2;214;236;236m▀[0m[38;2;255;255;255m[48;2;117;161;153m▀[0m[38;2;255;255;255m[48;2;255;255;255m▀[0m[38;2;69;113;120m[48;2;116;150;156m▀[0m[38;2;255;255;255m[48;2;255;255;255m▀[0m[38;2;255;255;255m[48;2;184;244;239m▀[0m[38;2;253;255;255m[48;2;135;198;188m▀[0m[38;2;0;43;42m[48;2;255;255;255m▀[0m[38;2;61;97;94m[48;2;255;255;255m▀[0m[38;2;255;255;255m[48;2;242;242;242m▀[0m[38;2;255;255;255m[48;2;0;44;39m▀[0m[38;2;245;255;255m[48;2;0;0;0m▀[0m[38;2;102;97;99m[48;2;146;114;116m▀[0m[38;2;95;63;67m[48;2;94;122;121m▀[0m[38;2;207;206;202m[48;2;40;124;118m▀[0m[38;2;0;0;0m[48;2;0;19;15m▀[0m[38;2;0;0;0m[48;2;0;32;41m▀[0m[38;2;82;155;150m[48;2;0;0;0m▀[0m[38;2;175;255;255m[48;2;31;49;47m▀[0m[38;2;71;133;129m[48;2;133;225;218m▀[0m[38;2;9;33;31m[48;2;36;60;59m▀[0m[38;2;41;91;85m[48;2;13;48;43m▀[0m[38;2;42;99;90m[48;2;50;130;119m▀[0m[38;2;38;92;86m[48;2;26;86;77m▀[0m[38;2;97;170;169m[48;2;117;200;196m▀[0m
[38;2;137;147;147m[48;2;90;133;136m▀[0m[38;2;71;154;148m[48;2;55;144;133m▀[0m[38;2;25;102;92m[48;2;37;121;111m▀[0m[38;2;51;138;127m[48;2;45;126;114m▀[0m[38;2;0;0;0m[48;2;3;6;6m▀[0m[38;2;10;3;3m[48;2;79;195;195m▀[0m[38;2;25;39;39m[48;2;87;236;235m▀[0m[38;2;23;62;64m[48;2;52;154;154m▀[0m[38;2;58;142;146m[48;2;2;19;19m▀[0m[38;2;37;92;92m[48;2;0;0;0m▀[0m[38;2;0;0;0m[48;2;0;0;0m▀[0m[38;2;102;197;185m[48;2;234;255;255m▀[0m[38;2;8;105;101m[48;2;255;255;255m▀[0m[38;2;37;41;43m[48;2;255;234;231m▀[0m[38;2;255;255;255m[48;2;255;255;255m▀[0m[38;2;177;181;185m[48;2;255;255;255m▀[0m[38;2;0;31;30m[48;2;255;255;255m▀[0m[38;2;170;217;208m[48;2;255;255;255m▀[0m[38;2;255;255;255m[48;2;255;255;255m▀[0m[38;2;255;255;255m[48;2;255;255;255m▀[0m[38;2;139;157;153m[48;2;255;255;255m▀[0m[38;2;167;246;238m[48;2;10;97;89m▀[0m[38;2;94;135;137m[48;2;0;13;9m▀[0m[38;2;197;255;255m[48;2;0;61;45m▀[0m[38;2;102;152;147m[48;2;99;145;142m▀[0m[38;2;255;255;255m[48;2;255;255;255m▀[0m[38;2;255;255;255m[48;2;255;233;224m▀[0m[38;2;232;246;251m[48;2;255;255;255m▀[0m[38;2;0;78;74m[48;2;255;255;255m▀[0m[38;2;59;100;102m[48;2;255;255;255m▀[0m[38;2;255;255;255m[48;2;255;255;255m▀[0m[38;2;255;255;255m[48;2;255;255;255m▀[0m[38;2;0;0;3m[48;2;184;156;144m▀[0m[38;2;191;255;255m[48;2;255;255;255m▀[0m[38;2;40;90;80m[48;2;67;133;124m▀[0m[38;2;0;0;0m[48;2;0;0;0m▀[0m[38;2;28;95;95m[48;2;0;0;0m▀[0m[38;2;49;128;124m[48;2;49;133;134m▀[0m[38;2;5;7;7m[48;2;127;255;255m▀[0m[38;2;0;0;0m[48;2;96;223;218m▀[0m[38;2;0;0;0m[48;2;5;4;4m▀[0m[38;2;56;148;138m[48;2;40;121;117m▀[0m[38;2;30;105;97m[48;2;46;130;124m▀[0m[38;2;86;163;158m[48;2;57;134;128m▀[0m
[38;2;96;131;127m[48;2;0;9;9m▀[0m[38;2;50;156;145m[48;2;30;157;149m▀[0m[38;2;44;136;127m[48;2;56;171;164m▀[0m[38;2;38;102;90m[48;2;51;147;136m▀[0m[38;2;23;57;57m[48;2;0;0;0m▀[0m[38;2;133;255;255m[48;2;16;55;63m▀[0m[38;2;15;58;58m[48;2;0;0;0m▀[0m[38;2;0;0;0m[48;2;0;0;0m▀[0m[38;2;0;0;0m[48;2;0;0;0m▀[0m[38;2;0;0;0m[48;2;0;0;0m▀[0m[38;2;0;0;0m[48;2;0;0;0m▀[0m[38;2;255;255;255m[48;2;255;255;255m▀[0m[38;2;255;255;255m[48;2;255;255;255m▀[0m[38;2;255;255;255m[48;2;255;255;255m▀[0m[38;2;255;255;255m[48;2;255;255;255m▀[0m[38;2;255;255;255m[48;2;255;255;255m▀[0m[38;2;255;255;255m[48;2;255;255;255m▀[0m[38;2;255;255;255m[48;2;255;232;222m▀[0m[38;2;255;255;255m[48;2;255;225;216m▀[0m[38;2;255;255;255m[48;2;255;255;255m▀[0m[38;2;255;255;255m[48;2;255;255;255m▀[0m[38;2;0;78;71m[48;2;0;0;0m▀[0m[38;2;3;84;75m[48;2;83;84;81m▀[0m[38;2;0;16;2m[48;2;0;0;0m▀[0m[38;2;125;182;183m[48;2;170;214;216m▀[0m[38;2;255;255;255m[48;2;255;255;255m▀[0m[38;2;255;254;250m[48;2;255;255;255m▀[0m[38;2;255;255;255m[48;2;255;255;255m▀[0m[38;2;255;255;255m[48;2;255;255;255m▀[0m[38;2;255;255;255m[48;2;255;255;255m▀[0m[38;2;255;255;255m[48;2;255;255;255m▀[0m[38;2;255;255;255m[48;2;255;255;255m▀[0m[38;2;255;255;255m[48;2;255;255;255m▀[0m[38;2;255;255;255m[48;2;255;255;255m▀[0m[38;2;98;167;167m[48;2;72;128;126m▀[0m[38;2;0;0;0m[48;2;0;0;0m▀[0m[38;2;0;0;0m[48;2;0;0;0m▀[0m[38;2;0;0;0m[48;2;0;0;0m▀[0m[38;2;42;136;137m[48;2;0;0;0m▀[0m[38;2;168;255;255m[48;2;61;184;180m▀[0m[38;2;39;87;86m[48;2;0;0;0m▀[0m[38;2;24;76;72m[48;2;27;104;98m▀[0m[38;2;55;151;144m[48;2;45;165;157m▀[0m[38;2;38;122;114m[48;2;27;126;119m▀[0m
[38;2;133;115;114m[48;2;162;166;165m▀[0m[38;2;45;121;114m[48;2;255;255;255m▀[0m[38;2;30;142;136m[48;2;110;113;114m▀[0m[38;2;4;33;29m[48;2;0;0;0m▀[0m[38;2;0;0;3m[48;2;0;8;8m▀[0m[38;2;0;9;12m[48;2;0;14;14m▀[0m[38;2;0;0;0m[48;2;0;0;0m▀[0m[38;2;0;0;0m[48;2;0;0;0m▀[0m[38;2;0;0;0m[48;2;0;0;0m▀[0m[38;2;0;0;0m[48;2;0;0;0m▀[0m[38;2;0;0;0m[48;2;0;0;0m▀[0m[38;2;215;255;255m[48;2;129;220;210m▀[0m[38;2;255;255;255m[48;2;255;255;255m▀[0m[38;2;255;255;255m[48;2;250;255;255m▀[0m[38;2;250;255;255m[48;2;236;255;255m▀[0m[38;2;255;255;255m[48;2;250;255;255m▀[0m[38;2;255;255;255m[48;2;255;255;255m▀[0m[38;2;253;255;255m[48;2;245;255;255m▀[0m[38;2;255;59;49m[48;2;255;45;40m▀[0m[38;2;255;255;255m[48;2;255;3;0m▀[0m[38;2;255;255;255m[48;2;217;255;255m▀[0m[38;2;0;0;0m[48;2;20;90;85m▀[0m[38;2;182;154;151m[48;2;255;255;255m▀[0m[38;2;0;0;0m[48;2;0;33;20m▀[0m[38;2;225;90;76m[48;2;184;180;178m▀[0m[38;2;255;255;255m[48;2;255;255;255m▀[0m[38;2;255;255;255m[48;2;255;255;255m▀[0m[38;2;255;255;255m[48;2;250;255;255m▀[0m[38;2;255;255;255m[48;2;235;255;253m▀[0m[38;2;255;255;255m[48;2;255;255;255m▀[0m[38;2;254;255;255m[48;2;241;255;255m▀[0m[38;2;255;255;255m[48;2;253;255;255m▀[0m[38;2;255;255;255m[48;2;255;255;255m▀[0m[38;2;255;255;255m[48;2;248;255;255m▀[0m[38;2;16;56;50m[48;2;0;0;0m▀[0m[38;2;0;0;0m[48;2;0;0;0m▀[0m[38;2;0;0;0m[48;2;0;0;0m▀[0m[38;2;0;0;0m[48;2;0;0;0m▀[0m[38;2;0;0;0m[48;2;0;0;0m▀[0m[38;2;0;3;4m[48;2;0;0;0m▀[0m[38;2;0;0;0m[48;2;0;0;0m▀[0m[38;2;0;5;4m[48;2;63;58;63m▀[0m[38;2;30;136;128m[48;2;255;255;255m▀[0m[38;2;29;120;117m[48;2;255;255;255m▀[0m
[38;2;0;0;0m[48;2;0;0;0m▀[0m[38;2;152;166;170m[48;2;91;73;77m▀[0m[38;2;36;44;43m[48;2;0;0;0m▀[0m[38;2;0;0;0m[48;2;0;0;0m▀[0m[38;2;0;15;13m[48;2;13;0;0m▀[0m[38;2;0;0;0m[48;2;0;0;0m▀[0m[38;2;0;0;0m[48;2;2;6;3m▀[0m[38;2;0;0;0m[48;2;59;137;135m▀[0m[38;2;28;69;69m[48;2;97;243;245m▀[0m[38;2;62;179;180m[48;2;114;255;255m▀[0m[38;2;0;0;0m[48;2;0;0;0m▀[0m[38;2;43;97;87m[48;2;0;0;0m▀[0m[38;2;255;255;255m[48;2;220;255;255m▀[0m[38;2;236;255;255m[48;2;241;255;255m▀[0m[38;2;226;255;255m[48;2;217;255;255m▀[0m[38;2;227;255;255m[48;2;215;255;253m▀[0m[38;2;242;255;255m[48;2;218;255;255m▀[0m[38;2;231;255;255m[48;2;217;255;255m▀[0m[38;2;255;179;169m[48;2;234;255;245m▀[0m[38;2;255;185;177m[48;2;255;255;248m▀[0m[38;2;175;199;185m[48;2;116;93;79m▀[0m[38;2;21;130;125m[48;2;142;196;196m▀[0m[38;2;255;255;255m[48;2;255;255;255m▀[0m[38;2;99;175;166m[48;2;204;251;243m▀[0m[38;2;122;188;184m[48;2;0;97;92m▀[0m[38;2;255;255;255m[48;2;217;255;255m▀[0m[38;2;255;255;255m[48;2;255;122;116m▀[0m[38;2;255;164;157m[48;2;245;244;238m▀[0m[38;2;231;255;255m[48;2;235;255;255m▀[0m[38;2;243;255;255m[48;2;222;255;255m▀[0m[38;2;234;255;255m[48;2;223;255;255m▀[0m[38;2;240;255;255m[48;2;227;255;255m▀[0m[38;2;255;255;255m[48;2;255;255;255m▀[0m[38;2;169;218;205m[48;2;56;93;90m▀[0m[38;2;0;0;0m[48;2;1;95;101m▀[0m[38;2;32;129;130m[48;2;77;201;203m▀[0m[38;2;0;0;0m[48;2;71;214;214m▀[0m[38;2;0;0;0m[48;2;41;121;121m▀[0m[38;2;0;0;0m[48;2;0;0;0m▀[0m[38;2;0;0;0m[48;2;0;0;0m▀[0m[38;2;48;0;0m[48;2;7;0;0m▀[0m[38;2;91;0;0m[48;2;99;0;0m▀[0m[38;2;25;30;36m[48;2;0;0;0m▀[0m[38;2;217;228;226m[48;2;0;0;0m▀[0m
[38;2;0;1;0m[48;2;0;94;82m▀[0m[38;2;12;44;41m[48;2;202;255;255m▀[0m[38;2;9;41;39m[48;2;255;255;255m▀[0m[38;2;0;0;0m[48;2;125;249;244m▀[0m[38;2;0;0;0m[48;2;0;0;0m▀[0m[38;2;0;0;0m[48;2;5;52;52m▀[0m[38;2;105;255;253m[48;2;96;255;255m▀[0m[38;2;109;255;255m[48;2;60;217;213m▀[0m[38;2;54;170;170m[48;2;43;186;185m▀[0m[38;2;94;255;255m[48;2;11;255;255m▀[0m[38;2;155;72;71m[48;2;102;202;204m▀[0m[38;2;0;0;0m[48;2;0;0;0m▀[0m[38;2;105;202;189m[48;2;0;39;33m▀[0m[38;2;245;255;255m[48;2;204;255;255m▀[0m[38;2;210;255;255m[48;2;215;255;252m▀[0m[38;2;209;255;248m[48;2;205;252;243m▀[0m[38;2;207;254;241m[48;2;197;248;235m▀[0m[38;2;204;255;255m[48;2;197;248;239m▀[0m[38;2;215;255;253m[48;2;201;255;255m▀[0m[38;2;255;221;207m[48;2;235;195;181m▀[0m[38;2;29;93;85m[48;2;21;67;56m▀[0m[38;2;219;243;241m[48;2;99;183;169m▀[0m[38;2;255;255;255m[48;2;255;255;255m▀[0m[38;2;255;255;255m[48;2;228;255;255m▀[0m[38;2;0;73;62m[48;2;89;0;0m▀[0m[38;2;255;58;45m[48;2;255;0;0m▀[0m[38;2;255;208;203m[48;2;211;255;255m▀[0m[38;2;213;255;255m[48;2;214;255;255m▀[0m[38;2;216;255;255m[48;2;204;255;252m▀[0m[38;2;218;255;255m[48;2;207;253;246m▀[0m[38;2;217;255;255m[48;2;211;254;252m▀[0m[38;2;221;255;255m[48;2;215;255;255m▀[0m[38;2;198;255;255m[48;2;75;148;138m▀[0m[38;2;0;0;0m[48;2;0;0;0m▀[0m[38;2;42;166;174m[48;2;74;161;163m▀[0m[38;2;40;167;177m[48;2;104;146;158m▀[0m[38;2;113;214;222m[48;2;87;197;197m▀[0m[38;2;118;255;255m[48;2;78;241;235m▀[0m[38;2;5;67;64m[48;2;102;255;255m▀[0m[38;2;0;0;0m[48;2;0;0;0m▀[0m[38;2;0;0;0m[48;2;0;0;0m▀[0m[38;2;42;91;91m[48;2;255;255;255m▀[0m[38;2;84;93;86m[48;2;255;255;255m▀[0m[38;2;0;0;0m[48;2;255;255;255m▀[0m
[38;2;255;255;255m[48;2;255;255;255m▀[0m[38;2;255;255;255m[48;2;255;255;255m▀[0m[38;2;255;255;255m[48;2;255;255;255m▀[0m[38;2;182;251;250m[48;2;255;255;255m▀[0m[38;2;0;0;0m[48;2;14;23;18m▀[0m[38;2;0;116;113m[48;2;27;41;44m▀[0m[38;2;51;255;255m[48;2;174;142;157m▀[0m[38;2;49;221;217m[48;2;225;28;33m▀[0m[38;2;12;251;249m[48;2;255;0;0m▀[0m[38;2;163;112;110m[48;2;255;0;0m▀[0m[38;2;255;0;0m[48;2;255;0;0m▀[0m[38;2;76;0;0m[48;2;255;69;75m▀[0m[38;2;0;0;0m[48;2;208;236;240m▀[0m[38;2;112;208;196m[48;2;13;82;77m▀[0m[38;2;205;255;251m[48;2;165;241;230m▀[0m[38;2;205;250;243m[48;2;207;252;243m▀[0m[38;2;198;243;239m[48;2;210;250;245m▀[0m[38;2;192;244;236m[48;2;197;243;238m▀[0m[38;2;199;255;255m[48;2;218;255;255m▀[0m[38;2;218;196;185m[48;2;193;230;224m▀[0m[38;2;97;29;22m[48;2;6;18;14m▀[0m[38;2;233;255;255m[48;2;255;255;255m▀[0m[38;2;255;255;255m[48;2;255;255;255m▀[0m[38;2;191;255;255m[48;2;215;255;255m▀[0m[38;2;30;0;0m[48;2;43;63;49m▀[0m[38;2;231;80;75m[48;2;127;154;154m▀[0m[38;2;210;255;255m[48;2;235;255;255m▀[0m[38;2;202;251;242m[48;2;192;248;240m▀[0m[38;2;202;249;241m[48;2;200;245;239m▀[0m[38;2;203;249;241m[48;2;206;252;245m▀[0m[38;2;210;254;245m[48;2;201;250;246m▀[0m[38;2;163;248;237m[48;2;43;148;135m▀[0m[38;2;0;21;15m[48;2;79;90;94m▀[0m[38;2;22;0;0m[48;2;255;255;255m▀[0m[38;2;60;85;85m[48;2;255;216;218m▀[0m[38;2;167;32;34m[48;2;255;0;0m▀[0m[38;2;68;174;174m[48;2;255;0;0m▀[0m[38;2;110;171;157m[48;2;255;3;0m▀[0m[38;2;73;255;255m[48;2;175;77;77m▀[0m[38;2;0;0;0m[48;2;0;0;0m▀[0m[38;2;0;0;0m[48;2;205;237;237m▀[0m[38;2;255;255;255m[48;2;255;255;255m▀[0m[38;2;255;255;255m[48;2;255;255;255m▀[0m[38;2;255;255;255m[48;2;255;255;255m▀[0m
[38;2;210;248;248m[48;2;220;224;225m▀[0m[38;2;255;255;255m[48;2;129;134;134m▀[0m[38;2;255;255;255m[48;2;102;116;114m▀[0m[38;2;255;255;255m[48;2;222;226;227m▀[0m[38;2;255;255;255m[48;2;255;231;234m▀[0m[38;2;0;78;92m[48;2;0;50;54m▀[0m[38;2;92;184;191m[48;2;0;234;233m▀[0m[38;2;255;0;0m[48;2;0;158;164m▀[0m[38;2;255;0;0m[48;2;158;9;9m▀[0m[38;2;255;0;0m[48;2;225;151;151m▀[0m[38;2;189;0;0m[48;2;227;255;255m▀[0m[38;2;255;255;255m[48;2;255;255;255m▀[0m[38;2;205;255;255m[48;2;200;255;255m▀[0m[38;2;0;32;27m[48;2;0;49;46m▀[0m[38;2;92;182;170m[48;2;26;108;100m▀[0m[38;2;184;238;230m[48;2;105;189;180m▀[0m[38;2;211;253;248m[48;2;186;233;227m▀[0m[38;2;189;240;232m[48;2;97;172;161m▀[0m[38;2;248;255;255m[48;2;255;255;255m▀[0m[38;2;192;239;232m[48;2;192;242;235m▀[0m[38;2;0;34;33m[48;2;52;52;45m▀[0m[38;2;255;255;255m[48;2;204;255;255m▀[0m[38;2;255;255;255m[48;2;183;239;232m▀[0m[38;2;255;255;255m[48;2;255;255;255m▀[0m[38;2;62;139;129m[48;2;128;129;124m▀[0m[38;2;105;147;147m[48;2;143;148;143m▀[0m[38;2;255;255;255m[48;2;255;255;255m▀[0m[38;2;180;236;230m[48;2;105;174;168m▀[0m[38;2;205;246;242m[48;2;218;255;251m▀[0m[38;2;203;242;237m[48;2;134;207;195m▀[0m[38;2;130;208;202m[48;2;43;148;138m▀[0m[38;2;0;59;54m[48;2;0;27;28m▀[0m[38;2;148;173;173m[48;2;150;230;211m▀[0m[38;2;255;255;255m[48;2;255;255;255m▀[0m[38;2;255;255;255m[48;2;255;255;255m▀[0m[38;2;191;125;125m[48;2;255;255;255m▀[0m[38;2;255;0;0m[48;2;255;255;255m▀[0m[38;2;255;0;0m[48;2;182;153;153m▀[0m[38;2;186;0;0m[48;2;0;143;149m▀[0m[38;2;0;31;29m[48;2;25;135;135m▀[0m[38;2;255;255;255m[48;2;255;255;255m▀[0m[38;2;250;255;255m[48;2;100;105;107m▀[0m[38;2;255;255;255m[48;2;165;172;174m▀[0m[38;2;172;214;206m[48;2;130;130;132m▀[0m
