wide,38,37,255,255,255
wide,39,16,255,255,255
wide,39,13,255,255,255
wide,37,20,255,255,255
wide,40,28,255,255,255
wide,40,10,255,255,255
wide,36,42,255,255,255
wide,36,34,255,255,255
wide,41,21,255,255,255
punch,41,22,255,232,213
punch,38,46,255,255,255
punch,38,40,255,255,255
punch,38,36,255,255,255
punch,38,8,255,255,255
punch,39,14,255,255,255
punch,38,43,242,242,242
punch,36,31,255,255,255
punch,42,41,255,255,255
strip,34,10,255,255,255
strip,33,4,255,255,255
strip,30,12,255,255,255
strip,30,8,255,255,255
strip,28,10,255,255,255
strip,28,4,255,255,255
