[38;2;0;0;0m[48;2;0;0;0m▀[0m[38;2;0;0;0m[48;2;0;0;0m▀[0m[38;2;0;0;0m[48;2;0;0;0m▀[0m[38;2;1;3;3m[48;2;3;5;5m▀[0m[38;2;3;3;4m[48;2;4;6;4m▀[0m[38;2;2;4;4m[48;2;4;6;6m▀[0m[38;2;0;0;0m[48;2;0;0;0m▀[0m[38;2;1;8;9m[48;2;0;7;7m▀[0m[38;2;6;13;14m[48;2;12;19;18m▀[0m[38;2;21;23;21m[48;2;10;12;13m▀[0m[38;2;32;34;36m[48;2;147;149;147m▀[0m[38;2;191;189;192m[48;2;75;74;74m▀[0m[38;2;27;27;27m[48;2;0;0;0m▀[0m[38;2;0;0;0m[48;2;0;0;0m▀[0m[38;2;0;0;0m[48;2;0;0;0m▀[0m[38;2;11;9;10m[48;2;0;0;0m▀[0m[38;2;66;77;83m[48;2;15;18;19m▀[0m[38;2;43;52;56m[48;2;58;66;74m▀[0m[38;2;21;32;36m[48;2;51;63;68m▀[0m[38;2;79;87;93m[48;2;2;14;19m▀[0m[38;2;229;229;229m[48;2;27;36;44m▀[0m[38;2;166;173;172m[48;2;229;229;229m▀[0m[38;2;40;56;67m[48;2;183;190;190m▀[0m[38;2;229;229;229m[48;2;198;206;212m▀[0m[38;2;77;77;74m[48;2;229;229;229m▀[0m[38;2;0;0;0m[48;2;92;95;95m▀[0m[38;2;153;155;161m[48;2;34;36;37m▀[0m[38;2;63;67;72m[48;2;123;133;133m▀[0m[38;2;0;0;0m[48;2;94;108;122m▀[0m[38;2;0;0;0m[48;2;116;126;139m▀[0m[38;2;0;0;0m[48;2;0;0;0m▀[0m[38;2;0;0;0m[48;2;0;0;0m▀[0m[38;2;0;0;0m[48;2;0;0;0m▀[0m[38;2;0;0;0m[48;2;0;0;0m▀[0m[38;2;9;11;12m[48;2;5;7;11m▀[0m[38;2;0;0;0m[48;2;0;0;0m▀[0m[38;2;63;67;72m[48;2;54;59;60m▀[0m[38;2;92;104;106m[48;2;111;120;126m▀[0m[38;2;0;0;0m[48;2;0;0;0m▀[0m[38;2;229;229;229m[48;2;139;140;137m▀[0m[38;2;229;229;229m[48;2;229;229;229m▀[0m[38;2;177;191;198m[48;2;170;189;197m▀[0m[38;2;58;77;84m[48;2;57;80;86m▀[0m[38;2;20;27;30m[48;2;32;39;37m▀[0m
[38;2;0;0;0m[48;2;0;0;0m▀[0m[38;2;1;1;1m[48;2;0;2;2m▀[0m[38;2;0;2;0m[48;2;0;0;0m▀[0m[38;2;9;11;11m[48;2;13;15;13m▀[0m[38;2;6;8;9m[48;2;10;12;12m▀[0m[38;2;6;8;8m[48;2;9;11;11m▀[0m[38;2;0;0;0m[48;2;0;0;0m▀[0m[38;2;5;12;23m[48;2;3;7;12m▀[0m[38;2;30;37;42m[48;2;34;35;45m▀[0m[38;2;59;63;62m[48;2;72;74;72m▀[0m[38;2;176;175;173m[48;2;118;120;118m▀[0m[38;2;0;0;0m[48;2;0;0;0m▀[0m[38;2;0;0;0m[48;2;0;0;0m▀[0m[38;2;0;0;0m[48;2;0;0;0m▀[0m[38;2;0;0;0m[48;2;0;0;0m▀[0m[38;2;0;0;0m[48;2;0;0;0m▀[0m[38;2;0;0;0m[48;2;0;0;0m▀[0m[38;2;0;0;0m[48;2;0;0;0m▀[0m[38;2;16;20;22m[48;2;0;0;0m▀[0m[38;2;10;15;17m[48;2;0;0;0m▀[0m[38;2;0;0;4m[48;2;0;0;0m▀[0m[38;2;0;0;0m[48;2;0;0;0m▀[0m[38;2;130;132;133m[48;2;0;0;0m▀[0m[38;2;201;212;219m[48;2;225;229;229m▀[0m[38;2;229;229;229m[48;2;229;229;229m▀[0m[38;2;38;40;40m[48;2;0;0;0m▀[0m[38;2;0;0;0m[48;2;0;0;0m▀[0m[38;2;0;0;0m[48;2;0;0;0m▀[0m[38;2;0;0;0m[48;2;0;0;0m▀[0m[38;2;51;59;67m[48;2;0;0;0m▀[0m[38;2;0;0;0m[48;2;0;0;0m▀[0m[38;2;0;0;0m[48;2;40;45;48m▀[0m[38;2;122;133;140m[48;2;127;139;142m▀[0m[38;2;21;24;25m[48;2;97;109;112m▀[0m[38;2;0;0;0m[48;2;0;0;0m▀[0m[38;2;0;0;0m[48;2;19;19;17m▀[0m[38;2;55;60;65m[48;2;183;182;180m▀[0m[38;2;180;192;196m[48;2;197;204;200m▀[0m[38;2;138;139;135m[48;2;153;166;169m▀[0m[38;2;219;213;211m[48;2;107;116;120m▀[0m[38;2;229;229;229m[48;2;65;72;76m▀[0m[38;2;229;229;229m[48;2;99;101;102m▀[0m[38;2;123;133;135m[48;2;213;213;211m▀[0m[38;2;11;14;15m[48;2;213;212;210m▀[0m
[38;2;0;2;2m[48;2;0;0;0m▀[0m[38;2;2;0;0m[48;2;1;1;2m▀[0m[38;2;3;5;5m[48;2;8;8;9m▀[0m[38;2;16;18;16m[48;2;14;16;21m▀[0m[38;2;17;19;20m[48;2;15;18;19m▀[0m[38;2;12;14;15m[48;2;17;20;21m▀[0m[38;2;0;0;0m[48;2;6;3;5m▀[0m[38;2;4;1;3m[48;2;18;18;22m▀[0m[38;2;18;18;20m[48;2;28;31;32m▀[0m[38;2;79;82;83m[48;2;84;89;86m▀[0m[38;2;74;73;73m[48;2;90;91;91m▀[0m[38;2;0;0;0m[48;2;0;0;0m▀[0m[38;2;0;0;0m[48;2;0;0;0m▀[0m[38;2;0;0;0m[48;2;0;0;0m▀[0m[38;2;0;0;0m[48;2;0;0;0m▀[0m[38;2;0;0;0m[48;2;0;0;0m▀[0m[38;2;0;0;0m[48;2;0;0;0m▀[0m[38;2;0;4;5m[48;2;15;18;20m▀[0m[38;2;14;18;18m[48;2;50;54;56m▀[0m[38;2;0;0;0m[48;2;0;0;0m▀[0m[38;2;0;0;0m[48;2;0;0;0m▀[0m[38;2;0;0;0m[48;2;0;0;0m▀[0m[38;2;0;0;0m[48;2;0;0;0m▀[0m[38;2;197;198;200m[48;2;229;229;229m▀[0m[38;2;229;229;229m[48;2;229;229;229m▀[0m[38;2;205;206;201m[48;2;229;229;229m▀[0m[38;2;229;229;229m[48;2;229;229;229m▀[0m[38;2;229;229;229m[48;2;229;229;229m▀[0m[38;2;139;140;137m[48;2;229;229;229m▀[0m[38;2;105;104;104m[48;2;207;210;207m▀[0m[38;2;36;33;35m[48;2;229;229;229m▀[0m[38;2;0;0;0m[48;2;183;183;181m▀[0m[38;2;103;114;121m[48;2;77;89;97m▀[0m[38;2;127;146;154m[48;2;149;174;184m▀[0m[38;2;38;47;45m[48;2;163;172;176m▀[0m[38;2;144;140;139m[48;2;78;72;72m▀[0m[38;2;108;119;126m[48;2;0;0;0m▀[0m[38;2;0;22;29m[48;2;0;0;0m▀[0m[38;2;0;12;16m[48;2;0;0;0m▀[0m[38;2;0;0;6m[48;2;0;0;0m▀[0m[38;2;0;13;17m[48;2;0;0;0m▀[0m[38;2;0;0;0m[48;2;0;0;0m▀[0m[38;2;0;0;1m[48;2;0;0;0m▀[0m[38;2;131;134;135m[48;2;0;0;0m▀[0m
[38;2;0;0;0m[48;2;20;20;20m▀[0m[38;2;5;5;3m[48;2;5;4;4m▀[0m[38;2;10;12;12m[48;2;13;13;11m▀[0m[38;2;17;19;20m[48;2;21;24;24m▀[0m[38;2;14;21;22m[48;2;16;18;19m▀[0m[38;2;24;27;27m[48;2;32;32;33m▀[0m[38;2;14;14;15m[48;2;30;33;34m▀[0m[38;2;40;43;44m[48;2;23;27;29m▀[0m[38;2;42;45;45m[48;2;13;19;20m▀[0m[38;2;73;76;77m[48;2;139;143;144m▀[0m[38;2;142;141;139m[48;2;46;49;49m▀[0m[38;2;0;0;0m[48;2;51;54;58m▀[0m[38;2;110;112;110m[48;2;92;102;115m▀[0m[38;2;0;0;0m[48;2;63;62;64m▀[0m[38;2;0;0;0m[48;2;0;0;0m▀[0m[38;2;0;0;0m[48;2;0;0;0m▀[0m[38;2;0;0;0m[48;2;0;0;0m▀[0m[38;2;33;41;45m[48;2;0;0;0m▀[0m[38;2;0;24;24m[48;2;18;0;0m▀[0m[38;2;0;0;0m[48;2;15;0;0m▀[0m[38;2;0;0;0m[48;2;0;0;0m▀[0m[38;2;0;1;3m[48;2;0;0;0m▀[0m[38;2;0;0;0m[48;2;0;0;0m▀[0m[38;2;114;122;123m[48;2;91;93;93m▀[0m[38;2;229;229;229m[48;2;229;229;229m▀[0m[38;2;229;229;229m[48;2;229;229;229m▀[0m[38;2;229;229;229m[48;2;7;11;9m▀[0m[38;2;155;158;158m[48;2;0;0;0m▀[0m[38;2;229;229;229m[48;2;229;229;229m▀[0m[38;2;229;229;229m[48;2;229;229;229m▀[0m[38;2;229;229;229m[48;2;229;229;229m▀[0m[38;2;229;229;229m[48;2;229;229;229m▀[0m[38;2;229;229;229m[48;2;229;229;229m▀[0m[38;2;111;129;133m[48;2;229;229;229m▀[0m[38;2;198;205;206m[48;2;207;212;213m▀[0m[38;2;8;5;5m[48;2;0;0;0m▀[0m[38;2;0;0;0m[48;2;0;0;0m▀[0m[38;2;0;0;0m[48;2;0;0;0m▀[0m[38;2;0;0;0m[48;2;0;0;0m▀[0m[38;2;0;0;0m[48;2;0;0;0m▀[0m[38;2;0;0;0m[48;2;0;0;0m▀[0m[38;2;0;0;0m[48;2;0;0;0m▀[0m[38;2;0;0;0m[48;2;0;0;0m▀[0m[38;2;0;0;0m[48;2;0;0;0m▀[0m
[38;2;27;27;27m[48;2;6;8;8m▀[0m[38;2;10;13;12m[48;2;13;15;15m▀[0m[38;2;14;17;16m[48;2;10;12;10m▀[0m[38;2;14;18;21m[48;2;22;25;27m▀[0m[38;2;20;24;23m[48;2;0;0;0m▀[0m[38;2;15;18;20m[48;2;48;53;52m▀[0m[38;2;0;0;0m[48;2;229;229;229m▀[0m[38;2;74;77;82m[48;2;229;229;229m▀[0m[38;2;229;229;229m[48;2;162;164;165m▀[0m[38;2;113;113;113m[48;2;31;33;35m▀[0m[38;2;0;0;0m[48;2;0;0;0m▀[0m[38;2;49;53;54m[48;2;0;0;0m▀[0m[38;2;64;74;86m[48;2;44;45;46m▀[0m[38;2;50;52;53m[48;2;0;0;0m▀[0m[38;2;0;0;0m[48;2;0;0;0m▀[0m[38;2;16;16;16m[48;2;19;23;25m▀[0m[38;2;0;0;0m[48;2;142;148;148m▀[0m[38;2;0;0;0m[48;2;0;0;0m▀[0m[38;2;148;0;0m[48;2;0;0;0m▀[0m[38;2;229;0;0m[48;2;47;12;20m▀[0m[38;2;150;0;0m[48;2;0;0;0m▀[0m[38;2;0;0;0m[48;2;0;0;0m▀[0m[38;2;92;94;95m[48;2;58;66;66m▀[0m[38;2;206;212;212m[48;2;115;124;125m▀[0m[38;2;229;229;229m[48;2;229;229;229m▀[0m[38;2;150;154;154m[48;2;0;0;0m▀[0m[38;2;0;0;0m[48;2;0;0;0m▀[0m[38;2;0;0;0m[48;2;0;0;0m▀[0m[38;2;229;229;229m[48;2;10;27;27m▀[0m[38;2;229;229;229m[48;2;229;229;229m▀[0m[38;2;229;229;229m[48;2;229;229;229m▀[0m[38;2;229;229;229m[48;2;229;229;229m▀[0m[38;2;229;229;229m[48;2;229;229;229m▀[0m[38;2;229;229;229m[48;2;229;229;229m▀[0m[38;2;91;104;104m[48;2;0;0;0m▀[0m[38;2;0;0;0m[48;2;0;0;0m▀[0m[38;2;0;0;0m[48;2;0;0;0m▀[0m[38;2;0;0;0m[48;2;0;9;9m▀[0m[38;2;0;0;0m[48;2;0;8;8m▀[0m[38;2;0;0;0m[48;2;0;0;0m▀[0m[38;2;0;0;0m[48;2;0;0;0m▀[0m[38;2;0;0;0m[48;2;11;19;22m▀[0m[38;2;0;0;0m[48;2;0;0;1m▀[0m[38;2;0;0;0m[48;2;0;0;0m▀[0m
[38;2;11;10;10m[48;2;11;11;11m▀[0m[38;2;10;12;12m[48;2;0;0;0m▀[0m[38;2;6;6;7m[48;2;23;25;26m▀[0m[38;2;0;0;0m[48;2;229;229;229m▀[0m[38;2;162;162;160m[48;2;229;229;229m▀[0m[38;2;229;229;229m[48;2;2;7;12m▀[0m[38;2;179;185;186m[48;2;0;0;0m▀[0m[38;2;0;0;0m[48;2;0;0;0m▀[0m[38;2;0;0;0m[48;2;0;0;0m▀[0m[38;2;5;8;10m[48;2;0;0;0m▀[0m[38;2;0;0;0m[48;2;0;0;0m▀[0m[38;2;0;0;0m[48;2;0;0;0m▀[0m[38;2;15;17;17m[48;2;0;0;0m▀[0m[38;2;101;103;103m[48;2;27;27;27m▀[0m[38;2;21;21;21m[48;2;60;60;60m▀[0m[38;2;0;0;0m[48;2;0;0;0m▀[0m[38;2;80;82;82m[48;2;0;0;0m▀[0m[38;2;2;14;14m[48;2;0;0;0m▀[0m[38;2;0;0;0m[48;2;0;0;0m▀[0m[38;2;0;0;0m[48;2;0;0;0m▀[0m[38;2;0;0;0m[48;2;0;0;0m▀[0m[38;2;0;0;0m[48;2;0;0;0m▀[0m[38;2;64;56;54m[48;2;14;20;21m▀[0m[38;2;176;26;12m[48;2;0;0;0m▀[0m[38;2;217;215;217m[48;2;0;0;0m▀[0m[38;2;116;165;164m[48;2;0;0;0m▀[0m[38;2;229;36;24m[48;2;0;0;0m▀[0m[38;2;229;0;0m[48;2;61;19;23m▀[0m[38;2;12;41;41m[48;2;16;35;37m▀[0m[38;2;180;189;191m[48;2;229;229;229m▀[0m[38;2;229;229;229m[48;2;229;229;229m▀[0m[38;2;229;229;229m[48;2;229;229;229m▀[0m[38;2;229;229;229m[48;2;229;229;229m▀[0m[38;2;229;229;229m[48;2;169;220;222m▀[0m[38;2;125;0;0m[48;2;0;0;0m▀[0m[38;2;229;0;0m[48;2;229;0;0m▀[0m[38;2;0;0;0m[48;2;92;0;0m▀[0m[38;2;50;85;87m[48;2;9;81;84m▀[0m[38;2;0;0;1m[48;2;0;0;0m▀[0m[38;2;0;0;0m[48;2;44;0;0m▀[0m[38;2;0;0;0m[48;2;55;0;0m▀[0m[38;2;137;153;155m[48;2;55;77;77m▀[0m[38;2;0;3;3m[48;2;0;2;2m▀[0m[38;2;0;0;0m[48;2;0;0;0m▀[0m
[38;2;1;0;1m[48;2;45;43;41m▀[0m[38;2;76;76;77m[48;2;117;120;120m▀[0m[38;2;229;229;229m[48;2;201;224;229m▀[0m[38;2;195;206;210m[48;2;122;142;149m▀[0m[38;2;176;188;189m[48;2;0;0;0m▀[0m[38;2;154;154;151m[48;2;6;4;2m▀[0m[38;2;0;0;0m[48;2;26;26;27m▀[0m[38;2;0;0;0m[48;2;0;0;0m▀[0m[38;2;0;0;0m[48;2;0;0;0m▀[0m[38;2;0;0;0m[48;2;0;0;0m▀[0m[38;2;0;0;0m[48;2;0;0;0m▀[0m[38;2;0;0;0m[48;2;0;0;0m▀[0m[38;2;0;0;0m[48;2;0;0;0m▀[0m[38;2;27;29;29m[48;2;54;56;56m▀[0m[38;2;64;64;64m[48;2;7;7;7m▀[0m[38;2;0;0;0m[48;2;62;62;63m▀[0m[38;2;0;0;0m[48;2;0;0;0m▀[0m[38;2;0;0;0m[48;2;0;0;0m▀[0m[38;2;106;106;106m[48;2;0;0;0m▀[0m[38;2;220;224;220m[48;2;76;76;77m▀[0m[38;2;202;204;202m[48;2;229;229;229m▀[0m[38;2;162;166;166m[48;2;229;229;229m▀[0m[38;2;0;0;0m[48;2;229;229;229m▀[0m[38;2;0;0;0m[48;2;229;229;229m▀[0m[38;2;0;0;0m[48;2;0;0;0m▀[0m[38;2;0;0;0m[48;2;0;0;0m▀[0m[38;2;0;0;0m[48;2;0;0;0m▀[0m[38;2;0;0;0m[48;2;185;188;188m▀[0m[38;2;180;189;189m[48;2;229;229;229m▀[0m[38;2;229;229;229m[48;2;229;229;229m▀[0m[38;2;229;229;229m[48;2;229;229;229m▀[0m[38;2;156;156;156m[48;2;0;0;0m▀[0m[38;2;226;229;229m[48;2;102;107;107m▀[0m[38;2;207;220;220m[48;2;229;229;229m▀[0m[38;2;0;0;0m[48;2;0;0;0m▀[0m[38;2;0;0;0m[48;2;0;0;0m▀[0m[38;2;0;0;0m[48;2;64;88;91m▀[0m[38;2;0;0;2m[48;2;0;0;0m▀[0m[38;2;142;4;0m[48;2;0;0;0m▀[0m[38;2;229;0;0m[48;2;32;0;0m▀[0m[38;2;229;0;0m[48;2;7;3;5m▀[0m[38;2;0;0;0m[48;2;39;69;69m▀[0m[38;2;0;0;0m[48;2;0;0;0m▀[0m[38;2;0;0;0m[48;2;0;0;0m▀[0m
[38;2;27;26;26m[48;2;134;145;152m▀[0m[38;2;166;187;193m[48;2;229;229;229m▀[0m[38;2;200;221;227m[48;2;23;27;27m▀[0m[38;2;19;22;25m[48;2;0;0;0m▀[0m[38;2;0;0;0m[48;2;121;123;121m▀[0m[38;2;199;199;201m[48;2;189;191;189m▀[0m[38;2;229;229;229m[48;2;0;0;0m▀[0m[38;2;0;0;0m[48;2;0;0;0m▀[0m[38;2;81;81;82m[48;2;0;0;0m▀[0m[38;2;93;95;95m[48;2;229;229;229m▀[0m[38;2;2;5;5m[48;2;89;89;90m▀[0m[38;2;6;4;7m[48;2;0;0;0m▀[0m[38;2;0;0;0m[48;2;0;0;0m▀[0m[38;2;78;80;80m[48;2;44;46;46m▀[0m[38;2;0;0;0m[48;2;72;73;73m▀[0m[38;2;0;0;0m[48;2;108;110;111m▀[0m[38;2;81;79;83m[48;2;63;64;72m▀[0m[38;2;25;27;27m[48;2;229;229;229m▀[0m[38;2;0;0;0m[48;2;176;176;172m▀[0m[38;2;0;0;0m[48;2;0;0;0m▀[0m[38;2;0;0;0m[48;2;217;221;225m▀[0m[38;2;214;217;218m[48;2;229;229;229m▀[0m[38;2;229;229;229m[48;2;0;0;0m▀[0m[38;2;199;199;199m[48;2;0;0;0m▀[0m[38;2;0;0;0m[48;2;0;0;0m▀[0m[38;2;0;0;0m[48;2;0;0;0m▀[0m[38;2;0;0;0m[48;2;0;0;0m▀[0m[38;2;60;60;60m[48;2;0;0;0m▀[0m[38;2;50;53;54m[48;2;72;75;77m▀[0m[38;2;229;229;229m[48;2;229;229;229m▀[0m[38;2;229;229;229m[48;2;229;229;229m▀[0m[38;2;0;0;0m[48;2;221;223;223m▀[0m[38;2;223;225;225m[48;2;229;229;229m▀[0m[38;2;229;229;229m[48;2;229;229;229m▀[0m[38;2;72;79;81m[48;2;59;61;63m▀[0m[38;2;18;21;23m[48;2;192;195;195m▀[0m[38;2;0;0;0m[48;2;202;204;204m▀[0m[38;2;0;0;0m[48;2;126;130;129m▀[0m[38;2;0;0;0m[48;2;201;207;207m▀[0m[38;2;0;0;0m[48;2;99;104;104m▀[0m[38;2;49;79;82m[48;2;0;0;0m▀[0m[38;2;36;49;49m[48;2;0;0;0m▀[0m[38;2;6;12;12m[48;2;88;94;99m▀[0m[38;2;26;30;29m[48;2;24;24;25m▀[0m
[38;2;82;90;92m[48;2;0;0;0m▀[0m[38;2;137;153;158m[48;2;59;66;73m▀[0m[38;2;0;0;0m[48;2;0;0;0m▀[0m[38;2;0;0;0m[48;2;48;52;51m▀[0m[38;2;154;156;156m[48;2;20;22;23m▀[0m[38;2;0;0;0m[48;2;0;0;0m▀[0m[38;2;0;0;0m[48;2;0;0;0m▀[0m[38;2;0;0;0m[48;2;0;0;0m▀[0m[38;2;0;0;0m[48;2;0;0;0m▀[0m[38;2;229;229;229m[48;2;199;203;203m▀[0m[38;2;223;229;229m[48;2;229;229;229m▀[0m[38;2;0;0;0m[48;2;0;0;0m▀[0m[38;2;12;11;11m[48;2;44;44;44m▀[0m[38;2;14;12;15m[48;2;204;204;204m▀[0m[38;2;130;132;132m[48;2;81;84;84m▀[0m[38;2;89;91;92m[48;2;0;0;0m▀[0m[38;2;0;0;0m[48;2;0;0;0m▀[0m[38;2;33;36;36m[48;2;0;0;0m▀[0m[38;2;229;229;229m[48;2;101;103;105m▀[0m[38;2;180;184;186m[48;2;229;229;229m▀[0m[38;2;229;229;229m[48;2;229;229;229m▀[0m[38;2;229;229;229m[48;2;229;229;229m▀[0m[38;2;26;26;26m[48;2;229;229;229m▀[0m[38;2;0;0;0m[48;2;229;229;229m▀[0m[38;2;0;0;0m[48;2;46;46;49m▀[0m[38;2;0;0;0m[48;2;0;0;0m▀[0m[38;2;13;13;15m[48;2;0;0;0m▀[0m[38;2;11;11;9m[48;2;0;0;0m▀[0m[38;2;180;181;181m[48;2;201;204;204m▀[0m[38;2;229;229;229m[48;2;229;229;229m▀[0m[38;2;229;229;229m[48;2;229;229;229m▀[0m[38;2;224;225;225m[48;2;202;204;204m▀[0m[38;2;229;229;229m[48;2;229;229;229m▀[0m[38;2;229;229;229m[48;2;229;229;229m▀[0m[38;2;79;79;79m[48;2;165;169;169m▀[0m[38;2;0;0;0m[48;2;0;0;0m▀[0m[38;2;54;56;56m[48;2;0;0;0m▀[0m[38;2;182;185;185m[48;2;0;0;0m▀[0m[38;2;156;156;156m[48;2;0;0;0m▀[0m[38;2;0;0;0m[48;2;54;57;57m▀[0m[38;2;17;17;17m[48;2;67;67;67m▀[0m[38;2;88;94;95m[48;2;7;10;10m▀[0m[38;2;4;6;11m[48;2;36;40;42m▀[0m[38;2;0;0;0m[48;2;0;0;0m▀[0m
[38;2;0;0;0m[48;2;25;32;33m▀[0m[38;2;73;81;85m[48;2;84;91;95m▀[0m[38;2;0;0;0m[48;2;8;5;7m▀[0m[38;2;0;0;1m[48;2;0;0;0m▀[0m[38;2;0;0;0m[48;2;0;0;0m▀[0m[38;2;0;0;0m[48;2;0;0;0m▀[0m[38;2;0;0;0m[48;2;0;0;0m▀[0m[38;2;0;0;0m[48;2;0;0;0m▀[0m[38;2;0;0;0m[48;2;1;3;4m▀[0m[38;2;175;178;178m[48;2;115;118;118m▀[0m[38;2;110;113;113m[48;2;0;0;0m▀[0m[38;2;0;0;0m[48;2;77;77;80m▀[0m[38;2;0;0;0m[48;2;0;0;0m▀[0m[38;2;26;32;32m[48;2;0;0;0m▀[0m[38;2;162;161;161m[48;2;0;0;0m▀[0m[38;2;0;0;0m[48;2;0;0;0m▀[0m[38;2;0;0;0m[48;2;0;0;0m▀[0m[38;2;0;0;0m[48;2;0;0;0m▀[0m[38;2;0;0;0m[48;2;84;87;87m▀[0m[38;2;229;229;229m[48;2;229;229;229m▀[0m[38;2;229;229;229m[48;2;229;229;229m▀[0m[38;2;229;229;229m[48;2;221;222;219m▀[0m[38;2;229;229;229m[48;2;229;229;229m▀[0m[38;2;229;229;229m[48;2;83;83;83m▀[0m[38;2;79;79;79m[48;2;63;65;62m▀[0m[38;2;0;0;0m[48;2;104;104;102m▀[0m[38;2;12;12;12m[48;2;34;34;34m▀[0m[38;2;0;0;0m[48;2;229;229;229m▀[0m[38;2;145;148;148m[48;2;198;197;199m▀[0m[38;2;229;229;229m[48;2;229;229;229m▀[0m[38;2;173;175;175m[48;2;141;143;143m▀[0m[38;2;220;219;219m[48;2;229;229;229m▀[0m[38;2;229;229;229m[48;2;229;229;229m▀[0m[38;2;229;229;229m[48;2;229;229;229m▀[0m[38;2;229;229;229m[48;2;229;229;229m▀[0m[38;2;70;72;72m[48;2;39;41;41m▀[0m[38;2;0;0;0m[48;2;8;7;7m▀[0m[38;2;29;29;29m[48;2;0;0;0m▀[0m[38;2;35;37;37m[48;2;0;0;0m▀[0m[38;2;4;4;2m[48;2;0;0;0m▀[0m[38;2;0;0;0m[48;2;0;0;0m▀[0m[38;2;14;16;16m[48;2;0;0;0m▀[0m[38;2;35;35;33m[48;2;0;0;0m▀[0m[38;2;0;0;0m[48;2;0;0;0m▀[0m
[38;2;54;64;68m[48;2;0;0;0m▀[0m[38;2;42;45;51m[48;2;0;0;0m▀[0m[38;2;11;14;15m[48;2;18;22;26m▀[0m[38;2;0;0;0m[48;2;0;0;0m▀[0m[38;2;0;0;0m[48;2;0;0;0m▀[0m[38;2;0;0;0m[48;2;0;0;0m▀[0m[38;2;0;0;0m[48;2;0;0;0m▀[0m[38;2;0;0;0m[48;2;20;22;22m▀[0m[38;2;0;0;0m[48;2;43;45;43m▀[0m[38;2;0;0;0m[48;2;132;132;132m▀[0m[38;2;131;131;131m[48;2;60;63;63m▀[0m[38;2;125;124;124m[48;2;0;0;0m▀[0m[38;2;0;0;0m[48;2;0;0;0m▀[0m[38;2;0;0;0m[48;2;0;0;0m▀[0m[38;2;26;26;26m[48;2;12;17;17m▀[0m[38;2;45;45;45m[48;2;89;89;90m▀[0m[38;2;0;0;0m[48;2;0;0;0m▀[0m[38;2;81;81;82m[48;2;0;0;0m▀[0m[38;2;145;149;149m[48;2;59;62;62m▀[0m[38;2;229;229;229m[48;2;33;39;39m▀[0m[38;2;229;229;229m[48;2;229;229;229m▀[0m[38;2;229;229;229m[48;2;134;135;132m▀[0m[38;2;229;229;229m[48;2;79;81;79m▀[0m[38;2;0;0;0m[48;2;7;9;6m▀[0m[38;2;125;125;126m[48;2;126;126;126m▀[0m[38;2;139;139;141m[48;2;82;85;85m▀[0m[38;2;0;0;0m[48;2;0;0;0m▀[0m[38;2;157;160;160m[48;2;177;180;180m▀[0m[38;2;229;229;229m[48;2;229;229;229m▀[0m[38;2;229;229;229m[48;2;19;17;17m▀[0m[38;2;102;100;103m[48;2;44;44;42m▀[0m[38;2;140;142;147m[48;2;54;55;55m▀[0m[38;2;224;225;225m[48;2;0;0;0m▀[0m[38;2;181;184;186m[48;2;9;7;7m▀[0m[38;2;229;229;229m[48;2;180;181;181m▀[0m[38;2;144;145;145m[48;2;229;229;229m▀[0m[38;2;0;0;0m[48;2;92;89;89m▀[0m[38;2;0;0;0m[48;2;0;0;0m▀[0m[38;2;18;21;23m[48;2;175;175;175m▀[0m[38;2;0;0;0m[48;2;169;171;171m▀[0m[38;2;0;0;0m[48;2;41;44;44m▀[0m[38;2;0;0;0m[48;2;62;64;63m▀[0m[38;2;8;8;6m[48;2;158;158;159m▀[0m[38;2;0;0;0m[48;2;0;0;0m▀[0m
[38;2;45;45;45m[48;2;52;51;51m▀[0m[38;2;0;0;0m[48;2;111;111;109m▀[0m[38;2;0;0;0m[48;2;36;36;37m▀[0m[38;2;0;0;0m[48;2;0;0;0m▀[0m[38;2;0;0;0m[48;2;0;0;0m▀[0m[38;2;0;0;0m[48;2;52;54;55m▀[0m[38;2;105;104;104m[48;2;94;99;100m▀[0m[38;2;106;108;105m[48;2;0;0;0m▀[0m[38;2;70;72;72m[48;2;0;0;0m▀[0m[38;2;0;0;0m[48;2;0;0;0m▀[0m[38;2;0;0;0m[48;2;0;0;0m▀[0m[38;2;0;0;0m[48;2;0;0;0m▀[0m[38;2;0;0;0m[48;2;0;0;0m▀[0m[38;2;0;0;0m[48;2;0;0;0m▀[0m[38;2;6;4;7m[48;2;12;11;11m▀[0m[38;2;99;101;101m[48;2;63;64;64m▀[0m[38;2;0;0;0m[48;2;0;0;0m▀[0m[38;2;161;162;162m[48;2;45;45;45m▀[0m[38;2;0;0;0m[48;2;0;0;0m▀[0m[38;2;0;0;0m[48;2;229;229;229m▀[0m[38;2;229;229;229m[48;2;102;105;105m▀[0m[38;2;6;9;9m[48;2;171;173;171m▀[0m[38;2;0;0;0m[48;2;56;60;56m▀[0m[38;2;144;146;146m[48;2;139;141;141m▀[0m[38;2;102;108;108m[48;2;5;5;5m▀[0m[38;2;106;108;108m[48;2;189;192;192m▀[0m[38;2;112;112;112m[48;2;229;229;229m▀[0m[38;2;229;229;229m[48;2;44;45;45m▀[0m[38;2;145;146;144m[48;2;0;0;0m▀[0m[38;2;62;64;64m[48;2;0;0;0m▀[0m[38;2;0;0;0m[48;2;26;27;27m▀[0m[38;2;0;0;0m[48;2;0;0;0m▀[0m[38;2;0;0;0m[48;2;0;0;0m▀[0m[38;2;0;0;0m[48;2;0;0;0m▀[0m[38;2;0;0;0m[48;2;0;0;0m▀[0m[38;2;203;202;202m[48;2;229;229;229m▀[0m[38;2;141;141;139m[48;2;100;100;100m▀[0m[38;2;82;82;82m[48;2;0;0;0m▀[0m[38;2;26;29;29m[48;2;0;0;0m▀[0m[38;2;0;0;0m[48;2;0;0;0m▀[0m[38;2;0;0;0m[48;2;0;0;0m▀[0m[38;2;7;7;9m[48;2;0;0;0m▀[0m[38;2;229;229;229m[48;2;22;24;26m▀[0m[38;2;0;0;0m[48;2;5;8;8m▀[0m
[38;2;0;0;0m[48;2;18;23;23m▀[0m[38;2;21;21;21m[48;2;0;0;0m▀[0m[38;2;129;129;129m[48;2;52;54;52m▀[0m[38;2;0;0;0m[48;2;130;130;125m▀[0m[38;2;0;0;0m[48;2;36;37;37m▀[0m[38;2;108;110;110m[48;2;46;45;45m▀[0m[38;2;78;90;93m[48;2;0;0;0m▀[0m[38;2;0;0;0m[48;2;54;65;72m▀[0m[38;2;0;0;0m[48;2;0;0;0m▀[0m[38;2;0;0;0m[48;2;4;6;6m▀[0m[38;2;0;0;0m[48;2;0;0;0m▀[0m[38;2;0;0;0m[48;2;0;0;0m▀[0m[38;2;0;0;0m[48;2;0;0;0m▀[0m[38;2;0;0;0m[48;2;0;0;0m▀[0m[38;2;24;26;26m[48;2;27;29;31m▀[0m[38;2;10;12;12m[48;2;0;0;0m▀[0m[38;2;34;34;34m[48;2;55;59;59m▀[0m[38;2;41;43;43m[48;2;128;129;126m▀[0m[38;2;229;229;229m[48;2;73;73;73m▀[0m[38;2;219;222;222m[48;2;0;0;0m▀[0m[38;2;229;229;229m[48;2;100;102;102m▀[0m[38;2;229;229;229m[48;2;106;109;111m▀[0m[38;2;13;16;16m[48;2;0;0;0m▀[0m[38;2;0;0;0m[48;2;0;0;0m▀[0m[38;2;162;164;164m[48;2;204;206;206m▀[0m[38;2;229;229;229m[48;2;213;215;215m▀[0m[38;2;0;0;0m[48;2;0;0;0m▀[0m[38;2;0;0;0m[48;2;0;0;0m▀[0m[38;2;0;0;0m[48;2;0;0;0m▀[0m[38;2;54;55;56m[48;2;42;44;44m▀[0m[38;2;229;229;229m[48;2;188;190;190m▀[0m[38;2;33;33;33m[48;2;198;199;201m▀[0m[38;2;0;0;0m[48;2;46;51;51m▀[0m[38;2;0;0;0m[48;2;0;2;2m▀[0m[38;2;0;0;0m[48;2;0;0;0m▀[0m[38;2;229;229;229m[48;2;203;210;209m▀[0m[38;2;229;229;229m[48;2;229;229;229m▀[0m[38;2;153;154;152m[48;2;229;229;229m▀[0m[38;2;19;19;19m[48;2;229;229;229m▀[0m[38;2;49;51;51m[48;2;54;54;54m▀[0m[38;2;0;0;0m[48;2;0;0;0m▀[0m[38;2;0;0;0m[48;2;179;179;180m▀[0m[38;2;0;0;0m[48;2;201;201;199m▀[0m[38;2;0;0;0m[48;2;214;214;214m▀[0m
[38;2;0;0;0m[48;2;0;0;0m▀[0m[38;2;0;0;0m[48;2;0;0;0m▀[0m[38;2;0;0;0m[48;2;0;0;0m▀[0m[38;2;108;108;105m[48;2;0;0;0m▀[0m[38;2;143;144;143m[48;2;104;105;101m▀[0m[38;2;0;0;0m[48;2;144;144;144m▀[0m[38;2;0;0;0m[48;2;1;4;3m▀[0m[38;2;4;8;11m[48;2;0;0;0m▀[0m[38;2;38;45;52m[48;2;0;4;5m▀[0m[38;2;23;26;27m[48;2;11;13;18m▀[0m[38;2;0;0;4m[48;2;0;0;0m▀[0m[38;2;0;0;0m[48;2;0;0;0m▀[0m[38;2;0;0;0m[48;2;2;5;10m▀[0m[38;2;0;5;5m[48;2;5;8;10m▀[0m[38;2;0;0;0m[48;2;0;0;0m▀[0m[38;2;0;0;0m[48;2;181;183;183m▀[0m[38;2;25;27;27m[48;2;61;63;63m▀[0m[38;2;0;0;0m[48;2;0;0;0m▀[0m[38;2;0;0;0m[48;2;0;0;0m▀[0m[38;2;0;0;0m[48;2;0;0;0m▀[0m[38;2;0;0;0m[48;2;0;0;0m▀[0m[38;2;0;0;0m[48;2;0;0;0m▀[0m[38;2;0;0;0m[48;2;0;0;0m▀[0m[38;2;18;18;16m[48;2;0;0;0m▀[0m[38;2;198;199;199m[48;2;96;99;99m▀[0m[38;2;229;229;229m[48;2;180;182;182m▀[0m[38;2;0;0;0m[48;2;4;4;4m▀[0m[38;2;0;0;0m[48;2;0;0;0m▀[0m[38;2;0;0;0m[48;2;0;0;0m▀[0m[38;2;0;0;0m[48;2;0;0;0m▀[0m[38;2;0;0;0m[48;2;0;0;0m▀[0m[38;2;210;219;218m[48;2;45;54;54m▀[0m[38;2;140;148;149m[48;2;58;108;113m▀[0m[38;2;0;0;0m[48;2;0;0;0m▀[0m[38;2;0;0;0m[48;2;0;0;0m▀[0m[38;2;220;229;229m[48;2;221;229;229m▀[0m[38;2;186;192;193m[48;2;229;229;229m▀[0m[38;2;0;0;0m[48;2;0;0;0m▀[0m[38;2;0;0;0m[48;2;0;0;0m▀[0m[38;2;0;0;0m[48;2;164;168;168m▀[0m[38;2;203;205;205m[48;2;0;0;0m▀[0m[38;2;72;74;74m[48;2;0;0;0m▀[0m[38;2;0;0;0m[48;2;0;0;0m▀[0m[38;2;0;0;0m[48;2;0;0;0m▀[0m
[38;2;1;3;3m[48;2;0;0;0m▀[0m[38;2;38;40;41m[48;2;139;138;135m▀[0m[38;2;0;0;0m[48;2;65;67;69m▀[0m[38;2;0;0;0m[48;2;0;0;0m▀[0m[38;2;9;7;9m[48;2;0;0;0m▀[0m[38;2;229;229;229m[48;2;90;89;89m▀[0m[38;2;123;126;126m[48;2;229;229;229m▀[0m[38;2;0;0;0m[48;2;104;103;103m▀[0m[38;2;0;0;0m[48;2;0;0;0m▀[0m[38;2;0;0;0m[48;2;0;0;0m▀[0m[38;2;0;0;0m[48;2;0;0;0m▀[0m[38;2;0;0;0m[48;2;45;49;49m▀[0m[38;2;0;0;0m[48;2;14;17;17m▀[0m[38;2;0;0;0m[48;2;0;0;0m▀[0m[38;2;0;0;0m[48;2;0;0;0m▀[0m[38;2;225;227;227m[48;2;229;229;229m▀[0m[38;2;31;33;33m[48;2;130;129;129m▀[0m[38;2;0;0;0m[48;2;0;0;0m▀[0m[38;2;0;0;0m[48;2;0;0;0m▀[0m[38;2;0;0;0m[48;2;45;45;45m▀[0m[38;2;0;0;0m[48;2;82;85;85m▀[0m[38;2;0;0;0m[48;2;0;1;0m▀[0m[38;2;0;0;0m[48;2;81;83;83m▀[0m[38;2;30;35;36m[48;2;83;86;85m▀[0m[38;2;0;0;0m[48;2;0;0;0m▀[0m[38;2;75;75;75m[48;2;0;0;0m▀[0m[38;2;8;8;9m[48;2;0;2;2m▀[0m[38;2;0;0;0m[48;2;68;77;77m▀[0m[38;2;0;0;0m[48;2;90;99;100m▀[0m[38;2;0;0;0m[48;2;46;70;72m▀[0m[38;2;0;0;0m[48;2;54;95;96m▀[0m[38;2;38;67;72m[48;2;148;181;180m▀[0m[38;2;100;100;99m[48;2;12;0;0m▀[0m[38;2;229;0;0m[48;2;212;0;0m▀[0m[38;2;140;0;0m[48;2;101;0;0m▀[0m[38;2;229;229;229m[48;2;229;229;229m▀[0m[38;2;229;229;229m[48;2;229;229;229m▀[0m[38;2;14;16;16m[48;2;170;173;175m▀[0m[38;2;90;90;90m[48;2;0;0;0m▀[0m[38;2;0;0;0m[48;2;0;0;0m▀[0m[38;2;0;0;0m[48;2;0;0;0m▀[0m[38;2;0;0;0m[48;2;0;0;0m▀[0m[38;2;0;0;0m[48;2;0;0;0m▀[0m[38;2;0;0;0m[48;2;0;0;0m▀[0m
[38;2;0;0;0m[48;2;0;0;0m▀[0m[38;2;99;99;99m[48;2;0;0;0m▀[0m[38;2;207;209;207m[48;2;93;93;91m▀[0m[38;2;0;2;3m[48;2;131;134;134m▀[0m[38;2;0;0;0m[48;2;0;0;0m▀[0m[38;2;0;0;0m[48;2;0;0;0m▀[0m[38;2;4;4;4m[48;2;0;0;0m▀[0m[38;2;79;79;76m[48;2;0;0;0m▀[0m[38;2;106;106;108m[48;2;35;35;35m▀[0m[38;2;30;35;36m[48;2;108;110;110m▀[0m[38;2;125;128;128m[48;2;0;0;0m▀[0m[38;2;26;26;26m[48;2;0;0;0m▀[0m[38;2;0;0;0m[48;2;0;0;0m▀[0m[38;2;0;0;0m[48;2;108;110;111m▀[0m[38;2;120;122;122m[48;2;229;229;229m▀[0m[38;2;229;229;229m[48;2;170;168;171m▀[0m[38;2;123;125;125m[48;2;0;0;0m▀[0m[38;2;74;76;76m[48;2;19;17;17m▀[0m[38;2;99;102;104m[48;2;39;41;41m▀[0m[38;2;66;66;66m[48;2;0;0;0m▀[0m[38;2;0;0;0m[48;2;0;0;0m▀[0m[38;2;0;0;0m[48;2;0;0;0m▀[0m[38;2;153;153;154m[48;2;93;96;99m▀[0m[38;2;0;0;0m[48;2;0;0;0m▀[0m[38;2;0;0;0m[48;2;0;0;0m▀[0m[38;2;0;0;0m[48;2;0;0;0m▀[0m[38;2;0;0;0m[48;2;0;0;0m▀[0m[38;2;0;0;0m[48;2;0;0;0m▀[0m[38;2;0;12;14m[48;2;141;0;0m▀[0m[38;2;54;66;65m[48;2;229;0;0m▀[0m[38;2;199;99;95m[48;2;18;0;0m▀[0m[38;2;0;28;30m[48;2;0;42;47m▀[0m[38;2;16;0;0m[48;2;5;0;0m▀[0m[38;2;135;0;0m[48;2;0;0;0m▀[0m[38;2;135;0;0m[48;2;77;36;34m▀[0m[38;2;229;229;229m[48;2;229;229;229m▀[0m[38;2;91;105;108m[48;2;0;0;0m▀[0m[38;2;0;0;0m[48;2;0;0;0m▀[0m[38;2;0;0;0m[48;2;0;0;0m▀[0m[38;2;0;0;0m[48;2;0;0;0m▀[0m[38;2;22;24;26m[48;2;70;73;74m▀[0m[38;2;56;61;63m[48;2;78;81;81m▀[0m[38;2;0;0;0m[48;2;0;0;0m▀[0m[38;2;0;0;0m[48;2;0;0;0m▀[0m
