[38;2;0;0;0m[48;2;0;0;0m▀[0m[38;2;0;0;0m[48;2;1;1;1m▀[0m[38;2;0;0;0m[48;2;1;1;1m▀[0m[38;2;2;4;4m[48;2;4;7;7m▀[0m[38;2;4;4;6m[48;2;6;8;6m▀[0m[38;2;3;6;6m[48;2;6;8;8m▀[0m[38;2;0;0;0m[48;2;0;0;0m▀[0m[38;2;2;10;13m[48;2;1;9;9m▀[0m[38;2;8;18;19m[48;2;17;26;24m▀[0m[38;2;29;31;29m[48;2;14;17;18m▀[0m[38;2;43;46;48m[48;2;200;202;200m▀[0m[38;2;255;255;255m[48;2;102;101;101m▀[0m[38;2;37;37;37m[48;2;0;0;0m▀[0m[38;2;0;0;0m[48;2;0;0;0m▀[0m[38;2;0;0;0m[48;2;0;0;0m▀[0m[38;2;15;12;14m[48;2;0;0;0m▀[0m[38;2;90;104;113m[48;2;20;24;26m▀[0m[38;2;58;70;76m[48;2;79;90;101m▀[0m[38;2;29;43;50m[48;2;69;85;92m▀[0m[38;2;107;118;126m[48;2;3;19;26m▀[0m[38;2;255;255;255m[48;2;37;50;59m▀[0m[38;2;225;235;234m[48;2;255;255;255m▀[0m[38;2;54;76;91m[48;2;248;255;255m▀[0m[38;2;255;255;255m[48;2;255;255;255m▀[0m[38;2;104;104;101m[48;2;255;255;255m▀[0m[38;2;0;0;0m[48;2;125;129;129m▀[0m[38;2;208;211;218m[48;2;46;50;51m▀[0m[38;2;85;91;98m[48;2;167;180;180m▀[0m[38;2;0;0;0m[48;2;128;147;165m▀[0m[38;2;0;0;0m[48;2;157;170;189m▀[0m[38;2;0;0;0m[48;2;0;0;0m▀[0m[38;2;0;0;0m[48;2;0;0;0m▀[0m[38;2;0;0;0m[48;2;0;0;0m▀[0m[38;2;0;0;0m[48;2;0;0;0m▀[0m[38;2;13;15;17m[48;2;7;9;15m▀[0m[38;2;0;0;0m[48;2;0;0;0m▀[0m[38;2;86;91;97m[48;2;74;80;81m▀[0m[38;2;125;141;143m[48;2;151;163;172m▀[0m[38;2;0;0;0m[48;2;0;0;0m▀[0m[38;2;255;255;255m[48;2;189;190;186m▀[0m[38;2;255;255;255m[48;2;255;255;255m▀[0m[38;2;240;255;255m[48;2;230;255;255m▀[0m[38;2;79;104;114m[48;2;78;108;117m▀[0m[38;2;28;37;41m[48;2;43;53;51m▀[0m
[38;2;0;1;0m[48;2;1;1;1m▀[0m[38;2;2;2;2m[48;2;1;3;3m▀[0m[38;2;1;3;1m[48;2;0;0;0m▀[0m[38;2;13;15;15m[48;2;18;20;18m▀[0m[38;2;8;10;13m[48;2;14;17;17m▀[0m[38;2;8;10;10m[48;2;12;15;15m▀[0m[38;2;0;0;0m[48;2;0;0;0m▀[0m[38;2;7;17;31m[48;2;4;9;17m▀[0m[38;2;41;51;57m[48;2;46;47;61m▀[0m[38;2;80;85;84m[48;2;98;101;98m▀[0m[38;2;239;237;235m[48;2;161;163;161m▀[0m[38;2;0;0;0m[48;2;0;0;0m▀[0m[38;2;0;0;0m[48;2;0;0;0m▀[0m[38;2;0;0;0m[48;2;0;0;0m▀[0m[38;2;0;0;0m[48;2;0;0;0m▀[0m[38;2;0;0;0m[48;2;0;0;0m▀[0m[38;2;0;0;0m[48;2;0;0;0m▀[0m[38;2;0;0;0m[48;2;0;0;0m▀[0m[38;2;21;28;30m[48;2;0;0;0m▀[0m[38;2;14;20;23m[48;2;0;0;0m▀[0m[38;2;0;0;6m[48;2;0;0;0m▀[0m[38;2;0;0;0m[48;2;0;0;0m▀[0m[38;2;176;179;180m[48;2;0;0;0m▀[0m[38;2;255;255;255m[48;2;255;255;255m▀[0m[38;2;255;255;255m[48;2;255;255;255m▀[0m[38;2;52;54;54m[48;2;0;0;0m▀[0m[38;2;0;0;0m[48;2;0;0;0m▀[0m[38;2;0;0;0m[48;2;0;0;0m▀[0m[38;2;0;0;0m[48;2;0;0;0m▀[0m[38;2;69;80;91m[48;2;0;0;0m▀[0m[38;2;0;0;0m[48;2;0;0;0m▀[0m[38;2;0;0;0m[48;2;54;61;65m▀[0m[38;2;165;180;190m[48;2;173;189;192m▀[0m[38;2;29;32;34m[48;2;131;148;152m▀[0m[38;2;0;0;0m[48;2;0;0;0m▀[0m[38;2;0;0;0m[48;2;26;26;23m▀[0m[38;2;75;81;89m[48;2;248;247;245m▀[0m[38;2;245;255;255m[48;2;255;255;255m▀[0m[38;2;187;189;183m[48;2;208;225;229m▀[0m[38;2;255;255;255m[48;2;145;157;163m▀[0m[38;2;255;255;255m[48;2;89;98;103m▀[0m[38;2;255;255;255m[48;2;134;137;139m▀[0m[38;2;167;180;183m[48;2;255;255;255m▀[0m[38;2;15;19;20m[48;2;255;255;255m▀[0m
[38;2;1;3;3m[48;2;0;1;0m▀[0m[38;2;3;0;0m[48;2;2;2;3m▀[0m[38;2;4;7;7m[48;2;10;10;13m▀[0m[38;2;21;24;21m[48;2;19;21;29m▀[0m[38;2;23;26;28m[48;2;20;24;26m▀[0m[38;2;17;19;20m[48;2;23;28;29m▀[0m[38;2;1;0;0m[48;2;8;4;7m▀[0m[38;2;6;2;4m[48;2;24;24;30m▀[0m[38;2;24;24;28m[48;2;39;42;43m▀[0m[38;2;107;112;113m[48;2;114;120;117m▀[0m[38;2;101;100;100m[48;2;122;124;124m▀[0m[38;2;0;0;0m[48;2;0;0;0m▀[0m[38;2;0;0;0m[48;2;0;0;0m▀[0m[38;2;0;0;0m[48;2;0;0;0m▀[0m[38;2;0;1;1m[48;2;0;0;0m▀[0m[38;2;0;0;1m[48;2;0;0;0m▀[0m[38;2;0;0;0m[48;2;0;0;0m▀[0m[38;2;1;6;7m[48;2;20;24;28m▀[0m[38;2;19;24;24m[48;2;68;74;76m▀[0m[38;2;0;0;0m[48;2;0;0;0m▀[0m[38;2;0;0;0m[48;2;0;0;0m▀[0m[38;2;0;0;0m[48;2;0;0;0m▀[0m[38;2;0;0;0m[48;2;0;0;0m▀[0m[38;2;255;255;255m[48;2;255;255;255m▀[0m[38;2;255;255;255m[48;2;255;255;255m▀[0m[38;2;255;255;255m[48;2;255;255;255m▀[0m[38;2;255;255;255m[48;2;255;255;255m▀[0m[38;2;255;255;255m[48;2;255;255;255m▀[0m[38;2;189;190;186m[48;2;255;255;255m▀[0m[38;2;142;141;141m[48;2;255;255;255m▀[0m[38;2;50;45;47m[48;2;255;255;255m▀[0m[38;2;0;0;0m[48;2;248;248;246m▀[0m[38;2;140;154;164m[48;2;104;120;131m▀[0m[38;2;173;198;209m[48;2;202;236;250m▀[0m[38;2;52;64;62m[48;2;222;234;239m▀[0m[38;2;196;190;189m[48;2;106;97;97m▀[0m[38;2;147;162;170m[48;2;0;0;0m▀[0m[38;2;0;30;40m[48;2;0;0;0m▀[0m[38;2;0;17;21m[48;2;0;0;0m▀[0m[38;2;0;1;8m[48;2;0;0;0m▀[0m[38;2;0;18;23m[48;2;0;0;0m▀[0m[38;2;0;0;0m[48;2;0;0;0m▀[0m[38;2;0;0;2m[48;2;0;0;0m▀[0m[38;2;178;181;183m[48;2;0;0;0m▀[0m
[38;2;0;0;0m[48;2;28;28;28m▀[0m[38;2;7;7;4m[48;2;7;6;6m▀[0m[38;2;14;17;17m[48;2;18;18;15m▀[0m[38;2;23;26;28m[48;2;29;32;32m▀[0m[38;2;19;29;30m[48;2;21;24;26m▀[0m[38;2;32;36;37m[48;2;43;43;45m▀[0m[38;2;19;19;20m[48;2;41;45;46m▀[0m[38;2;54;58;59m[48;2;31;37;40m▀[0m[38;2;57;61;62m[48;2;18;26;28m▀[0m[38;2;100;103;104m[48;2;189;193;195m▀[0m[38;2;192;191;189m[48;2;63;67;67m▀[0m[38;2;0;0;0m[48;2;69;73;79m▀[0m[38;2;150;152;150m[48;2;125;139;156m▀[0m[38;2;0;0;0m[48;2;86;84;87m▀[0m[38;2;0;0;0m[48;2;0;0;0m▀[0m[38;2;0;0;0m[48;2;0;0;0m▀[0m[38;2;0;0;0m[48;2;0;0;0m▀[0m[38;2;45;56;61m[48;2;0;0;0m▀[0m[38;2;0;32;32m[48;2;25;0;0m▀[0m[38;2;0;0;0m[48;2;20;0;0m▀[0m[38;2;0;0;0m[48;2;0;0;0m▀[0m[38;2;0;2;4m[48;2;0;0;0m▀[0m[38;2;0;0;0m[48;2;0;0;0m▀[0m[38;2;154;165;167m[48;2;124;126;126m▀[0m[38;2;255;255;255m[48;2;255;255;255m▀[0m[38;2;255;255;255m[48;2;255;255;255m▀[0m[38;2;255;255;255m[48;2;9;15;12m▀[0m[38;2;211;214;214m[48;2;0;0;0m▀[0m[38;2;255;255;255m[48;2;255;255;255m▀[0m[38;2;255;255;255m[48;2;255;255;255m▀[0m[38;2;255;255;255m[48;2;255;255;255m▀[0m[38;2;255;255;255m[48;2;255;255;255m▀[0m[38;2;255;255;255m[48;2;255;255;255m▀[0m[38;2;151;175;180m[48;2;255;255;255m▀[0m[38;2;255;255;255m[48;2;255;255;255m▀[0m[38;2;10;7;7m[48;2;0;0;0m▀[0m[38;2;0;0;0m[48;2;0;0;0m▀[0m[38;2;0;0;0m[48;2;0;0;0m▀[0m[38;2;0;0;0m[48;2;0;0;0m▀[0m[38;2;0;0;0m[48;2;0;0;0m▀[0m[38;2;0;0;0m[48;2;0;0;0m▀[0m[38;2;0;0;0m[48;2;0;0;0m▀[0m[38;2;0;0;0m[48;2;0;0;0m▀[0m[38;2;0;0;0m[48;2;0;0;0m▀[0m
[38;2;37;36;36m[48;2;8;10;10m▀[0m[38;2;14;18;17m[48;2;18;20;20m▀[0m[38;2;19;23;21m[48;2;14;17;14m▀[0m[38;2;19;24;29m[48;2;30;34;36m▀[0m[38;2;28;32;31m[48;2;0;0;0m▀[0m[38;2;20;24;28m[48;2;65;71;70m▀[0m[38;2;0;0;0m[48;2;255;255;255m▀[0m[38;2;101;104;112m[48;2;255;255;255m▀[0m[38;2;255;255;255m[48;2;220;223;224m▀[0m[38;2;153;153;153m[48;2;42;45;47m▀[0m[38;2;0;0;0m[48;2;0;0;0m▀[0m[38;2;67;71;74m[48;2;0;0;0m▀[0m[38;2;87;101;117m[48;2;59;62;63m▀[0m[38;2;68;70;71m[48;2;0;0;0m▀[0m[38;2;0;0;0m[48;2;0;0;0m▀[0m[38;2;21;21;21m[48;2;26;31;34m▀[0m[38;2;0;1;1m[48;2;192;201;201m▀[0m[38;2;0;0;0m[48;2;0;0;0m▀[0m[38;2;201;0;0m[48;2;0;0;0m▀[0m[38;2;255;0;0m[48;2;64;17;28m▀[0m[38;2;203;0;0m[48;2;0;0;0m▀[0m[38;2;0;0;0m[48;2;0;0;0m▀[0m[38;2;125;128;129m[48;2;79;90;90m▀[0m[38;2;255;255;255m[48;2;156;168;169m▀[0m[38;2;255;255;255m[48;2;255;255;255m▀[0m[38;2;203;209;209m[48;2;0;0;0m▀[0m[38;2;0;0;0m[48;2;0;0;0m▀[0m[38;2;0;0;0m[48;2;0;0;0m▀[0m[38;2;255;255;255m[48;2;14;36;36m▀[0m[38;2;255;255;255m[48;2;255;255;255m▀[0m[38;2;255;255;255m[48;2;255;255;255m▀[0m[38;2;255;255;255m[48;2;255;255;255m▀[0m[38;2;255;255;255m[48;2;255;255;255m▀[0m[38;2;255;255;255m[48;2;255;255;255m▀[0m[38;2;124;141;141m[48;2;0;0;0m▀[0m[38;2;0;0;0m[48;2;0;0;0m▀[0m[38;2;0;0;0m[48;2;0;0;0m▀[0m[38;2;0;0;0m[48;2;0;13;13m▀[0m[38;2;0;0;0m[48;2;0;10;10m▀[0m[38;2;0;0;0m[48;2;0;0;0m▀[0m[38;2;0;0;0m[48;2;0;0;0m▀[0m[38;2;0;0;0m[48;2;15;26;30m▀[0m[38;2;0;0;0m[48;2;0;1;2m▀[0m[38;2;0;1;0m[48;2;0;0;0m▀[0m
[38;2;15;14;14m[48;2;15;15;15m▀[0m[38;2;14;17;17m[48;2;0;0;0m▀[0m[38;2;8;8;9m[48;2;31;34;35m▀[0m[38;2;0;0;0m[48;2;255;255;255m▀[0m[38;2;219;219;217m[48;2;255;255;255m▀[0m[38;2;255;255;255m[48;2;3;9;17m▀[0m[38;2;242;251;252m[48;2;0;0;0m▀[0m[38;2;0;0;0m[48;2;0;0;0m▀[0m[38;2;0;0;0m[48;2;0;0;0m▀[0m[38;2;7;10;14m[48;2;0;0;0m▀[0m[38;2;0;0;0m[48;2;0;0;0m▀[0m[38;2;0;0;0m[48;2;0;0;0m▀[0m[38;2;20;23;23m[48;2;0;0;0m▀[0m[38;2;137;140;140m[48;2;37;36;36m▀[0m[38;2;29;29;29m[48;2;81;81;81m▀[0m[38;2;0;0;0m[48;2;0;0;0m▀[0m[38;2;108;112;112m[48;2;0;0;0m▀[0m[38;2;3;19;19m[48;2;0;0;0m▀[0m[38;2;0;0;0m[48;2;0;0;0m▀[0m[38;2;0;0;0m[48;2;0;0;0m▀[0m[38;2;0;0;0m[48;2;0;0;0m▀[0m[38;2;0;0;0m[48;2;0;0;0m▀[0m[38;2;87;76;73m[48;2;19;28;29m▀[0m[38;2;239;35;17m[48;2;0;0;0m▀[0m[38;2;255;255;255m[48;2;0;0;0m▀[0m[38;2;157;224;223m[48;2;0;0;0m▀[0m[38;2;255;50;32m[48;2;0;0;0m▀[0m[38;2;255;0;0m[48;2;82;26;31m▀[0m[38;2;17;56;56m[48;2;21;47;51m▀[0m[38;2;245;255;255m[48;2;255;255;255m▀[0m[38;2;255;255;255m[48;2;255;255;255m▀[0m[38;2;255;255;255m[48;2;255;255;255m▀[0m[38;2;255;255;255m[48;2;255;255;255m▀[0m[38;2;255;255;255m[48;2;229;255;255m▀[0m[38;2;169;0;0m[48;2;0;0;0m▀[0m[38;2;255;0;0m[48;2;255;0;0m▀[0m[38;2;0;0;0m[48;2;125;0;0m▀[0m[38;2;68;115;118m[48;2;12;111;114m▀[0m[38;2;0;1;2m[48;2;0;0;0m▀[0m[38;2;0;0;0m[48;2;59;0;0m▀[0m[38;2;0;0;0m[48;2;75;0;0m▀[0m[38;2;186;208;211m[48;2;75;104;104m▀[0m[38;2;0;4;4m[48;2;0;3;3m▀[0m[38;2;0;0;0m[48;2;0;0;0m▀[0m
[38;2;2;1;2m[48;2;61;58;56m▀[0m[38;2;103;103;104m[48;2;159;163;163m▀[0m[38;2;255;255;255m[48;2;255;255;255m▀[0m[38;2;255;255;255m[48;2;165;192;202m▀[0m[38;2;239;254;255m[48;2;0;0;0m▀[0m[38;2;209;209;204m[48;2;8;6;3m▀[0m[38;2;0;0;0m[48;2;35;35;36m▀[0m[38;2;0;0;0m[48;2;0;0;0m▀[0m[38;2;0;0;0m[48;2;0;0;0m▀[0m[38;2;0;0;0m[48;2;0;0;0m▀[0m[38;2;0;0;0m[48;2;0;0;0m▀[0m[38;2;0;0;0m[48;2;0;0;0m▀[0m[38;2;0;0;0m[48;2;0;0;0m▀[0m[38;2;36;40;40m[48;2;73;76;76m▀[0m[38;2;87;87;87m[48;2;9;9;9m▀[0m[38;2;0;0;0m[48;2;84;84;85m▀[0m[38;2;0;0;0m[48;2;0;0;0m▀[0m[38;2;0;0;0m[48;2;0;0;0m▀[0m[38;2;143;143;143m[48;2;0;0;0m▀[0m[38;2;255;255;255m[48;2;103;103;104m▀[0m[38;2;255;255;255m[48;2;255;255;255m▀[0m[38;2;220;225;225m[48;2;255;255;255m▀[0m[38;2;0;0;0m[48;2;255;255;255m▀[0m[38;2;0;0;0m[48;2;255;255;255m▀[0m[38;2;0;0;0m[48;2;0;0;0m▀[0m[38;2;0;0;0m[48;2;0;0;0m▀[0m[38;2;0;0;0m[48;2;0;0;0m▀[0m[38;2;0;0;0m[48;2;251;254;254m▀[0m[38;2;245;255;255m[48;2;255;255;255m▀[0m[38;2;255;255;255m[48;2;255;255;255m▀[0m[38;2;255;255;255m[48;2;255;255;255m▀[0m[38;2;212;212;212m[48;2;0;0;0m▀[0m[38;2;255;255;255m[48;2;139;145;145m▀[0m[38;2;255;255;255m[48;2;255;255;255m▀[0m[38;2;0;0;0m[48;2;0;0;0m▀[0m[38;2;0;0;0m[48;2;0;0;0m▀[0m[38;2;0;0;0m[48;2;87;119;124m▀[0m[38;2;0;0;3m[48;2;0;0;0m▀[0m[38;2;192;6;0m[48;2;0;0;0m▀[0m[38;2;255;0;0m[48;2;43;0;0m▀[0m[38;2;255;0;0m[48;2;9;4;7m▀[0m[38;2;0;0;0m[48;2;53;93;93m▀[0m[38;2;0;0;0m[48;2;0;0;0m▀[0m[38;2;0;0;0m[48;2;0;0;0m▀[0m
[38;2;36;35;35m[48;2;181;197;206m▀[0m[38;2;225;253;255m[48;2;255;255;255m▀[0m[38;2;255;255;255m[48;2;31;36;37m▀[0m[38;2;26;30;34m[48;2;0;0;0m▀[0m[38;2;0;0;0m[48;2;164;167;164m▀[0m[38;2;255;255;255m[48;2;255;255;255m▀[0m[38;2;255;255;255m[48;2;0;0;0m▀[0m[38;2;0;0;0m[48;2;0;0;0m▀[0m[38;2;109;109;112m[48;2;0;0;0m▀[0m[38;2;126;129;129m[48;2;255;255;255m▀[0m[38;2;3;7;7m[48;2;120;120;123m▀[0m[38;2;8;6;9m[48;2;0;0;0m▀[0m[38;2;0;0;0m[48;2;0;0;0m▀[0m[38;2;106;108;108m[48;2;59;63;63m▀[0m[38;2;0;0;0m[48;2;97;100;100m▀[0m[38;2;0;0;0m[48;2;146;150;151m▀[0m[38;2;109;107;113m[48;2;85;87;98m▀[0m[38;2;34;37;36m[48;2;255;255;255m▀[0m[38;2;0;0;0m[48;2;239;239;234m▀[0m[38;2;0;0;0m[48;2;0;0;0m▀[0m[38;2;0;0;0m[48;2;255;255;255m▀[0m[38;2;255;255;255m[48;2;255;255;255m▀[0m[38;2;255;255;255m[48;2;0;0;0m▀[0m[38;2;255;255;255m[48;2;0;0;0m▀[0m[38;2;0;0;0m[48;2;0;0;0m▀[0m[38;2;0;0;0m[48;2;0;0;0m▀[0m[38;2;0;0;0m[48;2;0;0;0m▀[0m[38;2;81;81;81m[48;2;0;0;0m▀[0m[38;2;68;71;74m[48;2;98;102;104m▀[0m[38;2;255;255;255m[48;2;255;255;255m▀[0m[38;2;255;255;255m[48;2;255;255;255m▀[0m[38;2;0;0;0m[48;2;255;255;255m▀[0m[38;2;255;255;255m[48;2;255;255;255m▀[0m[38;2;255;255;255m[48;2;255;255;255m▀[0m[38;2;98;107;109m[48;2;80;82;85m▀[0m[38;2;25;29;31m[48;2;255;255;255m▀[0m[38;2;0;0;0m[48;2;255;255;255m▀[0m[38;2;0;0;0m[48;2;170;176;175m▀[0m[38;2;0;0;0m[48;2;255;255;255m▀[0m[38;2;0;0;0m[48;2;135;141;141m▀[0m[38;2;67;107;112m[48;2;0;0;0m▀[0m[38;2;50;67;67m[48;2;0;0;0m▀[0m[38;2;8;17;17m[48;2;119;128;135m▀[0m[38;2;35;41;40m[48;2;32;32;34m▀[0m
[38;2;112;122;125m[48;2;0;0;0m▀[0m[38;2;186;208;214m[48;2;80;90;100m▀[0m[38;2;0;0;0m[48;2;0;0;0m▀[0m[38;2;0;0;0m[48;2;65;70;69m▀[0m[38;2;209;212;212m[48;2;28;30;31m▀[0m[38;2;0;0;0m[48;2;0;0;0m▀[0m[38;2;0;0;0m[48;2;0;0;0m▀[0m[38;2;0;0;0m[48;2;0;0;0m▀[0m[38;2;0;0;0m[48;2;0;0;0m▀[0m[38;2;255;255;255m[48;2;255;255;255m▀[0m[38;2;255;255;255m[48;2;255;255;255m▀[0m[38;2;0;0;0m[48;2;0;0;0m▀[0m[38;2;17;15;15m[48;2;59;59;59m▀[0m[38;2;19;17;20m[48;2;255;255;255m▀[0m[38;2;176;179;179m[48;2;111;114;114m▀[0m[38;2;120;124;125m[48;2;0;0;0m▀[0m[38;2;0;0;0m[48;2;0;0;0m▀[0m[38;2;45;48;50m[48;2;0;0;0m▀[0m[38;2;255;255;255m[48;2;137;140;142m▀[0m[38;2;244;250;252m[48;2;255;255;255m▀[0m[38;2;255;255;255m[48;2;255;255;255m▀[0m[38;2;255;255;255m[48;2;255;255;255m▀[0m[38;2;35;35;35m[48;2;255;255;255m▀[0m[38;2;0;0;0m[48;2;255;255;255m▀[0m[38;2;0;0;0m[48;2;63;63;67m▀[0m[38;2;0;0;0m[48;2;0;0;0m▀[0m[38;2;18;18;20m[48;2;0;0;0m▀[0m[38;2;15;15;13m[48;2;0;0;0m▀[0m[38;2;244;246;246m[48;2;255;255;255m▀[0m[38;2;255;255;255m[48;2;255;255;255m▀[0m[38;2;255;255;255m[48;2;255;255;255m▀[0m[38;2;255;255;255m[48;2;255;255;255m▀[0m[38;2;255;255;255m[48;2;255;255;255m▀[0m[38;2;255;255;255m[48;2;255;255;255m▀[0m[38;2;107;107;107m[48;2;224;229;229m▀[0m[38;2;0;0;0m[48;2;0;0;0m▀[0m[38;2;73;76;76m[48;2;0;0;0m▀[0m[38;2;247;251;251m[48;2;0;0;0m▀[0m[38;2;212;212;212m[48;2;0;0;0m▀[0m[38;2;0;0;0m[48;2;74;78;78m▀[0m[38;2;23;23;23m[48;2;91;91;91m▀[0m[38;2;119;128;129m[48;2;9;14;14m▀[0m[38;2;6;8;15m[48;2;50;54;57m▀[0m[38;2;0;0;0m[48;2;0;0;0m▀[0m
[38;2;0;0;0m[48;2;34;43;45m▀[0m[38;2;100;111;115m[48;2;114;124;129m▀[0m[38;2;0;0;0m[48;2;10;7;9m▀[0m[38;2;1;0;2m[48;2;0;0;0m▀[0m[38;2;0;0;0m[48;2;0;0;0m▀[0m[38;2;0;0;0m[48;2;0;0;0m▀[0m[38;2;0;0;0m[48;2;0;0;0m▀[0m[38;2;0;0;0m[48;2;0;0;0m▀[0m[38;2;0;0;0m[48;2;2;4;6m▀[0m[38;2;237;241;241m[48;2;156;161;161m▀[0m[38;2;150;153;153m[48;2;0;0;0m▀[0m[38;2;0;0;0m[48;2;104;104;108m▀[0m[38;2;0;0;0m[48;2;0;0;0m▀[0m[38;2;35;43;43m[48;2;0;0;0m▀[0m[38;2;219;218;218m[48;2;0;0;0m▀[0m[38;2;0;0;0m[48;2;0;0;0m▀[0m[38;2;0;0;0m[48;2;0;0;0m▀[0m[38;2;0;0;0m[48;2;0;0;0m▀[0m[38;2;0;0;0m[48;2;114;118;118m▀[0m[38;2;255;255;255m[48;2;255;255;255m▀[0m[38;2;255;255;255m[48;2;255;255;255m▀[0m[38;2;255;255;255m[48;2;255;255;255m▀[0m[38;2;255;255;255m[48;2;255;255;255m▀[0m[38;2;255;255;255m[48;2;113;113;113m▀[0m[38;2;107;107;107m[48;2;85;89;84m▀[0m[38;2;0;0;0m[48;2;141;141;139m▀[0m[38;2;17;17;17m[48;2;46;46;46m▀[0m[38;2;0;0;0m[48;2;255;255;255m▀[0m[38;2;197;201;201m[48;2;255;255;255m▀[0m[38;2;255;255;255m[48;2;255;255;255m▀[0m[38;2;235;237;237m[48;2;191;193;193m▀[0m[38;2;255;255;255m[48;2;255;255;255m▀[0m[38;2;255;255;255m[48;2;255;255;255m▀[0m[38;2;255;255;255m[48;2;255;255;255m▀[0m[38;2;255;255;255m[48;2;255;255;255m▀[0m[38;2;95;97;97m[48;2;53;56;56m▀[0m[38;2;0;0;0m[48;2;10;9;9m▀[0m[38;2;40;40;40m[48;2;0;0;0m▀[0m[38;2;47;51;51m[48;2;0;0;0m▀[0m[38;2;6;6;3m[48;2;0;0;0m▀[0m[38;2;0;0;0m[48;2;0;0;0m▀[0m[38;2;19;21;21m[48;2;0;0;0m▀[0m[38;2;47;47;45m[48;2;0;0;0m▀[0m[38;2;0;0;0m[48;2;0;0;0m▀[0m
[38;2;73;87;92m[48;2;0;0;0m▀[0m[38;2;57;62;69m[48;2;0;0;0m▀[0m[38;2;15;19;20m[48;2;25;30;35m▀[0m[38;2;0;0;0m[48;2;0;0;0m▀[0m[38;2;0;0;0m[48;2;0;0;0m▀[0m[38;2;0;0;0m[48;2;0;0;0m▀[0m[38;2;0;0;0m[48;2;0;0;0m▀[0m[38;2;0;0;0m[48;2;28;30;30m▀[0m[38;2;0;0;0m[48;2;58;62;58m▀[0m[38;2;0;0;0m[48;2;179;179;179m▀[0m[38;2;178;178;178m[48;2;81;85;85m▀[0m[38;2;169;168;168m[48;2;0;0;0m▀[0m[38;2;0;0;0m[48;2;0;0;0m▀[0m[38;2;0;0;0m[48;2;0;0;0m▀[0m[38;2;35;35;35m[48;2;17;23;23m▀[0m[38;2;61;61;61m[48;2;120;120;123m▀[0m[38;2;0;0;0m[48;2;0;0;0m▀[0m[38;2;111;111;112m[48;2;0;0;0m▀[0m[38;2;197;202;202m[48;2;80;84;84m▀[0m[38;2;255;255;255m[48;2;45;53;53m▀[0m[38;2;255;255;255m[48;2;255;255;255m▀[0m[38;2;255;255;255m[48;2;181;183;179m▀[0m[38;2;255;255;255m[48;2;107;111;107m▀[0m[38;2;0;0;0m[48;2;9;13;8m▀[0m[38;2;169;169;172m[48;2;172;172;172m▀[0m[38;2;189;189;191m[48;2;112;115;115m▀[0m[38;2;0;0;0m[48;2;0;0;0m▀[0m[38;2;213;217;217m[48;2;240;244;244m▀[0m[38;2;255;255;255m[48;2;255;255;255m▀[0m[38;2;255;255;255m[48;2;26;23;23m▀[0m[38;2;139;136;140m[48;2;59;59;57m▀[0m[38;2;190;192;200m[48;2;73;75;75m▀[0m[38;2;255;255;255m[48;2;0;0;0m▀[0m[38;2;246;250;252m[48;2;13;9;9m▀[0m[38;2;255;255;255m[48;2;244;246;246m▀[0m[38;2;195;197;197m[48;2;255;255;255m▀[0m[38;2;0;0;0m[48;2;125;120;120m▀[0m[38;2;1;1;1m[48;2;0;0;0m▀[0m[38;2;25;29;31m[48;2;237;237;237m▀[0m[38;2;0;0;0m[48;2;229;233;233m▀[0m[38;2;0;0;0m[48;2;56;59;59m▀[0m[38;2;0;0;0m[48;2;84;87;86m▀[0m[38;2;10;10;8m[48;2;214;214;215m▀[0m[38;2;0;0;0m[48;2;0;0;0m▀[0m
[38;2;62;61;62m[48;2;70;69;69m▀[0m[38;2;0;0;0m[48;2;151;151;148m▀[0m[38;2;0;0;0m[48;2;50;50;51m▀[0m[38;2;0;0;0m[48;2;0;0;0m▀[0m[38;2;0;0;0m[48;2;0;0;0m▀[0m[38;2;0;0;0m[48;2;70;73;75m▀[0m[38;2;142;141;141m[48;2;128;134;136m▀[0m[38;2;143;147;142m[48;2;0;0;0m▀[0m[38;2;95;97;97m[48;2;0;0;0m▀[0m[38;2;1;1;1m[48;2;0;0;0m▀[0m[38;2;0;0;0m[48;2;0;0;0m▀[0m[38;2;0;0;0m[48;2;0;0;0m▀[0m[38;2;0;0;0m[48;2;0;0;0m▀[0m[38;2;0;0;0m[48;2;0;0;0m▀[0m[38;2;8;6;9m[48;2;17;15;15m▀[0m[38;2;134;137;137m[48;2;85;87;87m▀[0m[38;2;0;0;0m[48;2;0;1;1m▀[0m[38;2;218;220;220m[48;2;62;62;62m▀[0m[38;2;0;0;0m[48;2;0;0;0m▀[0m[38;2;0;0;0m[48;2;255;255;255m▀[0m[38;2;255;255;255m[48;2;139;142;142m▀[0m[38;2;8;13;13m[48;2;231;235;231m▀[0m[38;2;0;0;0m[48;2;76;81;76m▀[0m[38;2;196;198;198m[48;2;189;191;191m▀[0m[38;2;139;147;147m[48;2;7;7;7m▀[0m[38;2;143;147;147m[48;2;255;255;255m▀[0m[38;2;152;152;152m[48;2;255;255;255m▀[0m[38;2;255;255;255m[48;2;59;62;62m▀[0m[38;2;197;198;195m[48;2;0;0;0m▀[0m[38;2;84;87;87m[48;2;0;0;0m▀[0m[38;2;0;0;0m[48;2;35;37;37m▀[0m[38;2;0;0;0m[48;2;0;0;0m▀[0m[38;2;0;0;0m[48;2;0;0;0m▀[0m[38;2;0;0;0m[48;2;0;0;0m▀[0m[38;2;0;0;0m[48;2;0;0;0m▀[0m[38;2;255;255;255m[48;2;255;255;255m▀[0m[38;2;191;191;189m[48;2;136;136;136m▀[0m[38;2;112;112;112m[48;2;0;0;0m▀[0m[38;2;35;40;40m[48;2;0;0;0m▀[0m[38;2;0;0;0m[48;2;0;0;0m▀[0m[38;2;0;0;0m[48;2;0;0;0m▀[0m[38;2;9;9;13m[48;2;0;0;0m▀[0m[38;2;255;255;255m[48;2;30;32;35m▀[0m[38;2;0;0;0m[48;2;7;10;10m▀[0m
[38;2;0;0;0m[48;2;25;31;31m▀[0m[38;2;29;29;29m[48;2;0;0;0m▀[0m[38;2;175;175;175m[48;2;70;74;70m▀[0m[38;2;0;0;0m[48;2;176;176;169m▀[0m[38;2;0;0;0m[48;2;48;51;51m▀[0m[38;2;147;150;150m[48;2;63;62;62m▀[0m[38;2;106;122;126m[48;2;0;0;0m▀[0m[38;2;0;0;0m[48;2;74;89;97m▀[0m[38;2;0;0;0m[48;2;0;0;0m▀[0m[38;2;0;0;0m[48;2;6;8;8m▀[0m[38;2;0;0;0m[48;2;0;0;0m▀[0m[38;2;0;0;0m[48;2;0;0;0m▀[0m[38;2;0;0;0m[48;2;0;0;0m▀[0m[38;2;0;0;0m[48;2;0;0;0m▀[0m[38;2;32;35;35m[48;2;36;40;42m▀[0m[38;2;14;17;17m[48;2;0;0;0m▀[0m[38;2;46;46;46m[48;2;75;80;80m▀[0m[38;2;56;58;58m[48;2;174;175;170m▀[0m[38;2;255;255;255m[48;2;100;100;100m▀[0m[38;2;255;255;255m[48;2;0;0;0m▀[0m[38;2;255;255;255m[48;2;136;139;139m▀[0m[38;2;255;255;255m[48;2;143;148;151m▀[0m[38;2;18;21;21m[48;2;0;0;0m▀[0m[38;2;0;0;0m[48;2;0;0;0m▀[0m[38;2;220;223;223m[48;2;255;255;255m▀[0m[38;2;255;255;255m[48;2;255;255;255m▀[0m[38;2;0;0;0m[48;2;0;0;0m▀[0m[38;2;0;0;0m[48;2;0;0;0m▀[0m[38;2;0;0;0m[48;2;0;0;0m▀[0m[38;2;73;75;76m[48;2;57;59;59m▀[0m[38;2;255;255;255m[48;2;254;255;255m▀[0m[38;2;45;45;45m[48;2;255;255;255m▀[0m[38;2;0;0;0m[48;2;63;69;69m▀[0m[38;2;0;0;0m[48;2;1;3;3m▀[0m[38;2;0;0;0m[48;2;0;0;0m▀[0m[38;2;255;255;255m[48;2;255;255;255m▀[0m[38;2;255;255;255m[48;2;255;255;255m▀[0m[38;2;208;209;206m[48;2;255;255;255m▀[0m[38;2;26;26;26m[48;2;255;255;255m▀[0m[38;2;67;69;69m[48;2;73;73;73m▀[0m[38;2;0;0;0m[48;2;0;0;0m▀[0m[38;2;0;0;0m[48;2;242;242;245m▀[0m[38;2;0;0;0m[48;2;255;255;255m▀[0m[38;2;0;0;0m[48;2;255;255;255m▀[0m
[38;2;0;0;0m[48;2;0;0;0m▀[0m[38;2;0;0;0m[48;2;0;0;0m▀[0m[38;2;0;0;0m[48;2;0;0;0m▀[0m[38;2;147;147;142m[48;2;0;0;0m▀[0m[38;2;193;196;193m[48;2;141;142;137m▀[0m[38;2;0;0;0m[48;2;196;195;196m▀[0m[38;2;0;0;0m[48;2;2;6;4m▀[0m[38;2;6;10;15m[48;2;0;0;0m▀[0m[38;2;52;61;70m[48;2;0;6;7m▀[0m[38;2;31;35;36m[48;2;15;18;25m▀[0m[38;2;0;0;6m[48;2;0;0;0m▀[0m[38;2;0;0;0m[48;2;0;0;0m▀[0m[38;2;0;0;0m[48;2;3;7;14m▀[0m[38;2;1;7;7m[48;2;7;10;14m▀[0m[38;2;0;0;1m[48;2;0;0;0m▀[0m[38;2;0;0;0m[48;2;246;248;248m▀[0m[38;2;34;37;37m[48;2;82;85;85m▀[0m[38;2;0;0;0m[48;2;0;0;0m▀[0m[38;2;0;0;0m[48;2;0;0;0m▀[0m[38;2;0;0;0m[48;2;0;0;0m▀[0m[38;2;0;0;0m[48;2;0;0;0m▀[0m[38;2;0;0;0m[48;2;0;0;0m▀[0m[38;2;0;0;0m[48;2;0;0;0m▀[0m[38;2;24;24;21m[48;2;0;0;0m▀[0m[38;2;255;255;255m[48;2;130;134;134m▀[0m[38;2;255;255;255m[48;2;245;247;247m▀[0m[38;2;0;0;0m[48;2;6;6;6m▀[0m[38;2;0;0;0m[48;2;0;0;0m▀[0m[38;2;0;0;0m[48;2;0;0;0m▀[0m[38;2;0;0;0m[48;2;0;0;0m▀[0m[38;2;0;0;0m[48;2;0;0;0m▀[0m[38;2;255;255;255m[48;2;61;73;73m▀[0m[38;2;190;201;202m[48;2;79;147;153m▀[0m[38;2;0;0;0m[48;2;0;0;0m▀[0m[38;2;0;0;0m[48;2;0;0;0m▀[0m[38;2;255;255;255m[48;2;255;255;255m▀[0m[38;2;252;255;255m[48;2;255;255;255m▀[0m[38;2;0;0;0m[48;2;0;0;0m▀[0m[38;2;0;0;0m[48;2;0;0;0m▀[0m[38;2;0;0;0m[48;2;223;228;228m▀[0m[38;2;255;255;255m[48;2;0;0;0m▀[0m[38;2;97;101;101m[48;2;0;0;0m▀[0m[38;2;0;0;0m[48;2;0;0;0m▀[0m[38;2;0;0;0m[48;2;0;0;0m▀[0m
[38;2;2;4;4m[48;2;0;0;0m▀[0m[38;2;52;54;56m[48;2;189;187;184m▀[0m[38;2;0;0;0m[48;2;89;91;93m▀[0m[38;2;0;0;0m[48;2;0;0;0m▀[0m[38;2;13;9;13m[48;2;0;0;0m▀[0m[38;2;255;255;255m[48;2;122;120;120m▀[0m[38;2;167;170;170m[48;2;255;255;255m▀[0m[38;2;0;0;0m[48;2;141;140;140m▀[0m[38;2;0;0;0m[48;2;0;0;0m▀[0m[38;2;0;0;0m[48;2;0;0;0m▀[0m[38;2;0;0;0m[48;2;0;0;0m▀[0m[38;2;0;0;0m[48;2;62;67;67m▀[0m[38;2;0;0;0m[48;2;19;23;23m▀[0m[38;2;0;0;0m[48;2;0;0;0m▀[0m[38;2;0;0;0m[48;2;0;0;0m▀[0m[38;2;255;255;255m[48;2;255;255;255m▀[0m[38;2;42;45;45m[48;2;176;175;175m▀[0m[38;2;0;0;0m[48;2;0;0;0m▀[0m[38;2;0;0;0m[48;2;0;0;0m▀[0m[38;2;0;0;0m[48;2;61;61;61m▀[0m[38;2;0;0;0m[48;2;112;115;115m▀[0m[38;2;0;0;0m[48;2;0;2;1m▀[0m[38;2;0;0;0m[48;2;109;113;113m▀[0m[38;2;41;47;48m[48;2;113;117;115m▀[0m[38;2;0;0;0m[48;2;0;0;0m▀[0m[38;2;102;102;102m[48;2;0;0;0m▀[0m[38;2;10;10;13m[48;2;0;3;3m▀[0m[38;2;0;0;0m[48;2;92;104;104m▀[0m[38;2;0;0;0m[48;2;123;135;136m▀[0m[38;2;0;0;0m[48;2;63;95;97m▀[0m[38;2;0;0;0m[48;2;74;129;130m▀[0m[38;2;52;91;97m[48;2;201;246;245m▀[0m[38;2;136;136;134m[48;2;17;1;0m▀[0m[38;2;255;0;0m[48;2;255;0;0m▀[0m[38;2;190;0;0m[48;2;137;0;0m▀[0m[38;2;255;255;255m[48;2;255;255;255m▀[0m[38;2;255;255;255m[48;2;255;255;255m▀[0m[38;2;19;21;21m[48;2;230;235;237m▀[0m[38;2;123;123;123m[48;2;0;0;0m▀[0m[38;2;0;0;0m[48;2;0;0;0m▀[0m[38;2;0;0;0m[48;2;0;0;0m▀[0m[38;2;0;0;0m[48;2;0;0;0m▀[0m[38;2;0;0;0m[48;2;0;0;0m▀[0m[38;2;0;0;0m[48;2;0;0;0m▀[0m
[38;2;0;0;0m[48;2;0;0;0m▀[0m[38;2;135;135;135m[48;2;0;0;0m▀[0m[38;2;255;255;255m[48;2;126;126;124m▀[0m[38;2;1;3;4m[48;2;178;181;181m▀[0m[38;2;0;0;0m[48;2;0;0;0m▀[0m[38;2;0;0;0m[48;2;0;0;0m▀[0m[38;2;6;6;6m[48;2;0;0;0m▀[0m[38;2;107;107;103m[48;2;0;0;0m▀[0m[38;2;143;143;147m[48;2;47;47;47m▀[0m[38;2;41;47;48m[48;2;146;150;150m▀[0m[38;2;169;174;174m[48;2;0;0;0m▀[0m[38;2;35;35;35m[48;2;0;0;0m▀[0m[38;2;0;0;0m[48;2;0;0;0m▀[0m[38;2;0;0;0m[48;2;146;150;151m▀[0m[38;2;163;165;165m[48;2;255;255;255m▀[0m[38;2;255;255;255m[48;2;230;228;231m▀[0m[38;2;167;169;169m[48;2;0;0;0m▀[0m[38;2;101;103;103m[48;2;26;23;23m▀[0m[38;2;135;139;141m[48;2;53;56;56m▀[0m[38;2;90;90;90m[48;2;0;0;0m▀[0m[38;2;0;0;0m[48;2;0;0;0m▀[0m[38;2;0;0;0m[48;2;0;0;0m▀[0m[38;2;207;207;209m[48;2;126;130;134m▀[0m[38;2;0;0;0m[48;2;0;0;0m▀[0m[38;2;0;0;0m[48;2;0;0;0m▀[0m[38;2;0;0;0m[48;2;0;0;0m▀[0m[38;2;0;0;0m[48;2;0;0;0m▀[0m[38;2;0;0;0m[48;2;0;0;0m▀[0m[38;2;0;17;19m[48;2;191;0;0m▀[0m[38;2;73;90;89m[48;2;255;0;0m▀[0m[38;2;255;134;129m[48;2;25;0;0m▀[0m[38;2;0;39;41m[48;2;0;57;64m▀[0m[38;2;21;0;0m[48;2;7;0;0m▀[0m[38;2;183;0;0m[48;2;0;0;0m▀[0m[38;2;184;0;0m[48;2;104;50;46m▀[0m[38;2;255;255;255m[48;2;255;255;255m▀[0m[38;2;124;142;146m[48;2;0;0;0m▀[0m[38;2;0;0;0m[48;2;0;0;0m▀[0m[38;2;0;0;0m[48;2;0;0;0m▀[0m[38;2;0;0;0m[48;2;0;0;0m▀[0m[38;2;30;32;35m[48;2;95;100;101m▀[0m[38;2;76;82;85m[48;2;106;111;111m▀[0m[38;2;0;0;0m[48;2;0;0;0m▀[0m[38;2;0;0;0m[48;2;0;0;0m▀[0m
