[38;2;0;0;0m[48;2;0;0;0m▀[0m[38;2;0;0;0m[48;2;1;1;1m▀[0m[38;2;0;0;0m[48;2;1;1;1m▀[0m[38;2;2;4;4m[48;2;4;6;6m▀[0m[38;2;4;4;5m[48;2;5;7;5m▀[0m[38;2;3;5;5m[48;2;5;7;7m▀[0m[38;2;0;0;0m[48;2;0;0;0m▀[0m[38;2;2;9;11m[48;2;1;8;8m▀[0m[38;2;7;15;16m[48;2;14;23;21m▀[0m[38;2;25;27;25m[48;2;12;14;15m▀[0m[38;2;38;40;42m[48;2;173;175;173m▀[0m[38;2;225;223;226m[48;2;89;87;87m▀[0m[38;2;32;32;32m[48;2;0;0;0m▀[0m[38;2;0;0;0m[48;2;0;0;0m▀[0m[38;2;0;0;0m[48;2;0;0;0m▀[0m[38;2;13;10;12m[48;2;0;0;0m▀[0m[38;2;78;91;98m[48;2;18;21;23m▀[0m[38;2;50;61;66m[48;2;68;78;87m▀[0m[38;2;25;38;43m[48;2;60;74;80m▀[0m[38;2;93;102;110m[48;2;3;16;23m▀[0m[38;2;255;255;255m[48;2;32;43;51m▀[0m[38;2;196;204;203m[48;2;255;255;255m▀[0m[38;2;47;66;79m[48;2;216;224;224m▀[0m[38;2;255;255;255m[48;2;233;242;250m▀[0m[38;2;91;91;87m[48;2;255;255;255m▀[0m[38;2;0;0;0m[48;2;109;112;112m▀[0m[38;2;181;183;189m[48;2;40;43;44m▀[0m[38;2;74;79;85m[48;2;145;156;156m▀[0m[38;2;0;0;0m[48;2;111;128;144m▀[0m[38;2;0;0;0m[48;2;136;148;164m▀[0m[38;2;0;0;0m[48;2;0;0;0m▀[0m[38;2;0;0;0m[48;2;0;0;0m▀[0m[38;2;0;0;0m[48;2;0;0;0m▀[0m[38;2;0;0;0m[48;2;0;0;0m▀[0m[38;2;11;13;14m[48;2;6;8;13m▀[0m[38;2;0;0;0m[48;2;0;0;0m▀[0m[38;2;75;79;84m[48;2;64;69;71m▀[0m[38;2;109;122;125m[48;2;131;142;149m▀[0m[38;2;0;0;0m[48;2;0;0;0m▀[0m[38;2;255;255;255m[48;2;164;165;162m▀[0m[38;2;255;255;255m[48;2;255;255;255m▀[0m[38;2;208;225;233m[48;2;200;222;232m▀[0m[38;2;68;91;99m[48;2;67;94;101m▀[0m[38;2;24;32;36m[48;2;38;46;44m▀[0m
[38;2;0;1;0m[48;2;1;1;1m▀[0m[38;2;2;2;2m[48;2;1;3;3m▀[0m[38;2;1;3;1m[48;2;0;0;0m▀[0m[38;2;11;13;13m[48;2;15;18;15m▀[0m[38;2;7;9;11m[48;2;12;14;14m▀[0m[38;2;7;9;9m[48;2;10;13;13m▀[0m[38;2;0;0;0m[48;2;0;0;0m▀[0m[38;2;6;14;27m[48;2;4;8;14m▀[0m[38;2;36;44;49m[48;2;40;41;52m▀[0m[38;2;69;74;73m[48;2;85;87;85m▀[0m[38;2;207;206;204m[48;2;139;142;139m▀[0m[38;2;0;0;0m[48;2;0;0;0m▀[0m[38;2;0;0;0m[48;2;0;0;0m▀[0m[38;2;0;0;0m[48;2;0;0;0m▀[0m[38;2;0;0;0m[48;2;0;0;0m▀[0m[38;2;0;0;0m[48;2;0;0;0m▀[0m[38;2;0;0;0m[48;2;0;0;0m▀[0m[38;2;0;0;0m[48;2;0;0;0m▀[0m[38;2;19;24;26m[48;2;0;0;0m▀[0m[38;2;12;18;20m[48;2;0;0;0m▀[0m[38;2;0;0;5m[48;2;0;0;0m▀[0m[38;2;0;0;0m[48;2;0;0;0m▀[0m[38;2;153;155;156m[48;2;0;0;0m▀[0m[38;2;237;250;255m[48;2;255;255;255m▀[0m[38;2;255;255;255m[48;2;255;255;255m▀[0m[38;2;45;47;47m[48;2;0;0;0m▀[0m[38;2;0;0;0m[48;2;0;0;0m▀[0m[38;2;0;0;0m[48;2;0;0;0m▀[0m[38;2;0;0;0m[48;2;0;0;0m▀[0m[38;2;60;69;79m[48;2;0;0;0m▀[0m[38;2;0;0;0m[48;2;0;0;0m▀[0m[38;2;0;0;0m[48;2;47;52;57m▀[0m[38;2;144;156;165m[48;2;150;164;167m▀[0m[38;2;25;28;29m[48;2;114;129;132m▀[0m[38;2;0;0;0m[48;2;0;0;0m▀[0m[38;2;0;0;0m[48;2;23;23;20m▀[0m[38;2;65;71;77m[48;2;216;215;213m▀[0m[38;2;213;226;231m[48;2;232;240;236m▀[0m[38;2;163;164;158m[48;2;181;196;199m▀[0m[38;2;255;251;249m[48;2;126;136;142m▀[0m[38;2;255;255;255m[48;2;77;85;90m▀[0m[38;2;255;255;255m[48;2;116;119;120m▀[0m[38;2;145;156;158m[48;2;251;251;249m▀[0m[38;2;13;16;18m[48;2;251;250;248m▀[0m
[38;2;1;3;3m[48;2;0;1;0m▀[0m[38;2;3;0;0m[48;2;2;2;3m▀[0m[38;2;4;6;6m[48;2;9;9;11m▀[0m[38;2;19;21;19m[48;2;16;19;25m▀[0m[38;2;20;23;24m[48;2;18;21;23m▀[0m[38;2;14;16;18m[48;2;20;24;25m▀[0m[38;2;1;0;0m[48;2;7;4;6m▀[0m[38;2;5;2;4m[48;2;21;21;26m▀[0m[38;2;21;21;24m[48;2;33;37;38m▀[0m[38;2;93;97;98m[48;2;99;104;101m▀[0m[38;2;87;86;86m[48;2;105;108;108m▀[0m[38;2;0;0;0m[48;2;0;0;0m▀[0m[38;2;0;0;0m[48;2;0;0;0m▀[0m[38;2;0;0;0m[48;2;0;0;0m▀[0m[38;2;0;1;1m[48;2;0;0;0m▀[0m[38;2;0;0;1m[48;2;0;0;0m▀[0m[38;2;0;0;0m[48;2;0;0;0m▀[0m[38;2;1;5;6m[48;2;18;21;24m▀[0m[38;2;16;21;21m[48;2;59;64;66m▀[0m[38;2;0;0;0m[48;2;0;0;0m▀[0m[38;2;0;0;0m[48;2;0;0;0m▀[0m[38;2;0;0;0m[48;2;0;0;0m▀[0m[38;2;0;0;0m[48;2;0;0;0m▀[0m[38;2;232;234;236m[48;2;255;255;255m▀[0m[38;2;255;255;255m[48;2;255;255;255m▀[0m[38;2;241;242;237m[48;2;255;255;255m▀[0m[38;2;255;255;255m[48;2;255;255;255m▀[0m[38;2;255;255;255m[48;2;255;255;255m▀[0m[38;2;164;165;162m[48;2;255;255;255m▀[0m[38;2;124;122;122m[48;2;244;248;243m▀[0m[38;2;43;39;41m[48;2;255;255;255m▀[0m[38;2;0;0;0m[48;2;216;216;214m▀[0m[38;2;121;134;143m[48;2;91;104;114m▀[0m[38;2;150;172;182m[48;2;175;205;217m▀[0m[38;2;45;56;54m[48;2;192;203;207m▀[0m[38;2;170;165;164m[48;2;92;84;84m▀[0m[38;2;128;140;148m[48;2;0;0;0m▀[0m[38;2;0;26;34m[48;2;0;0;0m▀[0m[38;2;0;14;19m[48;2;0;0;0m▀[0m[38;2;0;1;7m[48;2;0;0;0m▀[0m[38;2;0;15;20m[48;2;0;0;0m▀[0m[38;2;0;0;0m[48;2;0;0;0m▀[0m[38;2;0;0;2m[48;2;0;0;0m▀[0m[38;2;154;157;158m[48;2;0;0;0m▀[0m
[38;2;0;0;0m[48;2;24;24;24m▀[0m[38;2;6;6;4m[48;2;6;5;5m▀[0m[38;2;12;14;14m[48;2;15;15;13m▀[0m[38;2;20;23;24m[48;2;25;28;28m▀[0m[38;2;16;25;26m[48;2;19;21;23m▀[0m[38;2;28;31;32m[48;2;38;38;39m▀[0m[38;2;16;16;18m[48;2;36;39;40m▀[0m[38;2;47;50;51m[48;2;27;32;34m▀[0m[38;2;49;52;54m[48;2;15;23;24m▀[0m[38;2;86;90;91m[48;2;164;168;169m▀[0m[38;2;167;166;164m[48;2;55;58;58m▀[0m[38;2;0;0;0m[48;2;60;63;68m▀[0m[38;2;130;132;130m[48;2;109;120;135m▀[0m[38;2;0;0;0m[48;2;75;73;76m▀[0m[38;2;0;0;0m[48;2;0;0;0m▀[0m[38;2;0;0;0m[48;2;0;0;0m▀[0m[38;2;0;0;0m[48;2;0;0;0m▀[0m[38;2;39;48;52m[48;2;0;0;0m▀[0m[38;2;0;28;28m[48;2;22;0;0m▀[0m[38;2;0;0;0m[48;2;18;0;0m▀[0m[38;2;0;0;0m[48;2;0;0;0m▀[0m[38;2;0;2;4m[48;2;0;0;0m▀[0m[38;2;0;0;0m[48;2;0;0;0m▀[0m[38;2;134;144;145m[48;2;108;110;110m▀[0m[38;2;255;255;255m[48;2;255;255;255m▀[0m[38;2;255;255;255m[48;2;255;255;255m▀[0m[38;2;255;255;255m[48;2;8;13;10m▀[0m[38;2;183;186;186m[48;2;0;0;0m▀[0m[38;2;255;255;255m[48;2;255;255;255m▀[0m[38;2;255;255;255m[48;2;255;255;255m▀[0m[38;2;255;255;255m[48;2;255;255;255m▀[0m[38;2;255;255;255m[48;2;255;255;255m▀[0m[38;2;255;255;255m[48;2;255;255;255m▀[0m[38;2;131;152;156m[48;2;255;255;255m▀[0m[38;2;233;241;242m[48;2;244;250;251m▀[0m[38;2;9;6;6m[48;2;0;0;0m▀[0m[38;2;0;0;0m[48;2;0;0;0m▀[0m[38;2;0;0;0m[48;2;0;0;0m▀[0m[38;2;0;0;0m[48;2;0;0;0m▀[0m[38;2;0;0;0m[48;2;0;0;0m▀[0m[38;2;0;0;0m[48;2;0;0;0m▀[0m[38;2;0;0;0m[48;2;0;0;0m▀[0m[38;2;0;0;0m[48;2;0;0;0m▀[0m[38;2;0;0;0m[48;2;0;0;0m▀[0m
[38;2;32;31;31m[48;2;7;9;9m▀[0m[38;2;12;15;14m[48;2;15;18;18m▀[0m[38;2;16;20;19m[48;2;12;14;12m▀[0m[38;2;16;21;25m[48;2;26;29;31m▀[0m[38;2;24;28;27m[48;2;0;0;0m▀[0m[38;2;18;21;24m[48;2;57;62;61m▀[0m[38;2;0;0;0m[48;2;255;255;255m▀[0m[38;2;87;91;97m[48;2;255;255;255m▀[0m[38;2;255;255;255m[48;2;191;193;195m▀[0m[38;2;133;133;133m[48;2;37;39;41m▀[0m[38;2;0;0;0m[48;2;0;0;0m▀[0m[38;2;58;62;64m[48;2;0;0;0m▀[0m[38;2;76;87;101m[48;2;51;54;55m▀[0m[38;2;59;61;62m[48;2;0;0;0m▀[0m[38;2;0;0;0m[48;2;0;0;0m▀[0m[38;2;19;19;19m[48;2;23;27;29m▀[0m[38;2;0;1;1m[48;2;167;174;174m▀[0m[38;2;0;0;0m[48;2;0;0;0m▀[0m[38;2;174;0;0m[48;2;0;0;0m▀[0m[38;2;255;0;0m[48;2;56;14;24m▀[0m[38;2;177;0;0m[48;2;0;0;0m▀[0m[38;2;0;0;0m[48;2;0;0;0m▀[0m[38;2;109;111;112m[48;2;68;78;78m▀[0m[38;2;242;250;250m[48;2;135;146;147m▀[0m[38;2;255;255;255m[48;2;255;255;255m▀[0m[38;2;177;182;182m[48;2;0;0;0m▀[0m[38;2;0;0;0m[48;2;0;0;0m▀[0m[38;2;0;0;0m[48;2;0;0;0m▀[0m[38;2;255;255;255m[48;2;12;31;31m▀[0m[38;2;255;255;255m[48;2;255;255;255m▀[0m[38;2;255;255;255m[48;2;255;255;255m▀[0m[38;2;255;255;255m[48;2;255;255;255m▀[0m[38;2;255;255;255m[48;2;255;255;255m▀[0m[38;2;255;255;255m[48;2;255;255;255m▀[0m[38;2;108;122;122m[48;2;0;0;0m▀[0m[38;2;0;0;0m[48;2;0;0;0m▀[0m[38;2;0;0;0m[48;2;0;0;0m▀[0m[38;2;0;0;0m[48;2;0;11;11m▀[0m[38;2;0;0;0m[48;2;0;9;9m▀[0m[38;2;0;0;0m[48;2;0;0;0m▀[0m[38;2;0;0;0m[48;2;0;0;0m▀[0m[38;2;0;0;0m[48;2;13;23;26m▀[0m[38;2;0;0;0m[48;2;0;1;2m▀[0m[38;2;0;1;0m[48;2;0;0;0m▀[0m
[38;2;13;12;12m[48;2;13;13;13m▀[0m[38;2;12;14;14m[48;2;0;0;0m▀[0m[38;2;7;7;8m[48;2;27;29;30m▀[0m[38;2;0;0;0m[48;2;255;255;255m▀[0m[38;2;190;190;188m[48;2;255;255;255m▀[0m[38;2;255;255;255m[48;2;3;8;14m▀[0m[38;2;210;218;219m[48;2;0;0;0m▀[0m[38;2;0;0;0m[48;2;0;0;0m▀[0m[38;2;0;0;0m[48;2;0;0;0m▀[0m[38;2;6;9;12m[48;2;0;0;0m▀[0m[38;2;0;0;0m[48;2;0;0;0m▀[0m[38;2;0;0;0m[48;2;0;0;0m▀[0m[38;2;18;20;20m[48;2;0;0;0m▀[0m[38;2;119;121;121m[48;2;32;31;31m▀[0m[38;2;25;25;25m[48;2;71;71;71m▀[0m[38;2;0;0;0m[48;2;0;0;0m▀[0m[38;2;94;97;97m[48;2;0;0;0m▀[0m[38;2;3;16;16m[48;2;0;0;0m▀[0m[38;2;0;0;0m[48;2;0;0;0m▀[0m[38;2;0;0;0m[48;2;0;0;0m▀[0m[38;2;0;0;0m[48;2;0;0;0m▀[0m[38;2;0;0;0m[48;2;0;0;0m▀[0m[38;2;76;66;63m[48;2;16;24;25m▀[0m[38;2;207;30;14m[48;2;0;0;0m▀[0m[38;2;255;253;255m[48;2;0;0;0m▀[0m[38;2;136;195;193m[48;2;0;0;0m▀[0m[38;2;255;43;28m[48;2;0;0;0m▀[0m[38;2;255;0;0m[48;2;72;23;27m▀[0m[38;2;14;48;48m[48;2;19;41;44m▀[0m[38;2;213;222;225m[48;2;255;255;255m▀[0m[38;2;255;255;255m[48;2;255;255;255m▀[0m[38;2;255;255;255m[48;2;255;255;255m▀[0m[38;2;255;255;255m[48;2;255;255;255m▀[0m[38;2;255;255;255m[48;2;199;255;255m▀[0m[38;2;147;0;0m[48;2;0;0;0m▀[0m[38;2;255;0;0m[48;2;255;0;0m▀[0m[38;2;0;0;0m[48;2;109;0;0m▀[0m[38;2;59;100;102m[48;2;10;96;99m▀[0m[38;2;0;1;2m[48;2;0;0;0m▀[0m[38;2;0;0;0m[48;2;51;0;0m▀[0m[38;2;0;0;0m[48;2;65;0;0m▀[0m[38;2;162;181;183m[48;2;65;91;91m▀[0m[38;2;0;4;4m[48;2;0;3;3m▀[0m[38;2;0;0;0m[48;2;0;0;0m▀[0m
[38;2;2;1;2m[48;2;52;50;48m▀[0m[38;2;90;90;91m[48;2;138;142;142m▀[0m[38;2;255;255;255m[48;2;237;255;255m▀[0m[38;2;230;242;248m[48;2;144;167;175m▀[0m[38;2;207;221;223m[48;2;0;0;0m▀[0m[38;2;182;182;178m[48;2;7;5;3m▀[0m[38;2;0;0;0m[48;2;30;30;31m▀[0m[38;2;0;0;0m[48;2;0;0;0m▀[0m[38;2;0;0;0m[48;2;0;0;0m▀[0m[38;2;0;0;0m[48;2;0;0;0m▀[0m[38;2;0;0;0m[48;2;0;0;0m▀[0m[38;2;0;0;0m[48;2;0;0;0m▀[0m[38;2;0;0;0m[48;2;0;0;0m▀[0m[38;2;31;34;34m[48;2;63;66;66m▀[0m[38;2;76;76;76m[48;2;8;8;8m▀[0m[38;2;0;0;0m[48;2;73;73;74m▀[0m[38;2;0;0;0m[48;2;0;0;0m▀[0m[38;2;0;0;0m[48;2;0;0;0m▀[0m[38;2;125;125;125m[48;2;0;0;0m▀[0m[38;2;255;255;255m[48;2;90;90;91m▀[0m[38;2;238;240;238m[48;2;255;255;255m▀[0m[38;2;191;196;196m[48;2;255;255;255m▀[0m[38;2;0;0;0m[48;2;255;255;255m▀[0m[38;2;0;0;0m[48;2;255;255;255m▀[0m[38;2;0;0;0m[48;2;0;0;0m▀[0m[38;2;0;0;0m[48;2;0;0;0m▀[0m[38;2;0;0;0m[48;2;0;0;0m▀[0m[38;2;0;0;0m[48;2;218;221;221m▀[0m[38;2;213;222;222m[48;2;255;255;255m▀[0m[38;2;255;255;255m[48;2;255;255;255m▀[0m[38;2;255;255;255m[48;2;255;255;255m▀[0m[38;2;184;184;184m[48;2;0;0;0m▀[0m[38;2;255;255;255m[48;2;120;126;126m▀[0m[38;2;244;255;255m[48;2;255;255;255m▀[0m[38;2;0;0;0m[48;2;0;0;0m▀[0m[38;2;0;0;0m[48;2;0;0;0m▀[0m[38;2;0;0;0m[48;2;76;103;108m▀[0m[38;2;0;0;3m[48;2;0;0;0m▀[0m[38;2;167;5;0m[48;2;0;0;0m▀[0m[38;2;255;0;0m[48;2;38;0;0m▀[0m[38;2;255;0;0m[48;2;8;4;6m▀[0m[38;2;0;0;0m[48;2;46;81;81m▀[0m[38;2;0;0;0m[48;2;0;0;0m▀[0m[38;2;0;0;0m[48;2;0;0;0m▀[0m
[38;2;31;30;30m[48;2;157;171;179m▀[0m[38;2;196;220;227m[48;2;255;255;255m▀[0m[38;2;236;255;255m[48;2;27;31;32m▀[0m[38;2;23;26;29m[48;2;0;0;0m▀[0m[38;2;0;0;0m[48;2;143;145;143m▀[0m[38;2;235;235;237m[48;2;223;225;223m▀[0m[38;2;255;255;255m[48;2;0;0;0m▀[0m[38;2;0;0;0m[48;2;0;0;0m▀[0m[38;2;95;95;97m[48;2;0;0;0m▀[0m[38;2;110;112;112m[48;2;255;255;255m▀[0m[38;2;3;6;6m[48;2;104;104;107m▀[0m[38;2;7;5;8m[48;2;0;0;0m▀[0m[38;2;0;0;0m[48;2;0;0;0m▀[0m[38;2;92;94;94m[48;2;51;55;55m▀[0m[38;2;0;0;0m[48;2;84;86;86m▀[0m[38;2;0;0;0m[48;2;127;130;131m▀[0m[38;2;95;93;98m[48;2;74;76;85m▀[0m[38;2;29;32;31m[48;2;255;255;255m▀[0m[38;2;0;0;0m[48;2;207;207;203m▀[0m[38;2;0;0;0m[48;2;0;0;0m▀[0m[38;2;0;0;0m[48;2;255;255;255m▀[0m[38;2;252;255;255m[48;2;255;255;255m▀[0m[38;2;255;255;255m[48;2;0;0;0m▀[0m[38;2;235;235;235m[48;2;0;0;0m▀[0m[38;2;0;0;0m[48;2;0;0;0m▀[0m[38;2;0;0;0m[48;2;0;0;0m▀[0m[38;2;0;0;0m[48;2;0;0;0m▀[0m[38;2;71;71;71m[48;2;0;0;0m▀[0m[38;2;59;62;64m[48;2;85;89;91m▀[0m[38;2;255;255;255m[48;2;255;255;255m▀[0m[38;2;255;255;255m[48;2;255;255;255m▀[0m[38;2;0;0;0m[48;2;255;255;255m▀[0m[38;2;255;255;255m[48;2;255;255;255m▀[0m[38;2;255;255;255m[48;2;255;255;255m▀[0m[38;2;85;93;95m[48;2;69;72;74m▀[0m[38;2;22;25;27m[48;2;226;230;230m▀[0m[38;2;0;0;0m[48;2;238;240;240m▀[0m[38;2;0;0;0m[48;2;148;153;152m▀[0m[38;2;0;0;0m[48;2;237;244;244m▀[0m[38;2;0;0;0m[48;2;117;122;122m▀[0m[38;2;58;93;97m[48;2;0;0;0m▀[0m[38;2;43;58;58m[48;2;0;0;0m▀[0m[38;2;7;14;14m[48;2;103;111;117m▀[0m[38;2;30;36;34m[48;2;28;28;29m▀[0m
[38;2;97;105;109m[48;2;0;0;0m▀[0m[38;2;162;181;186m[48;2;69;78;86m▀[0m[38;2;0;0;0m[48;2;0;0;0m▀[0m[38;2;0;0;0m[48;2;57;61;60m▀[0m[38;2;182;184;184m[48;2;24;26;27m▀[0m[38;2;0;0;0m[48;2;0;0;0m▀[0m[38;2;0;0;0m[48;2;0;0;0m▀[0m[38;2;0;0;0m[48;2;0;0;0m▀[0m[38;2;0;0;0m[48;2;0;0;0m▀[0m[38;2;255;255;255m[48;2;235;239;239m▀[0m[38;2;255;255;255m[48;2;255;255;255m▀[0m[38;2;0;0;0m[48;2;0;0;0m▀[0m[38;2;14;13;13m[48;2;51;51;51m▀[0m[38;2;16;14;18m[48;2;240;240;240m▀[0m[38;2;153;155;155m[48;2;96;99;99m▀[0m[38;2;104;108;109m[48;2;0;0;0m▀[0m[38;2;0;0;0m[48;2;0;0;0m▀[0m[38;2;39;42;43m[48;2;0;0;0m▀[0m[38;2;255;255;255m[48;2;119;121;124m▀[0m[38;2;211;217;219m[48;2;255;255;255m▀[0m[38;2;255;255;255m[48;2;255;255;255m▀[0m[38;2;255;255;255m[48;2;255;255;255m▀[0m[38;2;30;30;30m[48;2;255;255;255m▀[0m[38;2;0;0;0m[48;2;255;255;255m▀[0m[38;2;0;0;0m[48;2;55;55;58m▀[0m[38;2;0;0;0m[48;2;0;0;0m▀[0m[38;2;15;15;18m[48;2;0;0;0m▀[0m[38;2;13;13;11m[48;2;0;0;0m▀[0m[38;2;211;214;214m[48;2;237;240;240m▀[0m[38;2;255;255;255m[48;2;255;255;255m▀[0m[38;2;255;255;255m[48;2;255;255;255m▀[0m[38;2;255;255;255m[48;2;238;240;240m▀[0m[38;2;255;255;255m[48;2;255;255;255m▀[0m[38;2;255;255;255m[48;2;255;255;255m▀[0m[38;2;93;93;93m[48;2;195;199;199m▀[0m[38;2;0;0;0m[48;2;0;0;0m▀[0m[38;2;63;66;66m[48;2;0;0;0m▀[0m[38;2;215;218;218m[48;2;0;0;0m▀[0m[38;2;184;184;184m[48;2;0;0;0m▀[0m[38;2;0;0;0m[48;2;64;67;67m▀[0m[38;2;20;20;20m[48;2;79;79;79m▀[0m[38;2;103;111;112m[48;2;8;12;12m▀[0m[38;2;5;7;13m[48;2;43;47;49m▀[0m[38;2;0;0;0m[48;2;0;0;0m▀[0m
[38;2;0;0;0m[48;2;29;38;39m▀[0m[38;2;86;96;100m[48;2;99;108;112m▀[0m[38;2;0;0;0m[48;2;9;6;8m▀[0m[38;2;1;0;2m[48;2;0;0;0m▀[0m[38;2;0;0;0m[48;2;0;0;0m▀[0m[38;2;0;0;0m[48;2;0;0;0m▀[0m[38;2;0;0;0m[48;2;0;0;0m▀[0m[38;2;0;0;0m[48;2;0;0;0m▀[0m[38;2;0;0;0m[48;2;2;4;5m▀[0m[38;2;206;209;209m[48;2;135;139;139m▀[0m[38;2;130;133;133m[48;2;0;0;0m▀[0m[38;2;0;0;0m[48;2;91;91;94m▀[0m[38;2;0;0;0m[48;2;0;0;0m▀[0m[38;2;30;38;38m[48;2;0;0;0m▀[0m[38;2;190;189;189m[48;2;0;0;0m▀[0m[38;2;0;0;0m[48;2;0;0;0m▀[0m[38;2;0;0;0m[48;2;0;0;0m▀[0m[38;2;0;0;0m[48;2;0;0;0m▀[0m[38;2;0;0;0m[48;2;99;102;102m▀[0m[38;2;255;255;255m[48;2;255;255;255m▀[0m[38;2;255;255;255m[48;2;255;255;255m▀[0m[38;2;255;255;255m[48;2;255;255;255m▀[0m[38;2;255;255;255m[48;2;255;255;255m▀[0m[38;2;255;255;255m[48;2;98;98;98m▀[0m[38;2;93;93;93m[48;2;74;77;73m▀[0m[38;2;0;0;0m[48;2;122;122;120m▀[0m[38;2;14;14;14m[48;2;40;40;40m▀[0m[38;2;0;0;0m[48;2;255;255;255m▀[0m[38;2;171;174;174m[48;2;234;232;235m▀[0m[38;2;255;255;255m[48;2;255;255;255m▀[0m[38;2;204;206;206m[48;2;166;168;168m▀[0m[38;2;255;255;255m[48;2;255;255;255m▀[0m[38;2;255;255;255m[48;2;255;255;255m▀[0m[38;2;255;255;255m[48;2;255;255;255m▀[0m[38;2;255;255;255m[48;2;255;255;255m▀[0m[38;2;82;84;84m[48;2;46;48;48m▀[0m[38;2;0;0;0m[48;2;9;8;8m▀[0m[38;2;34;34;34m[48;2;0;0;0m▀[0m[38;2;41;44;44m[48;2;0;0;0m▀[0m[38;2;5;5;3m[48;2;0;0;0m▀[0m[38;2;0;0;0m[48;2;0;0;0m▀[0m[38;2;16;19;19m[48;2;0;0;0m▀[0m[38;2;41;41;39m[48;2;0;0;0m▀[0m[38;2;0;0;0m[48;2;0;0;0m▀[0m
[38;2;63;76;80m[48;2;0;0;0m▀[0m[38;2;49;54;60m[48;2;0;0;0m▀[0m[38;2;13;16;18m[48;2;22;26;30m▀[0m[38;2;0;0;0m[48;2;0;0;0m▀[0m[38;2;0;0;0m[48;2;0;0;0m▀[0m[38;2;0;0;0m[48;2;0;0;0m▀[0m[38;2;0;0;0m[48;2;0;0;0m▀[0m[38;2;0;0;0m[48;2;24;26;26m▀[0m[38;2;0;0;0m[48;2;50;54;50m▀[0m[38;2;0;0;0m[48;2;155;155;155m▀[0m[38;2;154;154;154m[48;2;71;74;74m▀[0m[38;2;147;146;146m[48;2;0;0;0m▀[0m[38;2;0;0;0m[48;2;0;0;0m▀[0m[38;2;0;0;0m[48;2;0;0;0m▀[0m[38;2;30;30;30m[48;2;14;20;20m▀[0m[38;2;52;52;52m[48;2;104;104;107m▀[0m[38;2;0;0;0m[48;2;0;0;0m▀[0m[38;2;96;96;97m[48;2;0;0;0m▀[0m[38;2;171;175;175m[48;2;69;73;73m▀[0m[38;2;255;255;255m[48;2;39;46;46m▀[0m[38;2;255;255;255m[48;2;255;255;255m▀[0m[38;2;255;255;255m[48;2;157;158;155m▀[0m[38;2;255;255;255m[48;2;93;96;93m▀[0m[38;2;0;0;0m[48;2;8;11;7m▀[0m[38;2;147;147;149m[48;2;149;149;149m▀[0m[38;2;164;164;166m[48;2;97;100;100m▀[0m[38;2;0;0;0m[48;2;0;0;0m▀[0m[38;2;185;188;188m[48;2;208;211;211m▀[0m[38;2;255;255;255m[48;2;255;255;255m▀[0m[38;2;255;255;255m[48;2;23;20;20m▀[0m[38;2;120;118;121m[48;2;51;51;49m▀[0m[38;2;165;167;173m[48;2;63;65;65m▀[0m[38;2;255;255;255m[48;2;0;0;0m▀[0m[38;2;214;217;219m[48;2;11;8;8m▀[0m[38;2;255;255;255m[48;2;211;214;214m▀[0m[38;2;169;171;171m[48;2;255;255;255m▀[0m[38;2;0;0;0m[48;2;109;104;104m▀[0m[38;2;1;1;1m[48;2;0;0;0m▀[0m[38;2;22;25;27m[48;2;206;206;206m▀[0m[38;2;0;0;0m[48;2;199;202;202m▀[0m[38;2;0;0;0m[48;2;48;51;51m▀[0m[38;2;0;0;0m[48;2;73;76;75m▀[0m[38;2;9;9;7m[48;2;186;186;187m▀[0m[38;2;0;0;0m[48;2;0;0;0m▀[0m
[38;2;54;52;54m[48;2;61;60;60m▀[0m[38;2;0;0;0m[48;2;131;131;129m▀[0m[38;2;0;0;0m[48;2;43;43;44m▀[0m[38;2;0;0;0m[48;2;0;0;0m▀[0m[38;2;0;0;0m[48;2;0;0;0m▀[0m[38;2;0;0;0m[48;2;61;63;65m▀[0m[38;2;124;122;122m[48;2;111;116;118m▀[0m[38;2;125;128;124m[48;2;0;0;0m▀[0m[38;2;82;84;84m[48;2;0;0;0m▀[0m[38;2;1;1;1m[48;2;0;0;0m▀[0m[38;2;0;0;0m[48;2;0;0;0m▀[0m[38;2;0;0;0m[48;2;0;0;0m▀[0m[38;2;0;0;0m[48;2;0;0;0m▀[0m[38;2;0;0;0m[48;2;0;0;0m▀[0m[38;2;7;5;8m[48;2;14;13;13m▀[0m[38;2;116;119;119m[48;2;74;76;76m▀[0m[38;2;0;0;0m[48;2;0;1;1m▀[0m[38;2;189;191;191m[48;2;54;54;54m▀[0m[38;2;0;0;0m[48;2;0;0;0m▀[0m[38;2;0;0;0m[48;2;255;255;255m▀[0m[38;2;255;255;255m[48;2;120;124;124m▀[0m[38;2;7;11;11m[48;2;201;204;201m▀[0m[38;2;0;0;0m[48;2;66;71;66m▀[0m[38;2;170;172;172m[48;2;164;166;166m▀[0m[38;2;120;128;128m[48;2;6;6;6m▀[0m[38;2;125;128;128m[48;2;223;226;226m▀[0m[38;2;132;132;132m[48;2;255;255;255m▀[0m[38;2;255;255;255m[48;2;51;54;54m▀[0m[38;2;171;172;169m[48;2;0;0;0m▀[0m[38;2;73;76;76m[48;2;0;0;0m▀[0m[38;2;0;0;0m[48;2;30;32;32m▀[0m[38;2;0;0;0m[48;2;0;0;0m▀[0m[38;2;0;0;0m[48;2;0;0;0m▀[0m[38;2;0;0;0m[48;2;0;0;0m▀[0m[38;2;0;0;0m[48;2;0;0;0m▀[0m[38;2;239;238;238m[48;2;255;255;255m▀[0m[38;2;166;166;164m[48;2;118;118;118m▀[0m[38;2;97;97;97m[48;2;0;0;0m▀[0m[38;2;30;34;34m[48;2;0;0;0m▀[0m[38;2;0;0;0m[48;2;0;0;0m▀[0m[38;2;0;0;0m[48;2;0;0;0m▀[0m[38;2;8;8;11m[48;2;0;0;0m▀[0m[38;2;255;255;255m[48;2;26;28;30m▀[0m[38;2;0;0;0m[48;2;6;9;9m▀[0m
[38;2;0;0;0m[48;2;22;27;27m▀[0m[38;2;25;25;25m[48;2;0;0;0m▀[0m[38;2;152;152;152m[48;2;61;64;61m▀[0m[38;2;0;0;0m[48;2;153;153;147m▀[0m[38;2;0;0;0m[48;2;42;44;44m▀[0m[38;2;128;130;130m[48;2;55;54;54m▀[0m[38;2;92;105;110m[48;2;0;0;0m▀[0m[38;2;0;0;0m[48;2;64;77;84m▀[0m[38;2;0;0;0m[48;2;0;0;0m▀[0m[38;2;0;0;0m[48;2;5;7;7m▀[0m[38;2;0;0;0m[48;2;0;0;0m▀[0m[38;2;0;0;0m[48;2;0;0;0m▀[0m[38;2;0;0;0m[48;2;0;0;0m▀[0m[38;2;0;0;0m[48;2;0;0;0m▀[0m[38;2;28;30;30m[48;2;31;34;37m▀[0m[38;2;12;14;14m[48;2;0;0;0m▀[0m[38;2;40;40;40m[48;2;65;69;69m▀[0m[38;2;48;50;50m[48;2;151;152;148m▀[0m[38;2;255;255;255m[48;2;86;86;86m▀[0m[38;2;255;255;255m[48;2;0;0;0m▀[0m[38;2;255;255;255m[48;2;118;120;120m▀[0m[38;2;255;255;255m[48;2;125;129;131m▀[0m[38;2;15;19;19m[48;2;0;0;0m▀[0m[38;2;0;0;0m[48;2;0;0;0m▀[0m[38;2;191;193;193m[48;2;240;242;242m▀[0m[38;2;255;255;255m[48;2;251;253;253m▀[0m[38;2;0;0;0m[48;2;0;0;0m▀[0m[38;2;0;0;0m[48;2;0;0;0m▀[0m[38;2;0;0;0m[48;2;0;0;0m▀[0m[38;2;63;65;66m[48;2;49;51;51m▀[0m[38;2;255;255;255m[48;2;221;224;224m▀[0m[38;2;39;39;39m[48;2;233;235;237m▀[0m[38;2;0;0;0m[48;2;55;60;60m▀[0m[38;2;0;0;0m[48;2;1;3;3m▀[0m[38;2;0;0;0m[48;2;0;0;0m▀[0m[38;2;255;255;255m[48;2;239;248;246m▀[0m[38;2;255;255;255m[48;2;255;255;255m▀[0m[38;2;181;182;179m[48;2;255;255;255m▀[0m[38;2;23;23;23m[48;2;255;255;255m▀[0m[38;2;58;60;60m[48;2;63;63;63m▀[0m[38;2;0;0;0m[48;2;0;0;0m▀[0m[38;2;0;0;0m[48;2;210;210;213m▀[0m[38;2;0;0;0m[48;2;237;237;235m▀[0m[38;2;0;0;0m[48;2;252;252;252m▀[0m
[38;2;0;0;0m[48;2;0;0;0m▀[0m[38;2;0;0;0m[48;2;0;0;0m▀[0m[38;2;0;0;0m[48;2;0;0;0m▀[0m[38;2;128;128;124m[48;2;0;0;0m▀[0m[38;2;168;170;168m[48;2;122;124;119m▀[0m[38;2;0;0;0m[48;2;170;169;170m▀[0m[38;2;0;0;0m[48;2;2;5;4m▀[0m[38;2;5;9;13m[48;2;0;0;0m▀[0m[38;2;45;52;61m[48;2;0;5;6m▀[0m[38;2;27;30;31m[48;2;13;15;22m▀[0m[38;2;0;0;5m[48;2;0;0;0m▀[0m[38;2;0;0;0m[48;2;0;0;0m▀[0m[38;2;0;0;0m[48;2;3;6;12m▀[0m[38;2;1;6;6m[48;2;6;9;12m▀[0m[38;2;0;0;1m[48;2;0;0;0m▀[0m[38;2;0;0;0m[48;2;214;216;216m▀[0m[38;2;29;32;32m[48;2;72;74;74m▀[0m[38;2;0;0;0m[48;2;0;0;0m▀[0m[38;2;0;0;0m[48;2;0;0;0m▀[0m[38;2;0;0;0m[48;2;0;0;0m▀[0m[38;2;0;0;0m[48;2;0;0;0m▀[0m[38;2;0;0;0m[48;2;0;0;0m▀[0m[38;2;0;0;0m[48;2;0;0;0m▀[0m[38;2;21;21;19m[48;2;0;0;0m▀[0m[38;2;233;235;235m[48;2;113;116;116m▀[0m[38;2;255;255;255m[48;2;213;215;215m▀[0m[38;2;0;0;0m[48;2;5;5;5m▀[0m[38;2;0;0;0m[48;2;0;0;0m▀[0m[38;2;0;0;0m[48;2;0;0;0m▀[0m[38;2;0;0;0m[48;2;0;0;0m▀[0m[38;2;0;0;0m[48;2;0;0;0m▀[0m[38;2;248;255;255m[48;2;52;63;63m▀[0m[38;2;165;174;175m[48;2;68;128;133m▀[0m[38;2;0;0;0m[48;2;0;0;0m▀[0m[38;2;0;0;0m[48;2;0;0;0m▀[0m[38;2;255;255;255m[48;2;255;255;255m▀[0m[38;2;219;226;227m[48;2;255;255;255m▀[0m[38;2;0;0;0m[48;2;0;0;0m▀[0m[38;2;0;0;0m[48;2;0;0;0m▀[0m[38;2;0;0;0m[48;2;193;198;198m▀[0m[38;2;239;241;241m[48;2;0;0;0m▀[0m[38;2;84;87;87m[48;2;0;0;0m▀[0m[38;2;0;0;0m[48;2;0;0;0m▀[0m[38;2;0;0;0m[48;2;0;0;0m▀[0m
[38;2;2;4;4m[48;2;0;0;0m▀[0m[38;2;45;47;48m[48;2;164;163;160m▀[0m[38;2;0;0;0m[48;2;77;79;81m▀[0m[38;2;0;0;0m[48;2;0;0;0m▀[0m[38;2;11;8;11m[48;2;0;0;0m▀[0m[38;2;255;255;255m[48;2;105;104;104m▀[0m[38;2;145;148;148m[48;2;255;255;255m▀[0m[38;2;0;0;0m[48;2;122;121;121m▀[0m[38;2;0;0;0m[48;2;0;0;0m▀[0m[38;2;0;0;0m[48;2;0;0;0m▀[0m[38;2;0;0;0m[48;2;0;0;0m▀[0m[38;2;0;0;0m[48;2;54;58;58m▀[0m[38;2;0;0;0m[48;2;16;20;20m▀[0m[38;2;0;0;0m[48;2;0;0;0m▀[0m[38;2;0;0;0m[48;2;0;0;0m▀[0m[38;2;255;255;255m[48;2;255;255;255m▀[0m[38;2;37;39;39m[48;2;153;152;152m▀[0m[38;2;0;0;0m[48;2;0;0;0m▀[0m[38;2;0;0;0m[48;2;0;0;0m▀[0m[38;2;0;0;0m[48;2;52;52;52m▀[0m[38;2;0;0;0m[48;2;97;100;100m▀[0m[38;2;0;0;0m[48;2;0;2;1m▀[0m[38;2;0;0;0m[48;2;95;98;98m▀[0m[38;2;36;41;42m[48;2;98;101;100m▀[0m[38;2;0;0;0m[48;2;0;0;0m▀[0m[38;2;89;89;89m[48;2;0;0;0m▀[0m[38;2;9;9;11m[48;2;0;3;3m▀[0m[38;2;0;0;0m[48;2;80;91;91m▀[0m[38;2;0;0;0m[48;2;107;117;118m▀[0m[38;2;0;0;0m[48;2;55;82;84m▀[0m[38;2;0;0;0m[48;2;64;112;113m▀[0m[38;2;45;79;84m[48;2;174;214;213m▀[0m[38;2;118;118;116m[48;2;14;1;0m▀[0m[38;2;255;0;0m[48;2;250;0;0m▀[0m[38;2;165;0;0m[48;2;119;0;0m▀[0m[38;2;255;255;255m[48;2;255;255;255m▀[0m[38;2;255;255;255m[48;2;255;255;255m▀[0m[38;2;16;19;19m[48;2;200;204;206m▀[0m[38;2;107;107;107m[48;2;0;0;0m▀[0m[38;2;0;0;0m[48;2;0;0;0m▀[0m[38;2;0;0;0m[48;2;0;0;0m▀[0m[38;2;0;0;0m[48;2;0;0;0m▀[0m[38;2;0;0;0m[48;2;0;0;0m▀[0m[38;2;0;0;0m[48;2;0;0;0m▀[0m
[38;2;0;0;0m[48;2;0;0;0m▀[0m[38;2;117;117;117m[48;2;0;0;0m▀[0m[38;2;243;246;243m[48;2;110;110;108m▀[0m[38;2;1;3;4m[48;2;154;157;157m▀[0m[38;2;0;0;0m[48;2;0;0;0m▀[0m[38;2;0;0;0m[48;2;0;0;0m▀[0m[38;2;5;5;5m[48;2;0;0;0m▀[0m[38;2;93;93;90m[48;2;0;0;0m▀[0m[38;2;125;125;128m[48;2;41;41;41m▀[0m[38;2;36;41;42m[48;2;127;130;130m▀[0m[38;2;147;151;151m[48;2;0;0;0m▀[0m[38;2;30;30;30m[48;2;0;0;0m▀[0m[38;2;0;0;0m[48;2;0;0;0m▀[0m[38;2;0;0;0m[48;2;127;130;131m▀[0m[38;2;142;144;144m[48;2;255;255;255m▀[0m[38;2;255;255;255m[48;2;200;198;201m▀[0m[38;2;145;147;147m[48;2;0;0;0m▀[0m[38;2;87;90;90m[48;2;23;20;20m▀[0m[38;2;117;120;122m[48;2;46;48;48m▀[0m[38;2;78;78;78m[48;2;0;0;0m▀[0m[38;2;0;0;0m[48;2;0;0;0m▀[0m[38;2;0;0;0m[48;2;0;0;0m▀[0m[38;2;180;180;182m[48;2;110;113;116m▀[0m[38;2;0;0;0m[48;2;0;0;0m▀[0m[38;2;0;0;0m[48;2;0;0;0m▀[0m[38;2;0;0;0m[48;2;0;0;0m▀[0m[38;2;0;0;0m[48;2;0;0;0m▀[0m[38;2;0;0;0m[48;2;0;0;0m▀[0m[38;2;0;14;16m[48;2;166;0;0m▀[0m[38;2;63;78;77m[48;2;255;0;0m▀[0m[38;2;235;116;112m[48;2;22;0;0m▀[0m[38;2;0;33;36m[48;2;0;49;56m▀[0m[38;2;19;0;0m[48;2;6;0;0m▀[0m[38;2;158;0;0m[48;2;0;0;0m▀[0m[38;2;160;0;0m[48;2;91;43;40m▀[0m[38;2;255;255;255m[48;2;255;255;255m▀[0m[38;2;108;124;127m[48;2;0;0;0m▀[0m[38;2;0;0;0m[48;2;0;0;0m▀[0m[38;2;0;0;0m[48;2;0;0;0m▀[0m[38;2;0;0;0m[48;2;0;0;0m▀[0m[38;2;26;28;30m[48;2;82;86;87m▀[0m[38;2;66;72;74m[48;2;92;96;96m▀[0m[38;2;0;0;0m[48;2;0;0;0m▀[0m[38;2;0;0;0m[48;2;0;0;0m▀[0m
