[38;2;172;177;183m[48;2;181;186;192m▀[0m[38;2;141;146;151m[48;2;103;106;109m▀[0m[38;2;91;94;93m[48;2;134;138;139m▀[0m[38;2;171;176;182m[48;2;165;173;179m▀[0m[38;2;152;157;161m[48;2;152;157;162m▀[0m[38;2;153;158;162m[48;2;153;158;162m▀[0m[38;2;151;158;162m[48;2;153;158;162m▀[0m[38;2;152;157;162m[48;2;152;157;161m▀[0m[38;2;153;158;162m[48;2;153;158;162m▀[0m[38;2;153;158;162m[48;2;151;158;162m▀[0m[38;2;151;158;162m[48;2;153;158;162m▀[0m[38;2;151;158;162m[48;2;153;158;162m▀[0m[38;2;153;158;162m[48;2;152;157;161m▀[0m[38;2;153;158;162m[48;2;153;158;162m▀[0m[38;2;153;158;162m[48;2;153;158;162m▀[0m[38;2;152;157;161m[48;2;152;157;161m▀[0m[38;2;171;179;183m[48;2;172;177;181m▀[0m[38;2;113;118;122m[48;2;117;122;126m▀[0m[38;2;94;97;100m[48;2;94;97;100m▀[0m[38;2;177;182;186m[48;2;175;180;184m▀[0m[38;2;151;156;160m[48;2;149;156;160m▀[0m[38;2;153;158;162m[48;2;153;158;162m▀[0m[38;2;153;158;162m[48;2;153;158;162m▀[0m[38;2;153;158;162m[48;2;153;158;162m▀[0m[38;2;153;158;162m[48;2;151;158;162m▀[0m[38;2;153;158;162m[48;2;153;158;162m▀[0m[38;2;153;158;162m[48;2;153;158;162m▀[0m[38;2;153;158;162m[48;2;153;158;162m▀[0m[38;2;153;158;162m[48;2;153;158;162m▀[0m[38;2;153;158;162m[48;2;153;158;162m▀[0m[38;2;153;158;162m[48;2;153;158;162m▀[0m[38;2;155;157;164m[48;2;153;158;162m▀[0m[38;2;165;173;177m[48;2;155;160;164m▀[0m[38;2;153;155;158m[48;2;192;195;201m▀[0m[38;2;26;24;27m[48;2;40;42;42m▀[0m[38;2;191;198;204m[48;2;145;152;158m▀[0m
[38;2;167;172;178m[48;2;123;131;135m▀[0m[38;2;59;63;64m[48;2;95;99;100m▀[0m[38;2;171;176;180m[48;2;181;186;190m▀[0m[38;2;158;162;166m[48;2;153;156;163m▀[0m[38;2;153;158;162m[48;2;153;158;163m▀[0m[38;2;153;158;162m[48;2;153;158;162m▀[0m[38;2;153;158;162m[48;2;153;158;162m▀[0m[38;2;151;158;162m[48;2;151;158;162m▀[0m[38;2;151;158;162m[48;2;151;158;162m▀[0m[38;2;151;158;162m[48;2;151;158;160m▀[0m[38;2;153;158;162m[48;2;151;158;160m▀[0m[38;2;152;157;161m[48;2;152;157;161m▀[0m[38;2;153;158;162m[48;2;151;158;162m▀[0m[38;2;153;158;162m[48;2;153;158;162m▀[0m[38;2;153;158;162m[48;2;153;158;162m▀[0m[38;2;152;157;161m[48;2;152;157;161m▀[0m[38;2;172;177;181m[48;2;173;178;184m▀[0m[38;2;118;125;129m[48;2;118;122;126m▀[0m[38;2;89;92;95m[48;2;83;83;86m▀[0m[38;2;178;183;187m[48;2;181;186;190m▀[0m[38;2;153;156;159m[48;2;153;158;162m▀[0m[38;2;153;158;162m[48;2;153;158;162m▀[0m[38;2;153;158;162m[48;2;153;158;162m▀[0m[38;2;153;158;162m[48;2;153;158;160m▀[0m[38;2;153;158;162m[48;2;153;158;162m▀[0m[38;2;153;158;162m[48;2;153;158;162m▀[0m[38;2;153;158;162m[48;2;153;158;162m▀[0m[38;2;153;158;162m[48;2;153;158;162m▀[0m[38;2;153;158;162m[48;2;153;158;162m▀[0m[38;2;153;158;162m[48;2;153;158;162m▀[0m[38;2;153;158;162m[48;2;153;158;162m▀[0m[38;2;153;158;162m[48;2;153;158;162m▀[0m[38;2;153;158;162m[48;2;156;161;163m▀[0m[38;2;190;195;201m[48;2;170;178;184m▀[0m[38;2;95;97;99m[48;2;153;157;161m▀[0m[38;2;77;79;85m[48;2;20;19;20m▀[0m
[38;2;66;70;74m[48;2;29;31;37m▀[0m[38;2;132;136;141m[48;2;165;173;177m▀[0m[38;2;171;179;183m[48;2;162;166;171m▀[0m[38;2;154;157;160m[48;2;155;158;161m▀[0m[38;2;153;158;162m[48;2;153;158;162m▀[0m[38;2;151;158;162m[48;2;153;158;162m▀[0m[38;2;151;158;162m[48;2;151;158;162m▀[0m[38;2;151;158;162m[48;2;153;158;162m▀[0m[38;2;153;158;162m[48;2;153;158;162m▀[0m[38;2;151;158;160m[48;2;151;158;162m▀[0m[38;2;151;158;162m[48;2;151;158;162m▀[0m[38;2;151;158;160m[48;2;151;158;162m▀[0m[38;2;151;158;162m[48;2;153;158;162m▀[0m[38;2;153;158;162m[48;2;153;158;162m▀[0m[38;2;153;158;162m[48;2;153;158;162m▀[0m[38;2;152;157;161m[48;2;152;157;161m▀[0m[38;2;172;180;184m[48;2;175;180;184m▀[0m[38;2;115;118;121m[48;2;119;124;128m▀[0m[38;2;71;71;78m[48;2;78;78;83m▀[0m[38;2;181;186;191m[48;2;181;186;190m▀[0m[38;2;153;158;162m[48;2;153;158;162m▀[0m[38;2;153;158;162m[48;2;151;158;162m▀[0m[38;2;151;158;162m[48;2;151;158;162m▀[0m[38;2;152;157;162m[48;2;151;158;162m▀[0m[38;2;151;158;162m[48;2;153;158;162m▀[0m[38;2;153;158;162m[48;2;153;158;162m▀[0m[38;2;153;158;162m[48;2;153;158;162m▀[0m[38;2;151;158;162m[48;2;151;158;162m▀[0m[38;2;151;158;162m[48;2;151;158;162m▀[0m[38;2;152;157;161m[48;2;151;158;162m▀[0m[38;2;152;157;161m[48;2;151;158;162m▀[0m[38;2;153;158;162m[48;2;153;158;162m▀[0m[38;2;152;160;161m[48;2;153;158;162m▀[0m[38;2;160;163;169m[48;2;154;159;163m▀[0m[38;2;187;191;197m[48;2;178;186;189m▀[0m[38;2;24;23;24m[48;2;94;98;102m▀[0m
[38;2;83;86;89m[48;2;154;162;166m▀[0m[38;2;180;185;189m[48;2;160;165;169m▀[0m[38;2;155;159;164m[48;2;152;160;161m▀[0m[38;2;153;158;162m[48;2;153;158;162m▀[0m[38;2;153;158;162m[48;2;153;158;162m▀[0m[38;2;153;158;162m[48;2;153;158;162m▀[0m[38;2;153;158;162m[48;2;153;158;162m▀[0m[38;2;153;158;162m[48;2;153;158;162m▀[0m[38;2;151;158;162m[48;2;152;157;161m▀[0m[38;2;153;158;162m[48;2;152;157;162m▀[0m[38;2;151;158;162m[48;2;151;158;162m▀[0m[38;2;151;158;162m[48;2;151;158;162m▀[0m[38;2;153;158;162m[48;2;153;158;162m▀[0m[38;2;153;158;162m[48;2;153;158;162m▀[0m[38;2;151;158;162m[48;2;151;158;162m▀[0m[38;2;152;157;161m[48;2;152;157;161m▀[0m[38;2;171;175;179m[48;2;171;175;181m▀[0m[38;2;126;131;137m[48;2;125;132;134m▀[0m[38;2;86;89;95m[48;2;79;82;88m▀[0m[38;2;177;180;186m[48;2;175;183;187m▀[0m[38;2;153;158;162m[48;2;156;161;165m▀[0m[38;2;153;158;162m[48;2;153;158;162m▀[0m[38;2;153;158;162m[48;2;153;158;162m▀[0m[38;2;151;158;162m[48;2;153;158;162m▀[0m[38;2;151;158;162m[48;2;151;158;162m▀[0m[38;2;153;158;162m[48;2;151;158;162m▀[0m[38;2;151;158;162m[48;2;153;158;162m▀[0m[38;2;153;158;162m[48;2;153;158;162m▀[0m[38;2;153;158;162m[48;2;151;158;162m▀[0m[38;2;153;158;162m[48;2;153;158;162m▀[0m[38;2;153;158;162m[48;2;153;158;162m▀[0m[38;2;153;158;162m[48;2;153;158;162m▀[0m[38;2;153;158;162m[48;2;153;158;162m▀[0m[38;2;155;160;164m[48;2;153;158;162m▀[0m[38;2;159;166;168m[48;2;153;158;163m▀[0m[38;2;156;161;166m[48;2;157;162;167m▀[0m
[38;2;165;170;174m[48;2;165;168;171m▀[0m[38;2;153;158;163m[48;2;150;158;163m▀[0m[38;2;153;158;162m[48;2;153;158;162m▀[0m[38;2;153;158;162m[48;2;153;158;162m▀[0m[38;2;153;158;162m[48;2;153;158;162m▀[0m[38;2;153;158;162m[48;2;153;158;162m▀[0m[38;2;153;158;162m[48;2;153;158;162m▀[0m[38;2;153;158;162m[48;2;153;158;162m▀[0m[38;2;153;158;162m[48;2;153;158;162m▀[0m[38;2;151;158;162m[48;2;153;158;162m▀[0m[38;2;151;158;162m[48;2;151;158;162m▀[0m[38;2;153;158;162m[48;2;151;158;160m▀[0m[38;2;153;158;162m[48;2;153;158;162m▀[0m[38;2;153;158;162m[48;2;153;158;162m▀[0m[38;2;153;158;162m[48;2;153;158;163m▀[0m[38;2;151;159;165m[48;2;155;164;168m▀[0m[38;2;169;176;182m[48;2;169;177;183m▀[0m[38;2;135;140;145m[48;2;157;179;186m▀[0m[38;2;120;125;129m[48;2;32;56;58m▀[0m[38;2;190;195;201m[48;2;88;96;100m▀[0m[38;2;156;163;168m[48;2;178;186;190m▀[0m[38;2;155;158;165m[48;2;155;160;166m▀[0m[38;2;153;158;162m[48;2;153;158;162m▀[0m[38;2;153;158;162m[48;2;153;158;162m▀[0m[38;2;153;158;162m[48;2;153;158;162m▀[0m[38;2;153;158;162m[48;2;153;158;162m▀[0m[38;2;153;158;162m[48;2;153;158;162m▀[0m[38;2;151;158;162m[48;2;151;158;162m▀[0m[38;2;152;157;162m[48;2;151;158;162m▀[0m[38;2;152;157;161m[48;2;151;158;162m▀[0m[38;2;153;158;162m[48;2;153;158;162m▀[0m[38;2;153;158;162m[48;2;153;158;162m▀[0m[38;2;153;158;162m[48;2;153;158;162m▀[0m[38;2;153;158;162m[48;2;154;159;163m▀[0m[38;2;154;159;164m[48;2;154;159;164m▀[0m[38;2;154;159;164m[48;2;154;159;164m▀[0m
[38;2;160;169;174m[48;2;197;199;201m▀[0m[38;2;146;153;159m[48;2;145;154;158m▀[0m[38;2;154;159;163m[48;2;154;159;163m▀[0m[38;2;153;158;162m[48;2;153;158;163m▀[0m[38;2;153;158;162m[48;2;153;158;162m▀[0m[38;2;153;158;163m[48;2;153;158;162m▀[0m[38;2;153;158;162m[48;2;153;158;162m▀[0m[38;2;153;158;162m[48;2;153;158;162m▀[0m[38;2;153;158;162m[48;2;151;158;162m▀[0m[38;2;153;158;162m[48;2;151;158;162m▀[0m[38;2;153;158;162m[48;2;153;158;162m▀[0m[38;2;153;158;162m[48;2;153;158;162m▀[0m[38;2;153;158;162m[48;2;153;158;162m▀[0m[38;2;153;158;162m[48;2;154;163;166m▀[0m[38;2;155;164;171m[48;2;157;167;174m▀[0m[38;2;157;169;173m[48;2;174;206;212m▀[0m[38;2;180;210;221m[48;2;239;182;179m▀[0m[38;2;196;173;173m[48;2;47;0;0m▀[0m[38;2;0;0;0m[48;2;0;0;0m▀[0m[38;2;154;164;172m[48;2;140;81;84m▀[0m[38;2;179;199;205m[48;2;213;224;234m▀[0m[38;2;158;166;170m[48;2;165;180;187m▀[0m[38;2;152;160;161m[48;2;160;165;171m▀[0m[38;2;153;158;162m[48;2;153;158;163m▀[0m[38;2;153;158;162m[48;2;153;158;162m▀[0m[38;2;153;158;162m[48;2;153;158;162m▀[0m[38;2;153;158;162m[48;2;153;158;162m▀[0m[38;2;153;158;162m[48;2;153;158;162m▀[0m[38;2;151;158;162m[48;2;153;158;162m▀[0m[38;2;151;158;162m[48;2;153;158;162m▀[0m[38;2;153;158;162m[48;2;153;158;162m▀[0m[38;2;153;158;162m[48;2;153;158;162m▀[0m[38;2;153;158;162m[48;2;153;158;162m▀[0m[38;2;154;159;163m[48;2;154;159;163m▀[0m[38;2;154;159;164m[48;2;151;156;160m▀[0m[38;2;150;155;159m[48;2;164;169;173m▀[0m
[38;2;178;175;175m[48;2;124;124;120m▀[0m[38;2;199;203;208m[48;2;255;255;255m▀[0m[38;2;146;154;158m[48;2;154;162;168m▀[0m[38;2;157;159;162m[48;2;159;164;170m▀[0m[38;2;153;158;162m[48;2;156;160;166m▀[0m[38;2;153;158;162m[48;2;153;158;162m▀[0m[38;2;153;158;162m[48;2;153;158;162m▀[0m[38;2;151;158;162m[48;2;153;158;162m▀[0m[38;2;153;158;162m[48;2;153;158;162m▀[0m[38;2;153;158;162m[48;2;153;158;162m▀[0m[38;2;153;158;162m[48;2;154;159;163m▀[0m[38;2;154;159;163m[48;2;145;152;156m▀[0m[38;2;156;161;165m[48;2;172;177;183m▀[0m[38;2;148;153;158m[48;2;238;242;243m▀[0m[38;2;157;188;197m[48;2;208;233;237m▀[0m[38;2;245;161;154m[48;2;59;0;0m▀[0m[38;2;6;0;0m[48;2;0;0;0m▀[0m[38;2;0;0;0m[48;2;34;44;47m▀[0m[38;2;21;44;43m[48;2;142;145;144m▀[0m[38;2;0;0;0m[48;2;0;0;0m▀[0m[38;2;113;32;31m[48;2;0;0;0m▀[0m[38;2;205;207;210m[48;2;135;102;103m▀[0m[38;2;144;160;167m[48;2;252;255;255m▀[0m[38;2;156;163;169m[48;2;196;200;204m▀[0m[38;2;154;159;163m[48;2;146;153;159m▀[0m[38;2;153;158;163m[48;2;154;159;164m▀[0m[38;2;153;158;162m[48;2;153;158;163m▀[0m[38;2;153;158;162m[48;2;153;158;162m▀[0m[38;2;153;158;162m[48;2;151;158;162m▀[0m[38;2;153;158;162m[48;2;153;158;162m▀[0m[38;2;153;158;162m[48;2;153;158;162m▀[0m[38;2;153;158;162m[48;2;153;158;162m▀[0m[38;2;153;158;162m[48;2;157;164;168m▀[0m[38;2;158;161;168m[48;2;160;167;175m▀[0m[38;2;149;153;158m[48;2;214;218;225m▀[0m[38;2;255;255;255m[48;2;155;152;152m▀[0m
[38;2;13;13;11m[48;2;0;0;0m▀[0m[38;2;119;118;118m[48;2;0;0;0m▀[0m[38;2;218;223;229m[48;2;88;88;88m▀[0m[38;2;179;188;196m[48;2;169;172;177m▀[0m[38;2;157;164;168m[48;2;191;199;205m▀[0m[38;2;154;161;166m[48;2;160;164;169m▀[0m[38;2;153;158;162m[48;2;157;164;168m▀[0m[38;2;151;158;162m[48;2;153;158;162m▀[0m[38;2;153;158;162m[48;2;153;158;162m▀[0m[38;2;153;158;162m[48;2;153;158;162m▀[0m[38;2;153;158;162m[48;2;154;159;163m▀[0m[38;2;153;158;162m[48;2;150;154;161m▀[0m[38;2;156;161;169m[48;2;206;211;216m▀[0m[38;2;255;255;255m[48;2;110;110;110m▀[0m[38;2;222;227;224m[48;2;47;47;48m▀[0m[38;2;0;0;0m[48;2;0;0;0m▀[0m[38;2;0;0;0m[48;2;0;0;0m▀[0m[38;2;5;10;10m[48;2;15;15;15m▀[0m[38;2;255;255;255m[48;2;146;149;149m▀[0m[38;2;0;0;0m[48;2;0;0;0m▀[0m[38;2;0;0;0m[48;2;0;0;0m▀[0m[38;2;25;6;5m[48;2;0;0;0m▀[0m[38;2;255;255;255m[48;2;79;60;56m▀[0m[38;2;217;222;226m[48;2;190;199;202m▀[0m[38;2;145;153;157m[48;2;170;177;185m▀[0m[38;2;154;159;164m[48;2;152;157;165m▀[0m[38;2;153;158;162m[48;2;153;158;162m▀[0m[38;2;153;158;162m[48;2;153;158;162m▀[0m[38;2;153;158;162m[48;2;153;158;162m▀[0m[38;2;153;158;162m[48;2;156;161;167m▀[0m[38;2;153;158;164m[48;2;160;165;170m▀[0m[38;2;157;164;168m[48;2;176;183;189m▀[0m[38;2;175;182;186m[48;2;202;206;211m▀[0m[38;2;201;209;217m[48;2;67;64;68m▀[0m[38;2;159;159;160m[48;2;14;10;10m▀[0m[38;2;0;0;0m[48;2;0;0;0m▀[0m
[38;2;0;0;0m[48;2;0;0;0m▀[0m[38;2;0;0;0m[48;2;0;0;0m▀[0m[38;2;37;36;36m[48;2;0;0;0m▀[0m[38;2;0;0;0m[48;2;51;51;49m▀[0m[38;2;183;186;189m[48;2;0;0;0m▀[0m[38;2;197;205;210m[48;2;227;231;233m▀[0m[38;2;157;165;171m[48;2;229;233;238m▀[0m[38;2;156;163;167m[48;2;208;212;219m▀[0m[38;2;155;162;166m[48;2;174;182;188m▀[0m[38;2;157;162;166m[48;2;161;165;171m▀[0m[38;2;155;162;166m[48;2;163;167;173m▀[0m[38;2;174;181;187m[48;2;178;185;190m▀[0m[38;2;210;212;218m[48;2;1;0;0m▀[0m[38;2;0;0;0m[48;2;0;0;0m▀[0m[38;2;0;0;0m[48;2;117;116;116m▀[0m[38;2;0;0;0m[48;2;98;98;96m▀[0m[38;2;0;0;0m[48;2;0;0;0m▀[0m[38;2;14;13;13m[48;2;1;1;1m▀[0m[38;2;67;66;66m[48;2;55;54;55m▀[0m[38;2;0;0;0m[48;2;0;0;0m▀[0m[38;2;0;0;0m[48;2;0;0;0m▀[0m[38;2;0;0;0m[48;2;161;163;163m▀[0m[38;2;0;0;0m[48;2;36;33;35m▀[0m[38;2;109;109;110m[48;2;0;0;0m▀[0m[38;2;215;223;231m[48;2;102;104;104m▀[0m[38;2;152;159;165m[48;2;184;192;196m▀[0m[38;2;157;164;169m[48;2;155;162;170m▀[0m[38;2;156;163;169m[48;2;176;180;186m▀[0m[38;2;156;163;167m[48;2;203;210;215m▀[0m[38;2;161;168;172m[48;2;220;228;233m▀[0m[38;2;181;188;196m[48;2;221;225;227m▀[0m[38;2;235;240;248m[48;2;67;66;67m▀[0m[38;2;11;11;12m[48;2;0;0;0m▀[0m[38;2;32;31;31m[48;2;83;80;82m▀[0m[38;2;0;0;0m[48;2;0;0;0m▀[0m[38;2;0;0;0m[48;2;0;0;0m▀[0m
[38;2;0;0;0m[48;2;1;0;0m▀[0m[38;2;0;0;0m[48;2;0;0;0m▀[0m[38;2;0;0;0m[48;2;0;0;0m▀[0m[38;2;81;81;81m[48;2;44;44;44m▀[0m[38;2;0;0;0m[48;2;44;42;40m▀[0m[38;2;0;0;0m[48;2;0;0;0m▀[0m[38;2;44;43;41m[48;2;0;0;0m▀[0m[38;2;131;133;134m[48;2;0;0;0m▀[0m[38;2;209;212;217m[48;2;0;0;0m▀[0m[38;2;235;240;244m[48;2;76;76;77m▀[0m[38;2;232;239;247m[48;2;132;132;133m▀[0m[38;2;214;224;233m[48;2;107;112;114m▀[0m[38;2;239;246;250m[48;2;188;192;196m▀[0m[38;2;50;49;50m[48;2;77;79;79m▀[0m[38;2;95;95;97m[48;2;105;108;110m▀[0m[38;2;217;217;218m[48;2;137;139;139m▀[0m[38;2;0;0;0m[48;2;49;49;49m▀[0m[38;2;0;0;0m[48;2;0;0;0m▀[0m[38;2;29;28;29m[48;2;107;110;110m▀[0m[38;2;0;0;0m[48;2;0;0;0m▀[0m[38;2;40;39;40m[48;2;92;94;96m▀[0m[38;2;229;229;229m[48;2;137;141;143m▀[0m[38;2;19;19;20m[48;2;97;97;98m▀[0m[38;2;102;98;100m[48;2;133;133;134m▀[0m[38;2;241;245;246m[48;2;161;163;166m▀[0m[38;2;237;245;250m[48;2;103;102;103m▀[0m[38;2;235;243;248m[48;2;83;83;83m▀[0m[38;2;217;220;225m[48;2;0;0;0m▀[0m[38;2;134;137;137m[48;2;0;0;0m▀[0m[38;2;40;39;40m[48;2;0;0;0m▀[0m[38;2;0;0;0m[48;2;0;0;0m▀[0m[38;2;0;0;0m[48;2;0;0;0m▀[0m[38;2;69;69;69m[48;2;133;133;133m▀[0m[38;2;19;19;17m[48;2;0;0;0m▀[0m[38;2;0;0;0m[48;2;0;0;0m▀[0m[38;2;0;0;0m[48;2;0;0;0m▀[0m
[38;2;0;0;0m[48;2;0;0;0m▀[0m[38;2;0;0;0m[48;2;0;0;0m▀[0m[38;2;0;0;0m[48;2;0;0;0m▀[0m[38;2;0;0;0m[48;2;0;0;0m▀[0m[38;2;255;255;255m[48;2;255;255;255m▀[0m[38;2;2;2;2m[48;2;235;235;237m▀[0m[38;2;0;0;0m[48;2;0;0;0m▀[0m[38;2;0;0;0m[48;2;0;0;0m▀[0m[38;2;0;0;0m[48;2;0;0;0m▀[0m[38;2;0;0;0m[48;2;0;0;0m▀[0m[38;2;0;0;0m[48;2;0;0;0m▀[0m[38;2;0;0;0m[48;2;4;12;15m▀[0m[38;2;0;0;0m[48;2;0;17;20m▀[0m[38;2;0;0;0m[48;2;8;21;23m▀[0m[38;2;38;47;48m[48;2;18;31;33m▀[0m[38;2;74;78;78m[48;2;0;4;6m▀[0m[38;2;37;46;46m[48;2;0;0;0m▀[0m[38;2;46;59;59m[48;2;0;12;14m▀[0m[38;2;180;207;210m[48;2;255;246;242m▀[0m[38;2;33;47;47m[48;2;0;0;0m▀[0m[38;2;61;73;76m[48;2;0;0;0m▀[0m[38;2;57;65;68m[48;2;0;7;7m▀[0m[38;2;0;10;10m[48;2;35;24;25m▀[0m[38;2;0;0;0m[48;2;8;29;29m▀[0m[38;2;0;0;0m[48;2;0;27;27m▀[0m[38;2;0;0;0m[48;2;0;0;0m▀[0m[38;2;0;0;0m[48;2;0;0;0m▀[0m[38;2;0;0;0m[48;2;0;0;0m▀[0m[38;2;0;0;0m[48;2;0;0;0m▀[0m[38;2;0;0;0m[48;2;0;0;0m▀[0m[38;2;0;0;0m[48;2;75;75;75m▀[0m[38;2;252;252;250m[48;2;255;255;255m▀[0m[38;2;218;218;218m[48;2;184;184;184m▀[0m[38;2;0;0;0m[48;2;0;0;0m▀[0m[38;2;0;0;0m[48;2;0;0;0m▀[0m[38;2;0;0;0m[48;2;0;0;0m▀[0m
[38;2;0;0;0m[48;2;93;97;99m▀[0m[38;2;0;0;0m[48;2;90;90;90m▀[0m[38;2;0;0;0m[48;2;103;103;103m▀[0m[38;2;77;77;77m[48;2;53;53;53m▀[0m[38;2;122;124;122m[48;2;0;0;0m▀[0m[38;2;24;24;24m[48;2;0;0;0m▀[0m[38;2;142;142;142m[48;2;83;83;83m▀[0m[38;2;27;30;29m[48;2;255;255;255m▀[0m[38;2;0;0;0m[48;2;255;255;255m▀[0m[38;2;0;0;0m[48;2;204;206;208m▀[0m[38;2;0;0;0m[48;2;132;135;135m▀[0m[38;2;0;0;0m[48;2;26;52;55m▀[0m[38;2;217;103;98m[48;2;105;55;55m▀[0m[38;2;255;47;31m[48;2;29;0;0m▀[0m[38;2;0;0;0m[48;2;0;0;0m▀[0m[38;2;0;0;0m[48;2;0;0;0m▀[0m[38;2;0;0;0m[48;2;0;0;0m▀[0m[38;2;152;23;19m[48;2;255;59;54m▀[0m[38;2;255;68;53m[48;2;255;44;34m▀[0m[38;2;129;46;42m[48;2;197;79;70m▀[0m[38;2;0;0;0m[48;2;0;0;0m▀[0m[38;2;0;0;0m[48;2;0;0;0m▀[0m[38;2;138;0;0m[48;2;0;0;0m▀[0m[38;2;255;101;91m[48;2;69;0;0m▀[0m[38;2;51;54;54m[48;2;61;61;62m▀[0m[38;2;0;0;0m[48;2;59;74;77m▀[0m[38;2;0;0;0m[48;2;171;176;176m▀[0m[38;2;0;0;0m[48;2;255;255;255m▀[0m[38;2;0;0;0m[48;2;255;255;255m▀[0m[38;2;151;153;153m[48;2;255;255;255m▀[0m[38;2;93;95;93m[48;2;0;0;0m▀[0m[38;2;0;0;0m[48;2;0;0;0m▀[0m[38;2;143;140;143m[48;2;0;0;0m▀[0m[38;2;60;57;57m[48;2;48;48;48m▀[0m[38;2;0;0;0m[48;2;131;131;129m▀[0m[38;2;0;0;0m[48;2;109;109;110m▀[0m
