[38;2;255;255;255m[48;2;192;197;198m▀[0m[38;2;211;215;215m[48;2;197;200;200m▀[0m[38;2;81;108;110m[48;2;119;159;161m▀[0m[38;2;199;188;189m[48;2;253;165;162m▀[0m[38;2;240;255;255m[48;2;255;0;0m▀[0m[38;2;242;255;255m[48;2;255;0;0m▀[0m[38;2;247;255;255m[48;2;255;10;0m▀[0m[38;2;235;255;255m[48;2;255;0;0m▀[0m[38;2;243;157;153m[48;2;255;0;0m▀[0m[38;2;125;3;2m[48;2;145;0;0m▀[0m[38;2;45;100;103m[48;2;0;0;0m▀[0m[38;2;0;2;2m[48;2;0;0;0m▀[0m[38;2;225;234;232m[48;2;0;0;0m▀[0m[38;2;255;255;255m[48;2;255;255;255m▀[0m[38;2;255;255;255m[48;2;255;255;255m▀[0m[38;2;255;255;255m[48;2;255;255;255m▀[0m[38;2;255;255;255m[48;2;255;255;255m▀[0m[38;2;255;255;255m[48;2;255;255;255m▀[0m[38;2;255;255;255m[48;2;255;255;255m▀[0m[38;2;210;213;215m[48;2;234;237;239m▀[0m[38;2;0;2;2m[48;2;81;82;79m▀[0m[38;2;156;158;158m[48;2;255;255;255m▀[0m[38;2;255;255;255m[48;2;255;255;255m▀[0m[38;2;255;255;255m[48;2;255;255;255m▀[0m[38;2;45;49;46m[48;2;25;29;29m▀[0m[38;2;0;2;2m[48;2;0;0;0m▀[0m[38;2;16;14;17m[48;2;0;0;0m▀[0m[38;2;0;0;0m[48;2;0;0;0m▀[0m[38;2;0;0;0m[48;2;0;0;0m▀[0m[38;2;11;13;13m[48;2;12;14;17m▀[0m[38;2;0;0;0m[48;2;0;0;0m▀[0m[38;2;0;0;0m[48;2;0;0;0m▀[0m[38;2;9;12;12m[48;2;15;15;17m▀[0m[38;2;4;4;4m[48;2;4;6;6m▀[0m[38;2;0;0;0m[48;2;0;0;0m▀[0m[38;2;10;7;7m[48;2;11;14;14m▀[0m
[38;2;223;231;231m[48;2;255;255;255m▀[0m[38;2;174;184;184m[48;2;189;224;225m▀[0m[38;2;123;170;171m[48;2;107;0;0m▀[0m[38;2;255;255;255m[48;2;255;255;255m▀[0m[38;2;227;159;155m[48;2;255;255;255m▀[0m[38;2;255;0;0m[48;2;255;255;255m▀[0m[38;2;255;0;0m[48;2;221;253;255m▀[0m[38;2;255;0;0m[48;2;205;255;255m▀[0m[38;2;255;58;55m[48;2;190;255;255m▀[0m[38;2;252;247;247m[48;2;131;195;200m▀[0m[38;2;166;46;46m[48;2;0;0;0m▀[0m[38;2;0;0;0m[48;2;0;0;0m▀[0m[38;2;0;0;0m[48;2;0;0;0m▀[0m[38;2;182;190;190m[48;2;0;0;0m▀[0m[38;2;175;180;179m[48;2;0;0;0m▀[0m[38;2;52;67;69m[48;2;0;0;0m▀[0m[38;2;0;0;0m[48;2;0;0;0m▀[0m[38;2;0;0;0m[48;2;0;0;0m▀[0m[38;2;169;169;171m[48;2;54;58;55m▀[0m[38;2;248;247;247m[48;2;246;248;248m▀[0m[38;2;131;135;135m[48;2;218;220;220m▀[0m[38;2;235;237;239m[48;2;225;227;225m▀[0m[38;2;248;250;250m[48;2;234;234;234m▀[0m[38;2;255;255;255m[48;2;235;236;233m▀[0m[38;2;101;103;103m[48;2;255;255;255m▀[0m[38;2;75;78;77m[48;2;255;255;255m▀[0m[38;2;106;108;106m[48;2;244;251;252m▀[0m[38;2;103;105;105m[48;2;255;255;255m▀[0m[38;2;0;0;0m[48;2;219;222;222m▀[0m[38;2;0;0;0m[48;2;0;0;0m▀[0m[38;2;0;0;0m[48;2;0;0;0m▀[0m[38;2;0;0;0m[48;2;0;0;0m▀[0m[38;2;18;21;21m[48;2;21;25;26m▀[0m[38;2;8;8;9m[48;2;13;16;17m▀[0m[38;2;0;0;0m[48;2;0;0;0m▀[0m[38;2;0;0;0m[48;2;10;13;12m▀[0m
[38;2;255;255;255m[48;2;255;255;255m▀[0m[38;2;156;221;224m[48;2;111;145;149m▀[0m[38;2;104;0;0m[48;2;122;177;180m▀[0m[38;2;255;0;0m[48;2;255;0;0m▀[0m[38;2;255;255;255m[48;2;255;222;214m▀[0m[38;2;244;255;255m[48;2;166;255;255m▀[0m[38;2;154;215;216m[48;2;0;11;13m▀[0m[38;2;116;150;151m[48;2;0;0;0m▀[0m[38;2;0;0;0m[48;2;152;159;163m▀[0m[38;2;26;35;38m[48;2;102;109;109m▀[0m[38;2;0;0;0m[48;2;0;0;0m▀[0m[38;2;0;0;0m[48;2;103;108;108m▀[0m[38;2;196;235;235m[48;2;58;91;93m▀[0m[38;2;134;138;138m[48;2;229;0;0m▀[0m[38;2;220;0;0m[48;2;255;7;0m▀[0m[38;2;255;0;0m[48;2;163;128;127m▀[0m[38;2;255;255;255m[48;2;0;19;19m▀[0m[38;2;255;255;255m[48;2;19;30;30m▀[0m[38;2;255;255;255m[48;2;7;12;12m▀[0m[38;2;103;107;107m[48;2;0;0;0m▀[0m[38;2;100;102;102m[48;2;0;0;0m▀[0m[38;2;81;85;82m[48;2;96;100;100m▀[0m[38;2;167;170;167m[48;2;228;228;228m▀[0m[38;2;255;255;255m[48;2;83;88;87m▀[0m[38;2;166;168;170m[48;2;0;0;0m▀[0m[38;2;167;171;171m[48;2;0;0;0m▀[0m[38;2;121;123;125m[48;2;0;0;0m▀[0m[38;2;0;0;0m[48;2;0;0;0m▀[0m[38;2;189;192;192m[48;2;0;0;0m▀[0m[38;2;245;254;254m[48;2;255;255;255m▀[0m[38;2;0;0;0m[48;2;220;255;255m▀[0m[38;2;0;0;0m[48;2;21;114;112m▀[0m[38;2;0;0;0m[48;2;0;21;23m▀[0m[38;2;0;2;2m[48;2;0;0;0m▀[0m[38;2;0;0;0m[48;2;0;1;1m▀[0m[38;2;99;108;112m[48;2;111;124;130m▀[0m
[38;2;255;255;255m[48;2;255;255;255m▀[0m[38;2;35;60;64m[48;2;52;66;68m▀[0m[38;2;143;231;236m[48;2;169;248;253m▀[0m[38;2;255;0;0m[48;2;255;49;38m▀[0m[38;2;255;0;0m[48;2;255;0;0m▀[0m[38;2;141;198;197m[48;2;9;0;0m▀[0m[38;2;0;1;1m[48;2;0;18;21m▀[0m[38;2;24;36;39m[48;2;29;62;64m▀[0m[38;2;53;79;82m[48;2;27;0;0m▀[0m[38;2;0;0;0m[48;2;60;4;4m▀[0m[38;2;33;36;41m[48;2;61;87;93m▀[0m[38;2;0;0;0m[48;2;0;0;0m▀[0m[38;2;53;0;0m[48;2;0;0;0m▀[0m[38;2;174;169;167m[48;2;42;66;68m▀[0m[38;2;69;68;69m[48;2;66;92;92m▀[0m[38;2;43;98;102m[48;2;0;0;0m▀[0m[38;2;23;36;36m[48;2;0;0;0m▀[0m[38;2;0;0;0m[48;2;31;35;35m▀[0m[38;2;0;0;0m[48;2;19;19;19m▀[0m[38;2;0;0;0m[48;2;0;0;0m▀[0m[38;2;86;88;88m[48;2;42;46;46m▀[0m[38;2;255;255;255m[48;2;63;65;65m▀[0m[38;2;190;192;194m[48;2;87;89;89m▀[0m[38;2;169;173;173m[48;2;113;116;115m▀[0m[38;2;63;65;65m[48;2;100;103;103m▀[0m[38;2;0;0;0m[48;2;0;0;0m▀[0m[38;2;0;0;0m[48;2;0;0;0m▀[0m[38;2;0;0;0m[48;2;0;0;0m▀[0m[38;2;0;0;0m[48;2;0;0;0m▀[0m[38;2;69;148;151m[48;2;73;48;44m▀[0m[38;2;255;255;255m[48;2;255;0;0m▀[0m[38;2;255;124;112m[48;2;255;4;0m▀[0m[38;2;255;0;0m[48;2;255;159;145m▀[0m[38;2;63;2;0m[48;2;255;45;39m▀[0m[38;2;0;11;17m[48;2;124;13;4m▀[0m[38;2;133;147;149m[48;2;105;158;162m▀[0m
[38;2;235;241;239m[48;2;208;213;210m▀[0m[38;2;83;94;96m[48;2;113;118;118m▀[0m[38;2;172;206;207m[48;2;119;136;133m▀[0m[38;2;255;255;255m[48;2;255;255;255m▀[0m[38;2;154;13;14m[48;2;255;255;255m▀[0m[38;2;41;0;0m[48;2;255;255;255m▀[0m[38;2;17;24;26m[48;2;135;170;167m▀[0m[38;2;0;0;0m[48;2;77;27;22m▀[0m[38;2;255;124;112m[48;2;24;0;0m▀[0m[38;2;133;25;24m[48;2;0;0;0m▀[0m[38;2;0;0;0m[48;2;0;0;0m▀[0m[38;2;0;0;0m[48;2;0;0;0m▀[0m[38;2;0;0;0m[48;2;0;0;0m▀[0m[38;2;0;0;0m[48;2;0;0;0m▀[0m[38;2;149;151;151m[48;2;111;114;114m▀[0m[38;2;7;10;12m[48;2;14;17;17m▀[0m[38;2;0;0;0m[48;2;69;67;70m▀[0m[38;2;0;0;0m[48;2;0;0;0m▀[0m[38;2;79;77;80m[48;2;0;0;0m▀[0m[38;2;129;129;130m[48;2;199;203;200m▀[0m[38;2;0;0;0m[48;2;0;0;0m▀[0m[38;2;0;0;0m[48;2;0;0;0m▀[0m[38;2;0;0;0m[48;2;0;0;0m▀[0m[38;2;0;0;0m[48;2;0;0;0m▀[0m[38;2;0;0;0m[48;2;0;0;0m▀[0m[38;2;0;0;0m[48;2;0;0;0m▀[0m[38;2;0;0;0m[48;2;0;0;0m▀[0m[38;2;0;0;0m[48;2;0;71;75m▀[0m[38;2;0;0;0m[48;2;221;16;7m▀[0m[38;2;255;0;0m[48;2;255;0;0m▀[0m[38;2;191;39;32m[48;2;176;0;0m▀[0m[38;2;255;126;115m[48;2;255;0;0m▀[0m[38;2;255;0;0m[48;2;47;126;129m▀[0m[38;2;12;0;0m[48;2;39;133;137m▀[0m[38;2;94;102;101m[48;2;89;127;131m▀[0m[38;2;76;104;106m[48;2;211;238;238m▀[0m
[38;2;243;245;245m[48;2;255;255;255m▀[0m[38;2;165;168;168m[48;2;210;212;212m▀[0m[38;2;176;181;181m[48;2;215;218;218m▀[0m[38;2;255;255;255m[48;2;255;255;255m▀[0m[38;2;255;255;255m[48;2;255;255;255m▀[0m[38;2;255;255;255m[48;2;205;208;209m▀[0m[38;2;228;239;239m[48;2;0;0;0m▀[0m[38;2;153;152;146m[48;2;0;0;0m▀[0m[38;2;0;0;0m[48;2;0;0;0m▀[0m[38;2;17;58;65m[48;2;197;255;255m▀[0m[38;2;183;125;123m[48;2;255;88;78m▀[0m[38;2;17;0;0m[48;2;77;0;0m▀[0m[38;2;0;0;0m[48;2;0;0;0m▀[0m[38;2;41;45;47m[48;2;8;11;11m▀[0m[38;2;35;35;35m[48;2;0;0;0m▀[0m[38;2;0;0;0m[48;2;0;0;0m▀[0m[38;2;115;117;117m[48;2;36;38;38m▀[0m[38;2;94;98;98m[48;2;184;186;188m▀[0m[38;2;124;125;122m[48;2;192;193;190m▀[0m[38;2;177;181;181m[48;2;187;189;191m▀[0m[38;2;231;235;232m[48;2;195;199;201m▀[0m[38;2;83;84;81m[48;2;180;184;186m▀[0m[38;2;0;0;0m[48;2;98;98;96m▀[0m[38;2;0;0;0m[48;2;64;63;61m▀[0m[38;2;0;0;0m[48;2;25;29;31m▀[0m[38;2;0;0;0m[48;2;7;19;23m▀[0m[38;2;25;84;88m[48;2;0;0;0m▀[0m[38;2;255;255;255m[48;2;241;0;0m▀[0m[38;2;255;5;0m[48;2;240;0;0m▀[0m[38;2;185;0;0m[48;2;255;15;1m▀[0m[38;2;255;0;0m[48;2;125;152;154m▀[0m[38;2;0;0;0m[48;2;0;0;0m▀[0m[38;2;0;46;48m[48;2;48;80;84m▀[0m[38;2;13;53;53m[48;2;0;0;0m▀[0m[38;2;55;123;127m[48;2;0;0;0m▀[0m[38;2;101;177;181m[48;2;255;0;0m▀[0m
[38;2;255;255;255m[48;2;255;255;255m▀[0m[38;2;136;136;136m[48;2;113;114;111m▀[0m[38;2;87;90;90m[48;2;67;69;69m▀[0m[38;2;255;255;255m[48;2;255;255;255m▀[0m[38;2;255;255;255m[48;2;255;255;255m▀[0m[38;2;0;0;0m[48;2;255;255;255m▀[0m[38;2;0;0;0m[48;2;0;0;0m▀[0m[38;2;0;0;0m[48;2;0;0;0m▀[0m[38;2;118;158;161m[48;2;255;255;255m▀[0m[38;2;255;255;255m[48;2;255;102;89m▀[0m[38;2;255;159;152m[48;2;90;49;50m▀[0m[38;2;0;8;12m[48;2;0;0;0m▀[0m[38;2;0;0;0m[48;2;110;123;125m▀[0m[38;2;0;0;0m[48;2;239;243;245m▀[0m[38;2;0;0;0m[48;2;0;0;0m▀[0m[38;2;0;0;0m[48;2;75;75;76m▀[0m[38;2;22;24;24m[48;2;16;18;18m▀[0m[38;2;29;27;30m[48;2;0;0;0m▀[0m[38;2;11;11;11m[48;2;0;0;0m▀[0m[38;2;3;2;2m[48;2;0;0;0m▀[0m[38;2;20;23;25m[48;2;16;19;19m▀[0m[38;2;115;117;118m[48;2;0;0;0m▀[0m[38;2;144;147;147m[48;2;0;0;0m▀[0m[38;2;98;100;100m[48;2;0;0;0m▀[0m[38;2;16;23;23m[48;2;0;0;0m▀[0m[38;2;0;15;15m[48;2;0;18;19m▀[0m[38;2;14;61;62m[48;2;0;35;36m▀[0m[38;2;255;0;0m[48;2;159;0;0m▀[0m[38;2;255;0;0m[48;2;255;0;0m▀[0m[38;2;114;20;16m[48;2;0;0;0m▀[0m[38;2;0;109;116m[48;2;0;0;0m▀[0m[38;2;75;99;101m[48;2;0;0;0m▀[0m[38;2;0;43;47m[48;2;0;12;16m▀[0m[38;2;0;0;0m[48;2;0;20;24m▀[0m[38;2;255;0;0m[48;2;162;0;0m▀[0m[38;2;255;0;0m[48;2;255;0;0m▀[0m
[38;2;255;255;255m[48;2;255;255;255m▀[0m[38;2;102;105;105m[48;2;105;107;107m▀[0m[38;2;70;71;68m[48;2;55;58;58m▀[0m[38;2;255;255;255m[48;2;255;255;255m▀[0m[38;2;255;255;255m[48;2;255;255;255m▀[0m[38;2;255;255;255m[48;2;243;246;248m▀[0m[38;2;255;255;255m[48;2;255;255;255m▀[0m[38;2;255;255;255m[48;2;255;255;255m▀[0m[38;2;255;255;255m[48;2;229;255;255m▀[0m[38;2;255;0;0m[48;2;255;0;0m▀[0m[38;2;66;0;0m[48;2;255;0;0m▀[0m[38;2;0;0;0m[48;2;210;255;255m▀[0m[38;2;255;255;255m[48;2;95;102;102m▀[0m[38;2;234;237;239m[48;2;71;75;75m▀[0m[38;2;0;0;0m[48;2;0;0;0m▀[0m[38;2;37;37;38m[48;2;175;175;177m▀[0m[38;2;0;0;0m[48;2;16;19;19m▀[0m[38;2;0;0;0m[48;2;0;0;0m▀[0m[38;2;0;0;0m[48;2;0;0;0m▀[0m[38;2;1;3;3m[48;2;0;0;0m▀[0m[38;2;0;0;0m[48;2;0;0;0m▀[0m[38;2;0;0;0m[48;2;0;0;0m▀[0m[38;2;0;0;0m[48;2;18;18;19m▀[0m[38;2;0;0;0m[48;2;87;89;94m▀[0m[38;2;0;0;0m[48;2;0;0;0m▀[0m[38;2;23;32;32m[48;2;0;3;3m▀[0m[38;2;0;0;0m[48;2;0;0;0m▀[0m[38;2;0;0;0m[48;2;0;0;0m▀[0m[38;2;80;1;0m[48;2;0;0;0m▀[0m[38;2;13;31;32m[48;2;0;5;7m▀[0m[38;2;0;20;20m[48;2;0;17;17m▀[0m[38;2;21;47;49m[48;2;54;86;87m▀[0m[38;2;0;38;43m[48;2;0;26;31m▀[0m[38;2;0;10;13m[48;2;255;0;0m▀[0m[38;2;255;0;0m[48;2;206;0;0m▀[0m[38;2;111;0;0m[48;2;37;0;0m▀[0m
[38;2;255;255;255m[48;2;255;255;255m▀[0m[38;2;143;147;144m[48;2;146;148;148m▀[0m[38;2;73;77;77m[48;2;4;6;7m▀[0m[38;2;255;255;255m[48;2;245;247;247m▀[0m[38;2;255;255;255m[48;2;255;255;255m▀[0m[38;2;222;222;222m[48;2;206;209;206m▀[0m[38;2;217;225;226m[48;2;219;224;225m▀[0m[38;2;235;255;255m[48;2;255;255;255m▀[0m[38;2;255;255;255m[48;2;255;255;255m▀[0m[38;2;255;44;33m[48;2;255;186;172m▀[0m[38;2;255;250;249m[48;2;255;255;255m▀[0m[38;2;171;225;226m[48;2;0;0;0m▀[0m[38;2;0;0;0m[48;2;0;0;0m▀[0m[38;2;40;45;45m[48;2;0;0;0m▀[0m[38;2;0;0;0m[48;2;0;0;0m▀[0m[38;2;72;72;72m[48;2;0;0;0m▀[0m[38;2;164;167;164m[48;2;64;64;64m▀[0m[38;2;0;0;0m[48;2;83;82;82m▀[0m[38;2;0;0;0m[48;2;0;0;0m▀[0m[38;2;0;0;0m[48;2;0;0;0m▀[0m[38;2;0;0;0m[48;2;0;0;0m▀[0m[38;2;0;0;0m[48;2;0;0;0m▀[0m[38;2;11;13;13m[48;2;0;0;0m▀[0m[38;2;11;13;15m[48;2;90;92;92m▀[0m[38;2;40;40;37m[48;2;247;249;247m▀[0m[38;2;144;149;149m[48;2;105;107;108m▀[0m[38;2;13;17;17m[48;2;89;92;94m▀[0m[38;2;0;0;0m[48;2;75;77;77m▀[0m[38;2;0;0;0m[48;2;6;8;8m▀[0m[38;2;0;0;0m[48;2;0;0;0m▀[0m[38;2;0;0;0m[48;2;0;0;0m▀[0m[38;2;2;29;33m[48;2;0;52;57m▀[0m[38;2;255;0;0m[48;2;255;0;0m▀[0m[38;2;255;0;0m[48;2;254;0;0m▀[0m[38;2;0;0;3m[48;2;31;0;0m▀[0m[38;2;255;0;0m[48;2;255;0;0m▀[0m
[38;2;255;255;255m[48;2;255;255;255m▀[0m[38;2;140;143;140m[48;2;127;130;127m▀[0m[38;2;18;20;21m[48;2;36;36;36m▀[0m[38;2;255;255;255m[48;2;255;255;255m▀[0m[38;2;255;255;255m[48;2;255;255;255m▀[0m[38;2;216;219;216m[48;2;214;216;216m▀[0m[38;2;232;237;237m[48;2;235;239;238m▀[0m[38;2;255;255;255m[48;2;255;255;255m▀[0m[38;2;255;255;255m[48;2;255;255;255m▀[0m[38;2;255;194;185m[48;2;255;255;255m▀[0m[38;2;255;255;255m[48;2;255;255;255m▀[0m[38;2;0;0;0m[48;2;0;0;0m▀[0m[38;2;0;0;0m[48;2;0;0;0m▀[0m[38;2;0;7;7m[48;2;22;68;70m▀[0m[38;2;0;0;0m[48;2;0;2;3m▀[0m[38;2;0;0;0m[48;2;0;0;0m▀[0m[38;2;0;0;0m[48;2;0;0;0m▀[0m[38;2;25;25;28m[48;2;0;0;0m▀[0m[38;2;93;95;95m[48;2;73;78;80m▀[0m[38;2;31;31;31m[48;2;151;151;153m▀[0m[38;2;0;0;0m[48;2;0;0;0m▀[0m[38;2;0;0;0m[48;2;0;0;0m▀[0m[38;2;4;5;2m[48;2;9;11;11m▀[0m[38;2;80;82;82m[48;2;115;122;124m▀[0m[38;2;44;43;44m[48;2;51;51;52m▀[0m[38;2;41;43;41m[48;2;85;87;85m▀[0m[38;2;129;133;133m[48;2;36;38;39m▀[0m[38;2;10;12;14m[48;2;0;0;0m▀[0m[38;2;18;18;19m[48;2;0;0;0m▀[0m[38;2;0;0;0m[48;2;0;0;0m▀[0m[38;2;0;1;1m[48;2;16;21;21m▀[0m[38;2;0;60;64m[48;2;17;37;37m▀[0m[38;2;96;0;0m[48;2;0;0;0m▀[0m[38;2;184;0;0m[48;2;102;1;0m▀[0m[38;2;132;1;0m[48;2;255;0;0m▀[0m[38;2;184;0;0m[48;2;0;0;2m▀[0m
[38;2;255;255;255m[48;2;255;255;255m▀[0m[38;2;113;115;115m[48;2;88;90;90m▀[0m[38;2;30;33;30m[48;2;53;56;56m▀[0m[38;2;255;255;255m[48;2;255;255;255m▀[0m[38;2;255;255;255m[48;2;255;255;255m▀[0m[38;2;212;211;212m[48;2;210;209;209m▀[0m[38;2;240;242;240m[48;2;241;243;241m▀[0m[38;2;255;255;255m[48;2;255;255;255m▀[0m[38;2;255;255;255m[48;2;255;255;255m▀[0m[38;2;255;255;255m[48;2;255;255;255m▀[0m[38;2;255;255;255m[48;2;255;255;255m▀[0m[38;2;102;141;141m[48;2;255;186;174m▀[0m[38;2;0;0;0m[48;2;255;0;0m▀[0m[38;2;0;0;0m[48;2;255;0;0m▀[0m[38;2;29;75;77m[48;2;255;0;0m▀[0m[38;2;0;0;0m[48;2;124;72;71m▀[0m[38;2;0;0;0m[48;2;83;20;22m▀[0m[38;2;0;0;0m[48;2;60;68;73m▀[0m[38;2;0;0;0m[48;2;0;0;0m▀[0m[38;2;45;49;49m[48;2;0;5;5m▀[0m[38;2;34;32;35m[48;2;46;49;50m▀[0m[38;2;17;19;19m[48;2;0;0;0m▀[0m[38;2;13;11;14m[48;2;0;0;0m▀[0m[38;2;42;44;44m[48;2;0;0;0m▀[0m[38;2;87;89;89m[48;2;0;0;0m▀[0m[38;2;0;0;0m[48;2;0;0;0m▀[0m[38;2;0;0;0m[48;2;47;49;50m▀[0m[38;2;62;66;66m[48;2;174;183;181m▀[0m[38;2;16;18;18m[48;2;0;2;2m▀[0m[38;2;0;0;0m[48;2;0;0;0m▀[0m[38;2;24;31;32m[48;2;22;24;25m▀[0m[38;2;1;11;12m[48;2;10;13;16m▀[0m[38;2;0;0;0m[48;2;0;0;0m▀[0m[38;2;0;0;0m[48;2;0;0;0m▀[0m[38;2;105;3;0m[48;2;77;0;0m▀[0m[38;2;0;3;2m[48;2;0;0;2m▀[0m
[38;2;255;255;255m[48;2;255;255;255m▀[0m[38;2;62;63;60m[48;2;34;36;37m▀[0m[38;2;92;94;92m[48;2;121;123;124m▀[0m[38;2;255;255;255m[48;2;255;255;255m▀[0m[38;2;252;254;254m[48;2;244;243;243m▀[0m[38;2;209;209;211m[48;2;206;208;208m▀[0m[38;2;246;249;249m[48;2;255;255;255m▀[0m[38;2;255;255;255m[48;2;254;254;255m▀[0m[38;2;255;255;255m[48;2;255;255;255m▀[0m[38;2;255;255;255m[48;2;255;255;255m▀[0m[38;2;255;255;255m[48;2;255;255;255m▀[0m[38;2;250;80;67m[48;2;40;105;106m▀[0m[38;2;192;0;0m[48;2;0;0;0m▀[0m[38;2;255;0;0m[48;2;0;0;0m▀[0m[38;2;255;0;0m[48;2;0;0;0m▀[0m[38;2;255;0;0m[48;2;17;0;0m▀[0m[38;2;255;0;0m[48;2;93;0;0m▀[0m[38;2;251;188;186m[48;2;255;255;255m▀[0m[38;2;104;147;148m[48;2;255;255;255m▀[0m[38;2;0;0;0m[48;2;0;6;5m▀[0m[38;2;0;0;0m[48;2;0;0;0m▀[0m[38;2;0;0;0m[48;2;45;43;46m▀[0m[38;2;2;2;4m[48;2;14;14;15m▀[0m[38;2;18;20;20m[48;2;3;3;3m▀[0m[38;2;24;26;26m[48;2;0;0;0m▀[0m[38;2;27;27;27m[48;2;81;83;85m▀[0m[38;2;182;188;187m[48;2;102;106;105m▀[0m[38;2;61;63;65m[48;2;0;0;0m▀[0m[38;2;0;0;0m[48;2;0;0;0m▀[0m[38;2;0;0;0m[48;2;0;0;0m▀[0m[38;2;33;33;34m[48;2;79;79;80m▀[0m[38;2;21;25;27m[48;2;16;20;20m▀[0m[38;2;0;0;0m[48;2;0;0;0m▀[0m[38;2;0;0;0m[48;2;4;0;0m▀[0m[38;2;98;1;0m[48;2;173;0;0m▀[0m[38;2;0;1;1m[48;2;0;1;1m▀[0m
