[38;2;0;0;0m[48;2;0;0;0m▀[0m[38;2;14;22;22m[48;2;12;20;19m▀[0m[38;2;12;17;17m[48;2;12;20;20m▀[0m[38;2;0;0;0m[48;2;0;0;0m▀[0m[38;2;4;3;3m[48;2;4;7;7m▀[0m[38;2;0;1;0m[48;2;4;8;5m▀[0m[38;2;13;13;15m[48;2;14;18;18m▀[0m[38;2;26;32;31m[48;2;22;27;27m▀[0m[38;2;29;34;34m[48;2;27;30;30m▀[0m[38;2;40;44;46m[48;2;38;45;47m▀[0m[38;2;30;38;38m[48;2;19;24;20m▀[0m[38;2;60;72;76m[48;2;57;70;74m▀[0m[38;2;65;77;82m[48;2;65;77;81m▀[0m[38;2;66;81;83m[48;2;75;89;93m▀[0m[38;2;6;14;12m[48;2;35;44;44m▀[0m[38;2;0;0;1m[48;2;0;0;0m▀[0m[38;2;0;38;38m[48;2;0;11;10m▀[0m[38;2;231;6;4m[48;2;207;0;0m▀[0m[38;2;162;0;0m[48;2;183;8;4m▀[0m[38;2;0;69;69m[48;2;0;47;47m▀[0m[38;2;27;38;38m[48;2;0;10;10m▀[0m[38;2;3;7;7m[48;2;0;2;2m▀[0m[38;2;0;0;0m[48;2;1;1;0m▀[0m[38;2;35;43;43m[48;2;54;63;67m▀[0m[38;2;85;101;107m[48;2;73;87;90m▀[0m[38;2;52;64;68m[48;2;54;65;67m▀[0m[38;2;29;33;32m[48;2;32;36;36m▀[0m[38;2;32;36;33m[48;2;23;26;27m▀[0m[38;2;28;35;35m[48;2;26;33;33m▀[0m[38;2;38;45;45m[48;2;24;29;30m▀[0m[38;2;21;26;26m[48;2;26;31;31m▀[0m[38;2;7;11;8m[48;2;9;13;13m▀[0m[38;2;8;11;10m[48;2;3;5;3m▀[0m[38;2;0;0;1m[48;2;7;10;10m▀[0m[38;2;0;2;2m[48;2;1;5;2m▀[0m[38;2;10;18;19m[48;2;19;23;24m▀[0m
[38;2;0;0;0m[48;2;0;0;0m▀[0m[38;2;14;19;18m[48;2;15;18;17m▀[0m[38;2;17;24;26m[48;2;25;35;35m▀[0m[38;2;0;0;0m[48;2;2;6;7m▀[0m[38;2;6;9;9m[48;2;1;4;1m▀[0m[38;2;10;13;13m[48;2;7;9;9m▀[0m[38;2;16;20;20m[48;2;17;21;21m▀[0m[38;2;22;26;27m[48;2;21;25;25m▀[0m[38;2;25;29;29m[48;2;25;29;30m▀[0m[38;2;26;31;35m[48;2;30;35;35m▀[0m[38;2;29;32;32m[48;2;45;50;50m▀[0m[38;2;49;57;56m[48;2;29;34;33m▀[0m[38;2;72;83;85m[48;2;39;46;47m▀[0m[38;2;71;85;87m[48;2;57;67;68m▀[0m[38;2;41;50;53m[48;2;34;38;39m▀[0m[38;2;0;0;0m[48;2;0;0;0m▀[0m[38;2;0;36;38m[48;2;0;74;79m▀[0m[38;2;161;0;0m[48;2;182;25;21m▀[0m[38;2;204;0;0m[48;2;255;0;0m▀[0m[38;2;0;59;59m[48;2;0;69;72m▀[0m[38;2;38;58;60m[48;2;69;87;95m▀[0m[38;2;0;0;0m[48;2;1;7;6m▀[0m[38;2;12;14;14m[48;2;1;1;1m▀[0m[38;2;73;81;86m[48;2;63;72;75m▀[0m[38;2;54;63;64m[48;2;57;66;69m▀[0m[38;2;40;50;51m[48;2;37;44;44m▀[0m[38;2;22;26;26m[48;2;28;33;37m▀[0m[38;2;28;33;34m[48;2;24;29;33m▀[0m[38;2;25;30;31m[48;2;25;30;31m▀[0m[38;2;23;28;29m[48;2;23;28;28m▀[0m[38;2;25;30;27m[48;2;18;23;23m▀[0m[38;2;19;23;19m[48;2;16;20;20m▀[0m[38;2;0;3;0m[48;2;3;6;3m▀[0m[38;2;1;6;5m[48;2;2;7;6m▀[0m[38;2;3;7;4m[48;2;9;13;9m▀[0m[38;2;24;28;28m[48;2;29;35;33m▀[0m
[38;2;2;5;5m[48;2;0;0;0m▀[0m[38;2;8;11;11m[48;2;4;4;6m▀[0m[38;2;26;34;34m[48;2;26;30;34m▀[0m[38;2;9;13;13m[48;2;4;6;7m▀[0m[38;2;3;6;3m[48;2;3;7;4m▀[0m[38;2;13;17;16m[48;2;17;22;21m▀[0m[38;2;18;23;23m[48;2;20;24;24m▀[0m[38;2;21;26;26m[48;2;24;29;29m▀[0m[38;2;23;27;27m[48;2;24;28;28m▀[0m[38;2;28;33;33m[48;2;26;25;25m▀[0m[38;2;22;29;29m[48;2;28;30;30m▀[0m[38;2;29;38;38m[48;2;32;39;39m▀[0m[38;2;37;42;43m[48;2;34;39;40m▀[0m[38;2;47;56;59m[48;2;41;46;45m▀[0m[38;2;15;22;22m[48;2;0;0;0m▀[0m[38;2;0;0;0m[48;2;0;0;0m▀[0m[38;2;8;71;76m[48;2;0;33;33m▀[0m[38;2;142;72;74m[48;2;68;24;20m▀[0m[38;2;232;12;12m[48;2;159;2;0m▀[0m[38;2;0;76;81m[48;2;0;33;33m▀[0m[38;2;54;69;75m[48;2;22;33;32m▀[0m[38;2;6;12;11m[48;2;5;10;9m▀[0m[38;2;0;0;0m[48;2;0;0;0m▀[0m[38;2;42;47;48m[48;2;30;34;34m▀[0m[38;2;54;61;61m[48;2;31;36;32m▀[0m[38;2;34;44;41m[48;2;28;33;32m▀[0m[38;2;24;29;29m[48;2;29;34;34m▀[0m[38;2;27;32;32m[48;2;37;42;42m▀[0m[38;2;23;28;29m[48;2;21;26;28m▀[0m[38;2;22;28;27m[48;2;24;28;28m▀[0m[38;2;18;22;22m[48;2;28;33;33m▀[0m[38;2;18;22;22m[48;2;27;31;28m▀[0m[38;2;9;10;7m[48;2;0;4;4m▀[0m[38;2;3;6;5m[48;2;0;2;0m▀[0m[38;2;10;14;13m[48;2;12;17;16m▀[0m[38;2;21;26;27m[48;2;9;11;13m▀[0m
[38;2;13;13;13m[48;2;26;26;26m▀[0m[38;2;0;0;0m[48;2;0;0;0m▀[0m[38;2;33;40;40m[48;2;15;19;19m▀[0m[38;2;14;18;18m[48;2;31;35;35m▀[0m[38;2;15;19;15m[48;2;29;36;36m▀[0m[38;2;21;25;25m[48;2;18;22;22m▀[0m[38;2;20;25;25m[48;2;22;27;26m▀[0m[38;2;30;36;34m[48;2;25;29;29m▀[0m[38;2;31;38;38m[48;2;25;29;29m▀[0m[38;2;28;32;32m[48;2;26;31;31m▀[0m[38;2;30;35;35m[48;2;30;35;35m▀[0m[38;2;31;36;36m[48;2;34;39;40m▀[0m[38;2;41;46;48m[48;2;37;42;43m▀[0m[38;2;36;41;42m[48;2;39;44;45m▀[0m[38;2;2;6;5m[48;2;48;56;60m▀[0m[38;2;15;24;25m[48;2;57;67;70m▀[0m[38;2;8;47;49m[48;2;37;76;81m▀[0m[38;2;63;30;29m[48;2;97;53;55m▀[0m[38;2;138;4;3m[48;2;180;23;20m▀[0m[38;2;0;41;42m[48;2;13;69;76m▀[0m[38;2;25;37;40m[48;2;51;60;64m▀[0m[38;2;26;34;38m[48;2;45;55;59m▀[0m[38;2;7;10;7m[48;2;46;56;59m▀[0m[38;2;35;40;41m[48;2;45;53;54m▀[0m[38;2;32;37;37m[48;2;39;44;48m▀[0m[38;2;27;32;29m[48;2;32;37;37m▀[0m[38;2;31;36;36m[48;2;30;35;35m▀[0m[38;2;27;32;31m[48;2;28;33;33m▀[0m[38;2;26;30;30m[48;2;25;30;30m▀[0m[38;2;27;31;31m[48;2;26;30;30m▀[0m[38;2;26;34;32m[48;2;28;32;28m▀[0m[38;2;21;29;25m[48;2;22;30;26m▀[0m[38;2;19;24;24m[48;2;25;33;31m▀[0m[38;2;6;8;9m[48;2;18;26;26m▀[0m[38;2;22;26;30m[48;2;13;17;17m▀[0m[38;2;7;9;11m[48;2;0;0;0m▀[0m
[38;2;25;28;28m[48;2;70;74;74m▀[0m[38;2;1;6;6m[48;2;12;19;21m▀[0m[38;2;21;25;25m[48;2;23;27;27m▀[0m[38;2;23;27;27m[48;2;24;29;28m▀[0m[38;2;19;23;23m[48;2;21;25;25m▀[0m[38;2;20;24;24m[48;2;23;28;28m▀[0m[38;2;15;19;19m[48;2;16;20;20m▀[0m[38;2;14;18;18m[48;2;17;19;21m▀[0m[38;2;22;24;24m[48;2;20;28;26m▀[0m[38;2;23;27;27m[48;2;19;23;24m▀[0m[38;2;14;19;19m[48;2;21;28;29m▀[0m[38;2;25;30;30m[48;2;38;43;44m▀[0m[38;2;38;43;40m[48;2;28;33;34m▀[0m[38;2;45;50;51m[48;2;32;37;38m▀[0m[38;2;52;57;57m[48;2;58;65;70m▀[0m[38;2;58;62;63m[48;2;67;80;86m▀[0m[38;2;35;69;72m[48;2;81;107;113m▀[0m[38;2;103;52;53m[48;2;79;59;66m▀[0m[38;2;189;7;7m[48;2;204;92;87m▀[0m[38;2;19;74;77m[48;2;40;80;84m▀[0m[38;2;58;67;68m[48;2;69;78;79m▀[0m[38;2;45;58;56m[48;2;85;94;95m▀[0m[38;2;48;56;56m[48;2;62;71;72m▀[0m[38;2;46;56;57m[48;2;55;62;66m▀[0m[38;2;39;46;47m[48;2;32;41;44m▀[0m[38;2;30;34;34m[48;2;22;29;31m▀[0m[38;2;23;28;29m[48;2;36;43;44m▀[0m[38;2;19;24;26m[48;2;32;37;37m▀[0m[38;2;25;27;30m[48;2;27;33;32m▀[0m[38;2;24;28;28m[48;2;14;18;18m▀[0m[38;2;21;25;25m[48;2;14;17;18m▀[0m[38;2;20;24;20m[48;2;21;25;25m▀[0m[38;2;10;12;12m[48;2;22;26;25m▀[0m[38;2;28;32;32m[48;2;22;26;26m▀[0m[38;2;19;23;23m[48;2;36;41;41m▀[0m[38;2;8;12;12m[48;2;20;25;25m▀[0m
[38;2;48;51;50m[48;2;106;106;103m▀[0m[38;2;9;16;17m[48;2;7;11;12m▀[0m[38;2;28;33;33m[48;2;31;33;35m▀[0m[38;2;27;31;31m[48;2;22;27;27m▀[0m[38;2;23;28;28m[48;2;27;32;32m▀[0m[38;2;26;31;35m[48;2;22;27;27m▀[0m[38;2;25;30;30m[48;2;21;27;26m▀[0m[38;2;10;12;10m[48;2;7;11;10m▀[0m[38;2;17;19;20m[48;2;35;39;40m▀[0m[38;2;40;44;45m[48;2;58;65;66m▀[0m[38;2;40;47;51m[48;2;54;61;62m▀[0m[38;2;43;50;51m[48;2;58;63;63m▀[0m[38;2;58;63;65m[48;2;62;67;69m▀[0m[38;2;78;82;86m[48;2;92;100;101m▀[0m[38;2;74;84;87m[48;2;82;94;97m▀[0m[38;2;73;81;89m[48;2;0;0;0m▀[0m[38;2;7;11;11m[48;2;131;127;129m▀[0m[38;2;179;187;188m[48;2;234;237;234m▀[0m[38;2;235;249;248m[48;2;118;121;121m▀[0m[38;2;204;211;212m[48;2;203;208;207m▀[0m[38;2;6;10;12m[48;2;175;174;172m▀[0m[38;2;26;28;31m[48;2;0;0;0m▀[0m[38;2;91;100;101m[48;2;48;53;50m▀[0m[38;2;88;98;97m[48;2;80;88;88m▀[0m[38;2;47;54;54m[48;2;74;82;82m▀[0m[38;2;68;72;72m[48;2;76;81;81m▀[0m[38;2;41;48;48m[48;2;59;66;67m▀[0m[38;2;26;31;30m[48;2;57;65;66m▀[0m[38;2;26;35;35m[48;2;41;46;48m▀[0m[38;2;20;27;27m[48;2;5;9;9m▀[0m[38;2;16;19;19m[48;2;18;24;20m▀[0m[38;2;22;24;24m[48;2;17;21;21m▀[0m[38;2;39;42;42m[48;2;35;39;38m▀[0m[38;2;12;14;14m[48;2;26;30;30m▀[0m[38;2;25;30;29m[48;2;26;30;30m▀[0m[38;2;25;29;29m[48;2;34;39;39m▀[0m
[38;2;120;117;117m[48;2;61;61;61m▀[0m[38;2;49;55;54m[48;2;48;57;56m▀[0m[38;2;16;24;23m[48;2;8;16;14m▀[0m[38;2;19;26;26m[48;2;36;41;41m▀[0m[38;2;32;39;39m[48;2;38;47;43m▀[0m[38;2;34;34;37m[48;2;34;39;39m▀[0m[38;2;41;47;46m[48;2;48;53;53m▀[0m[38;2;37;42;42m[48;2;64;69;69m▀[0m[38;2;40;45;46m[48;2;56;59;59m▀[0m[38;2;44;48;49m[48;2;53;55;58m▀[0m[38;2;29;28;29m[48;2;75;81;80m▀[0m[38;2;48;53;53m[48;2;88;93;95m▀[0m[38;2;72;77;79m[48;2;96;103;105m▀[0m[38;2;66;71;79m[48;2;89;93;95m▀[0m[38;2;0;0;0m[48;2;0;0;0m▀[0m[38;2;5;3;1m[48;2;54;54;52m▀[0m[38;2;255;255;255m[48;2;192;197;197m▀[0m[38;2;126;129;129m[48;2;139;141;142m▀[0m[38;2;131;135;137m[48;2;242;241;239m▀[0m[38;2;121;124;125m[48;2;157;157;159m▀[0m[38;2;245;245;247m[48;2;179;186;187m▀[0m[38;2;63;62;60m[48;2;92;94;95m▀[0m[38;2;0;0;0m[48;2;0;0;0m▀[0m[38;2;15;18;19m[48;2;66;71;75m▀[0m[38;2;52;55;56m[48;2;92;96;98m▀[0m[38;2;53;58;58m[48;2;59;63;65m▀[0m[38;2;41;43;41m[48;2;71;75;77m▀[0m[38;2;38;43;42m[48;2;52;52;53m▀[0m[38;2;41;46;46m[48;2;60;64;65m▀[0m[38;2;31;32;29m[48;2;62;68;67m▀[0m[38;2;35;40;40m[48;2;33;39;38m▀[0m[38;2;15;17;17m[48;2;27;33;31m▀[0m[38;2;34;39;39m[48;2;37;44;44m▀[0m[38;2;36;43;45m[48;2;45;54;54m▀[0m[38;2;24;28;28m[48;2;26;32;31m▀[0m[38;2;25;30;27m[48;2;32;37;37m▀[0m
[38;2;2;2;2m[48;2;32;36;36m▀[0m[38;2;7;10;11m[48;2;64;66;66m▀[0m[38;2;21;26;27m[48;2;41;49;49m▀[0m[38;2;63;66;66m[48;2;68;74;73m▀[0m[38;2;41;47;46m[48;2;24;29;29m▀[0m[38;2;32;40;40m[48;2;62;70;73m▀[0m[38;2;43;50;50m[48;2;39;44;44m▀[0m[38;2;63;66;66m[48;2;57;61;58m▀[0m[38;2;62;66;63m[48;2;10;12;12m▀[0m[38;2;43;46;46m[48;2;14;16;18m▀[0m[38;2;53;57;58m[48;2;84;91;95m▀[0m[38;2;55;59;60m[48;2;14;18;19m▀[0m[38;2;85;92;97m[48;2;0;0;0m▀[0m[38;2;44;47;46m[48;2;71;71;71m▀[0m[38;2;73;75;77m[48;2;179;181;179m▀[0m[38;2;17;23;22m[48;2;0;0;0m▀[0m[38;2;77;81;82m[48;2;0;0;0m▀[0m[38;2;255;255;255m[48;2;63;71;70m▀[0m[38;2;255;255;255m[48;2;209;217;217m▀[0m[38;2;255;255;255m[48;2;108;115;116m▀[0m[38;2;125;129;131m[48;2;0;0;0m▀[0m[38;2;45;47;45m[48;2;0;0;0m▀[0m[38;2;75;77;77m[48;2;102;104;106m▀[0m[38;2;52;55;55m[48;2;65;67;65m▀[0m[38;2;65;73;74m[48;2;0;0;0m▀[0m[38;2;26;29;28m[48;2;78;83;87m▀[0m[38;2;60;62;64m[48;2;53;57;58m▀[0m[38;2;52;54;55m[48;2;75;83;84m▀[0m[38;2;28;30;30m[48;2;0;0;0m▀[0m[38;2;56;62;61m[48;2;46;49;49m▀[0m[38;2;72;81;82m[48;2;83;88;88m▀[0m[38;2;43;50;51m[48;2;51;60;63m▀[0m[38;2;32;40;43m[48;2;35;40;42m▀[0m[38;2;59;64;66m[48;2;54;59;55m▀[0m[38;2;39;44;44m[48;2;51;54;57m▀[0m[38;2;15;18;18m[48;2;25;29;29m▀[0m
[38;2;57;57;60m[48;2;0;0;0m▀[0m[38;2;71;73;73m[48;2;0;1;2m▀[0m[38;2;67;71;71m[48;2;36;41;43m▀[0m[38;2;52;58;57m[48;2;14;27;26m▀[0m[38;2;63;73;73m[48;2;29;38;37m▀[0m[38;2;60;64;61m[48;2;13;17;17m▀[0m[38;2;48;53;53m[48;2;20;25;27m▀[0m[38;2;61;64;65m[48;2;0;0;0m▀[0m[38;2;27;30;32m[48;2;0;0;0m▀[0m[38;2;20;25;26m[48;2;0;0;0m▀[0m[38;2;46;54;55m[48;2;0;0;0m▀[0m[38;2;0;0;0m[48;2;43;44;41m▀[0m[38;2;0;0;0m[48;2;255;253;251m▀[0m[38;2;0;0;0m[48;2;255;255;255m▀[0m[38;2;0;0;0m[48;2;255;255;255m▀[0m[38;2;0;0;0m[48;2;48;54;53m▀[0m[38;2;0;0;0m[48;2;148;162;164m▀[0m[38;2;0;0;0m[48;2;255;255;255m▀[0m[38;2;82;78;81m[48;2;255;207;207m▀[0m[38;2;0;0;0m[48;2;255;255;255m▀[0m[38;2;0;0;0m[48;2;207;215;213m▀[0m[38;2;0;0;0m[48;2;20;27;29m▀[0m[38;2;0;0;0m[48;2;225;227;227m▀[0m[38;2;8;7;7m[48;2;255;255;255m▀[0m[38;2;0;0;0m[48;2;255;255;255m▀[0m[38;2;0;0;0m[48;2;118;117;115m▀[0m[38;2;4;6;8m[48;2;0;0;0m▀[0m[38;2;0;0;0m[48;2;0;0;0m▀[0m[38;2;0;0;0m[48;2;0;0;0m▀[0m[38;2;37;39;39m[48;2;0;0;0m▀[0m[38;2;38;35;35m[48;2;0;1;1m▀[0m[38;2;52;61;57m[48;2;17;20;19m▀[0m[38;2;66;76;79m[48;2;34;47;47m▀[0m[38;2;44;55;54m[48;2;32;43;45m▀[0m[38;2;60;67;68m[48;2;25;33;32m▀[0m[38;2;36;41;43m[48;2;35;44;45m▀[0m
[38;2;0;0;0m[48;2;255;255;255m▀[0m[38;2;23;28;28m[48;2;255;255;255m▀[0m[38;2;58;63;63m[48;2;255;255;255m▀[0m[38;2;80;87;87m[48;2;255;255;255m▀[0m[38;2;35;40;40m[48;2;255;255;255m▀[0m[38;2;4;8;9m[48;2;255;255;255m▀[0m[38;2;56;58;58m[48;2;255;255;255m▀[0m[38;2;142;144;142m[48;2;255;255;255m▀[0m[38;2;191;190;190m[48;2;255;255;255m▀[0m[38;2;240;236;239m[48;2;255;255;255m▀[0m[38;2;255;255;255m[48;2;255;255;255m▀[0m[38;2;255;255;255m[48;2;255;255;255m▀[0m[38;2;255;255;255m[48;2;194;197;198m▀[0m[38;2;255;255;255m[48;2;150;153;150m▀[0m[38;2;125;127;127m[48;2;255;255;255m▀[0m[38;2;255;255;255m[48;2;255;255;255m▀[0m[38;2;255;255;255m[48;2;255;255;255m▀[0m[38;2;255;165;165m[48;2;255;255;255m▀[0m[38;2;255;0;0m[48;2;255;2;0m▀[0m[38;2;255;54;47m[48;2;255;255;255m▀[0m[38;2;255;255;255m[48;2;255;255;255m▀[0m[38;2;255;255;255m[48;2;255;255;255m▀[0m[38;2;122;125;127m[48;2;255;255;255m▀[0m[38;2;197;197;197m[48;2;190;193;193m▀[0m[38;2;255;255;255m[48;2;156;159;162m▀[0m[38;2;255;255;255m[48;2;255;255;255m▀[0m[38;2;255;255;255m[48;2;255;255;255m▀[0m[38;2;255;255;255m[48;2;255;255;255m▀[0m[38;2;232;232;233m[48;2;255;255;255m▀[0m[38;2;146;150;152m[48;2;255;255;255m▀[0m[38;2;69;73;73m[48;2;255;255;255m▀[0m[38;2;0;0;0m[48;2;255;255;255m▀[0m[38;2;35;40;39m[48;2;255;255;255m▀[0m[38;2;73;76;77m[48;2;255;255;255m▀[0m[38;2;53;58;57m[48;2;255;255;255m▀[0m[38;2;48;53;54m[48;2;255;255;255m▀[0m
[38;2;194;195;192m[48;2;0;0;0m▀[0m[38;2;255;255;255m[48;2;0;0;0m▀[0m[38;2;255;255;255m[48;2;51;54;54m▀[0m[38;2;255;255;255m[48;2;95;95;95m▀[0m[38;2;255;255;255m[48;2;55;55;55m▀[0m[38;2;255;255;255m[48;2;0;0;0m▀[0m[38;2;255;255;255m[48;2;0;0;0m▀[0m[38;2;255;255;255m[48;2;0;0;0m▀[0m[38;2;255;255;255m[48;2;0;0;0m▀[0m[38;2;251;250;250m[48;2;0;0;0m▀[0m[38;2;196;193;196m[48;2;0;0;0m▀[0m[38;2;109;108;108m[48;2;0;0;0m▀[0m[38;2;0;0;0m[48;2;0;0;0m▀[0m[38;2;178;180;178m[48;2;0;0;0m▀[0m[38;2;255;255;255m[48;2;124;127;126m▀[0m[38;2;232;237;237m[48;2;245;249;249m▀[0m[38;2;255;255;255m[48;2;255;255;255m▀[0m[38;2;255;255;255m[48;2;255;242;240m▀[0m[38;2;255;55;49m[48;2;246;142;138m▀[0m[38;2;255;255;255m[48;2;218;240;243m▀[0m[38;2;246;255;255m[48;2;255;255;255m▀[0m[38;2;222;226;226m[48;2;251;255;255m▀[0m[38;2;255;255;255m[48;2;144;148;147m▀[0m[38;2;222;222;222m[48;2;0;0;0m▀[0m[38;2;0;0;0m[48;2;0;0;0m▀[0m[38;2;40;42;44m[48;2;0;0;0m▀[0m[38;2;162;162;160m[48;2;0;0;0m▀[0m[38;2;250;253;253m[48;2;0;0;0m▀[0m[38;2;255;255;255m[48;2;0;0;0m▀[0m[38;2;255;255;255m[48;2;0;0;0m▀[0m[38;2;255;255;255m[48;2;0;0;0m▀[0m[38;2;255;255;255m[48;2;0;0;0m▀[0m[38;2;255;255;255m[48;2;40;44;43m▀[0m[38;2;255;255;255m[48;2;87;89;90m▀[0m[38;2;255;255;255m[48;2;48;51;51m▀[0m[38;2;255;255;255m[48;2;0;0;0m▀[0m
[38;2;65;69;69m[48;2;62;65;65m▀[0m[38;2;33;37;39m[48;2;70;77;78m▀[0m[38;2;36;44;47m[48;2;111;115;116m▀[0m[38;2;25;32;32m[48;2;63;67;68m▀[0m[38;2;11;18;18m[48;2;81;89;90m▀[0m[38;2;38;46;45m[48;2;64;69;68m▀[0m[38;2;30;35;36m[48;2;45;48;50m▀[0m[38;2;38;42;44m[48;2;129;134;135m▀[0m[38;2;17;22;22m[48;2;68;72;72m▀[0m[38;2;0;0;0m[48;2;0;0;0m▀[0m[38;2;0;0;0m[48;2;118;123;123m▀[0m[38;2;55;58;59m[48;2;83;87;88m▀[0m[38;2;0;0;0m[48;2;1;5;7m▀[0m[38;2;0;0;0m[48;2;16;20;22m▀[0m[38;2;236;236;236m[48;2;246;246;244m▀[0m[38;2;255;255;255m[48;2;255;255;255m▀[0m[38;2;250;255;255m[48;2;241;246;247m▀[0m[38;2;220;212;211m[48;2;240;255;255m▀[0m[38;2;255;167;163m[48;2;255;220;219m▀[0m[38;2;212;235;238m[48;2;255;192;190m▀[0m[38;2;251;255;255m[48;2;252;255;255m▀[0m[38;2;255;255;255m[48;2;255;255;255m▀[0m[38;2;255;255;255m[48;2;255;255;255m▀[0m[38;2;0;0;0m[48;2;0;0;0m▀[0m[38;2;0;0;0m[48;2;34;38;39m▀[0m[38;2;26;29;29m[48;2;70;73;73m▀[0m[38;2;28;31;31m[48;2;63;67;67m▀[0m[38;2;59;64;66m[48;2;157;167;167m▀[0m[38;2;0;0;0m[48;2;69;74;73m▀[0m[38;2;9;15;14m[48;2;59;64;61m▀[0m[38;2;27;31;32m[48;2;103;106;106m▀[0m[38;2;45;48;48m[48;2;47;50;47m▀[0m[38;2;24;29;29m[48;2;87;92;93m▀[0m[38;2;16;20;20m[48;2;78;83;83m▀[0m[38;2;50;59;60m[48;2;77;81;82m▀[0m[38;2;53;62;65m[48;2;54;57;59m▀[0m
