[38;2;12;12;12m[48;2;9;11;11m▀[0m[38;2;14;16;16m[48;2;3;6;6m▀[0m[38;2;46;48;48m[48;2;2;5;5m▀[0m[38;2;35;38;38m[48;2;0;0;0m▀[0m[38;2;29;29;29m[48;2;0;0;0m▀[0m[38;2;23;25;25m[48;2;0;0;0m▀[0m[38;2;6;6;6m[48;2;0;0;0m▀[0m[38;2;0;0;0m[48;2;0;0;0m▀[0m[38;2;0;0;0m[48;2;0;0;0m▀[0m[38;2;0;0;0m[48;2;0;0;0m▀[0m[38;2;0;0;0m[48;2;0;0;0m▀[0m[38;2;0;0;0m[48;2;0;0;0m▀[0m[38;2;0;0;0m[48;2;0;0;0m▀[0m[38;2;1;1;1m[48;2;0;0;0m▀[0m[38;2;0;0;0m[48;2;0;0;0m▀[0m[38;2;60;59;59m[48;2;170;170;170m▀[0m[38;2;139;139;139m[48;2;0;3;3m▀[0m[38;2;0;0;0m[48;2;17;16;16m▀[0m[38;2;64;63;63m[48;2;126;128;128m▀[0m[38;2;118;120;120m[48;2;98;101;101m▀[0m[38;2;14;12;15m[48;2;143;141;144m▀[0m[38;2;161;161;159m[48;2;91;91;93m▀[0m[38;2;162;165;164m[48;2;22;25;24m▀[0m[38;2;18;20;20m[48;2;0;0;0m▀[0m[38;2;0;0;0m[48;2;0;0;0m▀[0m[38;2;18;18;16m[48;2;13;16;15m▀[0m[38;2;35;32;36m[48;2;64;66;69m▀[0m[38;2;87;89;87m[48;2;0;0;0m▀[0m[38;2;52;54;54m[48;2;38;40;40m▀[0m[38;2;22;21;22m[48;2;81;83;85m▀[0m[38;2;0;0;0m[48;2;75;77;79m▀[0m[38;2;23;21;24m[48;2;0;0;0m▀[0m[38;2;0;0;0m[48;2;0;0;0m▀[0m[38;2;178;181;183m[48;2;255;255;255m▀[0m[38;2;122;124;126m[48;2;255;255;255m▀[0m[38;2;27;27;25m[48;2;175;175;175m▀[0m
[38;2;3;2;2m[48;2;7;11;11m▀[0m[38;2;0;3;3m[48;2;4;2;5m▀[0m[38;2;0;0;0m[48;2;0;0;0m▀[0m[38;2;0;0;0m[48;2;68;71;71m▀[0m[38;2;0;0;0m[48;2;240;240;240m▀[0m[38;2;0;0;0m[48;2;182;182;182m▀[0m[38;2;0;0;0m[48;2;105;105;105m▀[0m[38;2;20;20;20m[48;2;255;255;255m▀[0m[38;2;255;255;255m[48;2;255;255;255m▀[0m[38;2;255;255;255m[48;2;255;255;255m▀[0m[38;2;64;64;64m[48;2;255;255;255m▀[0m[38;2;0;0;0m[48;2;184;184;184m▀[0m[38;2;0;0;0m[48;2;0;0;0m▀[0m[38;2;0;0;0m[48;2;3;3;3m▀[0m[38;2;128;128;128m[48;2;196;199;199m▀[0m[38;2;35;37;37m[48;2;0;0;0m▀[0m[38;2;0;0;0m[48;2;0;0;0m▀[0m[38;2;81;82;79m[48;2;51;55;55m▀[0m[38;2;103;102;102m[48;2;185;185;185m▀[0m[38;2;146;149;149m[48;2;113;113;113m▀[0m[38;2;99;97;100m[48;2;99;98;98m▀[0m[38;2;0;0;0m[48;2;31;33;35m▀[0m[38;2;0;0;0m[48;2;177;177;178m▀[0m[38;2;4;4;5m[48;2;110;113;115m▀[0m[38;2;0;0;0m[48;2;0;0;0m▀[0m[38;2;0;0;0m[48;2;0;0;0m▀[0m[38;2;33;35;35m[48;2;0;0;0m▀[0m[38;2;55;57;60m[48;2;23;21;24m▀[0m[38;2;34;36;36m[48;2;0;0;0m▀[0m[38;2;0;0;0m[48;2;0;0;0m▀[0m[38;2;0;0;0m[48;2;0;0;0m▀[0m[38;2;0;0;0m[48;2;0;0;0m▀[0m[38;2;130;129;130m[48;2;75;77;77m▀[0m[38;2;255;255;255m[48;2;255;255;255m▀[0m[38;2;255;255;255m[48;2;216;219;216m▀[0m[38;2;201;201;202m[48;2;242;242;242m▀[0m
[38;2;6;8;8m[48;2;1;3;3m▀[0m[38;2;0;0;0m[48;2;3;5;5m▀[0m[38;2;0;0;0m[48;2;0;0;0m▀[0m[38;2;255;255;255m[48;2;189;190;187m▀[0m[38;2;255;255;255m[48;2;255;255;255m▀[0m[38;2;255;255;255m[48;2;255;255;255m▀[0m[38;2;255;255;255m[48;2;255;255;255m▀[0m[38;2;255;255;255m[48;2;255;255;255m▀[0m[38;2;255;255;255m[48;2;255;255;255m▀[0m[38;2;152;155;155m[48;2;0;0;0m▀[0m[38;2;66;66;66m[48;2;0;0;0m▀[0m[38;2;42;42;42m[48;2;0;0;0m▀[0m[38;2;0;0;0m[48;2;0;0;0m▀[0m[38;2;0;0;0m[48;2;0;0;0m▀[0m[38;2;169;171;171m[48;2;112;111;111m▀[0m[38;2;0;0;0m[48;2;10;8;11m▀[0m[38;2;0;0;0m[48;2;0;0;0m▀[0m[38;2;20;20;20m[48;2;0;0;0m▀[0m[38;2;87;90;90m[48;2;196;199;198m▀[0m[38;2;165;165;165m[48;2;81;81;81m▀[0m[38;2;0;0;0m[48;2;0;0;0m▀[0m[38;2;153;155;157m[48;2;67;70;70m▀[0m[38;2;144;143;144m[48;2;0;0;0m▀[0m[38;2;0;0;0m[48;2;65;67;67m▀[0m[38;2;41;43;44m[48;2;44;41;41m▀[0m[38;2;60;62;62m[48;2;65;68;68m▀[0m[38;2;20;23;22m[48;2;12;15;15m▀[0m[38;2;0;0;0m[48;2;0;0;0m▀[0m[38;2;62;64;64m[48;2;210;212;212m▀[0m[38;2;255;255;255m[48;2;255;255;255m▀[0m[38;2;5;8;8m[48;2;173;176;176m▀[0m[38;2;0;0;0m[48;2;0;0;0m▀[0m[38;2;0;0;0m[48;2;31;31;31m▀[0m[38;2;255;255;255m[48;2;255;255;255m▀[0m[38;2;255;255;255m[48;2;255;255;255m▀[0m[38;2;255;255;255m[48;2;255;255;255m▀[0m
[38;2;0;0;0m[48;2;7;10;12m▀[0m[38;2;5;7;7m[48;2;25;27;27m▀[0m[38;2;0;0;0m[48;2;15;17;17m▀[0m[38;2;0;0;0m[48;2;0;0;0m▀[0m[38;2;255;255;255m[48;2;77;75;78m▀[0m[38;2;255;255;255m[48;2;192;193;190m▀[0m[38;2;255;255;255m[48;2;156;159;159m▀[0m[38;2;255;255;255m[48;2;87;87;87m▀[0m[38;2;53;52;52m[48;2;0;0;0m▀[0m[38;2;0;0;0m[48;2;0;0;0m▀[0m[38;2;0;0;0m[48;2;0;0;0m▀[0m[38;2;0;0;0m[48;2;0;0;0m▀[0m[38;2;0;0;0m[48;2;75;78;78m▀[0m[38;2;0;0;0m[48;2;0;0;0m▀[0m[38;2;25;24;21m[48;2;0;0;0m▀[0m[38;2;102;104;104m[48;2;162;160;163m▀[0m[38;2;0;0;0m[48;2;12;10;13m▀[0m[38;2;34;37;40m[48;2;15;17;17m▀[0m[38;2;59;59;57m[48;2;0;0;0m▀[0m[38;2;54;54;52m[48;2;0;0;0m▀[0m[38;2;102;102;102m[48;2;159;159;159m▀[0m[38;2;249;249;249m[48;2;255;255;255m▀[0m[38;2;255;255;255m[48;2;32;37;41m▀[0m[38;2;0;0;0m[48;2;0;0;0m▀[0m[38;2;63;65;66m[48;2;66;70;72m▀[0m[38;2;25;27;27m[48;2;0;0;0m▀[0m[38;2;3;6;6m[48;2;89;92;92m▀[0m[38;2;0;0;0m[48;2;84;85;82m▀[0m[38;2;3;5;5m[48;2;0;0;0m▀[0m[38;2;255;255;255m[48;2;0;0;0m▀[0m[38;2;91;91;91m[48;2;0;0;0m▀[0m[38;2;0;0;0m[48;2;0;0;0m▀[0m[38;2;11;11;11m[48;2;122;122;122m▀[0m[38;2;255;255;255m[48;2;255;255;255m▀[0m[38;2;255;255;255m[48;2;255;255;255m▀[0m[38;2;255;255;255m[48;2;255;255;255m▀[0m
[38;2;9;11;11m[48;2;9;11;13m▀[0m[38;2;36;38;38m[48;2;46;48;48m▀[0m[38;2;22;25;25m[48;2;0;0;0m▀[0m[38;2;0;0;0m[48;2;15;17;17m▀[0m[38;2;0;0;0m[48;2;151;153;153m▀[0m[38;2;2;1;1m[48;2;113;114;111m▀[0m[38;2;0;0;0m[48;2;82;84;84m▀[0m[38;2;0;3;5m[48;2;131;134;134m▀[0m[38;2;0;0;0m[48;2;98;98;99m▀[0m[38;2;0;0;0m[48;2;12;14;14m▀[0m[38;2;0;0;0m[48;2;0;0;0m▀[0m[38;2;225;224;224m[48;2;179;181;181m▀[0m[38;2;255;255;255m[48;2;255;255;255m▀[0m[38;2;215;215;215m[48;2;255;255;255m▀[0m[38;2;0;0;0m[48;2;70;69;69m▀[0m[38;2;89;88;88m[48;2;17;20;20m▀[0m[38;2;64;63;63m[48;2;16;17;14m▀[0m[38;2;0;0;0m[48;2;74;76;76m▀[0m[38;2;50;47;47m[48;2;95;98;98m▀[0m[38;2;25;25;25m[48;2;17;20;21m▀[0m[38;2;14;16;16m[48;2;42;46;46m▀[0m[38;2;0;0;0m[48;2;0;5;9m▀[0m[38;2;0;0;0m[48;2;24;0;0m▀[0m[38;2;44;0;0m[48;2;177;25;6m▀[0m[38;2;41;49;53m[48;2;23;48;52m▀[0m[38;2;1;6;6m[48;2;0;0;0m▀[0m[38;2;45;48;48m[48;2;0;0;0m▀[0m[38;2;66;67;64m[48;2;140;142;144m▀[0m[38;2;255;255;255m[48;2;255;255;255m▀[0m[38;2;242;241;239m[48;2;255;255;255m▀[0m[38;2;0;0;0m[48;2;0;0;0m▀[0m[38;2;0;0;0m[48;2;0;0;0m▀[0m[38;2;0;0;0m[48;2;50;52;54m▀[0m[38;2;90;94;94m[48;2;73;75;75m▀[0m[38;2;150;152;155m[48;2;0;0;0m▀[0m[38;2;255;255;255m[48;2;0;0;0m▀[0m
[38;2;16;19;19m[48;2;30;34;31m▀[0m[38;2;33;35;35m[48;2;38;37;37m▀[0m[38;2;0;0;0m[48;2;0;0;0m▀[0m[38;2;78;80;80m[48;2;0;0;0m▀[0m[38;2;38;37;37m[48;2;0;0;0m▀[0m[38;2;61;63;63m[48;2;166;168;168m▀[0m[38;2;222;221;222m[48;2;145;147;147m▀[0m[38;2;180;183;183m[48;2;113;115;115m▀[0m[38;2;21;21;22m[48;2;0;0;0m▀[0m[38;2;0;0;0m[48;2;0;0;0m▀[0m[38;2;0;0;0m[48;2;0;0;0m▀[0m[38;2;139;138;138m[48;2;62;64;64m▀[0m[38;2;255;255;255m[48;2;255;255;255m▀[0m[38;2;248;251;247m[48;2;232;235;234m▀[0m[38;2;0;0;0m[48;2;126;128;128m▀[0m[38;2;73;76;75m[48;2;71;71;69m▀[0m[38;2;9;11;11m[48;2;22;24;24m▀[0m[38;2;100;102;102m[48;2;128;128;130m▀[0m[38;2;64;67;64m[48;2;0;0;0m▀[0m[38;2;43;48;49m[48;2;26;37;37m▀[0m[38;2;47;62;64m[48;2;0;0;0m▀[0m[38;2;0;8;9m[48;2;73;21;10m▀[0m[38;2;49;30;28m[48;2;233;39;16m▀[0m[38;2;129;155;158m[48;2;44;89;92m▀[0m[38;2;0;0;0m[48;2;0;0;0m▀[0m[38;2;0;0;0m[48;2;0;0;0m▀[0m[38;2;0;0;0m[48;2;225;227;228m▀[0m[38;2;255;255;255m[48;2;255;255;255m▀[0m[38;2;255;255;255m[48;2;69;74;74m▀[0m[38;2;120;119;120m[48;2;0;0;0m▀[0m[38;2;0;0;0m[48;2;0;0;0m▀[0m[38;2;0;0;0m[48;2;27;26;26m▀[0m[38;2;77;79;79m[48;2;7;6;6m▀[0m[38;2;203;205;205m[48;2;0;0;0m▀[0m[38;2;185;185;185m[48;2;62;62;63m▀[0m[38;2;86;88;88m[48;2;84;83;84m▀[0m
[38;2;34;36;36m[48;2;32;34;34m▀[0m[38;2;54;57;57m[48;2;65;67;67m▀[0m[38;2;0;0;0m[48;2;46;50;50m▀[0m[38;2;0;0;0m[48;2;0;0;0m▀[0m[38;2;3;6;3m[48;2;58;58;59m▀[0m[38;2;0;0;0m[48;2;156;158;158m▀[0m[38;2;12;14;14m[48;2;176;178;178m▀[0m[38;2;45;44;44m[48;2;157;156;156m▀[0m[38;2;79;81;81m[48;2;140;142;142m▀[0m[38;2;31;29;32m[48;2;169;172;171m▀[0m[38;2;0;0;0m[48;2;74;77;78m▀[0m[38;2;0;0;0m[48;2;0;0;0m▀[0m[38;2;20;24;21m[48;2;31;33;33m▀[0m[38;2;0;0;0m[48;2;0;0;0m▀[0m[38;2;219;217;220m[48;2;3;5;5m▀[0m[38;2;229;232;231m[48;2;189;187;190m▀[0m[38;2;0;0;0m[48;2;0;0;0m▀[0m[38;2;0;0;0m[48;2;0;0;0m▀[0m[38;2;62;69;73m[48;2;58;67;70m▀[0m[38;2;0;0;0m[48;2;0;0;0m▀[0m[38;2;0;0;0m[48;2;255;0;0m▀[0m[38;2;255;34;13m[48;2;255;90;65m▀[0m[38;2;210;138;126m[48;2;37;122;134m▀[0m[38;2;0;2;8m[48;2;0;0;0m▀[0m[38;2;0;0;0m[48;2;175;179;179m▀[0m[38;2;188;190;192m[48;2;255;255;255m▀[0m[38;2;255;255;255m[48;2;171;174;176m▀[0m[38;2;0;0;0m[48;2;0;0;0m▀[0m[38;2;0;0;0m[48;2;33;35;37m▀[0m[38;2;27;30;33m[48;2;80;82;83m▀[0m[38;2;43;47;51m[48;2;114;117;116m▀[0m[38;2;25;27;27m[48;2;154;156;156m▀[0m[38;2;16;18;16m[48;2;151;153;151m▀[0m[38;2;0;0;0m[48;2;39;39;39m▀[0m[38;2;0;0;0m[48;2;5;4;4m▀[0m[38;2;18;20;20m[48;2;4;6;6m▀[0m
[38;2;33;35;35m[48;2;50;50;50m▀[0m[38;2;63;65;65m[48;2;13;15;15m▀[0m[38;2;6;6;6m[48;2;23;23;25m▀[0m[38;2;63;67;69m[48;2;97;99;101m▀[0m[38;2;143;148;150m[48;2;14;16;18m▀[0m[38;2;79;81;81m[48;2;0;0;0m▀[0m[38;2;0;0;0m[48;2;91;91;91m▀[0m[38;2;0;0;0m[48;2;191;191;191m▀[0m[38;2;0;0;0m[48;2;147;147;147m▀[0m[38;2;64;67;68m[48;2;0;0;0m▀[0m[38;2;92;94;94m[48;2;20;20;21m▀[0m[38;2;27;26;26m[48;2;21;24;23m▀[0m[38;2;12;14;14m[48;2;14;16;18m▀[0m[38;2;5;7;7m[48;2;31;33;33m▀[0m[38;2;0;0;0m[48;2;143;145;145m▀[0m[38;2;159;161;161m[48;2;255;255;255m▀[0m[38;2;255;255;255m[48;2;255;255;255m▀[0m[38;2;47;52;49m[48;2;186;190;190m▀[0m[38;2;11;28;26m[48;2;0;5;0m▀[0m[38;2;78;114;120m[48;2;38;65;68m▀[0m[38;2;255;23;0m[48;2;31;65;70m▀[0m[38;2;197;24;5m[48;2;0;0;1m▀[0m[38;2;0;21;29m[48;2;0;19;21m▀[0m[38;2;62;71;72m[48;2;189;198;199m▀[0m[38;2;255;255;255m[48;2;241;245;242m▀[0m[38;2;84;91;91m[48;2;9;9;9m▀[0m[38;2;0;0;0m[48;2;0;0;0m▀[0m[38;2;5;8;9m[48;2;25;27;27m▀[0m[38;2;27;26;26m[48;2;44;44;45m▀[0m[38;2;42;42;40m[48;2;41;41;41m▀[0m[38;2;94;97;96m[48;2;0;0;0m▀[0m[38;2;243;241;244m[48;2;0;0;0m▀[0m[38;2;250;252;252m[48;2;135;137;135m▀[0m[38;2;209;211;211m[48;2;255;255;255m▀[0m[38;2;72;74;76m[48;2;178;182;182m▀[0m[38;2;13;15;17m[48;2;54;56;56m▀[0m
[38;2;82;86;86m[48;2;44;45;42m▀[0m[38;2;42;44;45m[48;2;40;42;42m▀[0m[38;2;72;74;75m[48;2;54;56;54m▀[0m[38;2;10;12;12m[48;2;0;0;0m▀[0m[38;2;0;0;0m[48;2;0;0;0m▀[0m[38;2;233;235;235m[48;2;255;255;255m▀[0m[38;2;255;255;255m[48;2;230;230;230m▀[0m[38;2;255;255;255m[48;2;222;222;222m▀[0m[38;2;255;255;255m[48;2;255;255;255m▀[0m[38;2;151;151;151m[48;2;236;236;236m▀[0m[38;2;0;0;0m[48;2;0;0;0m▀[0m[38;2;1;1;1m[48;2;0;0;0m▀[0m[38;2;0;0;0m[48;2;16;19;19m▀[0m[38;2;52;53;50m[48;2;80;79;79m▀[0m[38;2;136;137;134m[48;2;48;50;50m▀[0m[38;2;255;255;255m[48;2;60;62;62m▀[0m[38;2;255;255;255m[48;2;100;105;105m▀[0m[38;2;246;248;248m[48;2;255;255;255m▀[0m[38;2;72;81;85m[48;2;255;255;255m▀[0m[38;2;0;0;0m[48;2;0;0;0m▀[0m[38;2;37;60;61m[48;2;175;147;143m▀[0m[38;2;67;96;94m[48;2;255;221;202m▀[0m[38;2;0;0;0m[48;2;120;71;55m▀[0m[38;2;152;162;162m[48;2;115;136;142m▀[0m[38;2;141;146;146m[48;2;125;134;141m▀[0m[38;2;5;9;9m[48;2;106;108;108m▀[0m[38;2;0;0;0m[48;2;55;52;52m▀[0m[38;2;0;0;0m[48;2;0;1;0m▀[0m[38;2;6;8;8m[48;2;0;0;0m▀[0m[38;2;0;0;0m[48;2;0;0;0m▀[0m[38;2;2;1;1m[48;2;255;255;255m▀[0m[38;2;0;0;0m[48;2;255;255;255m▀[0m[38;2;0;0;0m[48;2;151;150;151m▀[0m[38;2;40;40;40m[48;2;0;0;0m▀[0m[38;2;199;199;199m[48;2;51;51;49m▀[0m[38;2;69;69;69m[48;2;93;93;93m▀[0m
[38;2;11;13;11m[48;2;1;3;5m▀[0m[38;2;50;48;51m[48;2;66;68;70m▀[0m[38;2;18;20;21m[48;2;26;25;25m▀[0m[38;2;0;0;0m[48;2;0;0;0m▀[0m[38;2;59;59;59m[48;2;128;128;128m▀[0m[38;2;255;255;255m[48;2;255;255;255m▀[0m[38;2;200;200;200m[48;2;202;205;202m▀[0m[38;2;198;198;196m[48;2;202;202;202m▀[0m[38;2;235;238;235m[48;2;202;202;203m▀[0m[38;2;255;255;255m[48;2;255;255;255m▀[0m[38;2;0;0;0m[48;2;14;14;14m▀[0m[38;2;0;0;0m[48;2;0;0;0m▀[0m[38;2;60;62;63m[48;2;29;31;31m▀[0m[38;2;69;69;69m[48;2;17;20;20m▀[0m[38;2;56;58;58m[48;2;18;20;20m▀[0m[38;2;1;3;3m[48;2;63;67;64m▀[0m[38;2;44;47;47m[48;2;23;25;25m▀[0m[38;2;203;206;208m[48;2;0;0;0m▀[0m[38;2;64;81;83m[48;2;0;0;0m▀[0m[38;2;44;10;7m[48;2;251;169;155m▀[0m[38;2;255;255;255m[48;2;242;251;252m▀[0m[38;2;255;252;246m[48;2;210;249;251m▀[0m[38;2;255;216;198m[48;2;217;231;233m▀[0m[38;2;80;85;81m[48;2;255;231;224m▀[0m[38;2;0;3;4m[48;2;128;105;101m▀[0m[38;2;127;132;134m[48;2;0;0;0m▀[0m[38;2;137;137;137m[48;2;26;29;31m▀[0m[38;2;0;0;0m[48;2;0;0;0m▀[0m[38;2;0;0;0m[48;2;0;0;0m▀[0m[38;2;236;236;236m[48;2;255;255;255m▀[0m[38;2;255;255;255m[48;2;231;231;228m▀[0m[38;2;219;221;219m[48;2;209;212;211m▀[0m[38;2;255;255;255m[48;2;217;217;215m▀[0m[38;2;213;213;213m[48;2;255;255;255m▀[0m[38;2;0;0;0m[48;2;102;102;100m▀[0m[38;2;46;46;47m[48;2;0;0;0m▀[0m
[38;2;0;0;0m[48;2;0;0;0m▀[0m[38;2;39;38;38m[48;2;0;0;0m▀[0m[38;2;50;53;55m[48;2;12;17;19m▀[0m[38;2;0;0;0m[48;2;0;0;0m▀[0m[38;2;166;166;163m[48;2;186;186;186m▀[0m[38;2;255;255;255m[48;2;255;255;255m▀[0m[38;2;202;202;200m[48;2;197;199;197m▀[0m[38;2;224;221;224m[48;2;238;240;240m▀[0m[38;2;204;206;207m[48;2;224;226;233m▀[0m[38;2;255;255;255m[48;2;234;236;239m▀[0m[38;2;149;152;153m[48;2;234;234;236m▀[0m[38;2;0;0;0m[48;2;0;0;0m▀[0m[38;2;67;71;70m[48;2;77;78;75m▀[0m[38;2;133;136;136m[48;2;255;255;255m▀[0m[38;2;81;83;81m[48;2;255;255;255m▀[0m[38;2;34;37;37m[48;2;0;0;0m▀[0m[38;2;0;0;0m[48;2;0;0;0m▀[0m[38;2;0;0;0m[48;2;31;31;31m▀[0m[38;2;171;132;120m[48;2;255;255;255m▀[0m[38;2;255;255;255m[48;2;255;255;255m▀[0m[38;2;80;100;102m[48;2;136;147;149m▀[0m[38;2;155;159;159m[48;2;255;255;255m▀[0m[38;2;213;230;231m[48;2;196;210;212m▀[0m[38;2;153;143;139m[48;2;92;113;113m▀[0m[38;2;255;255;255m[48;2;255;255;255m▀[0m[38;2;120;106;103m[48;2;10;14;14m▀[0m[38;2;0;0;0m[48;2;0;0;0m▀[0m[38;2;0;0;0m[48;2;0;0;0m▀[0m[38;2;177;180;180m[48;2;215;218;215m▀[0m[38;2;253;255;253m[48;2;235;234;232m▀[0m[38;2;202;205;201m[48;2;223;223;226m▀[0m[38;2;215;215;213m[48;2;243;245;250m▀[0m[38;2;207;210;210m[48;2;197;202;208m▀[0m[38;2;247;249;249m[48;2;234;238;240m▀[0m[38;2;209;212;213m[48;2;239;239;242m▀[0m[38;2;0;0;0m[48;2;0;0;0m▀[0m
[38;2;57;57;55m[48;2;133;136;135m▀[0m[38;2;0;0;0m[48;2;24;23;23m▀[0m[38;2;0;0;0m[48;2;0;0;0m▀[0m[38;2;0;0;0m[48;2;0;0;0m▀[0m[38;2;174;174;174m[48;2;87;87;87m▀[0m[38;2;255;255;255m[48;2;255;255;255m▀[0m[38;2;202;206;207m[48;2;201;204;209m▀[0m[38;2;201;205;205m[48;2;201;205;196m▀[0m[38;2;204;187;131m[48;2;179;152;70m▀[0m[38;2;223;221;215m[48;2;229;227;221m▀[0m[38;2;255;255;255m[48;2;255;255;255m▀[0m[38;2;23;26;25m[48;2;61;63;63m▀[0m[38;2;23;22;20m[48;2;32;34;32m▀[0m[38;2;216;219;219m[48;2;100;99;99m▀[0m[38;2;174;174;176m[48;2;166;166;166m▀[0m[38;2;0;0;0m[48;2;46;46;46m▀[0m[38;2;0;0;0m[48;2;0;0;0m▀[0m[38;2;0;0;0m[48;2;7;11;8m▀[0m[38;2;255;255;255m[48;2;255;255;255m▀[0m[38;2;255;255;255m[48;2;179;212;212m▀[0m[38;2;236;132;125m[48;2;255;120;111m▀[0m[38;2;255;255;255m[48;2;223;212;212m▀[0m[38;2;203;194;191m[48;2;255;255;255m▀[0m[38;2;178;110;102m[48;2;255;180;174m▀[0m[38;2;255;255;255m[48;2;217;243;247m▀[0m[38;2;117;119;119m[48;2;182;184;184m▀[0m[38;2;0;0;0m[48;2;0;0;0m▀[0m[38;2;0;0;0m[48;2;26;26;28m▀[0m[38;2;255;255;255m[48;2;255;255;255m▀[0m[38;2;218;218;218m[48;2;213;215;215m▀[0m[38;2;217;221;226m[48;2;201;208;218m▀[0m[38;2;220;220;228m[48;2;205;203;201m▀[0m[38;2;200;196;194m[48;2;255;200;26m▀[0m[38;2;229;232;243m[48;2;255;247;184m▀[0m[38;2;239;242;248m[48;2;195;200;220m▀[0m[38;2;0;0;0m[48;2;0;0;0m▀[0m
