[38;2;18;25;27m[48;2;19;21;21m▀[0m[38;2;0;0;0m[48;2;0;0;0m▀[0m[38;2;15;5;5m[48;2;0;0;0m▀[0m[38;2;1;13;16m[48;2;0;1;1m▀[0m[38;2;0;0;0m[48;2;23;3;3m▀[0m[38;2;67;4;4m[48;2;81;10;6m▀[0m[38;2;77;4;7m[48;2;58;5;4m▀[0m[38;2;64;3;3m[48;2;54;3;3m▀[0m[38;2;26;3;2m[48;2;0;0;1m▀[0m[38;2;0;0;0m[48;2;0;1;1m▀[0m[38;2;0;1;1m[48;2;1;1;1m▀[0m[38;2;1;1;1m[48;2;1;1;1m▀[0m[38;2;0;1;1m[48;2;1;1;1m▀[0m[38;2;0;1;1m[48;2;1;1;1m▀[0m[38;2;0;1;1m[48;2;0;1;1m▀[0m[38;2;0;0;0m[48;2;0;0;0m▀[0m[38;2;11;13;13m[48;2;0;0;0m▀[0m[38;2;33;31;34m[48;2;0;0;0m▀[0m[38;2;0;0;0m[48;2;0;0;0m▀[0m[38;2;0;0;0m[48;2;175;177;177m▀[0m[38;2;23;26;25m[48;2;255;255;255m▀[0m[38;2;163;166;165m[48;2;222;221;221m▀[0m[38;2;0;0;0m[48;2;0;0;0m▀[0m[38;2;32;32;33m[48;2;27;30;31m▀[0m[38;2;86;85;85m[48;2;154;154;155m▀[0m[38;2;0;0;0m[48;2;0;0;0m▀[0m[38;2;255;255;255m[48;2;115;117;117m▀[0m[38;2;159;161;161m[48;2;154;157;157m▀[0m[38;2;0;0;0m[48;2;135;135;137m▀[0m[38;2;255;255;255m[48;2;255;255;255m▀[0m[38;2;39;41;41m[48;2;23;25;25m▀[0m[38;2;0;0;0m[48;2;0;0;0m▀[0m[38;2;108;111;111m[48;2;68;72;72m▀[0m[38;2;163;162;163m[48;2;169;169;169m▀[0m[38;2;143;146;143m[48;2;145;145;145m▀[0m[38;2;128;128;128m[48;2;141;140;140m▀[0m
[38;2;14;17;19m[48;2;99;99;100m▀[0m[38;2;15;0;0m[48;2;3;0;0m▀[0m[38;2;2;0;0m[48;2;32;0;0m▀[0m[38;2;0;0;0m[48;2;0;0;0m▀[0m[38;2;37;5;4m[48;2;27;5;4m▀[0m[38;2;82;11;11m[48;2;83;12;9m▀[0m[38;2;44;4;4m[48;2;43;3;3m▀[0m[38;2;30;4;4m[48;2;15;2;2m▀[0m[38;2;0;0;0m[48;2;0;0;0m▀[0m[38;2;0;1;1m[48;2;1;0;0m▀[0m[38;2;0;1;1m[48;2;0;1;1m▀[0m[38;2;0;1;1m[48;2;0;1;1m▀[0m[38;2;1;1;1m[48;2;1;1;1m▀[0m[38;2;0;1;1m[48;2;1;1;1m▀[0m[38;2;0;1;1m[48;2;0;0;0m▀[0m[38;2;0;0;0m[48;2;0;0;0m▀[0m[38;2;0;0;0m[48;2;0;0;0m▀[0m[38;2;0;0;0m[48;2;0;0;0m▀[0m[38;2;150;148;151m[48;2;255;255;255m▀[0m[38;2;255;255;255m[48;2;30;32;32m▀[0m[38;2;119;121;123m[48;2;0;0;0m▀[0m[38;2;0;0;0m[48;2;101;106;108m▀[0m[38;2;0;0;0m[48;2;18;20;22m▀[0m[38;2;0;0;0m[48;2;70;79;78m▀[0m[38;2;255;255;255m[48;2;255;255;255m▀[0m[38;2;0;0;0m[48;2;113;106;106m▀[0m[38;2;0;0;0m[48;2;156;164;164m▀[0m[38;2;0;0;0m[48;2;57;60;60m▀[0m[38;2;201;204;204m[48;2;0;0;0m▀[0m[38;2;97;100;99m[48;2;10;12;14m▀[0m[38;2;0;0;0m[48;2;25;27;27m▀[0m[38;2;0;0;0m[48;2;0;0;0m▀[0m[38;2;9;12;12m[48;2;0;0;0m▀[0m[38;2;155;154;154m[48;2;119;121;121m▀[0m[38;2;128;127;127m[48;2;161;163;163m▀[0m[38;2;139;137;140m[48;2;134;136;136m▀[0m
[38;2;183;195;199m[48;2;120;129;130m▀[0m[38;2;22;24;24m[48;2;63;71;70m▀[0m[38;2;0;0;0m[48;2;0;0;0m▀[0m[38;2;37;2;2m[48;2;30;0;0m▀[0m[38;2;0;1;1m[48;2;3;0;0m▀[0m[38;2;12;3;2m[48;2;16;2;2m▀[0m[38;2;38;3;3m[48;2;28;6;6m▀[0m[38;2;0;2;2m[48;2;0;1;1m▀[0m[38;2;0;1;1m[48;2;0;1;1m▀[0m[38;2;0;0;0m[48;2;0;0;0m▀[0m[38;2;0;1;1m[48;2;0;1;1m▀[0m[38;2;1;1;1m[48;2;1;1;1m▀[0m[38;2;1;1;1m[48;2;1;1;1m▀[0m[38;2;1;1;1m[48;2;0;0;0m▀[0m[38;2;0;0;0m[48;2;0;0;0m▀[0m[38;2;0;0;0m[48;2;0;0;0m▀[0m[38;2;0;0;0m[48;2;0;0;0m▀[0m[38;2;141;141;143m[48;2;187;190;189m▀[0m[38;2;204;206;206m[48;2;172;170;173m▀[0m[38;2;0;0;0m[48;2;255;255;255m▀[0m[38;2;0;0;0m[48;2;118;120;120m▀[0m[38;2;0;0;0m[48;2;0;0;0m▀[0m[38;2;26;35;36m[48;2;221;251;251m▀[0m[38;2;255;255;255m[48;2;255;255;255m▀[0m[38;2;255;255;255m[48;2;255;209;208m▀[0m[38;2;209;204;207m[48;2;227;255;255m▀[0m[38;2;223;230;230m[48;2;230;235;235m▀[0m[38;2;255;255;255m[48;2;255;255;255m▀[0m[38;2;0;0;0m[48;2;136;133;133m▀[0m[38;2;0;0;0m[48;2;0;0;0m▀[0m[38;2;65;63;66m[48;2;16;19;19m▀[0m[38;2;0;0;0m[48;2;97;96;96m▀[0m[38;2;0;0;0m[48;2;0;0;0m▀[0m[38;2;67;67;69m[48;2;0;0;0m▀[0m[38;2;175;177;177m[48;2;174;174;174m▀[0m[38;2;145;144;144m[48;2;180;182;182m▀[0m
[38;2;123;125;127m[48;2;125;128;128m▀[0m[38;2;90;104;107m[48;2;127;138;140m▀[0m[38;2;0;0;0m[48;2;0;0;0m▀[0m[38;2;47;6;1m[48;2;30;9;6m▀[0m[38;2;0;0;0m[48;2;16;3;4m▀[0m[38;2;4;3;3m[48;2;14;0;2m▀[0m[38;2;18;2;2m[48;2;0;1;1m▀[0m[38;2;0;1;1m[48;2;1;1;1m▀[0m[38;2;1;1;1m[48;2;0;1;1m▀[0m[38;2;0;1;1m[48;2;0;1;1m▀[0m[38;2;1;1;1m[48;2;0;1;1m▀[0m[38;2;0;1;1m[48;2;1;1;1m▀[0m[38;2;0;0;0m[48;2;0;0;0m▀[0m[38;2;0;0;0m[48;2;23;26;26m▀[0m[38;2;0;0;0m[48;2;49;48;48m▀[0m[38;2;0;0;0m[48;2;142;140;143m▀[0m[38;2;245;248;249m[48;2;251;254;253m▀[0m[38;2;107;110;111m[48;2;0;0;0m▀[0m[38;2;0;0;0m[48;2;0;0;0m▀[0m[38;2;255;255;255m[48;2;13;15;15m▀[0m[38;2;175;178;178m[48;2;255;255;255m▀[0m[38;2;58;76;77m[48;2;104;129;134m▀[0m[38;2;255;255;255m[48;2;193;181;176m▀[0m[38;2;209;87;82m[48;2;255;0;0m▀[0m[38;2;73;56;55m[48;2;255;255;255m▀[0m[38;2;65;86;89m[48;2;181;204;204m▀[0m[38;2;113;117;122m[48;2;255;255;255m▀[0m[38;2;255;255;255m[48;2;255;255;255m▀[0m[38;2;255;255;255m[48;2;182;185;185m▀[0m[38;2;0;0;0m[48;2;0;0;0m▀[0m[38;2;0;0;0m[48;2;0;0;0m▀[0m[38;2;79;78;78m[48;2;57;55;58m▀[0m[38;2;0;0;0m[48;2;0;0;0m▀[0m[38;2;0;0;0m[48;2;0;0;0m▀[0m[38;2;132;134;134m[48;2;60;62;62m▀[0m[38;2;210;212;214m[48;2;217;219;221m▀[0m
[38;2;119;118;118m[48;2;110;112;112m▀[0m[38;2;136;141;142m[48;2;153;157;157m▀[0m[38;2;16;18;20m[48;2;57;65;65m▀[0m[38;2;6;0;0m[48;2;0;0;0m▀[0m[38;2;27;16;16m[48;2;33;23;25m▀[0m[38;2;9;0;0m[48;2;18;0;0m▀[0m[38;2;0;0;1m[48;2;0;0;0m▀[0m[38;2;1;1;1m[48;2;1;1;1m▀[0m[38;2;0;1;1m[48;2;0;1;1m▀[0m[38;2;1;1;1m[48;2;0;1;1m▀[0m[38;2;0;1;1m[48;2;0;0;0m▀[0m[38;2;0;0;0m[48;2;0;0;0m▀[0m[38;2;0;0;0m[48;2;0;0;0m▀[0m[38;2;0;0;0m[48;2;0;0;0m▀[0m[38;2;9;10;7m[48;2;0;0;0m▀[0m[38;2;37;40;39m[48;2;79;79;81m▀[0m[38;2;117;115;118m[48;2;86;84;87m▀[0m[38;2;0;0;0m[48;2;0;0;0m▀[0m[38;2;32;34;37m[48;2;27;29;30m▀[0m[38;2;0;0;0m[48;2;77;81;82m▀[0m[38;2;0;0;0m[48;2;79;82;82m▀[0m[38;2;240;255;255m[48;2;140;164;164m▀[0m[38;2;255;230;232m[48;2;240;201;201m▀[0m[38;2;255;23;16m[48;2;208;163;160m▀[0m[38;2;255;255;255m[48;2;183;209;209m▀[0m[38;2;255;255;255m[48;2;212;217;217m▀[0m[38;2;255;255;255m[48;2;255;255;255m▀[0m[38;2;157;161;160m[48;2;242;216;211m▀[0m[38;2;58;62;62m[48;2;0;0;0m▀[0m[38;2;0;0;0m[48;2;15;23;27m▀[0m[38;2;0;0;0m[48;2;0;0;0m▀[0m[38;2;46;46;47m[48;2;43;46;45m▀[0m[38;2;2;5;5m[48;2;0;0;0m▀[0m[38;2;0;0;0m[48;2;0;0;0m▀[0m[38;2;0;0;0m[48;2;0;0;0m▀[0m[38;2;186;189;189m[48;2;181;181;181m▀[0m
[38;2;114;116;114m[48;2;124;124;124m▀[0m[38;2;158;161;161m[48;2;152;155;152m▀[0m[38;2;105;110;111m[48;2;157;159;161m▀[0m[38;2;0;0;0m[48;2;0;0;0m▀[0m[38;2;31;20;20m[48;2;10;12;12m▀[0m[38;2;26;7;7m[48;2;40;17;17m▀[0m[38;2;0;0;0m[48;2;0;0;0m▀[0m[38;2;0;1;1m[48;2;0;0;0m▀[0m[38;2;0;1;1m[48;2;1;1;1m▀[0m[38;2;0;2;2m[48;2;0;2;2m▀[0m[38;2;0;0;0m[48;2;0;0;0m▀[0m[38;2;37;37;37m[48;2;44;43;43m▀[0m[38;2;12;12;12m[48;2;109;109;109m▀[0m[38;2;0;0;0m[48;2;26;28;28m▀[0m[38;2;0;0;0m[48;2;95;97;97m▀[0m[38;2;236;239;239m[48;2;151;154;154m▀[0m[38;2;92;91;91m[48;2;0;0;0m▀[0m[38;2;0;0;0m[48;2;11;14;14m▀[0m[38;2;0;0;0m[48;2;27;19;19m▀[0m[38;2;11;11;12m[48;2;0;0;0m▀[0m[38;2;0;0;0m[48;2;243;243;240m▀[0m[38;2;139;143;143m[48;2;255;255;255m▀[0m[38;2;255;255;255m[48;2;255;255;255m▀[0m[38;2;255;255;255m[48;2;255;255;255m▀[0m[38;2;255;255;255m[48;2;255;255;255m▀[0m[38;2;221;225;225m[48;2;255;255;255m▀[0m[38;2;227;232;232m[48;2;255;255;255m▀[0m[38;2;219;202;202m[48;2;129;132;132m▀[0m[38;2;0;0;0m[48;2;0;0;0m▀[0m[38;2;6;11;13m[48;2;80;83;86m▀[0m[38;2;5;8;7m[48;2;50;53;54m▀[0m[38;2;26;26;23m[48;2;0;0;0m▀[0m[38;2;0;0;0m[48;2;0;0;0m▀[0m[38;2;0;0;0m[48;2;0;0;0m▀[0m[38;2;0;0;0m[48;2;0;0;0m▀[0m[38;2;76;79;79m[48;2;0;0;0m▀[0m
[38;2;140;140;137m[48;2;143;146;146m▀[0m[38;2;145;145;142m[48;2;140;140;140m▀[0m[38;2;193;197;197m[48;2;184;188;187m▀[0m[38;2;23;23;24m[48;2;93;96;95m▀[0m[38;2;0;0;0m[48;2;0;0;0m▀[0m[38;2;44;24;24m[48;2;31;30;30m▀[0m[38;2;10;2;0m[48;2;18;17;15m▀[0m[38;2;0;0;0m[48;2;0;0;0m▀[0m[38;2;1;1;1m[48;2;0;0;0m▀[0m[38;2;0;0;0m[48;2;0;0;0m▀[0m[38;2;0;0;0m[48;2;0;0;0m▀[0m[38;2;0;0;0m[48;2;0;0;0m▀[0m[38;2;29;29;29m[48;2;0;0;0m▀[0m[38;2;119;121;121m[48;2;149;147;150m▀[0m[38;2;236;238;238m[48;2;106;108;108m▀[0m[38;2;0;0;0m[48;2;0;0;0m▀[0m[38;2;5;4;5m[48;2;0;0;0m▀[0m[38;2;4;2;5m[48;2;0;0;0m▀[0m[38;2;0;0;0m[48;2;152;155;156m▀[0m[38;2;255;255;255m[48;2;255;255;255m▀[0m[38;2;255;255;255m[48;2;255;255;255m▀[0m[38;2;255;255;255m[48;2;255;255;255m▀[0m[38;2;255;255;255m[48;2;255;255;255m▀[0m[38;2;255;255;255m[48;2;255;255;255m▀[0m[38;2;255;255;255m[48;2;255;255;255m▀[0m[38;2;255;255;255m[48;2;255;255;255m▀[0m[38;2;255;255;255m[48;2;255;255;255m▀[0m[38;2;255;255;255m[48;2;255;255;255m▀[0m[38;2;225;227;227m[48;2;255;255;255m▀[0m[38;2;32;34;36m[48;2;244;244;244m▀[0m[38;2;0;0;0m[48;2;53;61;60m▀[0m[38;2;0;0;0m[48;2;23;33;32m▀[0m[38;2;0;0;0m[48;2;236;240;240m▀[0m[38;2;75;77;75m[48;2;255;255;255m▀[0m[38;2;136;136;136m[48;2;255;255;255m▀[0m[38;2;0;0;0m[48;2;222;225;225m▀[0m
[38;2;113;113;113m[48;2;116;116;118m▀[0m[38;2;154;157;157m[48;2;159;159;159m▀[0m[38;2;167;167;167m[48;2;164;164;164m▀[0m[38;2;167;170;169m[48;2;183;183;184m▀[0m[38;2;0;0;0m[48;2;8;11;11m▀[0m[38;2;19;19;19m[48;2;2;2;0m▀[0m[38;2;28;28;28m[48;2;28;28;29m▀[0m[38;2;0;0;0m[48;2;13;13;13m▀[0m[38;2;0;0;0m[48;2;0;0;0m▀[0m[38;2;0;0;0m[48;2;0;0;0m▀[0m[38;2;0;0;0m[48;2;0;0;0m▀[0m[38;2;0;0;0m[48;2;42;46;46m▀[0m[38;2;145;148;148m[48;2;255;255;255m▀[0m[38;2;225;228;228m[48;2;0;0;0m▀[0m[38;2;0;0;0m[48;2;36;40;42m▀[0m[38;2;14;16;18m[48;2;132;134;134m▀[0m[38;2;0;0;0m[48;2;0;0;0m▀[0m[38;2;0;0;0m[48;2;18;18;18m▀[0m[38;2;186;189;192m[48;2;0;0;0m▀[0m[38;2;255;255;255m[48;2;97;97;99m▀[0m[38;2;255;255;255m[48;2;255;255;255m▀[0m[38;2;255;255;255m[48;2;255;255;255m▀[0m[38;2;255;255;255m[48;2;255;255;255m▀[0m[38;2;255;255;255m[48;2;255;255;255m▀[0m[38;2;199;199;196m[48;2;201;201;199m▀[0m[38;2;221;220;220m[48;2;0;0;0m▀[0m[38;2;255;255;255m[48;2;136;138;136m▀[0m[38;2;255;255;255m[48;2;255;255;255m▀[0m[38;2;255;255;255m[48;2;255;255;255m▀[0m[38;2;255;255;255m[48;2;255;255;255m▀[0m[38;2;255;255;255m[48;2;255;235;232m▀[0m[38;2;255;255;255m[48;2;255;221;213m▀[0m[38;2;234;236;239m[48;2;255;255;255m▀[0m[38;2;24;27;28m[48;2;246;248;248m▀[0m[38;2;234;237;237m[48;2;191;191;191m▀[0m[38;2;255;255;255m[48;2;195;195;197m▀[0m
[38;2;118;121;121m[48;2;105;108;108m▀[0m[38;2;152;152;152m[48;2;158;158;158m▀[0m[38;2;167;167;167m[48;2;170;173;170m▀[0m[38;2;187;185;188m[48;2;179;181;181m▀[0m[38;2;64;66;67m[48;2;137;135;138m▀[0m[38;2;0;0;0m[48;2;0;0;0m▀[0m[38;2;27;31;28m[48;2;26;26;27m▀[0m[38;2;20;20;21m[48;2;24;26;26m▀[0m[38;2;1;1;0m[48;2;8;8;6m▀[0m[38;2;0;0;0m[48;2;0;0;0m▀[0m[38;2;0;0;0m[48;2;2;2;0m▀[0m[38;2;92;95;97m[48;2;19;19;20m▀[0m[38;2;19;17;20m[48;2;0;0;0m▀[0m[38;2;30;32;32m[48;2;149;147;150m▀[0m[38;2;255;255;255m[48;2;134;136;136m▀[0m[38;2;0;0;0m[48;2;48;46;49m▀[0m[38;2;209;211;211m[48;2;255;255;255m▀[0m[38;2;255;255;255m[48;2;255;255;255m▀[0m[38;2;124;124;124m[48;2;146;149;148m▀[0m[38;2;104;106;106m[48;2;0;0;0m▀[0m[38;2;189;192;192m[48;2;192;192;190m▀[0m[38;2;161;161;159m[48;2;255;255;255m▀[0m[38;2;208;206;209m[48;2;0;0;0m▀[0m[38;2;255;255;255m[48;2;0;0;0m▀[0m[38;2;255;255;255m[48;2;135;137;137m▀[0m[38;2;191;189;192m[48;2;255;255;255m▀[0m[38;2;0;0;0m[48;2;24;26;26m▀[0m[38;2;34;34;32m[48;2;0;0;0m▀[0m[38;2;255;255;255m[48;2;25;23;28m▀[0m[38;2;255;255;255m[48;2;108;110;112m▀[0m[38;2;255;255;255m[48;2;255;255;255m▀[0m[38;2;255;255;255m[48;2;255;255;255m▀[0m[38;2;255;255;255m[48;2;255;255;255m▀[0m[38;2;255;255;255m[48;2;255;255;255m▀[0m[38;2;255;255;255m[48;2;255;255;255m▀[0m[38;2;255;255;255m[48;2;255;255;255m▀[0m
[38;2;108;111;111m[48;2;90;92;94m▀[0m[38;2;165;164;164m[48;2;175;177;177m▀[0m[38;2;184;184;184m[48;2;191;192;189m▀[0m[38;2;176;176;176m[48;2;179;180;177m▀[0m[38;2;179;179;179m[48;2;202;202;202m▀[0m[38;2;6;9;9m[48;2;52;55;55m▀[0m[38;2;17;17;18m[48;2;5;4;4m▀[0m[38;2;25;29;29m[48;2;32;34;34m▀[0m[38;2;13;17;14m[48;2;22;24;24m▀[0m[38;2;0;0;0m[48;2;0;0;0m▀[0m[38;2;0;0;0m[48;2;0;0;0m▀[0m[38;2;32;32;33m[48;2;6;6;4m▀[0m[38;2;0;0;2m[48;2;38;38;39m▀[0m[38;2;255;255;255m[48;2;94;97;97m▀[0m[38;2;2;1;1m[48;2;65;67;67m▀[0m[38;2;255;255;255m[48;2;174;176;176m▀[0m[38;2;252;255;255m[48;2;0;0;0m▀[0m[38;2;16;18;20m[48;2;0;0;0m▀[0m[38;2;0;0;0m[48;2;0;0;0m▀[0m[38;2;0;0;0m[48;2;0;0;0m▀[0m[38;2;167;170;171m[48;2;135;137;138m▀[0m[38;2;255;255;255m[48;2;122;126;126m▀[0m[38;2;0;0;0m[48;2;0;0;0m▀[0m[38;2;0;0;0m[48;2;0;0;0m▀[0m[38;2;0;0;0m[48;2;0;0;0m▀[0m[38;2;11;15;17m[48;2;104;106;111m▀[0m[38;2;0;0;0m[48;2;73;71;74m▀[0m[38;2;0;0;0m[48;2;0;0;0m▀[0m[38;2;135;139;143m[48;2;88;90;92m▀[0m[38;2;0;0;0m[48;2;0;0;0m▀[0m[38;2;0;0;0m[48;2;0;0;0m▀[0m[38;2;14;14;17m[48;2;0;0;0m▀[0m[38;2;174;174;174m[48;2;0;0;0m▀[0m[38;2;255;255;255m[48;2;0;0;0m▀[0m[38;2;255;255;255m[48;2;0;0;0m▀[0m[38;2;255;255;255m[48;2;148;148;149m▀[0m
[38;2;28;26;29m[48;2;0;0;0m▀[0m[38;2;184;187;187m[48;2;177;180;180m▀[0m[38;2;193;194;191m[48;2;200;199;199m▀[0m[38;2;182;181;182m[48;2;189;188;188m▀[0m[38;2;202;202;202m[48;2;193;193;193m▀[0m[38;2;116;119;119m[48;2;167;170;169m▀[0m[38;2;0;0;0m[48;2;0;1;1m▀[0m[38;2;46;48;49m[48;2;44;46;48m▀[0m[38;2;38;38;38m[48;2;52;56;56m▀[0m[38;2;1;1;1m[48;2;16;19;19m▀[0m[38;2;0;0;0m[48;2;0;0;0m▀[0m[38;2;0;0;0m[48;2;0;0;0m▀[0m[38;2;33;33;33m[48;2;0;0;0m▀[0m[38;2;124;124;125m[48;2;31;35;35m▀[0m[38;2;0;0;0m[48;2;0;0;0m▀[0m[38;2;0;0;0m[48;2;0;0;0m▀[0m[38;2;0;0;0m[48;2;0;0;0m▀[0m[38;2;0;0;0m[48;2;0;0;0m▀[0m[38;2;0;0;0m[48;2;28;30;30m▀[0m[38;2;0;0;0m[48;2;212;213;210m▀[0m[38;2;122;124;124m[48;2;255;255;255m▀[0m[38;2;125;127;127m[48;2;255;255;255m▀[0m[38;2;0;0;0m[48;2;255;255;255m▀[0m[38;2;0;0;0m[48;2;195;197;197m▀[0m[38;2;0;0;0m[48;2;0;0;0m▀[0m[38;2;48;48;49m[48;2;0;0;0m▀[0m[38;2;40;37;41m[48;2;0;0;0m▀[0m[38;2;9;12;11m[48;2;10;13;13m▀[0m[38;2;0;0;0m[48;2;2;1;1m▀[0m[38;2;0;0;0m[48;2;0;0;0m▀[0m[38;2;0;0;0m[48;2;0;0;0m▀[0m[38;2;0;0;0m[48;2;0;0;0m▀[0m[38;2;0;0;0m[48;2;0;0;0m▀[0m[38;2;0;0;0m[48;2;19;19;19m▀[0m[38;2;0;0;0m[48;2;39;42;43m▀[0m[38;2;0;0;0m[48;2;14;17;16m▀[0m
[38;2;0;0;0m[48;2;0;0;0m▀[0m[38;2;136;136;138m[48;2;69;67;70m▀[0m[38;2;209;212;208m[48;2;214;216;216m▀[0m[38;2;194;193;193m[48;2;187;190;189m▀[0m[38;2;206;204;207m[48;2;202;204;204m▀[0m[38;2;236;238;238m[48;2;255;255;255m▀[0m[38;2;32;34;34m[48;2;96;98;98m▀[0m[38;2;31;33;31m[48;2;16;18;19m▀[0m[38;2;61;64;65m[48;2;69;72;71m▀[0m[38;2;37;36;36m[48;2;68;66;69m▀[0m[38;2;0;0;0m[48;2;0;0;0m▀[0m[38;2;0;0;0m[48;2;0;0;0m▀[0m[38;2;0;0;0m[48;2;0;0;0m▀[0m[38;2;40;42;42m[48;2;21;23;23m▀[0m[38;2;0;0;0m[48;2;8;11;13m▀[0m[38;2;0;0;0m[48;2;230;230;230m▀[0m[38;2;0;0;0m[48;2;238;238;236m▀[0m[38;2;218;221;220m[48;2;255;255;255m▀[0m[38;2;255;255;255m[48;2;255;255;255m▀[0m[38;2;255;255;255m[48;2;255;255;255m▀[0m[38;2;255;255;255m[48;2;253;252;253m▀[0m[38;2;255;255;255m[48;2;255;255;255m▀[0m[38;2;255;255;255m[48;2;255;255;255m▀[0m[38;2;255;255;255m[48;2;255;255;255m▀[0m[38;2;255;255;255m[48;2;255;255;255m▀[0m[38;2;0;0;0m[48;2;147;147;147m▀[0m[38;2;0;0;0m[48;2;27;29;29m▀[0m[38;2;32;32;34m[48;2;70;73;75m▀[0m[38;2;1;0;0m[48;2;0;0;0m▀[0m[38;2;0;0;0m[48;2;0;0;0m▀[0m[38;2;0;0;0m[48;2;0;1;1m▀[0m[38;2;1;0;0m[48;2;1;1;1m▀[0m[38;2;0;0;0m[48;2;1;1;0m▀[0m[38;2;0;0;0m[48;2;0;0;0m▀[0m[38;2;12;14;14m[48;2;0;0;0m▀[0m[38;2;68;68;69m[48;2;0;0;0m▀[0m
