[38;2;0;3;0m[48;2;0;2;0m▀[0m[38;2;0;3;2m[48;2;1;3;1m▀[0m[38;2;0;3;2m[48;2;0;1;0m▀[0m[38;2;0;0;0m[48;2;0;0;0m▀[0m[38;2;0;0;0m[48;2;0;0;0m▀[0m[38;2;0;0;0m[48;2;0;0;0m▀[0m[38;2;0;0;0m[48;2;70;64;69m▀[0m[38;2;0;0;0m[48;2;219;198;217m▀[0m[38;2;116;103;116m[48;2;83;73;79m▀[0m[38;2;156;147;156m[48;2;0;0;0m▀[0m[38;2;194;186;189m[48;2;0;0;0m▀[0m[38;2;170;159;164m[48;2;36;31;31m▀[0m[38;2;71;56;62m[48;2;52;46;52m▀[0m[38;2;11;10;11m[48;2;24;18;21m▀[0m[38;2;54;50;52m[48;2;0;0;0m▀[0m[38;2;25;22;24m[48;2;10;10;11m▀[0m[38;2;0;0;0m[48;2;148;130;137m▀[0m[38;2;0;0;0m[48;2;107;94;99m▀[0m[38;2;0;0;0m[48;2;5;8;8m▀[0m[38;2;53;44;53m[48;2;54;46;50m▀[0m[38;2;84;74;78m[48;2;72;59;68m▀[0m[38;2;0;0;0m[48;2;19;17;22m▀[0m[38;2;63;54;60m[48;2;0;0;0m▀[0m[38;2;0;0;0m[48;2;65;65;62m▀[0m[38;2;114;110;115m[48;2;251;228;238m▀[0m[38;2;255;255;255m[48;2;167;152;161m▀[0m[38;2;196;187;194m[48;2;197;188;197m▀[0m[38;2;7;2;8m[48;2;192;181;196m▀[0m[38;2;0;0;0m[48;2;71;68;73m▀[0m[38;2;0;0;0m[48;2;0;0;0m▀[0m[38;2;0;0;0m[48;2;0;0;0m▀[0m[38;2;0;0;0m[48;2;0;0;0m▀[0m[38;2;1;4;0m[48;2;0;0;0m▀[0m[38;2;0;3;0m[48;2;2;1;0m▀[0m[38;2;0;2;0m[48;2;0;3;2m▀[0m[38;2;0;3;0m[48;2;0;3;2m▀[0m
[38;2;0;2;0m[48;2;2;0;3m▀[0m[38;2;0;0;0m[48;2;0;0;0m▀[0m[38;2;0;0;0m[48;2;0;0;0m▀[0m[38;2;0;0;0m[48;2;0;0;0m▀[0m[38;2;0;0;0m[48;2;92;92;93m▀[0m[38;2;125;121;131m[48;2;253;234;245m▀[0m[38;2;255;240;255m[48;2;0;0;0m▀[0m[38;2;18;12;16m[48;2;113;97;109m▀[0m[38;2;17;12;16m[48;2;185;157;168m▀[0m[38;2;28;27;28m[48;2;200;172;179m▀[0m[38;2;133;113;121m[48;2;81;68;76m▀[0m[38;2;69;61;66m[48;2;219;185;194m▀[0m[38;2;148;130;137m[48;2;246;203;219m▀[0m[38;2;139;116;127m[48;2;0;0;0m▀[0m[38;2;41;38;41m[48;2;158;135;143m▀[0m[38;2;215;187;197m[48;2;223;190;198m▀[0m[38;2;156;134;144m[48;2;219;185;195m▀[0m[38;2;133;115;130m[48;2;170;147;158m▀[0m[38;2;200;171;181m[48;2;0;0;0m▀[0m[38;2;146;125;133m[48;2;0;0;0m▀[0m[38;2;72;63;67m[48;2;138;118;127m▀[0m[38;2;140;120;128m[48;2;165;139;150m▀[0m[38;2;47;38;42m[48;2;92;77;84m▀[0m[38;2;54;50;55m[48;2;0;0;0m▀[0m[38;2;55;46;53m[48;2;84;69;80m▀[0m[38;2;0;0;0m[48;2;0;0;0m▀[0m[38;2;116;116;114m[48;2;2;0;3m▀[0m[38;2;255;255;255m[48;2;110;100;109m▀[0m[38;2;247;243;250m[48;2;223;215;223m▀[0m[38;2;152;143;150m[48;2;249;251;254m▀[0m[38;2;0;0;0m[48;2;193;181;193m▀[0m[38;2;0;0;0m[48;2;0;0;0m▀[0m[38;2;0;0;0m[48;2;0;0;0m▀[0m[38;2;0;0;0m[48;2;0;0;0m▀[0m[38;2;0;1;0m[48;2;0;0;0m▀[0m[38;2;0;3;2m[48;2;0;3;0m▀[0m
[38;2;7;10;9m[48;2;0;0;0m▀[0m[38;2;0;0;0m[48;2;0;0;0m▀[0m[38;2;0;0;0m[48;2;0;0;0m▀[0m[38;2;30;28;32m[48;2;255;255;255m▀[0m[38;2;255;243;255m[48;2;65;50;62m▀[0m[38;2;0;0;0m[48;2;160;142;152m▀[0m[38;2;143;119;127m[48;2;223;185;194m▀[0m[38;2;231;200;209m[48;2;252;205;214m▀[0m[38;2;255;228;237m[48;2;242;200;212m▀[0m[38;2;109;92;99m[48;2;255;213;222m▀[0m[38;2;255;229;235m[48;2;236;203;210m▀[0m[38;2;255;255;255m[48;2;197;189;195m▀[0m[38;2;59;51;55m[48;2;9;4;7m▀[0m[38;2;59;53;58m[48;2;221;193;205m▀[0m[38;2;255;236;242m[48;2;244;207;217m▀[0m[38;2;233;198;202m[48;2;184;155;162m▀[0m[38;2;192;164;171m[48;2;173;157;163m▀[0m[38;2;13;9;11m[48;2;87;78;83m▀[0m[38;2;0;0;0m[48;2;0;0;0m▀[0m[38;2;87;71;79m[48;2;159;127;141m▀[0m[38;2;162;137;150m[48;2;255;228;241m▀[0m[38;2;73;62;67m[48;2;255;223;235m▀[0m[38;2;152;130;139m[48;2;101;93;99m▀[0m[38;2;202;174;187m[48;2;0;0;0m▀[0m[38;2;138;123;131m[48;2;0;0;0m▀[0m[38;2;54;45;52m[48;2;71;62;69m▀[0m[38;2;134;113;128m[48;2;117;100;108m▀[0m[38;2;25;16;19m[48;2;0;0;0m▀[0m[38;2;112;89;99m[48;2;0;0;0m▀[0m[38;2;255;237;248m[48;2;79;64;68m▀[0m[38;2;255;255;255m[48;2;255;238;248m▀[0m[38;2;235;222;230m[48;2;255;248;251m▀[0m[38;2;0;0;0m[48;2;223;213;217m▀[0m[38;2;0;0;0m[48;2;0;0;0m▀[0m[38;2;0;0;0m[48;2;0;0;0m▀[0m[38;2;0;0;0m[48;2;0;0;0m▀[0m
[38;2;0;0;0m[48;2;0;0;0m▀[0m[38;2;0;0;0m[48;2;0;0;0m▀[0m[38;2;171;163;171m[48;2;255;255;255m▀[0m[38;2;211;188;205m[48;2;151;138;140m▀[0m[38;2;95;75;84m[48;2;162;133;141m▀[0m[38;2;224;202;211m[48;2;218;207;208m▀[0m[38;2;255;255;255m[48;2;255;255;255m▀[0m[38;2;255;255;255m[48;2;255;255;255m▀[0m[38;2;255;252;255m[48;2;236;243;243m▀[0m[38;2;204;178;186m[48;2;194;186;191m▀[0m[38;2;186;176;180m[48;2;219;211;216m▀[0m[38;2;101;92;99m[48;2;53;44;49m▀[0m[38;2;79;64;72m[48;2;224;219;225m▀[0m[38;2;255;255;255m[48;2;251;255;254m▀[0m[38;2;189;179;183m[48;2;224;233;232m▀[0m[38;2;240;229;229m[48;2;255;255;255m▀[0m[38;2;255;255;255m[48;2;255;252;255m▀[0m[38;2;45;42;46m[48;2;0;0;0m▀[0m[38;2;4;0;1m[48;2;191;180;187m▀[0m[38;2;255;255;255m[48;2;255;255;255m▀[0m[38;2;255;255;255m[48;2;0;0;0m▀[0m[38;2;0;0;0m[48;2;0;0;0m▀[0m[38;2;0;0;0m[48;2;72;62;68m▀[0m[38;2;0;0;0m[48;2;220;190;196m▀[0m[38;2;122;99;104m[48;2;239;204;207m▀[0m[38;2;178;148;159m[48;2;255;227;235m▀[0m[38;2;227;193;203m[48;2;255;235;245m▀[0m[38;2;49;33;39m[48;2;226;195;202m▀[0m[38;2;0;0;0m[48;2;0;0;0m▀[0m[38;2;0;0;0m[48;2;0;0;0m▀[0m[38;2;151;130;137m[48;2;0;0;0m▀[0m[38;2;235;205;213m[48;2;247;224;232m▀[0m[38;2;255;251;255m[48;2;191;158;167m▀[0m[38;2;126;116;122m[48;2;255;255;255m▀[0m[38;2;0;0;0m[48;2;0;0;0m▀[0m[38;2;0;0;0m[48;2;0;0;0m▀[0m
[38;2;0;0;0m[48;2;0;0;0m▀[0m[38;2;115;113;120m[48;2;206;198;202m▀[0m[38;2;255;255;255m[48;2;229;211;219m▀[0m[38;2;120;112;116m[48;2;21;14;25m▀[0m[38;2;146;129;135m[48;2;179;149;157m▀[0m[38;2;255;222;231m[48;2;255;221;232m▀[0m[38;2;253;213;222m[48;2;245;211;215m▀[0m[38;2;246;215;220m[48;2;165;141;145m▀[0m[38;2;163;145;149m[48;2;138;108;120m▀[0m[38;2;243;225;233m[48;2;197;169;179m▀[0m[38;2;175;174;174m[48;2;94;78;85m▀[0m[38;2;70;61;65m[48;2;163;163;165m▀[0m[38;2;255;255;255m[48;2;255;255;255m▀[0m[38;2;160;169;165m[48;2;144;128;134m▀[0m[38;2;255;255;255m[48;2;255;239;249m▀[0m[38;2;255;255;255m[48;2;255;255;255m▀[0m[38;2;130;139;135m[48;2;0;6;1m▀[0m[38;2;0;0;0m[48;2;51;40;45m▀[0m[38;2;255;255;255m[48;2;112;103;108m▀[0m[38;2;2;8;6m[48;2;0;0;0m▀[0m[38;2;0;0;0m[48;2;0;0;0m▀[0m[38;2;22;19;22m[48;2;11;10;11m▀[0m[38;2;222;191;198m[48;2;246;211;217m▀[0m[38;2;255;255;255m[48;2;255;255;255m▀[0m[38;2;243;215;221m[48;2;250;237;239m▀[0m[38;2;214;180;188m[48;2;198;167;172m▀[0m[38;2;218;190;198m[48;2;210;184;189m▀[0m[38;2;255;226;234m[48;2;217;189;196m▀[0m[38;2;188;165;173m[48;2;233;203;214m▀[0m[38;2;149;119;128m[48;2;173;149;158m▀[0m[38;2;0;0;0m[48;2;118;88;92m▀[0m[38;2;50;55;56m[48;2;0;0;0m▀[0m[38;2;255;229;235m[48;2;255;255;255m▀[0m[38;2;227;198;209m[48;2;194;166;173m▀[0m[38;2;154;151;159m[48;2;255;245;254m▀[0m[38;2;0;0;0m[48;2;0;0;0m▀[0m
[38;2;0;0;0m[48;2;29;31;34m▀[0m[38;2;238;212;229m[48;2;215;189;205m▀[0m[38;2;168;148;158m[48;2;72;64;69m▀[0m[38;2;0;0;0m[48;2;14;13;10m▀[0m[38;2;234;204;208m[48;2;255;226;230m▀[0m[38;2;244;211;215m[48;2;255;219;228m▀[0m[38;2;252;219;226m[48;2;172;151;158m▀[0m[38;2;71;61;65m[48;2;30;22;26m▀[0m[38;2;172;144;154m[48;2;255;228;239m▀[0m[38;2;192;174;183m[48;2;125;109;121m▀[0m[38;2;79;64;71m[48;2;108;90;99m▀[0m[38;2;230;201;213m[48;2;226;190;202m▀[0m[38;2;163;138;149m[48;2;106;90;98m▀[0m[38;2;165;134;142m[48;2;223;193;199m▀[0m[38;2;238;199;205m[48;2;223;192;200m▀[0m[38;2;240;218;223m[48;2;211;198;202m▀[0m[38;2;0;0;0m[48;2;0;0;0m▀[0m[38;2;72;66;72m[48;2;19;11;19m▀[0m[38;2;0;0;0m[48;2;138;117;124m▀[0m[38;2;117;100;104m[48;2;223;192;200m▀[0m[38;2;196;165;173m[48;2;218;189;195m▀[0m[38;2;175;154;154m[48;2;173;152;156m▀[0m[38;2;230;199;204m[48;2;225;196;203m▀[0m[38;2;253;224;235m[48;2;199;175;179m▀[0m[38;2;208;182;186m[48;2;203;179;183m▀[0m[38;2;200;172;175m[48;2;204;178;182m▀[0m[38;2;204;178;182m[48;2;205;179;184m▀[0m[38;2;206;180;188m[48;2;206;178;184m▀[0m[38;2;232;203;206m[48;2;217;193;191m▀[0m[38;2;180;159;163m[48;2;199;182;184m▀[0m[38;2;185;146;156m[48;2;192;163;169m▀[0m[38;2;0;0;0m[48;2;68;40;44m▀[0m[38;2;188;206;201m[48;2;65;81;73m▀[0m[38;2;255;250;255m[48;2;255;255;255m▀[0m[38;2;216;194;204m[48;2;159;133;144m▀[0m[38;2;128;130;132m[48;2;236;239;242m▀[0m
[38;2;37;37;39m[48;2;167;164;169m▀[0m[38;2;174;154;159m[48;2;164;151;151m▀[0m[38;2;3;1;5m[48;2;0;0;0m▀[0m[38;2;85;75;77m[48;2;118;98;103m▀[0m[38;2;223;191;204m[48;2;202;173;184m▀[0m[38;2;255;235;246m[48;2;218;189;196m▀[0m[38;2;22;18;20m[48;2;0;0;0m▀[0m[38;2;135;113;123m[48;2;250;215;227m▀[0m[38;2;215;189;196m[48;2;30;31;28m▀[0m[38;2;36;32;36m[48;2;34;30;34m▀[0m[38;2;169;144;157m[48;2;199;170;181m▀[0m[38;2;147;128;131m[48;2;95;79;86m▀[0m[38;2;78;65;70m[48;2;99;83;89m▀[0m[38;2;255;229;229m[48;2;255;238;238m▀[0m[38;2;217;185;197m[48;2;223;193;207m▀[0m[38;2;173;165;169m[48;2;100;104;101m▀[0m[38;2;0;0;0m[48;2;0;0;0m▀[0m[38;2;119;102;106m[48;2;161;138;146m▀[0m[38;2;240;207;214m[48;2;186;158;164m▀[0m[38;2;203;175;183m[48;2;153;132;137m▀[0m[38;2;251;223;231m[48;2;159;137;141m▀[0m[38;2;238;208;216m[48;2;134;117;125m▀[0m[38;2;233;207;208m[48;2;199;175;181m▀[0m[38;2;217;188;194m[48;2;255;230;238m▀[0m[38;2;209;185;187m[48;2;255;234;240m▀[0m[38;2;207;183;185m[48;2;229;201;205m▀[0m[38;2;205;179;186m[48;2;212;186;190m▀[0m[38;2;203;179;183m[48;2;208;182;186m▀[0m[38;2;211;189;188m[48;2;210;186;187m▀[0m[38;2;206;187;189m[48;2;205;179;187m▀[0m[38;2;175;154;157m[48;2;75;66;70m▀[0m[38;2;155;126;134m[48;2;191;162;172m▀[0m[38;2;0;4;1m[48;2;0;0;0m▀[0m[38;2;255;255;255m[48;2;221;215;221m▀[0m[38;2;176;155;166m[48;2;199;168;179m▀[0m[38;2;170;168;171m[48;2;185;180;188m▀[0m
[38;2;255;252;255m[48;2;0;0;0m▀[0m[38;2;255;255;255m[48;2;115;89;100m▀[0m[38;2;127;131;133m[48;2;255;255;255m▀[0m[38;2;14;22;20m[48;2;255;255;255m▀[0m[38;2;86;73;77m[48;2;189;184;190m▀[0m[38;2;105;85;93m[48;2;0;0;0m▀[0m[38;2;65;56;61m[48;2;0;0;0m▀[0m[38;2;68;59;63m[48;2;73;65;68m▀[0m[38;2;24;20;22m[48;2;168;148;153m▀[0m[38;2;121;106;115m[48;2;82;74;77m▀[0m[38;2;172;152;157m[48;2;160;142;149m▀[0m[38;2;51;47;49m[48;2;20;22;24m▀[0m[38;2;133;116;122m[48;2;175;152;154m▀[0m[38;2;255;244;246m[48;2;255;244;245m▀[0m[38;2;224;196;208m[48;2;201;175;187m▀[0m[38;2;43;51;49m[48;2;70;72;73m▀[0m[38;2;73;55;64m[48;2;145;122;131m▀[0m[38;2;207;183;191m[48;2;237;203;211m▀[0m[38;2;211;187;196m[48;2;224;194;201m▀[0m[38;2;205;175;183m[48;2;255;226;229m▀[0m[38;2;213;183;191m[48;2;255;228;233m▀[0m[38;2;121;101;111m[48;2;243;209;217m▀[0m[38;2;0;0;0m[48;2;198;163;168m▀[0m[38;2;0;0;0m[48;2;18;13;9m▀[0m[38;2;106;97;101m[48;2;0;0;0m▀[0m[38;2;238;209;216m[48;2;0;0;0m▀[0m[38;2;236;212;216m[48;2;170;151;154m▀[0m[38;2;211;187;192m[48;2;226;203;203m▀[0m[38;2;209;182;183m[48;2;204;180;182m▀[0m[38;2;209;185;186m[48;2;204;183;180m▀[0m[38;2;163;146;150m[48;2;255;226;229m▀[0m[38;2;169;145;154m[48;2;133;116;120m▀[0m[38;2;0;0;0m[48;2;8;0;5m▀[0m[38;2;155;159;159m[48;2;89;96;97m▀[0m[38;2;236;201;210m[48;2;255;235;246m▀[0m[38;2;179;163;170m[48;2;165;149;155m▀[0m
[38;2;7;2;1m[48;2;202;171;180m▀[0m[38;2;30;9;14m[48;2;167;124;136m▀[0m[38;2;0;0;0m[48;2;60;46;47m▀[0m[38;2;137;114;120m[48;2;0;0;0m▀[0m[38;2;255;255;255m[48;2;0;0;0m▀[0m[38;2;255;255;255m[48;2;186;153;164m▀[0m[38;2;122;127;127m[48;2;255;255;255m▀[0m[38;2;70;62;66m[48;2;227;219;227m▀[0m[38;2;0;0;0m[48;2;0;0;0m▀[0m[38;2;118;102;110m[48;2;135;118;128m▀[0m[38;2;126;110;112m[48;2;65;57;58m▀[0m[38;2;9;9;11m[48;2;0;0;0m▀[0m[38;2;210;181;187m[48;2;230;204;206m▀[0m[38;2;255;245;247m[48;2;255;235;240m▀[0m[38;2;165;144;153m[48;2;160;139;149m▀[0m[38;2;43;46;47m[48;2;0;0;0m▀[0m[38;2;27;23;27m[48;2;0;0;0m▀[0m[38;2;51;41;43m[48;2;0;0;0m▀[0m[38;2;101;81;90m[48;2;0;0;0m▀[0m[38;2;191;160;171m[48;2;0;0;0m▀[0m[38;2;255;221;231m[48;2;0;0;0m▀[0m[38;2;169;136;147m[48;2;18;14;22m▀[0m[38;2;107;84;86m[48;2;135;111;132m▀[0m[38;2;141;112;118m[48;2;36;27;32m▀[0m[38;2;151;121;130m[48;2;114;86;94m▀[0m[38;2;19;6;10m[48;2;174;143;150m▀[0m[38;2;77;64;68m[48;2;222;193;199m▀[0m[38;2;229;206;208m[48;2;216;193;195m▀[0m[38;2;204;180;184m[48;2;210;186;186m▀[0m[38;2;210;186;186m[48;2;212;188;189m▀[0m[38;2;212;189;186m[48;2;250;222;228m▀[0m[38;2;250;219;223m[48;2;255;255;255m▀[0m[38;2;132;114;121m[48;2;134;114;119m▀[0m[38;2;34;37;37m[48;2;4;1;4m▀[0m[38;2;255;246;252m[48;2;255;241;245m▀[0m[38;2;163;144;158m[48;2;167;146;155m▀[0m
[38;2;255;246;255m[48;2;137;119;126m▀[0m[38;2;212;175;185m[48;2;255;229;242m▀[0m[38;2;236;198;207m[48;2;255;232;240m▀[0m[38;2;61;45;51m[48;2;201;175;180m▀[0m[38;2;150;116;125m[48;2;176;141;149m▀[0m[38;2;68;46;55m[48;2;181;143;152m▀[0m[38;2;77;67;67m[48;2;0;0;0m▀[0m[38;2;255;255;255m[48;2;116;105;109m▀[0m[38;2;215;185;191m[48;2;250;217;222m▀[0m[38;2;143;123;132m[48;2;161;138;144m▀[0m[38;2;35;30;34m[48;2;0;0;0m▀[0m[38;2;51;45;49m[48;2;147;129;133m▀[0m[38;2;253;223;229m[48;2;255;255;255m▀[0m[38;2;249;218;226m[48;2;221;193;201m▀[0m[38;2;173;153;162m[48;2;171;149;159m▀[0m[38;2;0;0;0m[48;2;65;56;63m▀[0m[38;2;0;0;0m[48;2;94;78;81m▀[0m[38;2;39;31;36m[48;2;0;0;0m▀[0m[38;2;109;101;106m[48;2;129;112;119m▀[0m[38;2;9;14;11m[48;2;213;192;206m▀[0m[38;2;3;1;4m[48;2;196;169;190m▀[0m[38;2;0;0;0m[48;2;255;255;255m▀[0m[38;2;0;0;0m[48;2;5;0;2m▀[0m[38;2;113;88;103m[48;2;144;119;131m▀[0m[38;2;149;125;127m[48;2;251;223;229m▀[0m[38;2;218;196;197m[48;2;218;195;196m▀[0m[38;2;226;200;202m[48;2;209;187;187m▀[0m[38;2;213;189;191m[48;2;216;193;192m▀[0m[38;2;216;194;194m[48;2;254;225;231m▀[0m[38;2;255;235;239m[48;2;95;85;89m▀[0m[38;2;138;122;128m[48;2;0;0;0m▀[0m[38;2;0;0;0m[48;2;84;64;69m▀[0m[38;2;0;0;0m[48;2;96;78;83m▀[0m[38;2;3;1;4m[48;2;22;25;27m▀[0m[38;2;255;231;238m[48;2;242;207;220m▀[0m[38;2;169;144;157m[48;2;184;158;168m▀[0m
[38;2;0;0;0m[48;2;0;0;0m▀[0m[38;2;169;146;154m[48;2;0;0;0m▀[0m[38;2;255;234;242m[48;2;210;179;188m▀[0m[38;2;241;208;213m[48;2;255;254;255m▀[0m[38;2;137;107;109m[48;2;204;170;178m▀[0m[38;2;112;90;93m[48;2;93;65;71m▀[0m[38;2;0;0;0m[48;2;0;0;0m▀[0m[38;2;123;113;114m[48;2;205;179;190m▀[0m[38;2;229;207;210m[48;2;200;172;183m▀[0m[38;2;158;141;147m[48;2;142;126;132m▀[0m[38;2;0;1;2m[48;2;54;46;51m▀[0m[38;2;172;152;155m[48;2;223;190;195m▀[0m[38;2;255;226;233m[48;2;244;213;220m▀[0m[38;2;168;146;149m[48;2;132;115;121m▀[0m[38;2;183;154;165m[48;2;160;137;147m▀[0m[38;2;51;45;49m[48;2;37;28;35m▀[0m[38;2;146;126;131m[48;2;153;135;142m▀[0m[38;2;206;180;182m[48;2;189;175;176m▀[0m[38;2;208;168;175m[48;2;227;199;202m▀[0m[38;2;209;171;177m[48;2;242;208;213m▀[0m[38;2;180;149;157m[48;2;226;193;200m▀[0m[38;2;240;218;224m[48;2;203;174;180m▀[0m[38;2;251;223;231m[48;2;214;191;192m▀[0m[38;2;251;223;234m[48;2;213;193;193m▀[0m[38;2;215;187;191m[48;2;200;177;181m▀[0m[38;2;206;183;184m[48;2;199;177;180m▀[0m[38;2;204;181;181m[48;2;205;182;182m▀[0m[38;2;245;218;216m[48;2;235;204;209m▀[0m[38;2;115;100;107m[48;2;0;0;0m▀[0m[38;2;0;0;0m[48;2;0;0;0m▀[0m[38;2;122;99;109m[48;2;0;0;0m▀[0m[38;2;167;136;147m[48;2;18;14;17m▀[0m[38;2;92;75;81m[48;2;5;8;8m▀[0m[38;2;47;49;54m[48;2;75;73;81m▀[0m[38;2;214;181;192m[48;2;194;166;174m▀[0m[38;2;189;163;171m[48;2;193;163;175m▀[0m
[38;2;40;37;45m[48;2;32;26;34m▀[0m[38;2;0;0;0m[48;2;0;0;0m▀[0m[38;2;0;0;0m[48;2;0;0;0m▀[0m[38;2;219;184;197m[48;2;0;0;0m▀[0m[38;2;255;255;255m[48;2;223;194;201m▀[0m[38;2;255;255;255m[48;2;255;255;255m▀[0m[38;2;127;99;109m[48;2;255;229;240m▀[0m[38;2;0;0;0m[48;2;197;173;177m▀[0m[38;2;177;148;158m[48;2;150;126;132m▀[0m[38;2;151;133;140m[48;2;162;142;149m▀[0m[38;2;91;82;86m[48;2;146;126;133m▀[0m[38;2;240;207;215m[48;2;237;204;215m▀[0m[38;2;243;214;218m[48;2;244;215;219m▀[0m[38;2;97;89;92m[48;2;70;62;67m▀[0m[38;2;146;126;133m[48;2;132;112;119m▀[0m[38;2;57;47;53m[48;2;118;105;107m▀[0m[38;2;182;160;163m[48;2;196;172;174m▀[0m[38;2;167;146;143m[48;2;179;159;160m▀[0m[38;2;204;178;182m[48;2;206;182;187m▀[0m[38;2;215;191;193m[48;2;208;184;185m▀[0m[38;2;204;182;185m[48;2;202;178;182m▀[0m[38;2;206;184;185m[48;2;205;179;183m▀[0m[38;2;201;178;179m[48;2;201;178;180m▀[0m[38;2;201;177;181m[48;2;201;177;179m▀[0m[38;2;201;177;179m[48;2;201;177;181m▀[0m[38;2;194;171;175m[48;2;198;175;177m▀[0m[38;2;215;196;196m[48;2;202;179;178m▀[0m[38;2;255;249;255m[48;2;231;208;209m▀[0m[38;2;97;86;90m[48;2;255;243;252m▀[0m[38;2;114;94;98m[48;2;189;165;171m▀[0m[38;2;159;136;147m[48;2;116;99;103m▀[0m[38;2;0;0;0m[48;2;0;0;0m▀[0m[38;2;39;31;36m[48;2;43;38;41m▀[0m[38;2;85;80;85m[48;2;98;89;95m▀[0m[38;2;178;156;162m[48;2;171;154;161m▀[0m[38;2;189;161;168m[48;2;187;159;166m▀[0m
