[38;2;219;220;220m[48;2;182;182;182m▀[0m[38;2;0;0;0m[48;2;0;0;0m▀[0m[38;2;0;0;0m[48;2;0;0;0m▀[0m[38;2;0;0;0m[48;2;0;0;0m▀[0m[38;2;8;8;8m[48;2;28;29;28m▀[0m[38;2;50;55;54m[48;2;60;62;62m▀[0m[38;2;97;98;97m[48;2;77;79;74m▀[0m[38;2;97;97;94m[48;2;75;75;74m▀[0m[38;2;92;92;88m[48;2;77;77;75m▀[0m[38;2;96;96;95m[48;2;75;80;79m▀[0m[38;2;102;102;101m[48;2;75;75;74m▀[0m[38;2;98;97;101m[48;2;73;73;73m▀[0m[38;2;102;101;98m[48;2;57;56;57m▀[0m[38;2;105;105;103m[48;2;44;44;46m▀[0m[38;2;106;106;104m[48;2;48;47;47m▀[0m[38;2;105;106;105m[48;2;67;65;67m▀[0m[38;2;108;108;106m[48;2;88;86;87m▀[0m[38;2;108;108;106m[48;2;97;98;96m▀[0m[38;2;113;113;112m[48;2;46;44;44m▀[0m[38;2;90;90;92m[48;2;158;161;162m▀[0m[38;2;81;83;83m[48;2;225;227;225m▀[0m[38;2;181;180;180m[48;2;251;251;251m▀[0m[38;2;241;241;241m[48;2;255;255;255m▀[0m[38;2;164;165;165m[48;2;109;108;108m▀[0m[38;2;223;224;225m[48;2;255;255;255m▀[0m[38;2;83;82;83m[48;2;255;255;255m▀[0m[38;2;62;62;60m[48;2;74;74;73m▀[0m[38;2;87;88;87m[48;2;64;63;62m▀[0m[38;2;87;87;86m[48;2;80;80;75m▀[0m[38;2;93;93;90m[48;2;79;79;79m▀[0m[38;2;96;96;95m[48;2;82;85;83m▀[0m[38;2;60;60;62m[48;2;71;71;72m▀[0m[38;2;1;1;1m[48;2;11;9;9m▀[0m[38;2;0;0;0m[48;2;26;27;27m▀[0m[38;2;0;0;0m[48;2;1;2;2m▀[0m[38;2;0;1;1m[48;2;0;0;0m▀[0m
[38;2;178;179;179m[48;2;125;127;127m▀[0m[38;2;0;0;0m[48;2;0;0;0m▀[0m[38;2;0;0;0m[48;2;0;0;0m▀[0m[38;2;0;0;0m[48;2;4;4;4m▀[0m[38;2;31;31;31m[48;2;37;33;33m▀[0m[38;2;58;59;59m[48;2;52;52;51m▀[0m[38;2;64;65;63m[48;2;58;56;56m▀[0m[38;2;63;62;62m[48;2;57;56;56m▀[0m[38;2;63;60;59m[48;2;49;47;49m▀[0m[38;2;55;55;55m[48;2;32;31;35m▀[0m[38;2;44;44;49m[48;2;5;8;17m▀[0m[38;2;17;18;25m[48;2;179;184;202m▀[0m[38;2;67;70;75m[48;2;255;255;255m▀[0m[38;2;129;134;147m[48;2;255;255;255m▀[0m[38;2;117;119;135m[48;2;255;255;255m▀[0m[38;2;50;51;59m[48;2;255;255;255m▀[0m[38;2;14;13;19m[48;2;223;234;255m▀[0m[38;2;50;50;54m[48;2;12;17;39m▀[0m[38;2;88;88;92m[48;2;50;54;63m▀[0m[38;2;255;255;255m[48;2;150;154;155m▀[0m[38;2;14;14;17m[48;2;54;54;55m▀[0m[38;2;0;0;0m[48;2;0;0;0m▀[0m[38;2;0;0;0m[48;2;0;0;0m▀[0m[38;2;125;124;124m[48;2;143;143;146m▀[0m[38;2;133;135;133m[48;2;0;0;0m▀[0m[38;2;255;255;255m[48;2;51;54;54m▀[0m[38;2;221;224;224m[48;2;179;181;184m▀[0m[38;2;27;26;27m[48;2;79;79;79m▀[0m[38;2;69;69;66m[48;2;51;49;49m▀[0m[38;2;69;67;67m[48;2;63;63;62m▀[0m[38;2;72;72;71m[48;2;60;60;59m▀[0m[38;2;71;73;71m[48;2;62;62;59m▀[0m[38;2;31;29;29m[48;2;41;39;39m▀[0m[38;2;0;0;0m[48;2;0;0;0m▀[0m[38;2;0;0;0m[48;2;0;0;0m▀[0m[38;2;0;0;0m[48;2;1;0;0m▀[0m
[38;2;23;23;24m[48;2;2;2;3m▀[0m[38;2;0;0;0m[48;2;0;0;0m▀[0m[38;2;0;0;0m[48;2;0;0;0m▀[0m[38;2;19;19;14m[48;2;19;19;19m▀[0m[38;2;29;28;28m[48;2;63;65;65m▀[0m[38;2;39;37;37m[48;2;36;36;36m▀[0m[38;2;43;43;43m[48;2;34;32;32m▀[0m[38;2;40;40;39m[48;2;28;29;31m▀[0m[38;2;35;34;37m[48;2;0;0;0m▀[0m[38;2;0;0;0m[48;2;52;59;81m▀[0m[38;2;128;135;163m[48;2;255;255;255m▀[0m[38;2;255;255;255m[48;2;255;255;186m▀[0m[38;2;255;255;255m[48;2;255;255;79m▀[0m[38;2;255;255;135m[48;2;198;177;62m▀[0m[38;2;255;249;113m[48;2;255;255;86m▀[0m[38;2;255;251;210m[48;2;254;216;65m▀[0m[38;2;255;255;255m[48;2;255;251;93m▀[0m[38;2;255;255;246m[48;2;255;255;158m▀[0m[38;2;0;0;0m[48;2;0;0;0m▀[0m[38;2;0;0;0m[48;2;0;0;0m▀[0m[38;2;112;116;118m[48;2;82;83;83m▀[0m[38;2;35;35;36m[48;2;167;167;166m▀[0m[38;2;43;43;43m[48;2;125;127;127m▀[0m[38;2;113;112;112m[48;2;135;134;134m▀[0m[38;2;0;0;0m[48;2;150;152;151m▀[0m[38;2;0;0;0m[48;2;70;72;72m▀[0m[38;2;158;159;161m[48;2;0;0;0m▀[0m[38;2;95;95;95m[48;2;25;25;24m▀[0m[38;2;43;43;41m[48;2;50;50;50m▀[0m[38;2;54;54;52m[48;2;46;44;43m▀[0m[38;2;49;49;48m[48;2;43;43;42m▀[0m[38;2;50;50;50m[48;2;36;36;36m▀[0m[38;2;29;29;29m[48;2;93;93;95m▀[0m[38;2;6;6;6m[48;2;27;24;24m▀[0m[38;2;0;0;0m[48;2;0;0;0m▀[0m[38;2;0;0;0m[48;2;0;0;0m▀[0m
[38;2;0;0;0m[48;2;80;80;80m▀[0m[38;2;0;0;0m[48;2;0;0;0m▀[0m[38;2;4;4;2m[48;2;13;13;13m▀[0m[38;2;19;19;19m[48;2;20;20;20m▀[0m[38;2;77;77;77m[48;2;13;14;16m▀[0m[38;2;32;32;32m[48;2;24;25;24m▀[0m[38;2;23;25;24m[48;2;19;19;18m▀[0m[38;2;20;21;23m[48;2;1;2;5m▀[0m[38;2;0;0;0m[48;2;0;0;0m▀[0m[38;2;208;219;251m[48;2;255;255;255m▀[0m[38;2;255;255;255m[48;2;255;255;177m▀[0m[38;2;255;250;78m[48;2;255;243;101m▀[0m[38;2;255;255;116m[48;2;255;220;93m▀[0m[38;2;217;198;119m[48;2;220;203;95m▀[0m[38;2;255;255;255m[48;2;207;219;255m▀[0m[38;2;239;213;125m[48;2;119;129;187m▀[0m[38;2;243;219;87m[48;2;105;97;65m▀[0m[38;2;182;159;77m[48;2;255;255;178m▀[0m[38;2;35;37;60m[48;2;0;0;40m▀[0m[38;2;0;0;0m[48;2;4;4;12m▀[0m[38;2;0;0;0m[48;2;0;0;0m▀[0m[38;2;0;0;0m[48;2;0;0;0m▀[0m[38;2;8;8;10m[48;2;0;0;0m▀[0m[38;2;12;11;13m[48;2;0;0;0m▀[0m[38;2;42;42;42m[48;2;0;0;0m▀[0m[38;2;75;78;78m[48;2;0;0;0m▀[0m[38;2;0;0;0m[48;2;56;58;58m▀[0m[38;2;42;42;42m[48;2;60;63;64m▀[0m[38;2;41;41;41m[48;2;23;23;23m▀[0m[38;2;39;39;37m[48;2;33;32;32m▀[0m[38;2;35;35;35m[48;2;29;29;29m▀[0m[38;2;31;27;31m[48;2;28;28;28m▀[0m[38;2;73;75;75m[48;2;21;21;21m▀[0m[38;2;29;28;31m[48;2;20;20;20m▀[0m[38;2;0;1;0m[48;2;10;10;10m▀[0m[38;2;0;0;0m[48;2;0;0;0m▀[0m
[38;2;42;44;44m[48;2;0;0;0m▀[0m[38;2;0;0;0m[48;2;2;1;0m▀[0m[38;2;16;16;16m[48;2;20;20;20m▀[0m[38;2;19;19;19m[48;2;13;13;13m▀[0m[38;2;19;19;19m[48;2;19;19;18m▀[0m[38;2;17;17;20m[48;2;6;5;4m▀[0m[38;2;11;11;13m[48;2;2;2;2m▀[0m[38;2;0;0;0m[48;2;0;0;0m▀[0m[38;2;0;0;4m[48;2;0;0;0m▀[0m[38;2;255;253;210m[48;2;219;204;138m▀[0m[38;2;255;255;140m[48;2;255;255;138m▀[0m[38;2;247;221;100m[48;2;233;208;102m▀[0m[38;2;223;195;71m[48;2;28;25;1m▀[0m[38;2;193;181;135m[48;2;110;118;148m▀[0m[38;2;163;174;211m[48;2;255;255;255m▀[0m[38;2;21;29;58m[48;2;255;255;255m▀[0m[38;2;147;149;158m[48;2;219;221;228m▀[0m[38;2;238;212;70m[48;2;255;230;70m▀[0m[38;2;65;70;92m[48;2;0;0;0m▀[0m[38;2;155;157;169m[48;2;31;36;56m▀[0m[38;2;0;0;1m[48;2;87;88;94m▀[0m[38;2;2;2;2m[48;2;121;125;125m▀[0m[38;2;126;127;127m[48;2;223;225;225m▀[0m[38;2;42;47;47m[48;2;16;17;17m▀[0m[38;2;0;0;0m[48;2;0;0;0m▀[0m[38;2;55;54;51m[48;2;21;24;21m▀[0m[38;2;71;73;71m[48;2;0;0;0m▀[0m[38;2;11;13;14m[48;2;0;0;0m▀[0m[38;2;17;17;16m[48;2;0;0;0m▀[0m[38;2;18;19;18m[48;2;1;1;1m▀[0m[38;2;20;25;20m[48;2;4;4;4m▀[0m[38;2;17;18;17m[48;2;18;19;18m▀[0m[38;2;20;20;20m[48;2;12;12;12m▀[0m[38;2;18;19;18m[48;2;6;5;5m▀[0m[38;2;11;12;11m[48;2;5;5;5m▀[0m[38;2;0;0;0m[48;2;0;0;0m▀[0m
[38;2;0;0;0m[48;2;16;16;16m▀[0m[38;2;3;5;3m[48;2;0;0;0m▀[0m[38;2;8;10;8m[48;2;0;0;0m▀[0m[38;2;0;1;0m[48;2;0;0;0m▀[0m[38;2;20;21;20m[48;2;0;0;0m▀[0m[38;2;0;0;0m[48;2;0;0;0m▀[0m[38;2;0;0;0m[48;2;29;32;35m▀[0m[38;2;0;0;0m[48;2;211;216;224m▀[0m[38;2;0;0;0m[48;2;255;255;255m▀[0m[38;2;241;219;133m[48;2;215;195;86m▀[0m[38;2;255;255;116m[48;2;161;139;51m▀[0m[38;2;80;66;17m[48;2;74;72;39m▀[0m[38;2;0;1;44m[48;2;98;109;142m▀[0m[38;2;196;202;216m[48;2;255;255;255m▀[0m[38;2;255;255;255m[48;2;255;255;255m▀[0m[38;2;253;255;255m[48;2;255;255;255m▀[0m[38;2;233;241;255m[48;2;255;255;255m▀[0m[38;2;255;255;139m[48;2;255;233;81m▀[0m[38;2;1;11;0m[48;2;123;52;0m▀[0m[38;2;0;0;19m[48;2;93;126;152m▀[0m[38;2;255;255;255m[48;2;87;93;98m▀[0m[38;2;0;0;0m[48;2;0;1;2m▀[0m[38;2;79;83;83m[48;2;0;0;0m▀[0m[38;2;0;0;0m[48;2;0;0;0m▀[0m[38;2;0;0;0m[48;2;73;64;65m▀[0m[38;2;217;221;221m[48;2;5;10;12m▀[0m[38;2;255;255;255m[48;2;152;157;155m▀[0m[38;2;173;172;173m[48;2;255;255;255m▀[0m[38;2;0;0;0m[48;2;255;255;255m▀[0m[38;2;0;0;0m[48;2;0;0;0m▀[0m[38;2;0;0;0m[48;2;0;0;0m▀[0m[38;2;0;0;0m[48;2;0;0;0m▀[0m[38;2;12;11;9m[48;2;0;0;0m▀[0m[38;2;0;0;0m[48;2;0;0;0m▀[0m[38;2;0;0;0m[48;2;0;0;0m▀[0m[38;2;0;0;0m[48;2;0;0;0m▀[0m
[38;2;116;116;118m[48;2;255;255;255m▀[0m[38;2;0;0;0m[48;2;52;52;55m▀[0m[38;2;0;0;0m[48;2;0;0;0m▀[0m[38;2;0;0;0m[48;2;0;0;0m▀[0m[38;2;0;0;0m[48;2;0;0;0m▀[0m[38;2;41;43;46m[48;2;187;189;190m▀[0m[38;2;231;233;238m[48;2;141;143;144m▀[0m[38;2;255;255;255m[48;2;204;211;230m▀[0m[38;2;255;255;255m[48;2;192;194;192m▀[0m[38;2;202;184;82m[48;2;208;178;41m▀[0m[38;2;85;80;75m[48;2;5;5;6m▀[0m[38;2;197;189;129m[48;2;158;147;75m▀[0m[38;2;9;12;19m[48;2;156;147;110m▀[0m[38;2;3;4;12m[48;2;40;43;65m▀[0m[38;2;139;140;144m[48;2;0;0;0m▀[0m[38;2;205;210;221m[48;2;0;0;0m▀[0m[38;2;75;85;89m[48;2;19;25;19m▀[0m[38;2;231;236;112m[48;2;182;205;148m▀[0m[38;2;255;26;27m[48;2;255;211;228m▀[0m[38;2;24;35;48m[48;2;116;0;0m▀[0m[38;2;161;239;243m[48;2;13;0;0m▀[0m[38;2;54;100;100m[48;2;123;0;0m▀[0m[38;2;0;0;0m[48;2;236;250;251m▀[0m[38;2;0;0;0m[48;2;144;124;125m▀[0m[38;2;39;46;48m[48;2;6;13;13m▀[0m[38;2;0;0;0m[48;2;8;9;9m▀[0m[38;2;0;0;0m[48;2;29;31;31m▀[0m[38;2;69;72;72m[48;2;60;60;60m▀[0m[38;2;194;197;196m[48;2;232;233;232m▀[0m[38;2;255;255;255m[48;2;255;255;255m▀[0m[38;2;255;255;255m[48;2;255;255;255m▀[0m[38;2;169;171;171m[48;2;255;255;255m▀[0m[38;2;0;0;0m[48;2;44;44;44m▀[0m[38;2;0;0;0m[48;2;140;140;142m▀[0m[38;2;87;89;89m[48;2;255;255;255m▀[0m[38;2;255;255;255m[48;2;255;255;255m▀[0m
[38;2;255;255;255m[48;2;255;255;255m▀[0m[38;2;255;255;255m[48;2;255;255;255m▀[0m[38;2;111;111;112m[48;2;255;255;255m▀[0m[38;2;0;0;0m[48;2;169;169;171m▀[0m[38;2;77;77;77m[48;2;18;17;18m▀[0m[38;2;118;120;120m[48;2;0;0;0m▀[0m[38;2;0;0;4m[48;2;0;0;0m▀[0m[38;2;223;230;251m[48;2;86;93;113m▀[0m[38;2;155;155;125m[48;2;85;82;39m▀[0m[38;2;232;194;24m[48;2;212;185;39m▀[0m[38;2;172;167;155m[48;2;228;232;242m▀[0m[38;2;246;246;226m[48;2;255;255;255m▀[0m[38;2;162;148;78m[48;2;173;174;177m▀[0m[38;2;159;165;173m[48;2;201;205;202m▀[0m[38;2;185;186;189m[48;2;255;255;255m▀[0m[38;2;180;186;197m[48;2;255;255;255m▀[0m[38;2;227;232;218m[48;2;255;255;246m▀[0m[38;2;201;202;152m[48;2;255;255;255m▀[0m[38;2;226;255;255m[48;2;255;255;255m▀[0m[38;2;255;203;194m[48;2;255;255;255m▀[0m[38;2;255;64;64m[48;2;255;255;255m▀[0m[38;2;255;200;198m[48;2;255;255;255m▀[0m[38;2;255;255;255m[48;2;255;255;255m▀[0m[38;2;255;255;255m[48;2;255;255;255m▀[0m[38;2;146;155;155m[48;2;243;208;207m▀[0m[38;2;246;248;248m[48;2;0;0;0m▀[0m[38;2;197;198;201m[48;2;36;39;39m▀[0m[38;2;36;39;39m[48;2;74;74;74m▀[0m[38;2;255;255;255m[48;2;203;204;202m▀[0m[38;2;203;204;202m[48;2;169;170;169m▀[0m[38;2;21;23;24m[48;2;0;0;0m▀[0m[38;2;12;13;12m[48;2;157;157;157m▀[0m[38;2;255;255;255m[48;2;255;255;255m▀[0m[38;2;255;255;255m[48;2;255;255;255m▀[0m[38;2;255;255;255m[48;2;244;244;242m▀[0m[38;2;255;255;255m[48;2;207;205;205m▀[0m
[38;2;212;215;211m[48;2;194;194;194m▀[0m[38;2;236;236;236m[48;2;175;178;177m▀[0m[38;2;255;255;255m[48;2;255;255;255m▀[0m[38;2;255;255;255m[48;2;254;253;254m▀[0m[38;2;238;236;238m[48;2;255;255;255m▀[0m[38;2;0;0;0m[48;2;202;202;202m▀[0m[38;2;0;0;0m[48;2;0;0;0m▀[0m[38;2;0;0;0m[48;2;0;0;0m▀[0m[38;2;73;66;8m[48;2;78;72;27m▀[0m[38;2;181;156;29m[48;2;181;164;23m▀[0m[38;2;171;178;203m[48;2;203;204;216m▀[0m[38;2;255;255;255m[48;2;255;255;255m▀[0m[38;2;162;165;175m[48;2;140;141;144m▀[0m[38;2;255;255;255m[48;2;223;223;225m▀[0m[38;2;255;255;255m[48;2;255;255;255m▀[0m[38;2;255;255;255m[48;2;255;255;255m▀[0m[38;2;239;201;189m[48;2;255;255;255m▀[0m[38;2;255;255;255m[48;2;255;255;255m▀[0m[38;2;255;255;255m[48;2;255;239;236m▀[0m[38;2;255;255;255m[48;2;255;255;255m▀[0m[38;2;255;255;255m[48;2;255;255;255m▀[0m[38;2;255;255;255m[48;2;194;201;201m▀[0m[38;2;185;200;203m[48;2;73;81;82m▀[0m[38;2;255;255;255m[48;2;255;255;255m▀[0m[38;2;255;255;255m[48;2;255;255;255m▀[0m[38;2;255;255;255m[48;2;255;255;255m▀[0m[38;2;241;242;242m[48;2;255;255;255m▀[0m[38;2;73;75;75m[48;2;87;88;88m▀[0m[38;2;0;0;0m[48;2;0;0;0m▀[0m[38;2;92;94;94m[48;2;60;60;62m▀[0m[38;2;242;242;242m[48;2;255;255;255m▀[0m[38;2;255;255;255m[48;2;243;244;243m▀[0m[38;2;253;253;250m[48;2;242;242;240m▀[0m[38;2;241;241;239m[48;2;254;254;251m▀[0m[38;2;255;255;255m[48;2;250;251;250m▀[0m[38;2;115;116;116m[48;2;146;147;146m▀[0m
[38;2;234;234;234m[48;2;255;255;255m▀[0m[38;2;164;165;164m[48;2;156;157;156m▀[0m[38;2;255;255;255m[48;2;236;235;234m▀[0m[38;2;248;247;248m[48;2;254;255;254m▀[0m[38;2;255;255;255m[48;2;248;249;249m▀[0m[38;2;255;255;255m[48;2;254;254;254m▀[0m[38;2;174;175;182m[48;2;255;255;255m▀[0m[38;2;78;85;98m[48;2;195;200;216m▀[0m[38;2;106;101;67m[48;2;41;36;0m▀[0m[38;2;213;189;37m[48;2;158;138;23m▀[0m[38;2;150;147;119m[48;2;77;69;28m▀[0m[38;2;255;255;255m[48;2;198;203;217m▀[0m[38;2;167;170;171m[48;2;255;255;255m▀[0m[38;2;225;228;230m[48;2;255;255;255m▀[0m[38;2;255;255;255m[48;2;255;255;255m▀[0m[38;2;255;255;255m[48;2;209;209;209m▀[0m[38;2;255;255;255m[48;2;255;255;255m▀[0m[38;2;255;255;255m[48;2;255;255;255m▀[0m[38;2;255;255;255m[48;2;255;255;255m▀[0m[38;2;255;255;255m[48;2;225;228;228m▀[0m[38;2;255;255;255m[48;2;254;254;255m▀[0m[38;2;255;255;255m[48;2;255;255;255m▀[0m[38;2;233;236;236m[48;2;255;255;255m▀[0m[38;2;234;238;238m[48;2;180;181;181m▀[0m[38;2;255;255;255m[48;2;97;100;100m▀[0m[38;2;255;255;255m[48;2;49;56;56m▀[0m[38;2;169;173;173m[48;2;0;0;0m▀[0m[38;2;0;0;0m[48;2;0;0;0m▀[0m[38;2;0;0;0m[48;2;255;255;255m▀[0m[38;2;255;255;255m[48;2;255;255;255m▀[0m[38;2;255;255;255m[48;2;244;247;242m▀[0m[38;2;242;244;242m[48;2;243;244;246m▀[0m[38;2;246;244;243m[48;2;246;246;243m▀[0m[38;2;255;255;255m[48;2;255;255;255m▀[0m[38;2;200;201;202m[48;2;131;132;133m▀[0m[38;2;155;156;155m[48;2;192;193;192m▀[0m
[38;2;255;255;255m[48;2;255;255;255m▀[0m[38;2;161;162;161m[48;2;179;180;179m▀[0m[38;2;189;189;188m[48;2;132;131;127m▀[0m[38;2;255;255;255m[48;2;255;255;255m▀[0m[38;2;243;244;244m[48;2;244;243;241m▀[0m[38;2;244;244;244m[48;2;242;242;243m▀[0m[38;2;255;255;255m[48;2;239;239;242m▀[0m[38;2;255;255;255m[48;2;255;255;255m▀[0m[38;2;133;131;98m[48;2;255;255;255m▀[0m[38;2;0;0;0m[48;2;103;95;63m▀[0m[38;2;0;0;0m[48;2;0;0;0m▀[0m[38;2;143;147;150m[48;2;102;106;115m▀[0m[38;2;220;220;224m[48;2;69;71;71m▀[0m[38;2;181;181;182m[48;2;40;42;40m▀[0m[38;2;143;146;146m[48;2;255;255;255m▀[0m[38;2;255;255;255m[48;2;255;255;255m▀[0m[38;2;255;255;255m[48;2;246;254;253m▀[0m[38;2;255;255;255m[48;2;255;243;239m▀[0m[38;2;255;255;255m[48;2;255;255;255m▀[0m[38;2;255;255;255m[48;2;255;255;255m▀[0m[38;2;190;190;193m[48;2;255;255;255m▀[0m[38;2;104;109;109m[48;2;185;187;187m▀[0m[38;2;101;101;101m[48;2;6;9;9m▀[0m[38;2;175;179;179m[48;2;193;196;196m▀[0m[38;2;0;0;0m[48;2;0;0;0m▀[0m[38;2;0;0;0m[48;2;0;0;0m▀[0m[38;2;0;0;0m[48;2;255;204;198m▀[0m[38;2;255;203;197m[48;2;255;255;255m▀[0m[38;2;255;255;255m[48;2;247;255;255m▀[0m[38;2;248;248;247m[48;2;246;249;248m▀[0m[38;2;250;250;249m[48;2;244;244;243m▀[0m[38;2;243;243;243m[48;2;247;247;247m▀[0m[38;2;255;255;255m[48;2;255;255;255m▀[0m[38;2;255;255;255m[48;2;208;207;207m▀[0m[38;2;88;90;90m[48;2;100;102;102m▀[0m[38;2;230;230;227m[48;2;248;248;248m▀[0m
[38;2;255;255;255m[48;2;255;255;255m▀[0m[38;2;195;194;193m[48;2;170;169;167m▀[0m[38;2;79;80;79m[48;2;54;55;54m▀[0m[38;2;250;250;249m[48;2;194;194;193m▀[0m[38;2;255;255;254m[48;2;255;255;255m▀[0m[38;2;240;242;241m[48;2;241;241;240m▀[0m[38;2;241;243;242m[48;2;239;239;238m▀[0m[38;2;241;241;242m[48;2;248;248;250m▀[0m[38;2;255;255;255m[48;2;247;249;249m▀[0m[38;2;255;255;255m[48;2;255;255;255m▀[0m[38;2;3;5;8m[48;2;255;255;255m▀[0m[38;2;0;0;0m[48;2;141;143;144m▀[0m[38;2;163;165;164m[48;2;113;116;116m▀[0m[38;2;239;239;238m[48;2;108;108;106m▀[0m[38;2;255;255;255m[48;2;255;255;255m▀[0m[38;2;255;255;255m[48;2;255;255;255m▀[0m[38;2;255;255;255m[48;2;255;255;255m▀[0m[38;2;255;255;255m[48;2;230;236;238m▀[0m[38;2;255;255;255m[48;2;243;250;253m▀[0m[38;2;255;255;255m[48;2;255;255;255m▀[0m[38;2;255;255;255m[48;2;255;255;255m▀[0m[38;2;255;255;255m[48;2;255;255;255m▀[0m[38;2;144;144;146m[48;2;71;71;71m▀[0m[38;2;87;90;93m[48;2;103;109;109m▀[0m[38;2;0;0;0m[48;2;255;255;255m▀[0m[38;2;255;255;255m[48;2;255;255;255m▀[0m[38;2;255;155;147m[48;2;255;134;126m▀[0m[38;2;250;255;255m[48;2;246;255;255m▀[0m[38;2;244;255;255m[48;2;255;255;255m▀[0m[38;2;239;247;246m[48;2;246;249;248m▀[0m[38;2;241;243;242m[48;2;235;235;234m▀[0m[38;2;255;255;255m[48;2;255;255;255m▀[0m[38;2;255;255;255m[48;2;227;227;226m▀[0m[38;2;174;175;174m[48;2;105;106;104m▀[0m[38;2;20;25;26m[48;2;0;0;0m▀[0m[38;2;212;198;196m[48;2;144;142;140m▀[0m
