[38;2;23;25;25m[48;2;43;46;45m▀[0m[38;2;17;17;15m[48;2;18;20;21m▀[0m[38;2;10;13;12m[48;2;19;21;21m▀[0m[38;2;0;0;0m[48;2;0;0;0m▀[0m[38;2;112;112;112m[48;2;140;142;142m▀[0m[38;2;255;255;255m[48;2;255;255;255m▀[0m[38;2;80;82;82m[48;2;97;99;99m▀[0m[38;2;0;0;0m[48;2;0;0;0m▀[0m[38;2;25;28;27m[48;2;21;21;23m▀[0m[38;2;255;255;255m[48;2;255;255;255m▀[0m[38;2;255;255;255m[48;2;255;255;255m▀[0m[38;2;255;255;255m[48;2;255;255;255m▀[0m[38;2;255;255;255m[48;2;255;255;255m▀[0m[38;2;255;255;255m[48;2;255;255;255m▀[0m[38;2;255;255;255m[48;2;255;255;255m▀[0m[38;2;255;255;255m[48;2;255;255;255m▀[0m[38;2;255;255;255m[48;2;255;255;255m▀[0m[38;2;123;122;122m[48;2;179;181;181m▀[0m[38;2;19;22;21m[48;2;59;59;59m▀[0m[38;2;255;255;255m[48;2;255;255;255m▀[0m[38;2;255;255;255m[48;2;255;255;255m▀[0m[38;2;255;255;255m[48;2;255;255;255m▀[0m[38;2;255;255;255m[48;2;255;255;255m▀[0m[38;2;255;255;255m[48;2;255;255;255m▀[0m[38;2;255;255;255m[48;2;255;255;255m▀[0m[38;2;255;255;255m[48;2;255;255;255m▀[0m[38;2;255;255;255m[48;2;255;255;255m▀[0m[38;2;170;170;170m[48;2;182;182;182m▀[0m[38;2;0;0;0m[48;2;0;0;0m▀[0m[38;2;0;0;0m[48;2;0;0;0m▀[0m[38;2;47;49;49m[48;2;68;73;73m▀[0m[38;2;255;255;255m[48;2;255;255;255m▀[0m[38;2;32;32;34m[48;2;16;16;14m▀[0m[38;2;0;0;0m[48;2;0;0;0m▀[0m[38;2;37;39;39m[48;2;77;78;75m▀[0m[38;2;30;32;32m[48;2;39;41;41m▀[0m
[38;2;61;63;63m[48;2;59;64;60m▀[0m[38;2;28;30;30m[48;2;36;37;34m▀[0m[38;2;33;36;35m[48;2;36;39;39m▀[0m[38;2;0;0;0m[48;2;0;0;0m▀[0m[38;2;111;113;115m[48;2;67;69;69m▀[0m[38;2;255;255;255m[48;2;255;255;255m▀[0m[38;2;110;112;112m[48;2;124;126;126m▀[0m[38;2;0;0;0m[48;2;0;0;0m▀[0m[38;2;0;0;0m[48;2;0;0;0m▀[0m[38;2;121;120;120m[48;2;0;0;0m▀[0m[38;2;112;112;112m[48;2;0;0;0m▀[0m[38;2;103;102;102m[48;2;0;0;0m▀[0m[38;2;102;102;100m[48;2;0;0;0m▀[0m[38;2;107;107;107m[48;2;0;0;0m▀[0m[38;2;113;113;113m[48;2;0;0;0m▀[0m[38;2;115;115;115m[48;2;0;0;0m▀[0m[38;2;139;139;141m[48;2;0;0;0m▀[0m[38;2;51;53;53m[48;2;0;0;0m▀[0m[38;2;0;0;0m[48;2;0;0;0m▀[0m[38;2;72;72;72m[48;2;0;0;0m▀[0m[38;2;58;58;58m[48;2;0;0;0m▀[0m[38;2;59;59;59m[48;2;0;0;0m▀[0m[38;2;55;58;55m[48;2;0;0;0m▀[0m[38;2;54;56;54m[48;2;0;0;0m▀[0m[38;2;58;58;58m[48;2;0;0;0m▀[0m[38;2;59;59;59m[48;2;0;0;0m▀[0m[38;2;87;87;84m[48;2;0;0;0m▀[0m[38;2;11;11;11m[48;2;0;0;0m▀[0m[38;2;0;0;0m[48;2;0;0;0m▀[0m[38;2;0;0;0m[48;2;0;0;0m▀[0m[38;2;107;110;110m[48;2;159;162;164m▀[0m[38;2;255;255;255m[48;2;255;255;255m▀[0m[38;2;0;0;0m[48;2;0;0;0m▀[0m[38;2;0;0;0m[48;2;0;0;0m▀[0m[38;2;85;89;86m[48;2;80;82;84m▀[0m[38;2;44;46;46m[48;2;44;46;46m▀[0m
[38;2;68;69;66m[48;2;51;54;54m▀[0m[38;2;37;39;39m[48;2;26;26;26m▀[0m[38;2;45;45;46m[48;2;25;28;28m▀[0m[38;2;0;0;0m[48;2;21;23;23m▀[0m[38;2;62;64;66m[48;2;56;58;58m▀[0m[38;2;255;255;255m[48;2;107;109;109m▀[0m[38;2;139;139;139m[48;2;177;176;176m▀[0m[38;2;79;76;76m[48;2;187;189;191m▀[0m[38;2;92;93;90m[48;2;168;170;172m▀[0m[38;2;89;93;93m[48;2;182;184;186m▀[0m[38;2;84;84;85m[48;2;255;255;255m▀[0m[38;2;78;80;81m[48;2;240;242;242m▀[0m[38;2;78;80;80m[48;2;244;244;245m▀[0m[38;2;79;81;81m[48;2;228;231;231m▀[0m[38;2;77;79;80m[48;2;170;173;172m▀[0m[38;2;78;78;79m[48;2;221;224;224m▀[0m[38;2;75;75;76m[48;2;210;212;212m▀[0m[38;2;63;65;65m[48;2;215;217;217m▀[0m[38;2;54;57;56m[48;2;209;211;211m▀[0m[38;2;74;71;75m[48;2;239;238;238m▀[0m[38;2;74;76;76m[48;2;233;236;233m▀[0m[38;2;74;76;76m[48;2;231;234;233m▀[0m[38;2;74;76;76m[48;2;178;181;181m▀[0m[38;2;77;77;77m[48;2;252;255;255m▀[0m[38;2;75;75;75m[48;2;247;250;249m▀[0m[38;2;73;73;73m[48;2;252;251;251m▀[0m[38;2;63;63;63m[48;2;167;170;170m▀[0m[38;2;70;70;70m[48;2;194;197;197m▀[0m[38;2;54;53;53m[48;2;233;233;234m▀[0m[38;2;1;1;1m[48;2;218;217;217m▀[0m[38;2;140;143;143m[48;2;198;197;197m▀[0m[38;2;255;255;255m[48;2;105;107;107m▀[0m[38;2;0;0;0m[48;2;16;20;20m▀[0m[38;2;0;0;0m[48;2;16;16;16m▀[0m[38;2;87;89;87m[48;2;64;66;66m▀[0m[38;2;66;65;65m[48;2;38;40;41m▀[0m
[38;2;59;62;62m[48;2;70;75;72m▀[0m[38;2;16;16;16m[48;2;34;37;37m▀[0m[38;2;57;60;57m[48;2;85;87;87m▀[0m[38;2;15;15;17m[48;2;26;24;28m▀[0m[38;2;24;27;27m[48;2;0;0;0m▀[0m[38;2;0;0;0m[48;2;0;0;0m▀[0m[38;2;0;0;0m[48;2;0;0;0m▀[0m[38;2;0;0;0m[48;2;99;99;99m▀[0m[38;2;0;0;0m[48;2;249;249;249m▀[0m[38;2;0;0;0m[48;2;202;201;201m▀[0m[38;2;0;0;0m[48;2;99;99;97m▀[0m[38;2;0;0;0m[48;2;0;0;0m▀[0m[38;2;0;0;0m[48;2;0;0;0m▀[0m[38;2;0;0;0m[48;2;0;0;0m▀[0m[38;2;0;0;0m[48;2;0;0;0m▀[0m[38;2;0;0;0m[48;2;0;0;0m▀[0m[38;2;0;0;0m[48;2;19;19;17m▀[0m[38;2;20;20;18m[48;2;16;16;17m▀[0m[38;2;22;20;23m[48;2;39;38;38m▀[0m[38;2;9;9;10m[48;2;255;255;255m▀[0m[38;2;0;0;0m[48;2;37;37;35m▀[0m[38;2;0;0;0m[48;2;0;0;0m▀[0m[38;2;0;0;0m[48;2;0;0;0m▀[0m[38;2;0;0;0m[48;2;0;0;0m▀[0m[38;2;0;0;0m[48;2;0;0;0m▀[0m[38;2;0;0;0m[48;2;0;0;0m▀[0m[38;2;0;0;0m[48;2;76;75;75m▀[0m[38;2;0;0;0m[48;2;189;189;187m▀[0m[38;2;0;0;0m[48;2;245;248;248m▀[0m[38;2;0;0;0m[48;2;89;88;88m▀[0m[38;2;0;0;0m[48;2;0;0;0m▀[0m[38;2;0;0;0m[48;2;0;0;0m▀[0m[38;2;18;21;21m[48;2;0;0;0m▀[0m[38;2;44;46;46m[48;2;56;58;58m▀[0m[38;2;77;78;75m[48;2;85;87;87m▀[0m[38;2;33;32;32m[48;2;51;53;51m▀[0m
[38;2;68;71;71m[48;2;56;58;58m▀[0m[38;2;51;53;53m[48;2;32;34;34m▀[0m[38;2;65;65;65m[48;2;21;23;26m▀[0m[38;2;70;73;73m[48;2;50;52;52m▀[0m[38;2;47;47;47m[48;2;71;73;71m▀[0m[38;2;41;41;41m[48;2;72;72;72m▀[0m[38;2;49;52;51m[48;2;32;35;35m▀[0m[38;2;0;0;0m[48;2;0;0;0m▀[0m[38;2;143;143;143m[48;2;0;0;0m▀[0m[38;2;255;255;255m[48;2;33;33;31m▀[0m[38;2;255;255;255m[48;2;100;103;103m▀[0m[38;2;255;255;255m[48;2;0;0;0m▀[0m[38;2;30;30;30m[48;2;31;30;30m▀[0m[38;2;0;0;0m[48;2;0;0;0m▀[0m[38;2;42;44;44m[48;2;0;0;0m▀[0m[38;2;26;28;28m[48;2;0;0;0m▀[0m[38;2;146;148;148m[48;2;157;159;159m▀[0m[38;2;26;28;28m[48;2;157;155;158m▀[0m[38;2;179;181;181m[48;2;69;68;68m▀[0m[38;2;201;201;202m[48;2;151;154;154m▀[0m[38;2;241;241;242m[48;2;207;207;207m▀[0m[38;2;17;17;20m[48;2;0;0;0m▀[0m[38;2;20;23;22m[48;2;0;0;0m▀[0m[38;2;0;0;0m[48;2;0;0;0m▀[0m[38;2;36;38;38m[48;2;57;59;59m▀[0m[38;2;255;255;255m[48;2;18;20;20m▀[0m[38;2;255;255;255m[48;2;93;96;96m▀[0m[38;2;255;255;255m[48;2;36;38;38m▀[0m[38;2;124;123;123m[48;2;0;0;0m▀[0m[38;2;0;0;0m[48;2;0;0;0m▀[0m[38;2;59;61;61m[48;2;54;57;57m▀[0m[38;2;10;11;8m[48;2;61;63;63m▀[0m[38;2;0;0;0m[48;2;28;28;28m▀[0m[38;2;77;79;79m[48;2;49;51;51m▀[0m[38;2;70;72;72m[48;2;57;59;59m▀[0m[38;2;27;29;29m[48;2;45;44;44m▀[0m
[38;2;70;72;72m[48;2;55;57;57m▀[0m[38;2;65;67;67m[48;2;61;58;61m▀[0m[38;2;59;60;56m[48;2;53;55;55m▀[0m[38;2;61;64;64m[48;2;33;33;33m▀[0m[38;2;77;79;80m[48;2;57;60;60m▀[0m[38;2;84;86;86m[48;2;70;73;73m▀[0m[38;2;24;27;27m[48;2;1;4;4m▀[0m[38;2;27;27;27m[48;2;50;50;50m▀[0m[38;2;0;0;0m[48;2;0;0;0m▀[0m[38;2;0;0;0m[48;2;0;0;0m▀[0m[38;2;136;136;136m[48;2;0;0;0m▀[0m[38;2;36;35;35m[48;2;255;255;255m▀[0m[38;2;0;0;0m[48;2;30;32;32m▀[0m[38;2;0;0;0m[48;2;0;0;0m▀[0m[38;2;0;0;0m[48;2;0;0;0m▀[0m[38;2;0;0;0m[48;2;22;25;24m▀[0m[38;2;182;182;180m[48;2;67;70;70m▀[0m[38;2;219;217;220m[48;2;191;193;193m▀[0m[38;2;129;127;130m[48;2;255;255;255m▀[0m[38;2;215;215;217m[48;2;209;209;207m▀[0m[38;2;165;165;166m[48;2;94;97;96m▀[0m[38;2;0;0;0m[48;2;30;28;31m▀[0m[38;2;0;0;0m[48;2;0;0;0m▀[0m[38;2;0;0;0m[48;2;0;0;0m▀[0m[38;2;0;0;0m[48;2;55;55;53m▀[0m[38;2;60;60;60m[48;2;255;255;255m▀[0m[38;2;136;139;139m[48;2;0;0;0m▀[0m[38;2;0;0;0m[48;2;0;0;0m▀[0m[38;2;0;0;0m[48;2;0;0;0m▀[0m[38;2;3;3;5m[48;2;37;37;37m▀[0m[38;2;59;62;62m[48;2;41;41;41m▀[0m[38;2;92;91;91m[48;2;62;65;65m▀[0m[38;2;58;60;60m[48;2;29;31;31m▀[0m[38;2;65;68;68m[48;2;55;55;55m▀[0m[38;2;74;78;75m[48;2;52;54;54m▀[0m[38;2;78;79;76m[48;2;44;45;42m▀[0m
[38;2;58;60;60m[48;2;54;56;56m▀[0m[38;2;69;68;69m[48;2;68;70;71m▀[0m[38;2;53;55;55m[48;2;45;47;48m▀[0m[38;2;32;35;35m[48;2;12;11;11m▀[0m[38;2;73;76;73m[48;2;76;75;75m▀[0m[38;2;83;86;86m[48;2;76;78;76m▀[0m[38;2;20;23;20m[48;2;44;46;46m▀[0m[38;2;23;21;24m[48;2;0;0;0m▀[0m[38;2;51;54;54m[48;2;113;113;113m▀[0m[38;2;0;0;0m[48;2;0;0;0m▀[0m[38;2;0;0;0m[48;2;0;0;0m▀[0m[38;2;138;140;142m[48;2;0;0;0m▀[0m[38;2;115;117;117m[48;2;2;1;1m▀[0m[38;2;0;1;1m[48;2;0;0;0m▀[0m[38;2;0;0;0m[48;2;0;0;0m▀[0m[38;2;33;32;32m[48;2;0;0;0m▀[0m[38;2;185;185;187m[48;2;0;0;0m▀[0m[38;2;126;126;128m[48;2;0;0;0m▀[0m[38;2;135;137;137m[48;2;0;0;0m▀[0m[38;2;134;134;132m[48;2;0;0;0m▀[0m[38;2;155;155;156m[48;2;0;0;0m▀[0m[38;2;25;25;23m[48;2;0;0;0m▀[0m[38;2;0;0;0m[48;2;0;0;0m▀[0m[38;2;0;0;0m[48;2;0;0;0m▀[0m[38;2;174;179;178m[48;2;4;4;6m▀[0m[38;2;134;134;135m[48;2;0;0;0m▀[0m[38;2;0;0;0m[48;2;0;0;0m▀[0m[38;2;0;0;0m[48;2;0;0;0m▀[0m[38;2;41;41;41m[48;2;87;86;86m▀[0m[38;2;39;39;39m[48;2;0;0;0m▀[0m[38;2;51;54;51m[48;2;68;70;70m▀[0m[38;2;76;75;75m[48;2;71;71;71m▀[0m[38;2;68;67;68m[48;2;63;65;66m▀[0m[38;2;66;69;66m[48;2;70;71;68m▀[0m[38;2;55;57;57m[48;2;51;53;53m▀[0m[38;2;46;45;45m[48;2;50;52;52m▀[0m
[38;2;41;44;44m[48;2;71;72;69m▀[0m[38;2;57;57;57m[48;2;70;72;72m▀[0m[38;2;54;54;54m[48;2;72;74;74m▀[0m[38;2;33;35;35m[48;2;77;78;75m▀[0m[38;2;55;57;57m[48;2;70;73;70m▀[0m[38;2;65;67;65m[48;2;77;76;77m▀[0m[38;2;55;59;59m[48;2;85;87;85m▀[0m[38;2;0;0;0m[48;2;5;7;7m▀[0m[38;2;82;82;82m[48;2;0;0;0m▀[0m[38;2;175;175;175m[48;2;140;139;139m▀[0m[38;2;0;0;0m[48;2;94;94;92m▀[0m[38;2;13;16;15m[48;2;0;0;0m▀[0m[38;2;0;0;0m[48;2;109;112;111m▀[0m[38;2;147;150;150m[48;2;255;255;255m▀[0m[38;2;188;188;186m[48;2;255;255;255m▀[0m[38;2;155;155;155m[48;2;255;255;255m▀[0m[38;2;109;109;109m[48;2;255;255;255m▀[0m[38;2;0;0;0m[48;2;255;255;255m▀[0m[38;2;0;0;0m[48;2;142;142;142m▀[0m[38;2;11;14;13m[48;2;255;255;255m▀[0m[38;2;98;98;98m[48;2;255;255;255m▀[0m[38;2;184;184;184m[48;2;255;255;255m▀[0m[38;2;212;215;215m[48;2;255;255;255m▀[0m[38;2;125;125;125m[48;2;255;255;255m▀[0m[38;2;0;0;0m[48;2;129;132;132m▀[0m[38;2;0;0;0m[48;2;0;0;0m▀[0m[38;2;38;38;38m[48;2;87;90;90m▀[0m[38;2;169;168;168m[48;2;177;179;179m▀[0m[38;2;46;45;45m[48;2;0;0;0m▀[0m[38;2;0;0;0m[48;2;21;24;24m▀[0m[38;2;72;74;74m[48;2;87;89;89m▀[0m[38;2;50;50;50m[48;2;75;77;77m▀[0m[38;2;12;14;12m[48;2;53;55;55m▀[0m[38;2;65;68;65m[48;2;81;80;80m▀[0m[38;2;27;26;27m[48;2;55;57;59m▀[0m[38;2;39;41;41m[48;2;69;71;71m▀[0m
[38;2;51;53;53m[48;2;73;76;76m▀[0m[38;2;55;55;55m[48;2;79;80;77m▀[0m[38;2;54;54;54m[48;2;75;77;77m▀[0m[38;2;35;37;37m[48;2;54;51;51m▀[0m[38;2;60;60;60m[48;2;76;79;79m▀[0m[38;2;57;54;57m[48;2;75;78;78m▀[0m[38;2;55;58;55m[48;2;82;84;84m▀[0m[38;2;30;33;33m[48;2;74;76;76m▀[0m[38;2;0;0;0m[48;2;2;1;1m▀[0m[38;2;0;0;0m[48;2;0;0;0m▀[0m[38;2;33;35;35m[48;2;0;0;0m▀[0m[38;2;0;0;0m[48;2;105;107;107m▀[0m[38;2;54;54;55m[48;2;0;0;0m▀[0m[38;2;0;0;0m[48;2;0;0;0m▀[0m[38;2;0;0;0m[48;2;0;0;0m▀[0m[38;2;5;7;7m[48;2;0;0;0m▀[0m[38;2;104;104;106m[48;2;0;0;0m▀[0m[38;2;255;255;255m[48;2;180;182;182m▀[0m[38;2;255;255;255m[48;2;255;255;255m▀[0m[38;2;255;255;255m[48;2;145;145;147m▀[0m[38;2;80;80;82m[48;2;0;0;0m▀[0m[38;2;0;0;0m[48;2;0;0;0m▀[0m[38;2;0;0;0m[48;2;0;0;0m▀[0m[38;2;0;0;0m[48;2;0;0;0m▀[0m[38;2;59;59;61m[48;2;0;0;0m▀[0m[38;2;0;0;0m[48;2;89;89;89m▀[0m[38;2;42;42;42m[48;2;0;0;0m▀[0m[38;2;0;0;0m[48;2;0;0;0m▀[0m[38;2;0;0;0m[48;2;8;10;10m▀[0m[38;2;34;38;38m[48;2;66;69;69m▀[0m[38;2;71;73;71m[48;2;84;86;86m▀[0m[38;2;46;47;44m[48;2;56;57;54m▀[0m[38;2;32;34;32m[48;2;49;51;51m▀[0m[38;2;65;68;65m[48;2;76;78;78m▀[0m[38;2;30;32;30m[48;2;82;84;85m▀[0m[38;2;52;54;54m[48;2;70;72;72m▀[0m
[38;2;8;6;9m[48;2;0;0;0m▀[0m[38;2;27;29;29m[48;2;8;10;10m▀[0m[38;2;56;58;59m[48;2;58;56;59m▀[0m[38;2;39;41;41m[48;2;0;0;0m▀[0m[38;2;42;44;44m[48;2;6;6;6m▀[0m[38;2;42;44;44m[48;2;62;64;64m▀[0m[38;2;45;47;47m[48;2;47;45;48m▀[0m[38;2;38;40;40m[48;2;51;53;55m▀[0m[38;2;9;8;8m[48;2;44;44;46m▀[0m[38;2;0;0;0m[48;2;0;0;0m▀[0m[38;2;0;0;0m[48;2;0;0;0m▀[0m[38;2;179;181;181m[48;2;50;49;49m▀[0m[38;2;19;19;19m[48;2;201;204;204m▀[0m[38;2;0;0;0m[48;2;2;4;4m▀[0m[38;2;0;0;0m[48;2;255;255;255m▀[0m[38;2;209;212;211m[48;2;89;92;91m▀[0m[38;2;255;255;255m[48;2;140;140;141m▀[0m[38;2;241;240;240m[48;2;240;238;241m▀[0m[38;2;213;213;213m[48;2;162;162;164m▀[0m[38;2;255;255;255m[48;2;175;178;178m▀[0m[38;2;255;255;255m[48;2;101;104;104m▀[0m[38;2;215;215;215m[48;2;162;162;162m▀[0m[38;2;0;0;0m[48;2;255;255;255m▀[0m[38;2;0;0;0m[48;2;0;0;0m▀[0m[38;2;27;27;27m[48;2;218;218;218m▀[0m[38;2;171;171;171m[48;2;29;29;29m▀[0m[38;2;0;0;0m[48;2;0;0;0m▀[0m[38;2;0;0;0m[48;2;0;0;0m▀[0m[38;2;26;26;27m[48;2;72;75;75m▀[0m[38;2;66;66;66m[48;2;69;69;71m▀[0m[38;2;52;55;55m[48;2;43;43;45m▀[0m[38;2;42;44;44m[48;2;62;61;61m▀[0m[38;2;64;66;67m[48;2;62;64;64m▀[0m[38;2;72;70;73m[48;2;10;9;9m▀[0m[38;2;36;38;38m[48;2;0;2;2m▀[0m[38;2;0;0;0m[48;2;10;13;13m▀[0m
[38;2;0;0;0m[48;2;26;28;28m▀[0m[38;2;0;0;0m[48;2;21;23;23m▀[0m[38;2;0;0;0m[48;2;24;22;25m▀[0m[38;2;7;6;6m[48;2;33;35;35m▀[0m[38;2;12;12;12m[48;2;55;57;58m▀[0m[38;2;12;14;14m[48;2;46;48;50m▀[0m[38;2;18;21;20m[48;2;49;52;53m▀[0m[38;2;0;0;0m[48;2;31;33;33m▀[0m[38;2;0;0;0m[48;2;25;28;28m▀[0m[38;2;1;0;0m[48;2;18;18;18m▀[0m[38;2;0;0;0m[48;2;0;0;0m▀[0m[38;2;0;0;0m[48;2;0;0;0m▀[0m[38;2;90;93;93m[48;2;0;0;0m▀[0m[38;2;202;204;204m[48;2;251;249;252m▀[0m[38;2;255;255;255m[48;2;36;39;39m▀[0m[38;2;0;0;0m[48;2;0;0;0m▀[0m[38;2;205;208;208m[48;2;0;0;0m▀[0m[38;2;255;255;255m[48;2;37;36;34m▀[0m[38;2;255;255;255m[48;2;0;0;0m▀[0m[38;2;255;255;255m[48;2;32;32;34m▀[0m[38;2;191;191;193m[48;2;0;0;0m▀[0m[38;2;0;0;0m[48;2;0;0;0m▀[0m[38;2;255;255;255m[48;2;53;53;53m▀[0m[38;2;133;133;133m[48;2;236;236;236m▀[0m[38;2;64;64;66m[48;2;0;0;0m▀[0m[38;2;0;0;0m[48;2;0;0;0m▀[0m[38;2;0;0;0m[48;2;0;0;0m▀[0m[38;2;0;0;0m[48;2;3;3;3m▀[0m[38;2;1;1;1m[48;2;0;0;0m▀[0m[38;2;1;1;1m[48;2;0;0;0m▀[0m[38;2;17;17;19m[48;2;0;0;0m▀[0m[38;2;21;21;21m[48;2;0;0;0m▀[0m[38;2;13;15;15m[48;2;44;47;49m▀[0m[38;2;0;0;0m[48;2;35;35;37m▀[0m[38;2;8;11;11m[48;2;23;26;26m▀[0m[38;2;0;0;0m[48;2;9;9;9m▀[0m
[38;2;14;13;13m[48;2;0;0;0m▀[0m[38;2;10;10;10m[48;2;0;0;0m▀[0m[38;2;7;4;4m[48;2;0;0;0m▀[0m[38;2;0;0;0m[48;2;6;6;6m▀[0m[38;2;0;0;0m[48;2;7;9;9m▀[0m[38;2;0;0;0m[48;2;3;1;4m▀[0m[38;2;0;0;0m[48;2;0;0;0m▀[0m[38;2;0;0;0m[48;2;0;0;0m▀[0m[38;2;28;30;30m[48;2;33;35;35m▀[0m[38;2;42;41;41m[48;2;84;86;86m▀[0m[38;2;0;0;0m[48;2;84;86;86m▀[0m[38;2;0;0;0m[48;2;0;0;0m▀[0m[38;2;0;0;0m[48;2;118;118;118m▀[0m[38;2;144;143;143m[48;2;209;209;209m▀[0m[38;2;0;0;0m[48;2;113;113;113m▀[0m[38;2;4;4;2m[48;2;0;0;0m▀[0m[38;2;255;255;255m[48;2;0;0;0m▀[0m[38;2;255;255;255m[48;2;81;83;84m▀[0m[38;2;255;255;255m[48;2;0;2;2m▀[0m[38;2;255;255;255m[48;2;118;121;123m▀[0m[38;2;255;255;255m[48;2;78;81;80m▀[0m[38;2;3;3;4m[48;2;0;0;0m▀[0m[38;2;0;0;0m[48;2;98;98;98m▀[0m[38;2;148;151;151m[48;2;213;213;213m▀[0m[38;2;0;0;0m[48;2;79;79;79m▀[0m[38;2;0;0;0m[48;2;0;0;0m▀[0m[38;2;48;51;51m[48;2;74;77;79m▀[0m[38;2;51;54;54m[48;2;44;47;47m▀[0m[38;2;47;49;49m[48;2;56;58;58m▀[0m[38;2;17;17;17m[48;2;19;19;19m▀[0m[38;2;0;0;0m[48;2;0;0;0m▀[0m[38;2;0;0;0m[48;2;21;22;19m▀[0m[38;2;0;0;0m[48;2;37;40;40m▀[0m[38;2;0;0;0m[48;2;34;34;34m▀[0m[38;2;0;0;0m[48;2;38;43;40m▀[0m[38;2;0;0;0m[48;2;55;58;58m▀[0m
