[38;2;2;2;2m[48;2;2;2;2m▀[0m[38;2;0;2;0m[48;2;0;2;2m▀[0m[38;2;0;2;0m[48;2;2;2;2m▀[0m[38;2;2;2;2m[48;2;0;2;2m▀[0m[38;2;0;2;2m[48;2;0;2;2m▀[0m[38;2;0;2;0m[48;2;2;2;2m▀[0m[38;2;0;2;0m[48;2;2;2;2m▀[0m[38;2;2;2;2m[48;2;2;0;2m▀[0m[38;2;0;0;0m[48;2;0;0;0m▀[0m[38;2;0;0;0m[48;2;0;0;0m▀[0m[38;2;0;0;0m[48;2;28;28;28m▀[0m[38;2;60;63;62m[48;2;255;255;255m▀[0m[38;2;255;255;255m[48;2;188;191;190m▀[0m[38;2;155;157;157m[48;2;27;29;29m▀[0m[38;2;0;0;0m[48;2;97;112;116m▀[0m[38;2;0;0;0m[48;2;28;40;47m▀[0m[38;2;0;0;0m[48;2;0;0;0m▀[0m[38;2;0;0;0m[48;2;0;2;0m▀[0m[38;2;0;0;0m[48;2;0;14;5m▀[0m[38;2;0;5;5m[48;2;0;13;8m▀[0m[38;2;0;0;0m[48;2;0;11;15m▀[0m[38;2;61;65;67m[48;2;90;95;99m▀[0m[38;2;73;77;77m[48;2;21;25;25m▀[0m[38;2;0;0;0m[48;2;0;0;0m▀[0m[38;2;0;0;0m[48;2;0;0;0m▀[0m[38;2;1;3;1m[48;2;2;2;2m▀[0m[38;2;2;2;2m[48;2;2;2;2m▀[0m[38;2;1;3;1m[48;2;0;2;2m▀[0m[38;2;2;2;2m[48;2;0;2;2m▀[0m[38;2;2;2;2m[48;2;0;2;0m▀[0m[38;2;0;2;0m[48;2;2;2;2m▀[0m[38;2;2;2;2m[48;2;0;2;2m▀[0m[38;2;0;2;0m[48;2;2;2;0m▀[0m[38;2;2;2;2m[48;2;0;2;2m▀[0m[38;2;2;2;2m[48;2;2;2;2m▀[0m[38;2;2;2;2m[48;2;2;2;2m▀[0m
[38;2;0;2;0m[48;2;0;2;2m▀[0m[38;2;0;2;2m[48;2;0;2;2m▀[0m[38;2;2;2;2m[48;2;0;2;0m▀[0m[38;2;0;2;0m[48;2;0;2;0m▀[0m[38;2;2;2;2m[48;2;0;2;0m▀[0m[38;2;0;2;2m[48;2;0;2;0m▀[0m[38;2;0;2;0m[48;2;0;2;0m▀[0m[38;2;0;0;0m[48;2;0;0;0m▀[0m[38;2;0;0;0m[48;2;0;0;0m▀[0m[38;2;0;0;0m[48;2;0;0;0m▀[0m[38;2;216;214;217m[48;2;203;202;200m▀[0m[38;2;255;255;255m[48;2;79;87;90m▀[0m[38;2;179;187;191m[48;2;39;44;48m▀[0m[38;2;0;0;0m[48;2;0;0;0m▀[0m[38;2;0;0;0m[48;2;8;13;14m▀[0m[38;2;0;11;19m[48;2;127;135;134m▀[0m[38;2;5;15;15m[48;2;65;65;63m▀[0m[38;2;39;54;43m[48;2;0;0;0m▀[0m[38;2;25;8;30m[48;2;100;0;110m▀[0m[38;2;39;27;39m[48;2;24;0;21m▀[0m[38;2;0;21;24m[48;2;0;5;0m▀[0m[38;2;80;87;89m[48;2;47;55;54m▀[0m[38;2;9;10;7m[48;2;0;0;0m▀[0m[38;2;0;0;0m[48;2;0;0;0m▀[0m[38;2;0;0;0m[48;2;0;0;0m▀[0m[38;2;0;0;0m[48;2;0;0;0m▀[0m[38;2;0;0;0m[48;2;0;0;0m▀[0m[38;2;0;2;2m[48;2;0;0;0m▀[0m[38;2;0;2;2m[48;2;0;2;2m▀[0m[38;2;2;2;2m[48;2;0;2;2m▀[0m[38;2;2;2;2m[48;2;0;2;2m▀[0m[38;2;2;2;2m[48;2;2;2;2m▀[0m[38;2;2;2;2m[48;2;2;2;2m▀[0m[38;2;2;2;2m[48;2;2;2;2m▀[0m[38;2;2;2;2m[48;2;2;2;2m▀[0m[38;2;2;2;2m[48;2;1;3;1m▀[0m
[38;2;0;2;2m[48;2;0;2;0m▀[0m[38;2;0;2;2m[48;2;2;2;2m▀[0m[38;2;2;2;2m[48;2;2;2;2m▀[0m[38;2;2;2;2m[48;2;2;2;0m▀[0m[38;2;0;2;0m[48;2;2;2;0m▀[0m[38;2;0;2;0m[48;2;0;2;2m▀[0m[38;2;2;2;2m[48;2;2;2;2m▀[0m[38;2;0;0;0m[48;2;0;0;0m▀[0m[38;2;0;0;0m[48;2;0;0;0m▀[0m[38;2;0;0;0m[48;2;0;0;0m▀[0m[38;2;106;106;107m[48;2;70;72;73m▀[0m[38;2;68;68;66m[48;2;158;155;157m▀[0m[38;2;0;0;0m[48;2;3;11;12m▀[0m[38;2;123;122;120m[48;2;255;255;255m▀[0m[38;2;232;237;237m[48;2;255;255;255m▀[0m[38;2;255;255;255m[48;2;246;250;250m▀[0m[38;2;255;255;255m[48;2;185;208;179m▀[0m[38;2;0;0;0m[48;2;0;0;0m▀[0m[38;2;0;19;10m[48;2;88;4;112m▀[0m[38;2;85;42;94m[48;2;117;107;133m▀[0m[38;2;37;0;56m[48;2;255;246;255m▀[0m[38;2;21;38;19m[48;2;255;255;255m▀[0m[38;2;0;0;0m[48;2;190;201;195m▀[0m[38;2;100;105;102m[48;2;255;255;255m▀[0m[38;2;0;0;0m[48;2;255;255;255m▀[0m[38;2;0;0;0m[48;2;176;177;174m▀[0m[38;2;0;0;0m[48;2;0;0;0m▀[0m[38;2;0;0;0m[48;2;0;0;0m▀[0m[38;2;0;0;0m[48;2;0;0;0m▀[0m[38;2;2;2;2m[48;2;2;2;2m▀[0m[38;2;2;2;2m[48;2;2;2;2m▀[0m[38;2;0;2;2m[48;2;2;2;2m▀[0m[38;2;0;2;2m[48;2;2;2;2m▀[0m[38;2;2;2;2m[48;2;2;2;2m▀[0m[38;2;0;2;2m[48;2;2;2;2m▀[0m[38;2;2;2;2m[48;2;2;2;2m▀[0m
[38;2;0;2;0m[48;2;0;2;2m▀[0m[38;2;2;2;2m[48;2;0;2;0m▀[0m[38;2;0;2;0m[48;2;0;2;0m▀[0m[38;2;2;2;2m[48;2;2;2;2m▀[0m[38;2;2;2;2m[48;2;0;2;0m▀[0m[38;2;0;2;2m[48;2;0;0;0m▀[0m[38;2;0;0;0m[48;2;0;0;0m▀[0m[38;2;0;0;0m[48;2;0;0;0m▀[0m[38;2;0;0;0m[48;2;0;0;0m▀[0m[38;2;0;0;0m[48;2;0;0;0m▀[0m[38;2;0;0;0m[48;2;0;0;0m▀[0m[38;2;30;44;48m[48;2;27;27;28m▀[0m[38;2;51;94;103m[48;2;93;145;148m▀[0m[38;2;134;168;177m[48;2;71;121;127m▀[0m[38;2;225;224;224m[48;2;109;130;133m▀[0m[38;2;174;179;178m[48;2;163;167;162m▀[0m[38;2;54;56;46m[48;2;174;165;160m▀[0m[38;2;35;22;38m[48;2;69;65;67m▀[0m[38;2;179;110;201m[48;2;175;75;201m▀[0m[38;2;88;92;97m[48;2;36;69;31m▀[0m[38;2;252;207;248m[48;2;170;105;201m▀[0m[38;2;255;255;255m[48;2;255;255;255m▀[0m[38;2;216;221;220m[48;2;232;126;238m▀[0m[38;2;190;205;198m[48;2;82;0;95m▀[0m[38;2;220;225;224m[48;2;107;129;112m▀[0m[38;2;208;208;209m[48;2;178;183;184m▀[0m[38;2;159;157;155m[48;2;218;232;239m▀[0m[38;2;0;0;0m[48;2;0;0;0m▀[0m[38;2;0;0;0m[48;2;0;0;0m▀[0m[38;2;0;0;0m[48;2;0;0;0m▀[0m[38;2;0;2;0m[48;2;0;2;0m▀[0m[38;2;2;2;2m[48;2;0;2;0m▀[0m[38;2;0;2;2m[48;2;0;2;2m▀[0m[38;2;0;2;0m[48;2;0;2;0m▀[0m[38;2;2;2;2m[48;2;2;2;2m▀[0m[38;2;0;2;2m[48;2;0;2;2m▀[0m
[38;2;0;2;2m[48;2;1;1;1m▀[0m[38;2;0;2;2m[48;2;0;2;0m▀[0m[38;2;2;2;2m[48;2;2;2;2m▀[0m[38;2;2;2;2m[48;2;0;0;0m▀[0m[38;2;0;0;0m[48;2;0;0;0m▀[0m[38;2;0;0;0m[48;2;0;0;0m▀[0m[38;2;0;0;0m[48;2;24;24;24m▀[0m[38;2;0;0;0m[48;2;240;244;244m▀[0m[38;2;127;127;125m[48;2;255;255;255m▀[0m[38;2;84;122;126m[48;2;162;184;187m▀[0m[38;2;0;15;23m[48;2;169;177;176m▀[0m[38;2;89;111;114m[48;2;118;157;162m▀[0m[38;2;99;155;160m[48;2;17;47;49m▀[0m[38;2;68;111;113m[48;2;0;0;0m▀[0m[38;2;10;37;41m[48;2;0;10;12m▀[0m[38;2;255;255;255m[48;2;186;207;203m▀[0m[38;2;214;220;210m[48;2;139;181;149m▀[0m[38;2;62;56;62m[48;2;46;0;57m▀[0m[38;2;186;71;198m[48;2;158;0;180m▀[0m[38;2;13;57;15m[48;2;24;79;22m▀[0m[38;2;248;181;242m[48;2;243;81;243m▀[0m[38;2;162;147;177m[48;2;144;85;153m▀[0m[38;2;255;255;255m[48;2;209;255;216m▀[0m[38;2;255;255;255m[48;2;255;255;255m▀[0m[38;2;255;255;255m[48;2;161;175;177m▀[0m[38;2;153;166;170m[48;2;255;255;255m▀[0m[38;2;0;43;49m[48;2;57;98;103m▀[0m[38;2;0;0;0m[48;2;0;0;0m▀[0m[38;2;0;0;0m[48;2;0;0;0m▀[0m[38;2;0;0;0m[48;2;0;0;0m▀[0m[38;2;2;2;2m[48;2;2;2;2m▀[0m[38;2;0;2;2m[48;2;2;2;2m▀[0m[38;2;2;2;2m[48;2;2;2;2m▀[0m[38;2;0;2;2m[48;2;2;2;2m▀[0m[38;2;2;2;2m[48;2;2;2;2m▀[0m[38;2;2;2;2m[48;2;0;2;0m▀[0m
[38;2;0;2;0m[48;2;2;2;2m▀[0m[38;2;0;2;0m[48;2;0;2;0m▀[0m[38;2;0;2;0m[48;2;2;2;2m▀[0m[38;2;0;0;0m[48;2;0;0;0m▀[0m[38;2;0;0;0m[48;2;0;0;0m▀[0m[38;2;0;0;0m[48;2;28;31;31m▀[0m[38;2;255;255;255m[48;2;255;255;255m▀[0m[38;2;255;255;255m[48;2;169;194;198m▀[0m[38;2;167;170;176m[48;2;130;139;142m▀[0m[38;2;162;153;152m[48;2;237;234;236m▀[0m[38;2;255;255;255m[48;2;50;102;118m▀[0m[38;2;61;111;120m[48;2;0;0;0m▀[0m[38;2;0;0;0m[48;2;0;0;0m▀[0m[38;2;86;96;99m[48;2;255;255;255m▀[0m[38;2;65;107;104m[48;2;129;151;147m▀[0m[38;2;43;82;78m[48;2;52;111;108m▀[0m[38;2;25;94;60m[48;2;33;89;67m▀[0m[38;2;78;0;85m[48;2;161;35;161m▀[0m[38;2;116;0;127m[48;2;121;0;155m▀[0m[38;2;46;114;30m[48;2;0;24;0m▀[0m[38;2;210;87;220m[48;2;197;0;205m▀[0m[38;2;255;227;255m[48;2;184;117;216m▀[0m[38;2;130;190;152m[48;2;155;220;180m▀[0m[38;2;110;146;141m[48;2;0;22;21m▀[0m[38;2;107;128;128m[48;2;98;118;120m▀[0m[38;2;255;255;255m[48;2;255;255;255m▀[0m[38;2;123;125;131m[48;2;255;255;255m▀[0m[38;2;29;51;60m[48;2;29;74;77m▀[0m[38;2;0;0;0m[48;2;1;11;11m▀[0m[38;2;0;0;0m[48;2;0;0;0m▀[0m[38;2;0;0;0m[48;2;0;0;0m▀[0m[38;2;2;2;2m[48;2;0;0;0m▀[0m[38;2;0;2;0m[48;2;2;2;2m▀[0m[38;2;2;2;0m[48;2;2;2;0m▀[0m[38;2;0;2;2m[48;2;0;2;2m▀[0m[38;2;1;1;1m[48;2;2;2;2m▀[0m
[38;2;2;2;2m[48;2;1;3;1m▀[0m[38;2;2;2;2m[48;2;2;2;2m▀[0m[38;2;2;0;2m[48;2;0;1;0m▀[0m[38;2;0;0;0m[48;2;0;0;0m▀[0m[38;2;0;0;0m[48;2;0;0;0m▀[0m[38;2;50;49;47m[48;2;123;119;119m▀[0m[38;2;60;60;57m[48;2;246;229;228m▀[0m[38;2;169;184;181m[48;2;186;220;224m▀[0m[38;2;89;110;111m[48;2;0;0;5m▀[0m[38;2;193;203;201m[48;2;97;112;115m▀[0m[38;2;10;57;71m[48;2;0;35;39m▀[0m[38;2;0;0;0m[48;2;0;0;0m▀[0m[38;2;126;154;141m[48;2;163;111;185m▀[0m[38;2;255;255;255m[48;2;255;255;255m▀[0m[38;2;128;151;145m[48;2;76;89;84m▀[0m[38;2;68;136;124m[48;2;63;129;120m▀[0m[38;2;45;95;76m[48;2;29;75;53m▀[0m[38;2;60;0;87m[48;2;108;0;127m▀[0m[38;2;42;0;71m[48;2;75;0;104m▀[0m[38;2;14;64;1m[48;2;0;16;0m▀[0m[38;2;187;0;183m[48;2;139;0;146m▀[0m[38;2;101;17;159m[48;2;47;46;97m▀[0m[38;2;91;154;126m[48;2;101;178;146m▀[0m[38;2;40;83;75m[48;2;53;88;77m▀[0m[38;2;0;18;14m[48;2;0;0;0m▀[0m[38;2;255;255;255m[48;2;255;255;255m▀[0m[38;2;255;255;255m[48;2;255;255;255m▀[0m[38;2;62;16;58m[48;2;229;176;209m▀[0m[38;2;18;48;50m[48;2;98;115;111m▀[0m[38;2;0;0;0m[48;2;143;139;139m▀[0m[38;2;0;0;0m[48;2;0;0;0m▀[0m[38;2;0;0;0m[48;2;0;0;0m▀[0m[38;2;2;2;2m[48;2;2;3;0m▀[0m[38;2;2;2;2m[48;2;0;2;2m▀[0m[38;2;2;2;2m[48;2;0;2;2m▀[0m[38;2;2;2;2m[48;2;2;2;2m▀[0m
[38;2;0;2;0m[48;2;2;2;2m▀[0m[38;2;0;2;2m[48;2;2;2;2m▀[0m[38;2;0;0;0m[48;2;0;0;0m▀[0m[38;2;0;0;0m[48;2;0;0;0m▀[0m[38;2;0;0;0m[48;2;25;15;12m▀[0m[38;2;185;185;185m[48;2;144;159;162m▀[0m[38;2;255;255;255m[48;2;133;167;177m▀[0m[38;2;65;122;130m[48;2;38;102;110m▀[0m[38;2;20;72;77m[48;2;14;44;52m▀[0m[38;2;0;0;1m[48;2;21;43;50m▀[0m[38;2;0;0;0m[48;2;0;0;0m▀[0m[38;2;0;0;0m[48;2;45;49;40m▀[0m[38;2;250;151;255m[48;2;255;255;255m▀[0m[38;2;255;255;255m[48;2;255;255;255m▀[0m[38;2;0;0;0m[48;2;0;0;0m▀[0m[38;2;47;106;97m[48;2;0;9;6m▀[0m[38;2;35;50;71m[48;2;60;126;130m▀[0m[38;2;72;0;88m[48;2;35;35;97m▀[0m[38;2;140;0;138m[48;2;0;0;0m▀[0m[38;2;0;12;0m[48;2;8;3;1m▀[0m[38;2;148;0;167m[48;2;141;0;166m▀[0m[38;2;43;31;106m[48;2;33;52;94m▀[0m[38;2;100;174;160m[48;2;41;102;104m▀[0m[38;2;36;79;72m[48;2;0;0;0m▀[0m[38;2;0;0;0m[48;2;0;0;0m▀[0m[38;2;99;121;120m[48;2;0;0;0m▀[0m[38;2;255;255;255m[48;2;255;255;255m▀[0m[38;2;255;255;255m[48;2;255;255;255m▀[0m[38;2;210;221;220m[48;2;140;173;175m▀[0m[38;2;46;68;73m[48;2;26;67;79m▀[0m[38;2;0;0;0m[48;2;81;74;74m▀[0m[38;2;0;0;0m[48;2;0;0;0m▀[0m[38;2;0;0;0m[48;2;0;0;0m▀[0m[38;2;2;2;2m[48;2;0;2;0m▀[0m[38;2;0;2;0m[48;2;0;2;2m▀[0m[38;2;2;2;2m[48;2;0;2;0m▀[0m
[38;2;1;3;1m[48;2;2;2;2m▀[0m[38;2;1;3;1m[48;2;2;2;2m▀[0m[38;2;0;0;0m[48;2;0;0;0m▀[0m[38;2;0;0;0m[48;2;0;0;0m▀[0m[38;2;37;27;26m[48;2;0;0;0m▀[0m[38;2;167;183;190m[48;2;187;190;191m▀[0m[38;2;49;106;117m[48;2;73;135;147m▀[0m[38;2;48;111;119m[48;2;57;122;133m▀[0m[38;2;20;45;49m[48;2;15;33;35m▀[0m[38;2;0;0;0m[48;2;0;3;5m▀[0m[38;2;0;0;0m[48;2;0;0;0m▀[0m[38;2;60;65;64m[48;2;168;178;177m▀[0m[38;2;255;255;255m[48;2;87;135;137m▀[0m[38;2;228;241;238m[48;2;0;20;35m▀[0m[38;2;0;0;0m[48;2;0;0;0m▀[0m[38;2;34;55;54m[48;2;255;255;255m▀[0m[38;2;255;255;255m[48;2;255;255;255m▀[0m[38;2;238;255;255m[48;2;255;255;255m▀[0m[38;2;69;8;66m[48;2;147;70;69m▀[0m[38;2;115;105;109m[48;2;83;70;75m▀[0m[38;2;184;66;209m[48;2;255;119;197m▀[0m[38;2;255;255;255m[48;2;255;255;255m▀[0m[38;2;227;255;248m[48;2;255;255;255m▀[0m[38;2;0;0;0m[48;2;196;199;195m▀[0m[38;2;0;0;0m[48;2;0;0;0m▀[0m[38;2;0;0;0m[48;2;0;12;15m▀[0m[38;2;31;51;53m[48;2;0;0;0m▀[0m[38;2;215;242;246m[48;2;28;51;50m▀[0m[38;2;71;124;127m[48;2;16;44;46m▀[0m[38;2;37;70;79m[48;2;15;27;30m▀[0m[38;2;141;133;133m[48;2;23;19;19m▀[0m[38;2;0;0;0m[48;2;0;0;0m▀[0m[38;2;2;1;1m[48;2;0;0;0m▀[0m[38;2;0;2;2m[48;2;0;2;2m▀[0m[38;2;0;2;2m[48;2;0;2;0m▀[0m[38;2;2;2;2m[48;2;2;2;2m▀[0m
[38;2;2;2;0m[48;2;2;2;2m▀[0m[38;2;2;2;2m[48;2;2;2;2m▀[0m[38;2;0;0;0m[48;2;2;2;2m▀[0m[38;2;0;0;0m[48;2;0;0;0m▀[0m[38;2;0;0;0m[48;2;0;0;0m▀[0m[38;2;196;189;187m[48;2;56;52;51m▀[0m[38;2;112;173;180m[48;2;129;129;126m▀[0m[38;2;6;42;48m[48;2;0;0;0m▀[0m[38;2;0;0;0m[48;2;0;0;0m▀[0m[38;2;0;0;0m[48;2;0;0;0m▀[0m[38;2;101;93;93m[48;2;158;167;168m▀[0m[38;2;174;216;214m[48;2;106;160;160m▀[0m[38;2;52;81;104m[48;2;62;107;113m▀[0m[38;2;0;0;0m[48;2;0;0;0m▀[0m[38;2;147;152;148m[48;2;255;255;255m▀[0m[38;2;255;255;255m[48;2;255;255;255m▀[0m[38;2;211;237;230m[48;2;244;249;254m▀[0m[38;2;39;0;46m[48;2;9;62;57m▀[0m[38;2;114;12;42m[48;2;0;0;0m▀[0m[38;2;139;156;137m[48;2;119;136;128m▀[0m[38;2;154;28;62m[48;2;0;0;0m▀[0m[38;2;115;41;102m[48;2;119;145;140m▀[0m[38;2;255;255;255m[48;2;255;255;255m▀[0m[38;2;255;255;255m[48;2;255;255;255m▀[0m[38;2;38;29;30m[48;2;218;168;194m▀[0m[38;2;0;0;0m[48;2;0;0;0m▀[0m[38;2;0;6;10m[48;2;0;0;0m▀[0m[38;2;0;0;0m[48;2;0;0;0m▀[0m[38;2;0;0;0m[48;2;8;16;16m▀[0m[38;2;13;17;17m[48;2;0;0;0m▀[0m[38;2;0;0;0m[48;2;0;0;0m▀[0m[38;2;0;0;0m[48;2;2;0;0m▀[0m[38;2;2;2;0m[48;2;2;2;2m▀[0m[38;2;2;2;2m[48;2;2;2;2m▀[0m[38;2;0;2;2m[48;2;0;2;2m▀[0m[38;2;0;2;2m[48;2;0;2;2m▀[0m
[38;2;0;2;0m[48;2;1;1;0m▀[0m[38;2;0;2;2m[48;2;2;2;0m▀[0m[38;2;0;2;2m[48;2;0;2;0m▀[0m[38;2;0;0;0m[48;2;2;2;2m▀[0m[38;2;0;0;0m[48;2;0;0;0m▀[0m[38;2;0;0;0m[48;2;0;0;0m▀[0m[38;2;6;4;0m[48;2;0;0;0m▀[0m[38;2;11;11;9m[48;2;0;0;0m▀[0m[38;2;0;0;0m[48;2;26;24;22m▀[0m[38;2;0;0;0m[48;2;0;0;0m▀[0m[38;2;95;122;129m[48;2;75;120;123m▀[0m[38;2;99;153;153m[48;2;69;120;122m▀[0m[38;2;14;65;59m[48;2;74;88;92m▀[0m[38;2;106;80;101m[48;2;255;255;255m▀[0m[38;2;255;205;230m[48;2;234;192;210m▀[0m[38;2;251;222;239m[48;2;219;195;220m▀[0m[38;2;255;255;255m[48;2;240;234;243m▀[0m[38;2;255;255;255m[48;2;255;255;255m▀[0m[38;2;101;114;122m[48;2;255;255;255m▀[0m[38;2;0;0;0m[48;2;94;97;100m▀[0m[38;2;249;252;255m[48;2;255;255;255m▀[0m[38;2;255;255;255m[48;2;235;243;247m▀[0m[38;2;255;249;252m[48;2;226;228;231m▀[0m[38;2;236;197;217m[48;2;255;255;255m▀[0m[38;2;255;255;255m[48;2;255;255;255m▀[0m[38;2;59;59;56m[48;2;255;255;255m▀[0m[38;2;0;0;0m[48;2;0;0;0m▀[0m[38;2;0;0;0m[48;2;0;0;0m▀[0m[38;2;0;0;0m[48;2;0;0;0m▀[0m[38;2;0;0;0m[48;2;0;0;0m▀[0m[38;2;1;2;0m[48;2;0;2;2m▀[0m[38;2;0;2;0m[48;2;0;2;2m▀[0m[38;2;0;2;2m[48;2;0;2;0m▀[0m[38;2;2;2;2m[48;2;2;2;2m▀[0m[38;2;2;2;2m[48;2;2;2;2m▀[0m[38;2;2;2;2m[48;2;2;2;2m▀[0m
[38;2;4;9;10m[48;2;3;6;6m▀[0m[38;2;3;5;5m[48;2;2;4;4m▀[0m[38;2;1;1;1m[48;2;1;1;1m▀[0m[38;2;0;2;0m[48;2;2;2;2m▀[0m[38;2;2;2;2m[48;2;2;2;2m▀[0m[38;2;0;0;0m[48;2;0;0;0m▀[0m[38;2;0;0;0m[48;2;0;0;0m▀[0m[38;2;0;0;0m[48;2;0;0;0m▀[0m[38;2;63;58;58m[48;2;117;132;138m▀[0m[38;2;0;0;0m[48;2;25;29;29m▀[0m[38;2;92;132;139m[48;2;73;111;119m▀[0m[38;2;39;71;83m[48;2;54;90;96m▀[0m[38;2;204;194;198m[48;2;252;242;244m▀[0m[38;2;255;255;255m[48;2;255;255;255m▀[0m[38;2;255;255;255m[48;2;249;253;253m▀[0m[38;2;245;255;255m[48;2;222;225;227m▀[0m[38;2;219;228;232m[48;2;172;180;184m▀[0m[38;2;255;254;255m[48;2;159;168;169m▀[0m[38;2;255;255;255m[48;2;188;195;195m▀[0m[38;2;251;255;252m[48;2;128;153;158m▀[0m[38;2;255;255;255m[48;2;167;174;180m▀[0m[38;2;229;236;238m[48;2;166;174;177m▀[0m[38;2;224;231;233m[48;2;213;218;220m▀[0m[38;2;244;249;249m[48;2;245;250;251m▀[0m[38;2;255;255;255m[48;2;246;250;250m▀[0m[38;2;255;255;255m[48;2;255;255;255m▀[0m[38;2;93;100;100m[48;2;255;255;255m▀[0m[38;2;0;0;0m[48;2;0;0;0m▀[0m[38;2;0;0;0m[48;2;0;0;0m▀[0m[38;2;0;0;0m[48;2;0;0;0m▀[0m[38;2;0;2;2m[48;2;2;2;2m▀[0m[38;2;0;2;2m[48;2;0;2;2m▀[0m[38;2;0;2;2m[48;2;2;2;2m▀[0m[38;2;0;2;0m[48;2;0;2;0m▀[0m[38;2;2;2;2m[48;2;0;2;0m▀[0m[38;2;2;2;2m[48;2;0;2;2m▀[0m
