[38;2;255;255;255m[48;2;255;255;255m▀[0m[38;2;255;255;255m[48;2;255;255;255m▀[0m[38;2;191;190;190m[48;2;230;235;234m▀[0m[38;2;27;78;79m[48;2;98;116;113m▀[0m[38;2;240;91;89m[48;2;255;255;255m▀[0m[38;2;139;0;0m[48;2;145;188;188m▀[0m[38;2;74;127;127m[48;2;206;207;202m▀[0m[38;2;112;121;122m[48;2;128;129;126m▀[0m[38;2;15;19;19m[48;2;0;0;0m▀[0m[38;2;21;25;25m[48;2;35;35;36m▀[0m[38;2;16;16;13m[48;2;7;7;8m▀[0m[38;2;0;0;0m[48;2;0;0;0m▀[0m[38;2;0;0;0m[48;2;0;0;0m▀[0m[38;2;0;0;1m[48;2;0;0;0m▀[0m[38;2;0;0;0m[48;2;0;0;0m▀[0m[38;2;0;0;0m[48;2;9;11;11m▀[0m[38;2;6;8;8m[48;2;4;4;6m▀[0m[38;2;6;6;4m[48;2;47;50;49m▀[0m[38;2;26;29;29m[48;2;20;19;20m▀[0m[38;2;0;0;0m[48;2;0;0;0m▀[0m[38;2;0;0;0m[48;2;15;18;18m▀[0m[38;2;9;11;9m[48;2;33;38;38m▀[0m[38;2;0;0;0m[48;2;0;0;0m▀[0m[38;2;0;0;0m[48;2;4;7;7m▀[0m[38;2;0;0;0m[48;2;0;0;0m▀[0m[38;2;0;0;0m[48;2;0;0;0m▀[0m[38;2;0;0;1m[48;2;0;0;0m▀[0m[38;2;28;28;29m[48;2;46;46;48m▀[0m[38;2;0;3;5m[48;2;21;28;28m▀[0m[38;2;16;20;19m[48;2;0;0;0m▀[0m[38;2;130;178;180m[48;2;145;101;99m▀[0m[38;2;152;83;84m[48;2;132;125;125m▀[0m[38;2;248;86;86m[48;2;255;255;255m▀[0m[38;2;116;163;163m[48;2;95;111;111m▀[0m[38;2;157;159;157m[48;2;118;122;121m▀[0m[38;2;255;255;255m[48;2;255;255;255m▀[0m
[38;2;255;255;255m[48;2;255;255;255m▀[0m[38;2;255;255;255m[48;2;255;255;255m▀[0m[38;2;255;255;255m[48;2;255;255;255m▀[0m[38;2;255;255;255m[48;2;246;255;255m▀[0m[38;2;80;119;119m[48;2;0;0;0m▀[0m[38;2;172;68;70m[48;2;255;33;32m▀[0m[38;2;255;229;227m[48;2;255;0;0m▀[0m[38;2;44;52;50m[48;2;0;63;65m▀[0m[38;2;0;0;0m[48;2;87;96;96m▀[0m[38;2;34;38;38m[48;2;24;28;28m▀[0m[38;2;15;18;18m[48;2;43;43;41m▀[0m[38;2;0;0;0m[48;2;3;1;5m▀[0m[38;2;0;0;0m[48;2;0;0;0m▀[0m[38;2;0;0;0m[48;2;0;0;0m▀[0m[38;2;1;0;1m[48;2;17;17;17m▀[0m[38;2;13;13;13m[48;2;43;47;47m▀[0m[38;2;44;47;47m[48;2;39;41;39m▀[0m[38;2;40;47;48m[48;2;0;0;0m▀[0m[38;2;0;3;3m[48;2;91;26;30m▀[0m[38;2;8;49;52m[48;2;212;87;89m▀[0m[38;2;0;15;16m[48;2;20;0;0m▀[0m[38;2;76;85;85m[48;2;0;0;0m▀[0m[38;2;40;46;45m[48;2;105;110;107m▀[0m[38;2;0;0;0m[48;2;38;40;40m▀[0m[38;2;6;6;8m[48;2;0;0;0m▀[0m[38;2;0;0;0m[48;2;0;0;0m▀[0m[38;2;0;0;0m[48;2;0;0;0m▀[0m[38;2;67;69;69m[48;2;103;105;105m▀[0m[38;2;37;41;41m[48;2;0;0;0m▀[0m[38;2;0;0;0m[48;2;0;10;10m▀[0m[38;2;192;147;141m[48;2;76;0;0m▀[0m[38;2;255;255;255m[48;2;255;17;11m▀[0m[38;2;0;0;0m[48;2;41;22;21m▀[0m[38;2;255;255;255m[48;2;97;132;131m▀[0m[38;2;255;255;255m[48;2;255;255;255m▀[0m[38;2;255;255;255m[48;2;255;255;255m▀[0m
[38;2;255;255;255m[48;2;255;255;255m▀[0m[38;2;255;255;255m[48;2;155;168;168m▀[0m[38;2;205;223;225m[48;2;0;0;0m▀[0m[38;2;104;121;121m[48;2;183;136;136m▀[0m[38;2;107;193;193m[48;2;255;165;160m▀[0m[38;2;255;209;205m[48;2;255;57;52m▀[0m[38;2;255;0;0m[48;2;220;186;186m▀[0m[38;2;25;86;88m[48;2;2;35;37m▀[0m[38;2;109;122;122m[48;2;15;23;23m▀[0m[38;2;31;34;31m[48;2;15;19;16m▀[0m[38;2;76;78;78m[48;2;32;35;32m▀[0m[38;2;13;15;13m[48;2;37;39;39m▀[0m[38;2;0;0;0m[48;2;0;0;0m▀[0m[38;2;20;22;22m[48;2;32;35;36m▀[0m[38;2;59;59;61m[48;2;3;5;5m▀[0m[38;2;26;26;29m[48;2;0;0;0m▀[0m[38;2;0;0;0m[48;2;0;0;0m▀[0m[38;2;0;0;0m[48;2;0;0;0m▀[0m[38;2;110;30;31m[48;2;57;49;53m▀[0m[38;2;147;0;0m[48;2;59;59;59m▀[0m[38;2;177;0;0m[48;2;0;0;0m▀[0m[38;2;0;2;2m[48;2;33;16;16m▀[0m[38;2;0;5;5m[48;2;0;0;0m▀[0m[38;2;114;115;112m[48;2;0;0;0m▀[0m[38;2;54;54;54m[48;2;64;67;64m▀[0m[38;2;0;0;0m[48;2;65;64;64m▀[0m[38;2;33;35;35m[48;2;18;21;21m▀[0m[38;2;64;67;67m[48;2;0;0;0m▀[0m[38;2;0;0;0m[48;2;34;38;39m▀[0m[38;2;88;111;112m[48;2;132;137;138m▀[0m[38;2;19;9;8m[48;2;0;14;12m▀[0m[38;2;255;255;255m[48;2;255;255;255m▀[0m[38;2;250;193;187m[48;2;236;220;222m▀[0m[38;2;195;182;180m[48;2;210;99;98m▀[0m[38;2;200;213;213m[48;2;104;103;103m▀[0m[38;2;255;255;255m[48;2;0;0;0m▀[0m
[38;2;255;255;255m[48;2;34;36;36m▀[0m[38;2;12;21;22m[48;2;0;0;0m▀[0m[38;2;122;85;85m[48;2;0;7;7m▀[0m[38;2;143;126;124m[48;2;192;210;207m▀[0m[38;2;226;165;164m[48;2;229;255;255m▀[0m[38;2;189;243;244m[48;2;238;248;247m▀[0m[38;2;195;243;242m[48;2;255;255;255m▀[0m[38;2;156;167;166m[48;2;255;255;255m▀[0m[38;2;70;75;76m[48;2;252;255;255m▀[0m[38;2;0;0;0m[48;2;47;46;47m▀[0m[38;2;0;0;0m[48;2;43;43;43m▀[0m[38;2;0;0;0m[48;2;229;229;229m▀[0m[38;2;0;0;0m[48;2;203;205;207m▀[0m[38;2;66;68;68m[48;2;0;0;0m▀[0m[38;2;0;0;0m[48;2;34;36;36m▀[0m[38;2;61;64;67m[48;2;240;243;244m▀[0m[38;2;159;170;169m[48;2;255;255;255m▀[0m[38;2;165;160;160m[48;2;255;255;255m▀[0m[38;2;10;23;26m[48;2;0;0;0m▀[0m[38;2;4;0;0m[48;2;0;0;0m▀[0m[38;2;240;188;187m[48;2;255;255;255m▀[0m[38;2;243;248;248m[48;2;255;255;255m▀[0m[38;2;169;172;172m[48;2;255;255;255m▀[0m[38;2;0;0;0m[48;2;132;132;132m▀[0m[38;2;0;0;0m[48;2;0;0;0m▀[0m[38;2;0;0;0m[48;2;172;175;175m▀[0m[38;2;77;77;78m[48;2;198;198;200m▀[0m[38;2;0;0;0m[48;2;0;0;0m▀[0m[38;2;15;15;16m[48;2;115;118;115m▀[0m[38;2;182;187;184m[48;2;255;255;255m▀[0m[38;2;155;162;162m[48;2;255;255;255m▀[0m[38;2;224;233;232m[48;2;252;254;252m▀[0m[38;2;187;201;200m[48;2;242;245;244m▀[0m[38;2;155;162;163m[48;2;252;255;254m▀[0m[38;2;93;96;96m[48;2;72;75;75m▀[0m[38;2;124;127;127m[48;2;0;0;0m▀[0m
[38;2;0;0;0m[48;2;230;230;231m▀[0m[38;2;34;37;38m[48;2;255;255;255m▀[0m[38;2;248;250;248m[48;2;255;255;255m▀[0m[38;2;255;255;255m[48;2;234;234;232m▀[0m[38;2;242;242;240m[48;2;229;229;227m▀[0m[38;2;228;231;230m[48;2;224;224;222m▀[0m[38;2;231;231;229m[48;2;222;224;222m▀[0m[38;2;244;248;247m[48;2;227;227;225m▀[0m[38;2;255;255;255m[48;2;234;234;232m▀[0m[38;2;245;245;243m[48;2;254;253;251m▀[0m[38;2;71;71;71m[48;2;228;228;225m▀[0m[38;2;105;108;108m[48;2;145;147;145m▀[0m[38;2;22;24;24m[48;2;207;209;207m▀[0m[38;2;149;149;149m[48;2;255;255;255m▀[0m[38;2;255;255;255m[48;2;232;231;229m▀[0m[38;2;254;255;252m[48;2;214;216;214m▀[0m[38;2;255;255;255m[48;2;255;255;255m▀[0m[38;2;220;209;209m[48;2;242;223;221m▀[0m[38;2;0;0;0m[48;2;0;0;0m▀[0m[38;2;22;0;0m[48;2;0;0;0m▀[0m[38;2;240;214;210m[48;2;244;225;220m▀[0m[38;2;255;255;255m[48;2;255;255;255m▀[0m[38;2;218;221;218m[48;2;207;217;215m▀[0m[38;2;255;255;255m[48;2;210;227;225m▀[0m[38;2;138;138;135m[48;2;253;255;255m▀[0m[38;2;233;236;235m[48;2;162;164;162m▀[0m[38;2;255;255;255m[48;2;135;138;137m▀[0m[38;2;97;96;97m[48;2;170;172;170m▀[0m[38;2;255;255;255m[48;2;255;255;255m▀[0m[38;2;255;255;255m[48;2;228;228;226m▀[0m[38;2;235;235;233m[48;2;227;227;225m▀[0m[38;2;228;231;230m[48;2;227;227;221m▀[0m[38;2;234;233;231m[48;2;227;228;224m▀[0m[38;2;243;245;243m[48;2;230;230;228m▀[0m[38;2;255;255;255m[48;2;227;229;227m▀[0m[38;2;213;215;215m[48;2;255;255;255m▀[0m
[38;2;255;255;255m[48;2;223;226;222m▀[0m[38;2;233;233;231m[48;2;228;229;226m▀[0m[38;2;233;232;230m[48;2;227;227;225m▀[0m[38;2;229;229;227m[48;2;230;229;227m▀[0m[38;2;226;224;222m[48;2;229;232;229m▀[0m[38;2;224;224;222m[48;2;221;225;224m▀[0m[38;2;224;224;222m[48;2;225;228;221m▀[0m[38;2;224;225;222m[48;2;224;225;222m▀[0m[38;2;228;227;225m[48;2;224;224;222m▀[0m[38;2;233;233;231m[48;2;225;227;227m▀[0m[38;2;241;241;239m[48;2;228;228;225m▀[0m[38;2;255;255;255m[48;2;226;226;224m▀[0m[38;2;255;255;255m[48;2;237;240;239m▀[0m[38;2;236;241;240m[48;2;194;210;210m▀[0m[38;2;168;198;199m[48;2;211;130;128m▀[0m[38;2;213;255;255m[48;2;255;130;126m▀[0m[38;2;255;255;255m[48;2;255;255;255m▀[0m[38;2;255;255;255m[48;2;214;207;206m▀[0m[38;2;34;0;0m[48;2;0;0;0m▀[0m[38;2;37;0;0m[48;2;0;0;0m▀[0m[38;2;251;251;249m[48;2;209;219;219m▀[0m[38;2;255;255;255m[48;2;253;255;255m▀[0m[38;2;241;249;247m[48;2;246;170;167m▀[0m[38;2;184;140;141m[48;2;241;140;138m▀[0m[38;2;228;239;238m[48;2;167;203;202m▀[0m[38;2;244;247;246m[48;2;234;255;255m▀[0m[38;2;213;215;213m[48;2;235;245;244m▀[0m[38;2;249;249;247m[48;2;225;227;227m▀[0m[38;2;229;232;231m[48;2;228;228;226m▀[0m[38;2;226;229;228m[48;2;225;225;223m▀[0m[38;2;224;224;222m[48;2;224;224;224m▀[0m[38;2;225;225;222m[48;2;226;229;228m▀[0m[38;2;224;224;222m[48;2;225;225;223m▀[0m[38;2;223;223;221m[48;2;237;237;235m▀[0m[38;2;228;227;225m[48;2;232;231;229m▀[0m[38;2;224;224;222m[48;2;226;226;224m▀[0m
[38;2;225;225;223m[48;2;228;228;225m▀[0m[38;2;224;224;222m[48;2;228;231;227m▀[0m[38;2;232;232;230m[48;2;241;241;239m▀[0m[38;2;200;200;201m[48;2;230;230;231m▀[0m[38;2;230;230;230m[48;2;105;105;105m▀[0m[38;2;249;250;247m[48;2;217;217;214m▀[0m[38;2;231;231;225m[48;2;255;255;255m▀[0m[38;2;226;229;225m[48;2;234;234;232m▀[0m[38;2;224;224;222m[48;2;227;226;226m▀[0m[38;2;224;225;222m[48;2;224;224;222m▀[0m[38;2;225;225;223m[48;2;224;224;222m▀[0m[38;2;223;228;227m[48;2;225;223;221m▀[0m[38;2;227;231;230m[48;2;221;224;223m▀[0m[38;2;175;193;191m[48;2;199;210;210m▀[0m[38;2;237;174;172m[48;2;213;255;254m▀[0m[38;2;255;52;45m[48;2;241;255;255m▀[0m[38;2;255;214;210m[48;2;255;255;255m▀[0m[38;2;255;255;255m[48;2;255;144;133m▀[0m[38;2;0;3;3m[48;2;209;0;0m▀[0m[38;2;0;51;55m[48;2;211;0;0m▀[0m[38;2;255;255;255m[48;2;255;25;21m▀[0m[38;2;241;183;177m[48;2;255;236;232m▀[0m[38;2;217;252;252m[48;2;239;183;184m▀[0m[38;2;240;226;224m[48;2;255;74;74m▀[0m[38;2;195;168;169m[48;2;239;156;155m▀[0m[38;2;210;152;148m[48;2;204;162;158m▀[0m[38;2;236;228;224m[48;2;232;219;213m▀[0m[38;2;222;229;229m[48;2;222;229;230m▀[0m[38;2;224;224;222m[48;2;224;224;222m▀[0m[38;2;224;224;222m[48;2;228;231;230m▀[0m[38;2;230;229;230m[48;2;237;237;234m▀[0m[38;2;232;232;230m[48;2;255;255;255m▀[0m[38;2;255;255;255m[48;2;173;175;177m▀[0m[38;2;203;205;203m[48;2;100;102;103m▀[0m[38;2;200;203;200m[48;2;253;253;253m▀[0m[38;2;240;240;238m[48;2;244;243;241m▀[0m
[38;2;235;239;234m[48;2;255;255;255m▀[0m[38;2;246;246;244m[48;2;255;255;255m▀[0m[38;2;255;255;255m[48;2;251;254;255m▀[0m[38;2;255;255;255m[48;2;147;149;150m▀[0m[38;2;247;247;248m[48;2;31;33;36m▀[0m[38;2;8;8;9m[48;2;0;0;0m▀[0m[38;2;255;255;255m[48;2;119;119;120m▀[0m[38;2;255;255;251m[48;2;255;255;255m▀[0m[38;2;233;232;232m[48;2;233;236;233m▀[0m[38;2;223;228;225m[48;2;226;230;229m▀[0m[38;2;223;227;226m[48;2;221;236;232m▀[0m[38;2;216;250;249m[48;2;239;138;134m▀[0m[38;2;213;240;242m[48;2;239;139;135m▀[0m[38;2;216;232;230m[48;2;250;223;220m▀[0m[38;2;247;255;255m[48;2;255;238;237m▀[0m[38;2;255;255;255m[48;2;255;188;186m▀[0m[38;2;255;255;255m[48;2;255;0;0m▀[0m[38;2;255;11;2m[48;2;255;0;0m▀[0m[38;2;255;0;0m[48;2;255;0;0m▀[0m[38;2;255;0;0m[48;2;255;0;0m▀[0m[38;2;255;0;0m[48;2;255;0;0m▀[0m[38;2;255;255;255m[48;2;255;255;255m▀[0m[38;2;255;255;255m[48;2;255;255;255m▀[0m[38;2;223;255;255m[48;2;255;255;255m▀[0m[38;2;212;233;232m[48;2;230;248;246m▀[0m[38;2;226;221;220m[48;2;227;163;162m▀[0m[38;2;220;240;241m[48;2;224;222;220m▀[0m[38;2;223;226;225m[48;2;220;243;239m▀[0m[38;2;225;228;227m[48;2;229;233;229m▀[0m[38;2;233;236;235m[48;2;245;245;243m▀[0m[38;2;255;255;255m[48;2;255;255;255m▀[0m[38;2;198;197;198m[48;2;0;1;3m▀[0m[38;2;0;0;0m[48;2;0;0;0m▀[0m[38;2;255;255;255m[48;2;0;0;0m▀[0m[38;2;255;255;255m[48;2;51;55;62m▀[0m[38;2;255;255;255m[48;2;190;195;195m▀[0m
[38;2;128;130;131m[48;2;0;0;0m▀[0m[38;2;39;44;48m[48;2;0;0;0m▀[0m[38;2;0;0;0m[48;2;94;73;39m▀[0m[38;2;0;0;0m[48;2;132;96;23m▀[0m[38;2;0;0;0m[48;2;0;0;0m▀[0m[38;2;0;0;0m[48;2;0;0;0m▀[0m[38;2;0;0;0m[48;2;0;0;0m▀[0m[38;2;255;255;255m[48;2;163;167;167m▀[0m[38;2;252;254;254m[48;2;255;255;255m▀[0m[38;2;229;235;234m[48;2;225;231;230m▀[0m[38;2;222;228;227m[48;2;218;196;192m▀[0m[38;2;242;75;70m[48;2;232;255;255m▀[0m[38;2;255;233;230m[48;2;255;255;255m▀[0m[38;2;255;255;255m[48;2;255;255;255m▀[0m[38;2;255;255;255m[48;2;255;242;243m▀[0m[38;2;255;255;255m[48;2;255;182;175m▀[0m[38;2;255;83;76m[48;2;252;255;255m▀[0m[38;2;255;0;0m[48;2;255;255;255m▀[0m[38;2;255;0;0m[48;2;255;0;0m▀[0m[38;2;255;0;0m[48;2;246;34;35m▀[0m[38;2;255;0;0m[48;2;255;200;196m▀[0m[38;2;255;0;0m[48;2;253;255;255m▀[0m[38;2;253;255;255m[48;2;255;178;174m▀[0m[38;2;255;255;255m[48;2;255;255;253m▀[0m[38;2;255;255;255m[48;2;255;255;255m▀[0m[38;2;234;244;243m[48;2;255;255;255m▀[0m[38;2;255;47;43m[48;2;244;137;135m▀[0m[38;2;226;217;216m[48;2;233;167;163m▀[0m[38;2;227;241;240m[48;2;229;249;250m▀[0m[38;2;255;255;255m[48;2;255;255;255m▀[0m[38;2;201;204;205m[48;2;34;43;44m▀[0m[38;2;0;0;0m[48;2;0;0;0m▀[0m[38;2;0;0;0m[48;2;0;0;0m▀[0m[38;2;0;0;0m[48;2;221;171;53m▀[0m[38;2;0;0;0m[48;2;229;175;71m▀[0m[38;2;0;0;0m[48;2;0;0;16m▀[0m
[38;2;142;142;144m[48;2;106;108;111m▀[0m[38;2;0;0;0m[48;2;0;0;0m▀[0m[38;2;13;20;30m[48;2;0;0;0m▀[0m[38;2;255;255;127m[48;2;9;16;29m▀[0m[38;2;255;215;74m[48;2;162;143;65m▀[0m[38;2;0;0;0m[48;2;59;0;0m▀[0m[38;2;0;0;0m[48;2;0;0;0m▀[0m[38;2;73;90;91m[48;2;94;87;85m▀[0m[38;2;255;255;255m[48;2;255;255;255m▀[0m[38;2;221;227;226m[48;2;218;223;220m▀[0m[38;2;225;200;196m[48;2;235;246;246m▀[0m[38;2;255;255;255m[48;2;255;255;255m▀[0m[38;2;255;255;255m[48;2;255;255;255m▀[0m[38;2;255;255;255m[48;2;255;255;255m▀[0m[38;2;255;181;177m[48;2;255;255;255m▀[0m[38;2;255;202;198m[48;2;255;255;255m▀[0m[38;2;255;255;255m[48;2;255;255;255m▀[0m[38;2;255;255;255m[48;2;255;255;255m▀[0m[38;2;255;41;34m[48;2;243;109;107m▀[0m[38;2;237;92;84m[48;2;192;11;10m▀[0m[38;2;255;255;255m[48;2;255;255;255m▀[0m[38;2;255;255;255m[48;2;255;255;255m▀[0m[38;2;255;153;148m[48;2;255;255;255m▀[0m[38;2;255;117;109m[48;2;255;146;141m▀[0m[38;2;255;255;255m[48;2;255;255;255m▀[0m[38;2;255;255;255m[48;2;255;255;255m▀[0m[38;2;251;255;255m[48;2;255;255;255m▀[0m[38;2;220;211;210m[48;2;232;237;238m▀[0m[38;2;236;242;241m[48;2;230;234;230m▀[0m[38;2;255;255;255m[48;2;255;255;255m▀[0m[38;2;0;0;0m[48;2;102;21;17m▀[0m[38;2;0;0;0m[48;2;37;0;0m▀[0m[38;2;128;13;0m[48;2;29;0;0m▀[0m[38;2;255;255;114m[48;2;0;12;24m▀[0m[38;2;29;29;22m[48;2;112;125;142m▀[0m[38;2;0;0;0m[48;2;0;0;0m▀[0m
[38;2;62;65;65m[48;2;0;0;0m▀[0m[38;2;28;31;33m[48;2;106;106;107m▀[0m[38;2;49;51;53m[48;2;100;100;100m▀[0m[38;2;224;228;239m[48;2;149;151;154m▀[0m[38;2;0;0;0m[48;2;25;29;29m▀[0m[38;2;0;0;0m[48;2;0;0;0m▀[0m[38;2;66;0;0m[48;2;235;185;184m▀[0m[38;2;199;87;83m[48;2;168;174;173m▀[0m[38;2;255;255;255m[48;2;244;254;253m▀[0m[38;2;221;223;221m[48;2;228;231;228m▀[0m[38;2;255;255;255m[48;2;255;255;255m▀[0m[38;2;255;255;255m[48;2;255;255;255m▀[0m[38;2;255;255;255m[48;2;255;255;255m▀[0m[38;2;255;255;255m[48;2;237;241;238m▀[0m[38;2;251;255;255m[48;2;233;237;237m▀[0m[38;2;255;255;255m[48;2;255;255;255m▀[0m[38;2;255;255;255m[48;2;255;255;255m▀[0m[38;2;255;255;255m[48;2;255;255;255m▀[0m[38;2;62;26;31m[48;2;24;9;7m▀[0m[38;2;79;15;23m[48;2;30;0;0m▀[0m[38;2;255;255;255m[48;2;255;255;255m▀[0m[38;2;255;255;255m[48;2;255;255;255m▀[0m[38;2;255;255;255m[48;2;255;255;255m▀[0m[38;2;255;249;249m[48;2;251;255;255m▀[0m[38;2;255;255;255m[48;2;255;255;255m▀[0m[38;2;255;255;255m[48;2;247;250;250m▀[0m[38;2;255;255;255m[48;2;255;255;255m▀[0m[38;2;251;253;254m[48;2;255;255;255m▀[0m[38;2;231;232;229m[48;2;238;241;242m▀[0m[38;2;222;252;253m[48;2;213;220;220m▀[0m[38;2;202;107;106m[48;2;162;176;176m▀[0m[38;2;141;19;18m[48;2;255;255;255m▀[0m[38;2;0;0;0m[48;2;0;0;0m▀[0m[38;2;128;136;141m[48;2;0;0;0m▀[0m[38;2;224;228;229m[48;2;138;142;143m▀[0m[38;2;0;0;0m[48;2;82;82;83m▀[0m
[38;2;0;0;0m[48;2;0;0;0m▀[0m[38;2;83;83;83m[48;2;13;16;16m▀[0m[38;2;208;207;207m[48;2;96;94;97m▀[0m[38;2;55;55;56m[48;2;0;0;0m▀[0m[38;2;0;0;0m[48;2;0;0;0m▀[0m[38;2;81;84;87m[48;2;239;242;242m▀[0m[38;2;255;255;255m[48;2;255;255;255m▀[0m[38;2;143;153;152m[48;2;138;141;140m▀[0m[38;2;234;238;238m[48;2;216;220;216m▀[0m[38;2;244;245;242m[48;2;246;246;243m▀[0m[38;2;255;255;255m[48;2;199;199;200m▀[0m[38;2;245;245;245m[48;2;169;169;169m▀[0m[38;2;228;228;228m[48;2;173;170;170m▀[0m[38;2;205;207;205m[48;2;242;244;244m▀[0m[38;2;238;240;240m[48;2;255;255;255m▀[0m[38;2;255;255;255m[48;2;255;255;255m▀[0m[38;2;255;251;249m[48;2;255;217;215m▀[0m[38;2;255;201;200m[48;2;255;113;109m▀[0m[38;2;0;0;0m[48;2;35;0;0m▀[0m[38;2;0;0;0m[48;2;0;0;0m▀[0m[38;2;255;255;255m[48;2;255;255;255m▀[0m[38;2;255;255;255m[48;2;255;255;255m▀[0m[38;2;255;255;255m[48;2;255;255;255m▀[0m[38;2;214;213;213m[48;2;242;242;242m▀[0m[38;2;227;229;229m[48;2;216;216;216m▀[0m[38;2;237;237;237m[48;2;204;204;204m▀[0m[38;2;219;219;219m[48;2;178;178;175m▀[0m[38;2;255;255;255m[48;2;220;217;220m▀[0m[38;2;255;255;255m[48;2;255;255;255m▀[0m[38;2;199;202;202m[48;2;171;173;171m▀[0m[38;2;167;170;170m[48;2;167;168;165m▀[0m[38;2;255;255;255m[48;2;255;255;255m▀[0m[38;2;192;194;194m[48;2;255;255;255m▀[0m[38;2;0;0;0m[48;2;0;0;0m▀[0m[38;2;58;62;62m[48;2;0;0;0m▀[0m[38;2;159;159;159m[48;2;171;171;171m▀[0m
