[38;2;40;43;42m[48;2;96;96;98m▀[0m[38;2;0;0;0m[48;2;0;0;0m▀[0m[38;2;72;76;76m[48;2;147;147;148m▀[0m[38;2;0;2;2m[48;2;101;108;108m▀[0m[38;2;0;0;0m[48;2;101;106;106m▀[0m[38;2;207;204;198m[48;2;225;208;190m▀[0m[38;2;216;194;170m[48;2;204;184;164m▀[0m[38;2;194;178;157m[48;2;201;183;166m▀[0m[38;2;78;73;68m[48;2;84;79;73m▀[0m[38;2;75;68;64m[48;2;84;81;74m▀[0m[38;2;78;73;65m[48;2;88;79;75m▀[0m[38;2;60;52;43m[48;2;67;60;51m▀[0m[38;2;55;53;49m[48;2;51;49;45m▀[0m[38;2;118;118;110m[48;2;121;118;110m▀[0m[38;2;38;35;35m[48;2;41;45;41m▀[0m[38;2;54;58;55m[48;2;62;65;60m▀[0m[38;2;61;62;59m[48;2;68;69;64m▀[0m[38;2;62;66;58m[48;2;71;72;67m▀[0m[38;2;64;69;64m[48;2;71;75;68m▀[0m[38;2;67;73;65m[48;2;80;79;73m▀[0m[38;2;79;80;75m[48;2;85;83;77m▀[0m[38;2;86;84;78m[48;2;90;87;81m▀[0m[38;2;89;87;81m[48;2;92;88;84m▀[0m[38;2;92;85;83m[48;2;93;91;83m▀[0m[38;2;93;91;83m[48;2;96;94;86m▀[0m[38;2;97;95;85m[48;2;99;94;88m▀[0m[38;2;99;94;86m[48;2;100;97;90m▀[0m[38;2;100;97;90m[48;2;102;100;89m▀[0m[38;2;102;99;89m[48;2;104;102;90m▀[0m[38;2;104;102;91m[48;2;104;101;91m▀[0m[38;2;106;105;95m[48;2;108;105;95m▀[0m[38;2;109;106;98m[48;2;103;107;99m▀[0m[38;2;111;108;100m[48;2;107;108;97m▀[0m[38;2;107;106;98m[48;2;96;95;83m▀[0m[38;2;114;111;101m[48;2;78;77;65m▀[0m[38;2;114;112;102m[48;2;111;109;93m▀[0m
[38;2;116;114;112m[48;2;90;90;87m▀[0m[38;2;0;0;0m[48;2;5;5;7m▀[0m[38;2;125;129;131m[48;2;74;79;80m▀[0m[38;2;118;121;124m[48;2;113;105;99m▀[0m[38;2;255;255;255m[48;2;228;200;172m▀[0m[38;2;157;143;123m[48;2;173;158;136m▀[0m[38;2;158;145;131m[48;2;194;177;160m▀[0m[38;2;186;169;151m[48;2;181;163;146m▀[0m[38;2;96;89;84m[48;2;105;98;90m▀[0m[38;2;97;90;85m[48;2;111;101;96m▀[0m[38;2;94;87;79m[48;2;100;95;85m▀[0m[38;2;74;72;62m[48;2;83;76;68m▀[0m[38;2;49;47;45m[48;2;49;47;44m▀[0m[38;2;121;118;112m[48;2;124;121;113m▀[0m[38;2;47;52;47m[48;2;51;57;52m▀[0m[38;2;67;72;66m[48;2;69;75;66m▀[0m[38;2;68;73;67m[48;2;78;78;71m▀[0m[38;2;76;76;70m[48;2;84;82;76m▀[0m[38;2;82;81;74m[48;2;86;85;79m▀[0m[38;2;86;84;78m[48;2;90;88;82m▀[0m[38;2;90;88;82m[48;2;93;90;83m▀[0m[38;2;91;89;83m[48;2;95;93;83m▀[0m[38;2;94;92;82m[48;2;98;95;85m▀[0m[38;2;97;95;85m[48;2;99;94;86m▀[0m[38;2;99;94;86m[48;2;100;97;89m▀[0m[38;2;99;96;89m[48;2;102;99;89m▀[0m[38;2;102;99;89m[48;2;103;101;90m▀[0m[38;2;104;102;91m[48;2;109;104;93m▀[0m[38;2;108;107;96m[48;2;146;150;145m▀[0m[38;2;118;118;110m[48;2;215;97;78m▀[0m[38;2;123;127;119m[48;2;26;21;20m▀[0m[38;2;117;109;100m[48;2;135;111;98m▀[0m[38;2;98;86;74m[48;2;203;183;181m▀[0m[38;2;84;85;78m[48;2;255;255;255m▀[0m[38;2;66;66;60m[48;2;255;255;255m▀[0m[38;2;73;71;58m[48;2;184;187;187m▀[0m
[38;2;103;103;103m[48;2;187;187;187m▀[0m[38;2;51;53;55m[48;2;39;42;49m▀[0m[38;2;116;124;122m[48;2;255;255;255m▀[0m[38;2;197;180;164m[48;2;215;195;173m▀[0m[38;2;158;146;128m[48;2;156;142;125m▀[0m[38;2;148;134;120m[48;2;169;152;137m▀[0m[38;2;159;146;130m[48;2;181;164;147m▀[0m[38;2;176;162;144m[48;2;176;162;144m▀[0m[38;2;110;107;99m[48;2;116;113;105m▀[0m[38;2;117;112;104m[48;2;126;125;115m▀[0m[38;2;106;101;93m[48;2;113;108;103m▀[0m[38;2;93;85;75m[48;2;100;95;83m▀[0m[38;2;48;46;42m[48;2;49;45;41m▀[0m[38;2;124;124;115m[48;2;127;125;117m▀[0m[38;2;57;61;54m[48;2;68;68;62m▀[0m[38;2;81;80;74m[48;2;85;84;78m▀[0m[38;2;85;83;77m[48;2;87;85;79m▀[0m[38;2;88;86;80m[48;2;91;87;83m▀[0m[38;2;92;89;83m[48;2;93;91;84m▀[0m[38;2;92;91;84m[48;2;96;95;85m▀[0m[38;2;96;94;84m[48;2;99;94;86m▀[0m[38;2;101;96;86m[48;2;100;95;89m▀[0m[38;2;100;95;87m[48;2;101;98;90m▀[0m[38;2;101;96;90m[48;2;103;101;90m▀[0m[38;2;103;101;91m[48;2;98;96;82m▀[0m[38;2;104;102;92m[48;2;103;100;84m▀[0m[38;2;103;103;90m[48;2;127;126;112m▀[0m[38;2;132;130;117m[48;2;69;91;87m▀[0m[38;2;172;171;161m[48;2;0;1;7m▀[0m[38;2;43;43;45m[48;2;0;0;0m▀[0m[38;2;0;0;0m[48;2;0;0;0m▀[0m[38;2;14;27;29m[48;2;12;0;0m▀[0m[38;2;226;239;234m[48;2;220;85;64m▀[0m[38;2;239;243;240m[48;2;146;144;130m▀[0m[38;2;255;255;255m[48;2;229;204;185m▀[0m[38;2;255;255;255m[48;2;192;182;173m▀[0m
[38;2;216;216;214m[48;2;74;78;80m▀[0m[38;2;21;28;34m[48;2;8;12;17m▀[0m[38;2;255;255;255m[48;2;0;0;0m▀[0m[38;2;204;178;154m[48;2;169;153;135m▀[0m[38;2;149;136;120m[48;2;228;205;179m▀[0m[38;2;145;134;120m[48;2;176;163;146m▀[0m[38;2;167;150;135m[48;2;192;174;157m▀[0m[38;2;177;159;144m[48;2;168;151;131m▀[0m[38;2;122;119;108m[48;2;131;124;115m▀[0m[38;2;139;137;126m[48;2;151;146;135m▀[0m[38;2;123;120;110m[48;2;131;128;118m▀[0m[38;2;107;102;92m[48;2;114;107;98m▀[0m[38;2;48;47;43m[48;2;46;45;41m▀[0m[38;2;130;129;123m[48;2;134;131;124m▀[0m[38;2;74;74;66m[48;2;80;79;73m▀[0m[38;2;89;87;83m[48;2;94;91;85m▀[0m[38;2;91;87;83m[48;2;93;91;83m▀[0m[38;2;93;91;83m[48;2;97;95;85m▀[0m[38;2;96;95;85m[48;2;101;96;86m▀[0m[38;2;99;96;88m[48;2;101;96;90m▀[0m[38;2;100;97;89m[48;2;102;99;89m▀[0m[38;2;101;98;90m[48;2;104;101;90m▀[0m[38;2;104;101;90m[48;2;106;103;92m▀[0m[38;2;103;101;87m[48;2;105;102;90m▀[0m[38;2;128;132;129m[48;2;137;138;131m▀[0m[38;2;124;124;118m[48;2;167;170;173m▀[0m[38;2;132;147;135m[48;2;75;119;130m▀[0m[38;2;116;77;62m[48;2;218;57;4m▀[0m[38;2;25;0;0m[48;2;255;0;0m▀[0m[38;2;0;10;16m[48;2;0;0;0m▀[0m[38;2;0;0;0m[48;2;0;3;9m▀[0m[38;2;0;0;0m[48;2;203;211;212m▀[0m[38;2;203;185;165m[48;2;255;255;255m▀[0m[38;2;154;153;143m[48;2;255;255;255m▀[0m[38;2;229;234;233m[48;2;255;255;255m▀[0m[38;2;255;255;255m[48;2;255;255;255m▀[0m
[38;2;0;0;0m[48;2;0;0;0m▀[0m[38;2;6;9;9m[48;2;0;0;0m▀[0m[38;2;0;0;0m[48;2;0;0;0m▀[0m[38;2;0;8;13m[48;2;114;122;128m▀[0m[38;2;255;255;246m[48;2;255;255;255m▀[0m[38;2;146;133;115m[48;2;187;169;147m▀[0m[38;2;155;142;128m[48;2;196;178;158m▀[0m[38;2;159;146;132m[48;2;160;147;134m▀[0m[38;2;137;130;124m[48;2;141;138;128m▀[0m[38;2;156;155;142m[48;2;168;161;151m▀[0m[38;2;139;136;123m[48;2;149;143;131m▀[0m[38;2;126;119;110m[48;2;136;128;119m▀[0m[38;2;45;43;39m[48;2;47;45;43m▀[0m[38;2;135;134;127m[48;2;138;135;128m▀[0m[38;2;83;82;78m[48;2;84;85;76m▀[0m[38;2;96;94;84m[48;2;98;96;88m▀[0m[38;2;98;95;85m[48;2;99;96;89m▀[0m[38;2;98;95;87m[48;2;99;97;89m▀[0m[38;2;100;97;89m[48;2;107;105;93m▀[0m[38;2;104;99;89m[48;2;111;109;96m▀[0m[38;2;108;100;90m[48;2;114;109;96m▀[0m[38;2;109;107;94m[48;2;134;131;115m▀[0m[38;2;119;117;100m[48;2;117;115;98m▀[0m[38;2;137;132;116m[48;2;38;38;35m▀[0m[38;2;131;129;116m[48;2;66;66;62m▀[0m[38;2;88;93;93m[48;2;78;80;78m▀[0m[38;2;17;31;37m[48;2;0;0;0m▀[0m[38;2;0;24;36m[48;2;0;0;0m▀[0m[38;2;117;0;0m[48;2;17;62;74m▀[0m[38;2;125;52;43m[48;2;255;255;255m▀[0m[38;2;255;255;255m[48;2;149;159;166m▀[0m[38;2;255;255;255m[48;2;109;94;87m▀[0m[38;2;246;254;255m[48;2;70;51;34m▀[0m[38;2;203;203;204m[48;2;0;0;0m▀[0m[38;2;221;224;225m[48;2;190;194;194m▀[0m[38;2;222;224;224m[48;2;255;255;255m▀[0m
[38;2;0;0;0m[48;2;110;109;103m▀[0m[38;2;0;0;0m[48;2;135;140;141m▀[0m[38;2;0;0;0m[48;2;181;164;143m▀[0m[38;2;188;174;161m[48;2;212;193;173m▀[0m[38;2;199;180;160m[48;2;168;154;137m▀[0m[38;2;150;141;126m[48;2;148;137;124m▀[0m[38;2;163;149;135m[48;2;155;142;128m▀[0m[38;2;156;142;124m[48;2;149;137;119m▀[0m[38;2;147;140;135m[48;2;149;146;138m▀[0m[38;2;176;171;158m[48;2;186;178;165m▀[0m[38;2;153;150;138m[48;2;161;155;143m▀[0m[38;2;145;137;126m[48;2;153;145;134m▀[0m[38;2;49;49;45m[48;2;51;51;48m▀[0m[38;2;140;137;129m[48;2;137;136;129m▀[0m[38;2;88;87;80m[48;2;96;91;80m▀[0m[38;2;101;96;90m[48;2;106;103;92m▀[0m[38;2;104;101;90m[48;2;129;128;111m▀[0m[38;2;124;121;105m[48;2;67;65;54m▀[0m[38;2;113;111;94m[48;2;121;123;123m▀[0m[38;2;112;103;89m[48;2;245;245;246m▀[0m[38;2;130;127;112m[48;2;79;79;84m▀[0m[38;2;98;96;83m[48;2;4;8;10m▀[0m[38;2;119;117;113m[48;2;18;20;23m▀[0m[38;2;71;74;75m[48;2;0;0;0m▀[0m[38;2;3;6;11m[48;2;0;0;0m▀[0m[38;2;24;31;35m[48;2;75;75;73m▀[0m[38;2;0;0;0m[48;2;234;220;204m▀[0m[38;2;15;20;17m[48;2;255;255;255m▀[0m[38;2;239;239;236m[48;2;255;255;238m▀[0m[38;2;170;179;183m[48;2;153;150;143m▀[0m[38;2;86;107;111m[48;2;238;247;252m▀[0m[38;2;145;107;94m[48;2;199;208;215m▀[0m[38;2;157;48;1m[48;2;148;83;54m▀[0m[38;2;219;239;243m[48;2;190;188;185m▀[0m[38;2;255;255;255m[48;2;202;204;202m▀[0m[38;2;224;227;228m[48;2;240;243;244m▀[0m
[38;2;181;165;152m[48;2;201;181;161m▀[0m[38;2;192;175;158m[48;2;174;156;139m▀[0m[38;2;170;154;134m[48;2;179;161;146m▀[0m[38;2;195;177;160m[48;2;192;178;158m▀[0m[38;2;183;167;149m[48;2;182;168;151m▀[0m[38;2;186;168;152m[48;2;190;172;156m▀[0m[38;2;178;162;142m[48;2;161;147;133m▀[0m[38;2;152;141;126m[48;2;136;122;106m▀[0m[38;2;151;148;141m[48;2;159;151;142m▀[0m[38;2;193;185;175m[48;2;194;191;180m▀[0m[38;2;169;160;149m[48;2;175;166;153m▀[0m[38;2;160;152;141m[48;2;162;157;145m▀[0m[38;2;50;50;47m[48;2;53;53;53m▀[0m[38;2;135;134;124m[48;2;140;137;124m▀[0m[38;2;101;96;85m[48;2;104;101;86m▀[0m[38;2;120;117;101m[48;2;137;134;121m▀[0m[38;2;125;122;107m[48;2;78;77;70m▀[0m[38;2;0;0;0m[48;2;0;0;0m▀[0m[38;2;0;0;0m[48;2;91;91;91m▀[0m[38;2;14;14;19m[48;2;0;0;0m▀[0m[38;2;0;0;0m[48;2;0;0;0m▀[0m[38;2;0;0;0m[48;2;255;255;255m▀[0m[38;2;0;0;0m[48;2;255;255;255m▀[0m[38;2;0;0;0m[48;2;0;0;0m▀[0m[38;2;121;126;127m[48;2;0;0;0m▀[0m[38;2;255;255;255m[48;2;255;255;255m▀[0m[38;2;255;255;255m[48;2;255;255;255m▀[0m[38;2;255;255;253m[48;2;255;255;243m▀[0m[38;2;255;255;243m[48;2;255;255;255m▀[0m[38;2;218;204;192m[48;2;210;199;188m▀[0m[38;2;216;225;230m[48;2;153;161;167m▀[0m[38;2;255;255;255m[48;2;255;255;255m▀[0m[38;2;163;171;174m[48;2;255;255;255m▀[0m[38;2;132;135;132m[48;2;250;253;254m▀[0m[38;2;219;223;223m[48;2;149;152;152m▀[0m[38;2;255;255;255m[48;2;255;255;255m▀[0m
[38;2;205;186;165m[48;2;149;136;124m▀[0m[38;2;208;190;169m[48;2;148;134;120m▀[0m[38;2;205;186;165m[48;2;147;135;120m▀[0m[38;2;197;181;164m[48;2;147;133;117m▀[0m[38;2;203;184;164m[48;2;146;132;115m▀[0m[38;2;205;189;168m[48;2;145;131;115m▀[0m[38;2;192;174;153m[48;2;154;140;123m▀[0m[38;2;190;170;150m[48;2;128;117;104m▀[0m[38;2;181;174;164m[48;2;106;102;101m▀[0m[38;2;234;226;212m[48;2;165;157;153m▀[0m[38;2;206;195;184m[48;2;143;141;133m▀[0m[38;2;192;185;169m[48;2;132;131;125m▀[0m[38;2;64;60;60m[48;2;52;54;54m▀[0m[38;2;136;133;122m[48;2;131;128;117m▀[0m[38;2;106;103;93m[48;2;121;113;105m▀[0m[38;2;152;144;135m[48;2;144;139;135m▀[0m[38;2;93;91;87m[48;2;29;31;32m▀[0m[38;2;44;47;49m[48;2;15;15;16m▀[0m[38;2;108;111;112m[48;2;0;0;0m▀[0m[38;2;0;0;0m[48;2;0;0;0m▀[0m[38;2;0;0;0m[48;2;0;0;0m▀[0m[38;2;255;255;255m[48;2;0;0;0m▀[0m[38;2;255;255;255m[48;2;46;46;47m▀[0m[38;2;204;207;208m[48;2;99;99;99m▀[0m[38;2;0;0;0m[48;2;0;0;0m▀[0m[38;2;170;161;144m[48;2;65;58;48m▀[0m[38;2;255;255;255m[48;2;255;255;255m▀[0m[38;2;255;255;247m[48;2;255;255;255m▀[0m[38;2;255;255;255m[48;2;255;255;255m▀[0m[38;2;240;224;210m[48;2;236;216;199m▀[0m[38;2;46;54;57m[48;2;82;90;94m▀[0m[38;2;180;183;185m[48;2;115;118;114m▀[0m[38;2;170;170;171m[48;2;168;170;171m▀[0m[38;2;72;71;72m[48;2;0;0;0m▀[0m[38;2;105;109;109m[48;2;0;0;0m▀[0m[38;2;255;255;255m[48;2;214;219;216m▀[0m
[38;2;44;46;47m[48;2;55;65;54m▀[0m[38;2;44;47;48m[48;2;66;69;64m▀[0m[38;2;50;52;54m[48;2;73;77;70m▀[0m[38;2;57;61;61m[48;2;83;82;78m▀[0m[38;2;63;65;67m[48;2;83;82;78m▀[0m[38;2;74;74;77m[48;2;86;85;77m▀[0m[38;2;85;84;82m[48;2;93;90;84m▀[0m[38;2;90;88;86m[48;2;92;91;87m▀[0m[38;2;95;93;91m[48;2;94;93;85m▀[0m[38;2;98;94;93m[48;2;102;99;88m▀[0m[38;2;107;104;98m[48;2;107;104;92m▀[0m[38;2;114;107;103m[48;2;113;110;94m▀[0m[38;2;137;134;124m[48;2;108;105;92m▀[0m[38;2;123;118;108m[48;2;109;106;95m▀[0m[38;2;141;138;126m[48;2;145;143;131m▀[0m[38;2;64;63;63m[48;2;29;33;32m▀[0m[38;2;14;16;21m[48;2;10;14;18m▀[0m[38;2;0;0;0m[48;2;0;0;0m▀[0m[38;2;52;52;52m[48;2;219;219;220m▀[0m[38;2;241;243;243m[48;2;255;255;255m▀[0m[38;2;204;204;204m[48;2;232;232;237m▀[0m[38;2;66;65;65m[48;2;150;150;151m▀[0m[38;2;142;145;145m[48;2;43;43;43m▀[0m[38;2;68;68;68m[48;2;0;3;3m▀[0m[38;2;0;0;0m[48;2;30;30;32m▀[0m[38;2;0;0;0m[48;2;0;0;0m▀[0m[38;2;180;171;160m[48;2;0;0;0m▀[0m[38;2;255;244;227m[48;2;0;0;0m▀[0m[38;2;255;255;255m[48;2;0;0;0m▀[0m[38;2;77;68;58m[48;2;0;0;0m▀[0m[38;2;4;8;14m[48;2;0;0;0m▀[0m[38;2;252;255;252m[48;2;255;255;255m▀[0m[38;2;178;182;182m[48;2;104;106;106m▀[0m[38;2;0;0;0m[48;2;0;0;0m▀[0m[38;2;0;0;0m[48;2;0;1;1m▀[0m[38;2;228;227;227m[48;2;255;255;255m▀[0m
[38;2;70;73;65m[48;2;88;84;80m▀[0m[38;2;82;81;78m[48;2;90;88;82m▀[0m[38;2;88;86;82m[48;2;93;90;83m▀[0m[38;2;88;83;79m[48;2;94;92;84m▀[0m[38;2;89;91;78m[48;2;96;94;88m▀[0m[38;2;94;91;84m[48;2;100;97;89m▀[0m[38;2;98;91;90m[48;2;103;101;90m▀[0m[38;2;100;97;87m[48;2;106;104;93m▀[0m[38;2;106;99;89m[48;2;108;105;94m▀[0m[38;2;107;104;91m[48;2;109;106;94m▀[0m[38;2;106;103;92m[48;2;110;107;92m▀[0m[38;2;106;105;92m[48;2;111;109;99m▀[0m[38;2;111;108;98m[48;2;113;111;103m▀[0m[38;2;118;116;108m[48;2;119;122;118m▀[0m[38;2;151;151;140m[48;2;125;136;130m▀[0m[38;2;13;23;24m[48;2;17;54;64m▀[0m[38;2;0;0;0m[48;2;33;94;106m▀[0m[38;2;27;29;31m[48;2;0;0;0m▀[0m[38;2;82;90;91m[48;2;107;120;122m▀[0m[38;2;105;107;107m[48;2;43;50;52m▀[0m[38;2;108;108;110m[48;2;118;120;122m▀[0m[38;2;36;39;38m[48;2;21;18;18m▀[0m[38;2;0;0;0m[48;2;0;0;0m▀[0m[38;2;0;0;0m[48;2;0;0;0m▀[0m[38;2;0;0;0m[48;2;39;41;46m▀[0m[38;2;42;44;45m[48;2;0;0;0m▀[0m[38;2;255;255;255m[48;2;255;255;255m▀[0m[38;2;208;197;186m[48;2;255;255;255m▀[0m[38;2;179;170;163m[48;2;255;255;255m▀[0m[38;2;0;0;0m[48;2;0;0;0m▀[0m[38;2;40;43;48m[48;2;97;106;111m▀[0m[38;2;255;255;255m[48;2;255;255;255m▀[0m[38;2;30;33;32m[48;2;0;0;0m▀[0m[38;2;0;0;0m[48;2;27;27;28m▀[0m[38;2;95;94;94m[48;2;155;157;157m▀[0m[38;2;255;255;255m[48;2;255;255;255m▀[0m
[38;2;91;89;82m[48;2;95;94;84m▀[0m[38;2;94;93;82m[48;2;98;95;87m▀[0m[38;2;97;94;87m[48;2;100;97;90m▀[0m[38;2;98;95;88m[48;2;103;100;90m▀[0m[38;2;102;99;89m[48;2;106;103;92m▀[0m[38;2;104;102;91m[48;2;107;105;94m▀[0m[38;2;106;104;93m[48;2;108;106;94m▀[0m[38;2;108;106;94m[48;2;110;107;95m▀[0m[38;2;110;107;95m[48;2;110;108;97m▀[0m[38;2;111;108;96m[48;2;114;109;101m▀[0m[38;2;111;108;100m[48;2;116;111;105m▀[0m[38;2;114;111;103m[48;2;117;112;104m▀[0m[38;2;115;115;103m[48;2;118;117;107m▀[0m[38;2;119;125;121m[48;2;122;132;125m▀[0m[38;2;107;146;146m[48;2;76;142;146m▀[0m[38;2;130;0;0m[48;2;255;0;0m▀[0m[38;2;151;1;0m[48;2;255;7;0m▀[0m[38;2;59;0;0m[48;2;140;0;0m▀[0m[38;2;0;31;39m[48;2;34;117;134m▀[0m[38;2;129;142;146m[48;2;206;221;223m▀[0m[38;2;15;19;21m[48;2;48;58;59m▀[0m[38;2;0;0;0m[48;2;58;49;54m▀[0m[38;2;19;24;23m[48;2;188;177;164m▀[0m[38;2;115;115;112m[48;2;186;181;169m▀[0m[38;2;0;0;0m[48;2;0;0;0m▀[0m[38;2;0;0;0m[48;2;0;0;0m▀[0m[38;2;255;255;244m[48;2;253;232;218m▀[0m[38;2;255;255;255m[48;2;255;255;255m▀[0m[38;2;255;255;246m[48;2;255;237;216m▀[0m[38;2;0;0;0m[48;2;0;0;0m▀[0m[38;2;144;149;150m[48;2;146;148;150m▀[0m[38;2;255;255;255m[48;2;129;129;129m▀[0m[38;2;0;0;0m[48;2;0;0;0m▀[0m[38;2;76;78;79m[48;2;90;92;93m▀[0m[38;2;119;122;119m[48;2;83;86;86m▀[0m[38;2;255;255;255m[48;2;255;255;255m▀[0m
[38;2;98;95;88m[48;2;102;100;89m▀[0m[38;2;101;98;90m[48;2;107;106;90m▀[0m[38;2;105;102;91m[48;2;109;106;93m▀[0m[38;2;106;103;92m[48;2;108;105;93m▀[0m[38;2;109;106;94m[48;2;114;106;95m▀[0m[38;2;110;107;95m[48;2;111;108;96m▀[0m[38;2;110;107;95m[48;2;112;109;103m▀[0m[38;2;111;108;98m[48;2;115;112;102m▀[0m[38;2;113;111;103m[48;2;118;113;103m▀[0m[38;2;118;113;103m[48;2;118;115;109m▀[0m[38;2;118;115;105m[48;2;123;120;107m▀[0m[38;2;121;116;106m[48;2;122;119;108m▀[0m[38;2;120;119;111m[48;2;124;126;113m▀[0m[38;2;112;141;132m[48;2;111;148;144m▀[0m[38;2;76;140;142m[48;2;96;130;131m▀[0m[38;2;255;0;0m[48;2;249;0;0m▀[0m[38;2;255;19;0m[48;2;255;15;0m▀[0m[38;2;72;0;0m[48;2;255;4;0m▀[0m[38;2;1;60;71m[48;2;112;0;0m▀[0m[38;2;102;141;153m[48;2;152;222;234m▀[0m[38;2;0;17;22m[48;2;92;101;105m▀[0m[38;2;106;23;18m[48;2;0;0;0m▀[0m[38;2;215;195;178m[48;2;199;136;115m▀[0m[38;2;189;193;184m[48;2;189;188;180m▀[0m[38;2;0;0;0m[48;2;0;0;0m▀[0m[38;2;0;0;0m[48;2;0;0;0m▀[0m[38;2;238;222;208m[48;2;236;220;206m▀[0m[38;2;255;255;255m[48;2;255;255;255m▀[0m[38;2;253;232;218m[48;2;173;164;155m▀[0m[38;2;0;0;0m[48;2;0;0;0m▀[0m[38;2;21;25;26m[48;2;0;0;0m▀[0m[38;2;28;31;31m[48;2;24;27;27m▀[0m[38;2;0;0;0m[48;2;0;0;0m▀[0m[38;2;188;187;188m[48;2;255;255;255m▀[0m[38;2;115;117;115m[48;2;131;128;121m▀[0m[38;2;241;243;244m[48;2;203;203;201m▀[0m
